92.15
91.60
91.62
90.88
92.00
92.87
91.66
92.76
91.62
92.14
91.72
90.90
92.27
92.37
92.34
91.51
90.91
93.40
93.66
92.58
93.34
91.88
90.09
91.34
92.29
92.43
89.71
92.81
92.37
89.40
92.64
92.23
91.45
92.08
91.14
93.13
92.10
93.53
93.55
91.15
92.92
93.14
93.55
92.97
93.50
92.14
92.89
92.95
93.01
92.60
93.32
92.38
91.81
91.39
92.89
93.51
91.56
92.63
92.64
91.75
91.18
93.20
93.18
91.63
93.51
92.05
92.92
91.82
84.17
91.92
89.27
88.70
91.37
91.71
88.87
92.82
91.73
93.06
92.70
92.08
93.31
92.53
90.04
91.36
92.60
92.77
92.73
92.18
92.36
93.13
91.31
92.93
91.74
92.47
91.98
89.81
92.01
92.62
92.88
92.31
92.47
90.72
89.29
91.83
93.18
91.26
92.66
93.18
90.74
91.00
91.97
93.01
93.82
93.16
90.90
93.21
91.84
92.87
93.04
91.50
91.26
93.16
93.07
91.91
93.26
92.13
93.55
90.62
92.13
91.82
92.66
91.42
90.21
91.14
93.11
92.37
88.02
87.36
90.52
91.78
93.17
92.63
90.45
92.66
92.18
91.94
91.18
92.49
93.20
93.25
93.12
90.75
93.42
90.16
92.81
91.44
92.55
91.92
91.21
91.79
88.77
92.25
92.87
92.39
92.99
92.34
91.17
93.59
90.07
92.18
92.43
89.01
91.26
92.70
92.54
93.11
92.55
93.26
91.45
91.88
92.90
90.76
91.51
92.18
90.61
92.74
91.71
91.13
91.53
89.35
92.26
92.46
92.57
90.59
92.69
92.24
93.26
90.87
91.68
92.10
92.85
91.29
92.67
92.08
91.00
89.51
91.91
93.12
89.97
91.98
93.47
92.49
89.85
92.42
92.90
91.35
92.05
91.55
92.11
92.31
93.30
92.46
92.05
91.41
92.16
90.88
93.46
90.37
90.33
91.53
90.68
91.83
92.12
91.58
92.65
91.74
88.52
92.59
91.82
91.54
93.12
92.88
92.25
92.16
92.60
91.42
91.52
91.28
93.28
91.92
92.73
92.60
92.13
92.72
92.56
92.22
91.72
90.93
90.34
91.79
88.94
93.08
93.30
92.74
92.78
91.75
89.44
91.30
92.32
92.75
91.46
90.79
91.80
91.27
89.66
92.18
89.64
92.86
93.11
92.51
92.76
90.93
93.46
91.81
93.18
91.30
91.66
93.18
92.11
90.94
91.84
92.49
91.69
92.64
92.66
90.05
90.54
92.94
92.37
92.68
89.20
93.00
93.36
88.69
92.61
90.44
91.93
92.87
92.56
92.07
93.27
93.06
92.51
89.94
92.68
93.51
92.05
93.60
87.46
93.46
92.73
89.63
92.37
92.86
91.74
90.46
92.55
93.25
92.20
92.99
93.00
91.43
92.92
91.77
92.60
90.53
90.92
91.87
93.25
93.06
93.05
92.21
92.28
92.52
91.17
90.07
92.09
93.12
91.57
91.57
91.02
93.00
91.54
92.22
91.64
90.05
93.06
90.35
92.20
92.60
92.65
93.31
90.91
93.27
93.66
92.61
92.29
92.05
92.90
92.89
92.79
92.68
92.65
92.20
91.99
91.27
93.56
91.04
93.21
93.22
92.65
91.75
92.82
92.94
92.39
92.50
90.50
90.98
90.59
93.34
92.37
91.78
92.50
91.45
93.17
89.19
91.92
90.81
90.61
91.91
91.79
92.01
91.08
92.32
91.57
92.97
92.89
92.68
92.49
91.78
91.72
93.16
90.98
91.09
92.40
91.43
92.10
90.27
93.00
91.85
92.08
92.81
92.10
92.52
89.84
92.48
92.31
92.51
88.28
92.57
90.82
91.84
92.63
91.74
92.70
90.24
90.50
93.42
92.47
91.33
91.64
92.54
91.90
93.10
91.32
93.73
92.32
91.26
93.38
92.74
93.09
93.62
92.05
91.22
93.49
91.23
92.25
92.13
92.89
91.23
90.68
91.42
93.86
91.46
93.13
91.95
92.40
92.40
93.08
91.30
92.56
90.72
91.99
92.14
92.29
91.38
93.24
92.92
92.50
92.46
91.81
92.34
92.61
90.88
89.94
92.13
91.76
92.68
92.85
93.43
92.91
92.59
92.39
92.21
91.50
93.25
93.96
93.18
93.18
93.20
91.96
92.46
92.08
91.29
91.64
92.51
92.51
91.47
93.59
92.57
91.80
89.15
92.71
91.02
92.22
87.94
90.16
93.22
92.28
92.58
92.90
90.83
93.05
92.61
90.71
91.60
90.79
91.39
92.36
93.04
92.16
92.30
93.00
88.72
93.56
93.17
89.14
93.33
93.93
87.43
88.40
93.84
93.17
92.54
92.53
92.79
92.69
92.96
92.75
92.94
92.29
93.26
92.37
93.03
89.83
91.83
90.90
91.62
92.78
88.93
92.09
92.81
90.88
92.01
91.60
92.48
92.82
92.19
91.47
93.12
92.25
92.39
92.49
89.62
92.43
93.09
89.76
91.38
92.45
92.81
90.70
92.82
91.81
92.50
90.95
91.69
91.45
91.13
92.79
92.74
90.12
88.79
93.48
93.20
92.00
92.59
90.90
91.16
92.41
91.99
91.26
92.81
91.77
93.45
88.87
93.33
92.15
92.20
92.36
92.38
90.75
92.77
93.39
91.42
92.74
92.62
92.10
92.61
92.02
90.30
92.19
93.61
91.79
92.95
90.20
91.47
89.37
93.25
92.40
92.82
92.01
91.44
91.64
93.75
92.99
91.02
86.77
91.79
93.39
92.70
91.93
88.26
92.37
91.42
91.50
91.94
93.18
91.61
92.89
92.20
89.90
92.03
93.00
91.07
92.14
91.23
89.28
91.43
90.44
88.14
91.90
94.04
92.11
91.85
92.70
93.14
92.07
92.71
93.44
93.58
92.22
90.93
91.71
92.83
92.17
92.69
90.78
92.13
91.76
92.85
91.85
91.99
93.25
94.12
91.01
92.36
93.18
91.68
93.58
91.22
93.45
91.98
92.28
93.35
92.33
92.59
91.76
92.02
93.61
92.29
88.64
93.29
92.89
91.93
91.96
92.56
93.06
92.27
91.40
93.22
92.16
93.73
91.71
93.02
91.38
93.36
91.06
93.68
92.15
91.75
92.63
90.92
92.62
91.42
93.40
92.83
91.51
93.02
90.83
92.21
87.86
92.85
89.82
92.70
92.13
91.24
93.58
91.45
91.39
92.27
88.11
87.96
91.33
92.66
91.75
91.85
92.13
92.85
92.13
92.75
93.12
91.91
92.65
92.07
90.80
91.39
92.39
91.94
87.94
92.44
92.11
91.97
91.82
91.87
91.68
93.01
93.07
91.93
92.44
92.32
91.63
92.73
91.74
92.86
89.14
88.79
93.08
92.29
92.87
91.44
92.04
92.88
91.98
93.41
92.98
91.25
92.66
92.83
94.12
91.86
93.20
90.46
90.57
93.00
93.26
92.54
90.99
92.23
92.91
91.71
93.50
91.63
92.78
92.94
92.23
92.84
91.69
93.55
92.81
93.17
93.91
91.73
90.32
91.44
91.89
89.82
92.74
92.50
91.37
90.80
90.13
93.15
92.23
90.72
90.74
92.47
92.41
92.35
92.10
92.62
93.74
89.97
92.25
90.69
93.28
89.36
92.13
91.91
93.70
92.18
92.02
93.17
93.09
91.79
91.61
93.24
90.95
91.98
92.31
91.16
91.88
91.40
91.76
92.30
93.44
93.11
91.15
92.27
93.61
89.77
93.58
91.82
91.43
90.65
92.20
87.87
92.14
92.51
92.15
93.20
92.28
92.84
90.30
92.91
93.19
91.91
93.33
92.60
90.99
92.85
92.17
92.78
91.04
92.36
92.77
91.74
92.65
91.08
92.67
93.97
91.93
91.52
93.36
92.81
88.03
92.18
92.21
92.05
90.30
92.31
93.86
91.54
91.19
92.07
92.45
91.90
90.15
92.81
90.34
92.78
94.17
91.58
91.09
92.21
93.46
93.24
93.14
93.08
90.99
91.86
91.74
93.73
91.40
93.28
92.18
92.48
90.92
91.67
93.12
92.36
90.43
92.40
93.17
92.75
89.80
87.76
91.96
92.02
92.27
92.27
93.15
90.89
91.49
88.10
92.16
92.53
93.59
92.35
91.68
91.52
91.77
90.59
93.13
93.01
91.06
92.41
90.57
90.82
91.62
92.00
92.09
89.64
92.94
92.08
93.06
92.20
90.91
90.76
92.79
92.30
88.68
93.25
92.66
90.15
91.16
90.55
91.18
91.90
89.44
92.16
88.42
88.21
92.13
90.60
92.19
92.74
93.49
92.02
90.96
92.61
93.44
93.92
91.73
93.10
92.19
93.18
92.98
92.81
92.57
92.42
