78.2700
77.5800
82.5100
77.9400
74.3700
81.5100
84.3100
80.2400
81.1400
79.2000
82.1600
78.8700
80.1300
78.1000
79.2000
79.1200
82.7600
77.5400
84.5700
80.5500
81.9400
80.7800
80.8200
76.8100
79.0100
79.2000
74.8800
79.9500
79.8300
83.6300
80.5300
78.6100
72.2500
80.5600
82.3800
81.9300
82.7500
79.9500
80.9100
84.1500
80.6900
82.4900
84.0600
84.3300
84.4700
83.0300
80.2200
73.1800
84.7000
78.3100
83.8000
78.2700
83.5700
77.7500
78.1800
83.8000
73.1800
78.8100
84.3600
81.1000
84.3400
84.4600
83.3400
79.3100
81.3600
76.4100
84.8800
80.8100
79.8400
82.6900
75.1200
81.1300
81.9400
81.6400
81.6000
76.6300
75.3600
81.8200
82.2400
80.7500
76.7200
84.0800
80.3700
77.1400
81.7800
81.4500
79.9000
80.2000
80.8800
77.3200
79.1300
82.2000
81.2500
80.4400
77.8700
76.8300
83.4200
73.8500
81.6400
82.4300
