85.8000
85.0300
84.4400
87.3200
85.1000
87.2200
86.1800
85.6600
86.9100
86.3500
85.8000
84.2600
84.8200
85.5300
86.6500
86.3900
87.4800
87.5300
87.3500
88.2700
85.9500
85.7700
87.4900
86.3500
85.6900
85.9300
86.6100
86.7900
88.1500
86.1800
86.6200
85.7400
88.2800
87.0800
86.7900
85.4800
85.6600
84.4100
86.6200
87.4100
87.1100
88.4000
87.1000
88.1800
88.0200
87.8900
86.0100
86.9000
87.3400
87.9700
88.1600
88.2100
85.5400
85.7600
87.5700
85.4300
88.5200
87.7200
85.4500
87.1300
82.5000
87.8000
85.7000
87.4500
87.3100
87.2500
87.5200
83.5700
89.2000
87.4300
84.2100
84.0500
86.1500
86.4600
87.7500
85.5000
87.0800
85.2300
84.5300
85.9400
87.3400
87.1500
87.2700
81.8200
87.1600
86.8300
86.3200
88.1700
86.8000
84.3500
85.1200
86.7400
87.4000
85.8300
86.1500
87.1000
86.4500
87.3900
88.1300
87.3700
