90.5700
90.5600
90.3400
89.4500
88.4200
89.9000
90.0200
88.9700
90.0500
89.9600
90.0400
89.7900
90.1900
87.1000
89.5300
90.5300
89.7300
89.3600
89.1100
91.0200
89.9400
90.0100
88.9200
89.8700
90.5500
89.7600
90.2300
90.3600
90.0400
89.3500
90.1300
90.6900
89.7800
90.4100
88.3400
89.7800
89.7000
89.8200
89.7200
89.7500
90.0900
88.6800
89.9800
89.2900
90.1500
90.1100
88.6000
88.8300
89.5800
89.1900
90.6700
89.2300
89.8900
89.5900
89.6800
89.9800
88.9600
90.0700
89.9400
89.3400
90.5400
90.4400
88.9200
89.8700
90.0500
90.3100
89.0900
89.8500
89.6600
90.4400
89.1700
90.0700
88.8200
89.8100
89.0900
89.2500
89.9600
89.8000
88.3900
90.1100
89.8100
89.5800
88.2800
89.6400
88.4000
87.9500
89.7100
89.1600
88.9400
90.0900
89.9700
87.7400
90.6300
90.0100
89.8200
89.7100
89.8200
90.1500
89.8000
89.0000
