82.1500
82.7500
81.8800
80.4600
76.5100
83.9300
82.6600
84.4100
81.6800
85.6000
78.9900
86.6600
84.6700
85.1500
84.0000
80.8300
86.5900
83.3800
78.6800
86.0600
84.8400
81.4200
86.2000
82.4800
85.7300
87.4400
78.5900
82.8000
81.4800
82.8700
85.4800
85.6000
84.0400
81.7700
78.6000
84.5500
83.8500
83.5900
84.6100
85.5400
81.3600
84.1300
83.6700
86.5900
85.6600
84.1000
85.6800
84.7700
82.8700
82.4100
85.0000
84.9900
79.2700
81.0100
79.7100
83.3700
82.0900
85.4800
84.3600
81.7800
80.2200
85.8200
84.5100
77.2000
84.1800
84.3300
78.2000
80.3700
83.6000
83.3200
85.0500
85.0500
85.0200
84.7000
84.0100
86.6800
84.0600
86.1200
85.6500
82.6600
83.9200
85.4500
81.9300
83.0900
80.5600
83.8700
83.9700
84.4400
81.6100
84.7100
85.3800
85.0700
86.7500
82.0000
85.0100
82.7900
79.6700
86.2000
81.1100
82.2000
