91.1200
91.2800
90.7800
90.9600
90.4200
90.9700
90.5300
90.2900
90.7800
90.6800
90.4800
90.1000
90.2900
90.9700
90.8700
90.7600
89.7200
90.7400
90.5600
90.8900
90.4500
89.5300
91.2100
90.7900
90.9400
91.0700
91.0700
90.1100
90.1000
90.4800
90.8500
89.9800
90.6700
90.6800
89.7900
89.0600
89.8000
90.9700
89.7800
90.9300
90.1500
91.1300
89.9900
89.2900
90.6000
90.3000
90.6700
90.3400
90.7100
90.5600
90.5300
90.5600
90.8400
91.3500
90.6700
90.0200
90.7900
90.0600
90.4400
90.8100
89.7800
90.6900
88.8900
90.6400
90.7600
90.9800
90.4300
90.7600
90.5500
90.9200
90.5900
91.0800
91.0000
89.9500
90.1200
90.7000
89.2300
90.4900
89.9600
90.9900
89.4500
90.8200
90.8900
89.9300
90.7900
90.2700
90.5600
90.1800
90.8400
90.6800
90.8600
90.3400
90.4500
90.7200
89.6300
90.1000
89.8300
90.5200
90.3500
90.3300
