75.7100
66.6700
78.7100
71.8200
72.7500
67.7900
75.4000
74.0700
73.1700
75.0200
79.5600
73.6100
73.0200
75.6800
78.7700
72.8100
75.8000
76.1800
70.4700
75.3000
68.2200
78.3400
78.0800
77.9700
69.2600
66.6900
77.6200
73.9100
75.1500
79.3000
71.5000
68.0500
71.5800
74.3100
71.8400
75.6000
82.1000
60.5600
81.3700
78.5300
77.1300
72.0900
69.3200
75.3600
81.1500
79.4500
71.8200
77.3500
67.4500
73.9500
71.6300
76.2500
77.4200
77.4400
67.5500
72.9100
68.7900
67.0400
78.2700
78.5800
79.5000
67.6100
67.5100
77.8500
80.7600
65.0900
77.8700
67.7400
77.8400
74.9600
76.0400
77.7300
74.5200
70.1800
77.7700
74.6100
81.5100
74.4400
79.2600
69.4400
76.1000
69.1200
71.8800
82.1500
77.3200
68.1100
69.1500
74.1500
60.8800
77.9500
80.9200
73.2800
69.5300
77.0300
72.6600
77.6400
78.2600
69.9300
70.2800
71.5000
