88.6500
89.0900
88.5100
88.1000
89.7500
89.2300
87.9000
89.5600
87.7500
90.4700
90.0400
88.6500
88.2400
89.4200
89.2300
89.5700
90.4400
88.1100
89.7300
89.5400
89.2200
89.0800
90.1600
89.9300
89.9900
88.7100
88.2600
88.6600
89.1700
89.3800
89.1500
89.6800
88.9600
87.7300
89.2100
88.7900
89.5500
88.1800
89.1500
89.3600
89.3800
89.6100
88.2200
90.4500
89.7800
88.1100
89.3600
88.7300
89.1500
89.2200
88.6700
90.0400
88.4300
89.5000
89.4800
88.3300
89.9300
88.0900
89.7100
89.3100
89.2300
89.3500
89.6000
87.7000
88.6900
88.8800
89.5000
89.6800
90.0300
88.7800
89.4400
89.6200
89.5400
90.2700
89.4400
88.8500
89.1200
88.7200
90.1300
88.8400
89.3200
89.3200
89.8900
87.0100
89.4400
90.2600
89.7200
89.8800
89.3500
89.8600
89.8000
89.4000
89.6000
89.0200
89.0700
88.3400
88.8400
89.8800
89.9700
89.2500
