86.2000
83.5800
87.9000
85.7800
87.1600
87.7100
86.3900
82.6000
87.5900
83.8700
81.5000
87.8100
86.3400
83.5600
86.3100
86.4500
86.2600
85.1700
85.8000
82.7500
84.4500
86.9000
86.7900
87.1200
86.5600
85.4300
87.2200
86.8900
87.2100
85.7200
87.2600
86.1800
88.0400
85.6600
85.3500
87.2300
83.2600
84.7700
86.8700
85.3800
85.1800
84.3500
85.9000
88.3500
85.5500
84.4500
86.6100
86.3000
87.4800
84.5300
87.8700
83.1800
88.9700
85.5700
88.2600
87.7200
85.3600
85.3900
88.7800
87.6600
87.0800
86.8900
86.9000
86.7900
87.6700
88.0900
88.1300
87.3100
86.2900
86.4900
86.1600
85.1300
84.7000
83.5600
85.9500
84.9300
86.6900
87.6500
87.8200
87.2600
79.6000
86.7000
87.7500
85.9900
86.3000
86.8300
87.9700
88.0000
86.6300
87.0300
87.9900
82.6800
84.7300
86.6300
86.7800
85.2800
86.0900
85.7000
87.1000
83.6200
