84.3100
80.5600
87.0500
83.9400
84.9800
85.4500
79.9600
83.2800
80.8000
80.0600
82.8700
81.1000
83.1000
81.8600
79.2200
83.2900
81.3600
84.2700
83.0900
82.7400
83.9000
86.2800
83.2800
84.2200
77.6600
82.6700
83.3500
85.3100
85.1100
80.3600
84.4800
86.4300
80.6100
84.7100
85.6600
80.9400
84.8000
83.3300
85.5500
84.8700
79.6900
82.2200
80.9900
79.2600
83.0200
86.8300
83.1800
78.2400
78.9900
85.8100
82.7100
76.8000
86.2700
81.4100
86.0200
82.7200
84.6600
83.7200
85.1100
83.3200
86.1000
84.6200
82.4900
79.2600
85.4200
85.6400
83.0400
81.9900
78.8300
83.8300
84.7600
79.3800
81.2200
81.4800
81.9800
81.6700
83.8200
79.0900
84.5000
84.9300
84.9000
76.5000
82.8800
83.2600
86.7700
86.8400
83.7000
83.9200
77.1800
85.2900
83.9200
81.6700
84.9400
85.1900
85.5000
85.5500
85.8900
84.0600
84.3200
84.1700
