86.8000
87.0800
87.6500
88.6600
88.2800
87.8900
88.0700
89.2100
88.9500
88.6300
88.1500
88.5700
86.7000
86.9900
88.3100
89.8800
88.5200
87.6800
86.0300
87.5100
86.0400
88.5100
88.8300
88.6900
89.3500
87.5000
88.5900
89.0900
87.5900
87.9700
87.2300
85.4300
88.3400
88.6100
88.1700
87.6200
88.1900
88.4900
88.4000
88.4800
86.7200
87.3900
88.4500
88.8800
88.2500
89.0700
88.8900
87.3800
89.3500
88.3600
86.7200
88.4300
87.8800
84.9600
88.9500
88.3300
87.9100
88.0300
87.8600
88.1200
88.9500
86.9300
88.0200
87.4800
85.3600
88.9100
88.8000
88.5100
88.8700
88.1400
89.6900
85.9000
88.4000
88.0700
87.3900
88.9200
88.6400
89.3300
87.7600
88.4600
87.8300
86.4200
86.4600
88.5900
88.9300
89.4000
88.9600
88.2500
85.3200
87.9000
88.5900
84.5000
87.0200
89.3000
88.1800
87.8900
88.4700
87.5500
87.9200
87.8700
