87.2100
87.8000
87.0800
85.1800
85.8700
85.7900
86.0600
85.4700
85.4900
86.6200
88.7200
87.8800
86.4100
87.1400
87.5100
86.9200
85.7800
85.5700
88.3500
85.8800
87.2900
87.0400
86.6400
85.8800
86.8600
87.7000
85.8000
84.5200
86.3900
83.5400
85.9500
87.2100
87.0000
86.9400
86.2500
85.4000
86.7800
87.4600
88.1800
85.5300
88.0800
86.9800
84.8400
86.1600
86.6500
87.6400
82.3500
87.6000
84.4000
87.5500
87.6400
82.8600
85.5000
85.8700
87.0100
84.8200
86.9200
85.0800
87.3800
86.3000
85.2100
85.0500
87.8800
84.8900
86.3600
86.0000
86.2800
87.0500
86.9900
88.4200
86.7200
85.1500
83.6900
85.5000
87.2000
87.1000
85.4500
86.0500
86.8300
85.7700
85.1400
86.5300
85.7200
86.1100
86.2100
86.7800
86.8200
83.4100
83.9500
84.9000
85.9200
87.5100
86.4100
85.0600
87.7000
82.6200
84.6100
85.9300
88.1800
85.6400
