78.2800
86.0200
85.2800
81.2100
85.4400
82.9300
82.5100
80.4700
85.9100
82.7500
84.1700
84.3200
84.0200
81.3800
86.4300
84.0600
81.4300
83.4900
83.8700
85.2100
81.9400
83.4200
87.4200
84.8200
81.4300
83.7200
83.8800
84.7400
86.0900
83.3400
85.0100
83.7400
80.1200
81.2600
84.9700
85.0100
87.0100
84.4200
85.2100
81.9900
85.2100
82.3900
84.1800
82.0500
81.5800
82.4600
84.1300
80.2900
84.2900
83.0600
85.4100
84.4900
81.4500
84.4200
85.6900
85.6900
82.7300
84.0200
85.9700
84.9300
81.5500
86.1300
84.6400
84.5700
83.5000
82.6100
83.6800
83.2200
83.2700
83.0600
82.6900
82.2000
85.7300
83.1700
83.3400
84.9200
85.4900
83.6900
82.8500
82.8600
85.4100
84.4500
82.3200
82.6000
86.3800
83.8500
84.6900
80.9900
84.9500
81.3300
84.0300
84.9600
78.7000
81.8200
83.8700
83.2700
83.1500
84.0600
83.6200
86.0000
