89.3300
89.1400
90.7800
89.8200
89.1800
91.5400
89.5400
90.0900
90.0200
90.5600
89.9000
90.9800
90.5400
91.0100
90.0700
89.8200
90.4900
88.0600
90.1000
88.9200
89.5000
89.5500
90.1800
89.9500
89.5300
89.1900
89.7800
90.3500
89.7400
90.5900
90.2700
90.3400
89.9100
89.1900
90.5800
89.8000
90.1000
89.7200
90.8300
89.9200
89.3000
90.2200
89.9100
90.3400
90.3900
89.6900
89.5100
88.7400
90.3800
90.5500
90.1300
90.0900
90.3200
90.0300
90.5700
90.1800
89.2200
89.8000
90.1500
89.9900
90.3600
90.3700
89.8700
89.8400
89.2600
90.0200
89.8500
90.8600
89.8200
90.4800
90.4600
90.2300
90.0600
89.9600
90.1400
89.8300
89.6600
89.4300
89.7400
90.2600
90.7600
90.5700
88.1100
90.8500
90.8300
89.8600
89.7200
89.9400
90.3000
90.3300
90.1100
89.8700
90.6000
90.3700
90.2600
90.1400
90.3000
90.2000
89.2600
89.3700
