90.2400
89.8900
90.0200
89.9100
91.4100
91.1600
91.2500
90.1300
91.2000
91.3500
90.5200
90.9500
90.5600
90.8200
88.8800
90.2700
90.8200
89.9900
90.1200
90.4000
89.8500
90.5200
89.9700
90.8100
90.6300
90.4600
90.9500
90.3600
90.7000
91.1400
90.6500
91.3200
90.1700
89.3900
90.9000
90.2000
90.4300
90.7200
90.7300
90.5400
90.6100
90.1500
90.7100
90.5300
90.3900
90.5400
91.3000
90.9700
90.5700
90.7800
89.9900
91.1700
90.2800
90.7700
90.5800
90.5400
91.3200
90.7300
90.2800
89.7700
90.6000
89.1900
90.9700
90.6600
90.8300
90.4400
90.1800
90.3200
89.1100
90.7600
90.5300
90.7000
90.5300
90.1400
90.1100
89.6800
90.7700
91.0200
89.3000
89.9500
91.3200
90.7100
89.8200
89.1500
89.6200
90.6600
90.7300
90.2300
89.6700
90.4900
90.6000
90.4100
90.5200
90.5900
91.0300
90.9000
90.2400
90.2300
90.5000
90.5900
