75.0600
81.7300
74.8700
77.8000
70.3300
76.9300
75.4500
80.1400
72.1100
82.2500
67.6500
80.2100
75.2800
73.2100
78.2800
74.3000
77.1000
77.8500
75.6400
75.5900
79.8100
66.2700
70.7700
70.6000
79.2700
76.3900
75.5600
77.2900
79.8200
75.5000
79.6400
77.5000
82.3400
79.7500
77.4500
77.6500
83.1300
77.0800
76.5500
73.4200
79.9200
74.2300
80.6100
76.9900
77.4900
75.1500
77.4000
78.3800
81.1100
79.2100
80.8800
76.8000
80.6800
79.0400
80.3400
72.6200
73.9200
73.7200
78.9900
80.1900
79.1600
80.0000
73.7900
78.3600
80.6600
78.3700
78.7300
77.3800
80.1900
82.0000
80.1200
80.7500
80.5300
82.8200
80.6600
76.6400
78.0400
77.7300
80.1400
75.3800
80.3300
73.1400
77.7300
83.0400
82.4800
80.3700
74.8600
76.3900
77.5400
75.0200
81.6400
82.1300
71.1000
71.6800
73.2900
75.4800
79.7400
78.4200
75.8200
78.2400
