88.7600
88.0900
89.1900
86.6700
89.6100
87.6400
88.2800
87.6200
86.9400
87.6800
88.5000
89.2300
87.8800
86.7900
88.5400
88.5200
88.4800
89.0900
88.6600
89.1200
85.5700
88.8300
88.7300
88.6600
87.9600
86.9600
87.2000
87.6000
86.2700
86.8800
88.1600
89.4500
88.6200
87.5600
89.0700
88.1400
88.4000
88.6000
88.6100
87.0300
88.0600
87.6100
85.4100
88.7100
88.6700
89.5900
86.6800
87.0000
87.5400
88.5100
89.1300
88.5900
87.9500
88.0800
86.9200
89.1300
89.1900
88.8700
86.9100
89.1800
88.6600
89.3900
89.3400
88.5300
88.1700
88.7100
89.3300
87.3700
88.2000
89.0800
87.4900
88.5400
89.8100
88.3700
86.8100
88.0200
87.2200
88.1700
88.4500
86.4800
89.1600
87.2100
87.3100
89.4000
85.1000
87.6900
88.4200
88.7600
88.6100
87.9300
88.7600
87.1700
88.8700
87.4900
86.8300
88.5400
87.6300
87.4500
89.0300
88.1500
