90.4800
91.6300
90.2500
91.2000
91.0200
91.2500
91.3100
91.2200
90.6800
90.9600
91.1300
91.1400
90.4400
90.5400
90.4700
91.2000
91.2000
90.7800
90.9200
91.2100
90.8900
90.4300
91.0500
90.4800
91.4300
90.5100
91.0800
90.9200
90.6900
90.5800
91.1300
91.2000
91.1500
91.0800
91.6000
90.7400
90.9900
90.2800
91.4600
90.1200
91.5900
90.9900
91.0700
90.8400
91.5400
90.6100
90.8200
90.7200
91.0600
90.6100
90.9500
91.2600
90.9600
90.7300
90.8100
91.0500
90.5400
90.8300
90.9800
90.9800
90.3300
91.2100
90.8400
91.0300
91.4700
90.9800
91.0200
91.2200
91.0400
91.1700
90.8600
91.2700
90.9100
91.2300
91.3100
90.8100
90.8000
91.0200
91.3900
90.6000
91.4200
90.9700
91.0300
90.8500
90.4300
90.8800
91.0100
91.0600
91.6400
91.2900
91.2300
90.6800
89.6100
90.8300
90.6100
91.5900
90.6200
91.0800
90.7700
91.5600
