83.9400
86.7500
85.3300
83.5900
87.5400
87.0600
86.5800
87.7200
85.7300
83.1400
86.7500
87.3900
84.9000
87.6400
85.9200
88.6900
86.6000
86.0500
86.6300
87.3300
88.0300
84.6100
86.0600
87.9600
84.4900
85.2700
85.6600
87.3200
84.2200
87.3000
85.9900
83.6200
87.4000
87.3500
87.0100
87.4200
85.6400
82.8500
87.6600
86.4500
86.5600
85.6900
87.8000
85.4800
87.4500
87.7500
87.6700
85.9900
86.2700
85.5200
88.4900
85.2400
87.0300
88.0900
87.5400
82.4700
85.6800
86.9800
85.1300
85.7200
84.9100
86.3100
88.6600
85.5700
87.1000
86.4100
83.9000
87.9600
86.3900
87.0400
80.2900
86.5400
85.6100
84.4100
84.2900
87.7100
81.9400
86.9100
85.6500
85.9900
83.8800
85.1600
85.1000
85.4400
86.4700
86.8800
87.1100
87.0200
82.3300
83.9900
85.4900
81.3100
86.9500
86.9700
85.2800
88.5600
87.2700
86.8100
86.7100
86.7000
