96.53
96.53
96.40
96.59
96.79
96.82
95.43
96.43
96.63
96.27
96.62
96.48
96.78
96.47
95.88
96.27
96.65
96.26
96.92
96.78
95.29
95.94
96.47
95.30
96.63
96.89
96.27
95.00
95.42
96.26
96.44
96.53
96.42
96.87
96.38
96.45
96.27
96.75
96.64
96.16
96.61
96.52
96.27
96.39
96.16
96.45
96.75
95.65
95.66
96.79
96.37
96.73
96.04
96.20
96.56
96.54
95.56
96.20
96.90
96.42
95.85
97.09
96.08
96.43
96.30
96.84
96.77
96.05
96.46
96.77
96.59
96.30
95.67
96.62
96.76
96.84
96.72
96.65
96.60
96.91
96.80
96.98
95.90
97.04
95.39
96.29
96.53
96.04
96.78
96.17
95.19
96.31
96.61
96.14
96.05
96.77
96.31
96.25
96.58
96.18
96.35
96.14
96.52
97.06
95.05
96.85
96.03
96.79
96.12
96.32
96.01
96.54
95.51
96.73
96.57
96.25
96.21
95.89
96.37
96.60
96.40
96.18
96.83
94.96
95.93
96.66
96.60
96.44
96.03
96.36
95.74
96.24
96.57
96.50
96.38
96.74
96.17
95.98
96.87
96.14
96.35
95.88
96.95
96.55
96.81
96.68
96.17
96.77
95.50
97.21
96.76
95.83
96.06
96.10
96.19
96.80
96.54
95.57
95.79
96.19
96.27
96.16
96.25
96.79
96.80
96.00
96.63
96.70
96.53
96.17
96.41
96.21
96.55
96.17
96.79
96.70
96.68
96.45
96.58
97.37
95.59
96.46
96.65
96.63
95.98
96.73
95.83
96.26
96.05
96.57
96.69
96.58
96.42
96.44
96.44
95.84
96.76
96.71
96.41
96.66
96.57
96.42
96.70
95.08
96.06
96.71
96.94
96.60
96.36
96.04
95.68
95.39
95.80
97.08
96.62
96.57
95.91
96.22
96.26
95.94
96.30
96.29
95.66
97.12
95.83
96.59
96.85
96.12
96.18
96.87
96.75
96.42
96.48
97.14
96.64
96.27
96.80
96.86
95.50
96.16
96.08
96.86
96.40
96.63
95.82
96.71
95.36
96.81
96.30
96.10
96.73
96.45
96.95
96.93
96.72
96.41
96.09
95.88
96.75
96.76
96.75
96.87
97.00
96.27
96.16
96.68
96.51
95.86
96.56
96.78
96.53
96.69
96.56
96.59
96.69
95.98
96.30
96.94
96.47
96.16
96.60
96.57
96.35
96.59
96.45
95.51
96.46
96.80
95.87
95.72
96.66
96.14
96.14
96.29
96.56
96.37
96.62
96.31
96.45
96.53
96.55
94.86
96.53
96.82
95.96
95.80
95.85
96.30
96.44
96.62
96.17
96.63
95.87
96.39
96.06
96.32
95.88
96.41
96.78
95.70
96.66
96.15
96.47
95.92
96.52
96.30
96.47
95.99
95.69
96.81
96.81
95.82
95.85
95.85
96.64
96.75
96.42
96.50
96.25
96.42
95.79
96.35
96.36
96.05
96.82
96.40
96.63
96.38
96.89
96.48
96.32
96.48
97.02
95.87
96.35
96.41
96.64
96.09
96.16
96.47
96.72
96.12
96.51
95.98
96.19
96.84
96.41
96.49
97.01
96.82
96.64
96.46
97.05
95.71
95.98
95.75
96.00
96.33
96.37
96.45
96.20
95.93
96.73
96.70
96.45
94.58
96.31
96.54
96.24
96.49
96.47
96.24
96.67
96.39
96.34
96.47
96.93
96.87
95.53
95.92
95.97
96.12
96.46
95.15
96.51
96.48
96.40
96.49
96.38
96.48
96.35
96.50
96.59
96.46
96.44
96.56
96.27
96.54
96.27
96.08
96.58
96.03
96.83
95.67
96.81
96.75
96.85
96.01
96.56
96.18
96.08
96.58
96.49
96.37
96.69
96.64
96.07
95.79
95.66
96.74
96.08
96.13
96.70
96.43
96.40
95.85
95.49
96.50
96.67
96.89
96.39
95.47
96.51
96.86
95.86
95.39
96.84
96.83
96.46
96.62
96.32
96.60
96.81
97.11
96.16
94.58
96.20
96.70
96.14
96.75
96.34
96.47
95.93
96.05
96.53
96.41
96.94
95.72
96.39
96.84
95.83
96.58
95.54
95.83
96.21
96.97
96.65
96.06
96.23
96.65
96.97
96.94
96.22
96.65
96.42
96.84
96.61
96.47
96.98
96.87
95.68
95.93
96.34
96.93
97.01
96.33
96.57
96.83
96.72
96.62
95.86
96.52
96.21
96.23
96.17
96.37
96.23
96.43
96.95
96.08
96.29
96.20
96.42
95.42
96.45
96.27
96.21
96.19
96.50
96.50
96.44
96.61
96.32
96.40
96.43
95.19
96.79
95.76
96.04
96.67
96.75
95.97
96.28
96.37
96.22
96.36
96.18
96.09
95.90
96.37
96.72
96.22
96.03
95.12
96.34
96.79
96.39
96.53
96.20
96.89
96.20
96.92
96.42
96.41
96.54
96.05
96.30
96.39
96.88
96.26
96.39
95.48
96.41
96.31
96.39
95.97
96.47
96.22
96.63
96.07
96.76
95.76
96.38
96.63
96.53
96.47
96.23
95.57
96.43
96.48
96.29
96.87
96.91
96.87
95.97
96.47
96.39
96.46
96.87
96.15
96.65
96.64
95.57
95.94
96.25
96.79
95.74
96.77
95.38
96.71
96.50
96.09
95.95
96.20
96.75
96.60
96.55
96.04
96.11
96.45
96.06
95.90
96.93
96.91
96.46
96.27
96.75
96.68
96.84
96.46
96.76
96.42
95.83
96.25
96.44
96.47
96.10
96.25
96.93
96.75
96.46
96.57
96.69
96.77
96.83
96.20
95.71
96.14
96.77
96.63
96.02
96.06
95.63
95.81
96.86
96.03
96.02
96.37
96.75
96.48
96.26
95.70
96.96
96.57
96.07
96.11
96.48
96.48
97.11
96.85
96.66
96.66
96.77
96.00
95.98
95.99
96.09
96.71
96.56
96.19
96.71
97.17
96.34
96.06
96.22
96.31
96.39
95.86
96.31
96.30
96.73
96.22
96.94
96.43
96.68
96.08
96.26
96.40
96.63
96.69
96.15
96.35
96.01
95.73
96.46
96.14
96.25
96.63
97.04
96.61
95.61
96.63
96.92
97.10
96.76
95.52
96.54
96.28
96.44
96.83
96.85
96.34
96.62
96.33
96.03
96.56
95.71
96.30
96.49
96.65
96.24
95.91
96.28
96.62
96.52
96.52
96.47
97.03
97.02
95.99
96.76
96.56
96.40
96.62
95.79
96.50
96.85
95.74
97.20
96.11
96.45
96.43
96.67
96.61
96.10
96.47
96.34
96.64
96.77
96.50
96.29
96.20
96.17
96.90
96.16
95.32
96.22
96.41
96.48
96.71
95.85
96.65
95.82
96.88
95.93
96.67
96.76
96.55
96.39
96.30
96.62
96.60
96.64
95.88
96.76
96.90
96.41
96.73
96.99
95.83
96.53
95.90
95.85
95.59
96.71
96.61
95.91
96.59
96.42
96.19
96.66
95.64
95.74
96.09
95.54
96.44
96.20
96.50
96.81
95.98
96.26
96.26
96.82
95.51
96.81
96.33
96.09
96.07
96.74
96.97
95.76
96.56
96.85
96.39
96.46
96.31
96.39
95.61
96.93
96.06
96.79
96.51
96.32
95.92
96.13
96.41
97.13
96.00
96.81
96.13
96.69
95.48
96.01
96.14
96.85
96.37
96.47
96.51
96.70
96.85
96.53
96.18
96.02
96.07
96.45
95.80
96.13
96.71
96.03
96.38
96.34
95.31
96.73
97.00
96.93
96.25
96.34
96.39
96.53
96.31
96.25
96.23
96.37
95.65
96.58
95.69
95.83
96.99
96.25
96.43
95.70
96.67
96.30
95.46
96.73
96.71
96.80
96.77
96.14
96.23
95.78
96.89
96.61
96.19
96.20
96.65
96.47
96.82
96.44
96.63
96.88
95.91
96.27
96.02
96.31
96.43
96.29
96.24
96.99
96.32
95.82
96.11
97.02
96.18
96.15
96.78
96.79
95.55
96.34
96.09
96.43
96.33
96.24
96.60
96.15
95.92
96.23
96.47
95.91
96.66
96.80
96.28
95.62
96.16
96.60
96.15
96.35
96.59
96.40
96.24
96.67
96.55
96.71
96.58
96.39
96.15
96.23
96.17
96.55
96.34
96.93
96.32
96.78
96.62
96.71
96.63
96.38
96.28
96.85
96.59
96.27
96.00
96.39
96.31
96.41
96.27
96.50
96.50
95.74
96.87
95.79
96.35
96.31
95.97
95.99
96.80
96.86
96.53
96.67
96.03
95.77
96.49
96.52
96.65
96.33
96.33
96.07
96.73
96.42
96.65
96.60
96.87
96.29
97.32
96.77
95.94
95.28
95.21
95.85
96.75
