95.69
95.23
94.81
95.57
94.92
95.41
94.93
95.26
95.07
95.31
95.43
95.29
95.69
95.23
95.49
95.63
95.45
95.28
95.45
95.73
95.47
95.59
95.14
95.69
95.40
95.56
95.73
95.36
94.92
94.91
95.29
95.36
94.73
95.28
95.26
95.63
95.35
94.75
95.43
95.29
93.49
95.23
94.94
94.73
95.06
95.83
95.48
95.40
95.27
95.10
94.14
95.84
95.51
95.22
95.34
95.21
95.70
95.32
95.64
95.69
95.54
95.47
95.59
95.76
95.28
94.75
95.09
95.09
95.48
95.70
95.53
95.42
94.40
95.65
95.54
95.52
94.87
95.47
95.25
95.35
95.58
94.95
95.20
94.27
95.44
95.46
95.21
95.31
94.90
95.30
94.95
95.50
95.36
95.67
95.82
95.28
95.19
95.37
95.29
94.95
95.61
95.20
94.30
95.55
96.01
95.54
94.97
95.55
95.12
95.50
94.90
95.08
95.33
95.42
95.80
95.95
94.17
95.20
95.85
95.05
95.09
94.28
95.89
94.81
95.42
95.35
95.08
94.75
95.36
95.36
95.09
95.29
95.40
95.66
95.48
95.61
95.45
95.15
95.17
95.40
95.34
95.53
94.86
95.10
95.44
95.07
95.38
95.15
95.56
95.29
95.36
94.95
95.26
95.38
95.69
95.11
95.58
95.63
94.65
95.63
95.44
95.66
95.16
95.44
95.32
95.44
95.31
95.18
94.75
95.18
95.64
95.06
95.48
95.11
95.60
94.96
95.14
94.93
95.17
95.23
95.00
95.31
95.26
95.52
94.57
95.03
95.53
95.37
94.98
95.03
95.26
95.03
95.34
95.34
95.52
94.91
95.20
95.36
95.33
95.33
95.07
95.09
95.68
94.84
94.84
95.21
95.14
95.29
94.52
94.83
95.26
95.29
95.15
95.35
95.42
95.65
95.56
95.82
94.81
95.78
95.29
95.11
95.22
95.28
95.03
95.59
95.24
95.23
95.58
95.38
95.60
95.74
95.32
95.52
95.50
95.48
95.26
95.04
95.49
94.74
95.94
95.48
95.72
94.97
95.55
95.05
95.45
95.26
94.94
95.73
95.73
95.27
95.02
95.29
94.75
95.19
95.54
94.54
94.62
94.97
95.76
95.66
95.35
95.01
95.50
95.42
95.30
95.14
95.18
95.66
94.84
95.99
95.81
95.20
95.60
95.25
95.46
95.39
95.42
95.69
94.28
95.19
95.03
94.80
95.47
94.87
95.39
95.01
95.28
95.53
95.06
95.25
95.14
94.48
95.49
95.41
95.54
95.62
94.53
94.13
95.52
95.26
95.57
95.61
95.01
95.13
95.30
95.51
93.96
95.66
94.92
95.47
95.37
95.58
94.85
94.22
95.37
94.49
95.52
95.04
94.80
95.45
94.97
95.02
95.21
94.84
94.90
95.20
95.07
94.83
95.41
95.28
95.56
95.24
95.32
95.18
95.32
95.40
94.98
95.73
95.12
95.78
95.14
95.59
95.36
95.39
94.92
95.48
95.67
95.36
95.52
95.41
95.28
95.23
94.89
94.59
95.56
94.50
95.00
95.17
95.74
94.99
95.34
95.27
95.42
95.48
94.80
95.51
94.76
95.49
95.29
95.50
95.12
95.55
95.76
95.68
95.32
95.05
95.32
95.20
95.43
95.74
94.79
95.30
95.48
95.25
95.30
95.44
95.25
95.57
95.67
95.42
94.98
95.33
95.10
94.98
95.29
95.63
94.61
95.79
95.06
95.16
94.47
95.62
95.56
95.27
94.75
95.05
95.64
95.35
95.12
95.30
95.54
95.17
95.77
94.86
94.27
95.59
95.09
95.12
95.03
94.93
95.55
95.87
95.50
95.81
95.08
94.80
95.33
95.36
95.40
95.36
94.95
95.50
95.50
95.35
95.66
96.05
95.23
95.24
94.74
95.11
95.42
94.56
95.50
95.26
95.49
94.81
94.94
95.44
95.00
95.57
95.27
94.79
95.06
95.81
94.78
94.97
95.44
95.12
94.64
94.91
95.23
95.15
95.48
96.00
95.52
94.57
95.22
94.91
95.29
95.65
95.18
95.46
95.64
94.82
94.85
95.63
95.20
95.21
95.60
95.41
95.20
95.07
95.89
95.32
95.24
94.63
95.56
95.58
95.50
95.21
94.96
94.99
95.51
94.83
93.87
94.93
95.32
95.32
95.16
95.95
94.81
95.35
95.48
95.45
94.59
95.60
95.73
95.43
95.79
95.40
94.76
95.82
95.74
95.61
95.53
94.94
95.39
95.37
94.99
95.51
94.96
95.92
95.25
95.39
95.46
95.60
95.30
94.79
95.71
95.46
93.41
95.65
95.44
95.41
94.78
95.26
95.30
95.37
95.03
95.67
95.03
95.49
95.62
94.81
95.40
95.13
95.71
95.81
95.38
94.45
95.59
95.53
95.12
95.70
95.08
95.57
95.27
95.33
95.61
95.65
94.86
95.54
95.50
95.83
95.46
95.62
95.35
95.79
95.22
95.54
95.55
95.46
95.31
95.33
95.31
95.90
95.25
95.25
95.44
95.56
95.19
94.41
95.37
95.56
95.82
95.81
95.55
95.71
95.89
95.30
95.01
95.67
95.39
95.87
95.76
94.43
94.92
95.43
95.53
95.35
94.72
95.02
95.27
94.76
95.02
95.72
95.09
95.48
95.37
94.62
95.67
95.56
95.54
95.09
95.57
95.93
95.29
95.47
95.65
95.76
95.13
95.34
95.49
95.22
95.51
95.35
95.08
95.14
95.63
94.68
95.74
95.29
95.33
95.62
95.66
94.76
95.37
95.67
95.60
95.73
95.12
95.15
95.66
95.67
95.61
95.34
95.15
94.78
94.65
94.69
94.95
95.70
94.63
94.57
95.37
95.20
95.17
95.03
94.66
94.94
94.96
95.21
95.17
95.29
94.91
95.39
95.41
95.32
95.14
95.22
95.93
95.19
95.41
95.39
93.78
95.25
94.54
94.85
95.13
95.34
95.59
95.63
95.06
95.55
95.06
94.62
94.99
95.11
95.05
94.95
95.77
95.51
95.59
95.56
95.49
95.59
95.31
95.43
94.98
94.91
95.24
95.68
94.99
95.37
95.70
95.56
95.42
95.85
95.09
94.33
95.10
95.50
95.84
95.65
95.43
95.63
95.67
95.61
95.20
95.50
94.28
95.03
95.56
95.39
95.36
94.71
95.02
95.31
95.20
95.34
95.00
95.37
95.72
95.17
95.13
95.04
95.41
94.95
95.61
95.27
95.54
95.23
95.14
95.97
95.38
95.50
95.40
95.42
95.64
95.12
95.39
95.21
94.79
94.96
95.44
95.37
95.68
94.86
95.44
95.44
94.52
95.59
95.21
95.28
95.62
94.63
95.38
95.67
94.81
95.24
95.59
95.29
95.69
95.36
95.44
95.43
95.26
95.62
95.47
95.10
95.17
95.59
95.52
95.42
95.75
95.44
96.12
95.37
95.04
95.38
95.23
95.00
95.46
95.23
95.17
94.86
95.32
95.59
94.66
95.67
95.08
95.42
95.34
95.71
95.51
95.06
95.03
94.98
95.10
95.13
94.97
95.13
94.93
95.08
94.68
95.44
95.34
95.07
95.30
94.35
95.31
95.67
95.63
95.65
95.68
95.07
95.48
94.81
95.49
95.24
95.34
95.05
95.53
95.14
95.01
95.15
95.54
96.02
94.19
95.49
95.41
95.66
95.15
95.80
95.02
94.81
95.53
95.64
95.33
95.57
95.68
94.59
95.68
95.48
95.90
95.43
95.24
95.03
95.91
95.59
94.70
95.01
95.15
95.40
95.66
95.38
95.49
95.12
95.67
95.56
94.72
95.23
95.37
95.73
95.33
95.20
95.82
95.26
95.36
95.67
95.49
95.32
95.34
95.54
95.27
95.34
94.42
95.80
95.31
93.97
95.67
95.19
95.07
95.52
95.43
95.68
95.63
95.20
94.85
95.00
94.51
95.36
93.49
95.13
95.46
95.10
95.35
94.21
94.87
95.36
95.71
95.49
95.20
95.55
95.41
95.19
95.94
95.70
95.43
95.10
95.39
94.84
95.12
95.69
95.54
95.41
95.75
95.12
95.50
95.28
95.42
95.51
94.49
95.96
95.57
95.27
95.18
95.58
95.03
95.23
95.53
94.65
95.58
95.41
94.74
94.42
95.28
94.07
95.17
95.21
95.41
95.30
95.25
95.68
95.40
95.24
95.42
95.62
95.38
94.49
95.73
95.72
95.27
94.62
95.46
94.93
95.44
95.34
95.48
94.78
95.27
95.43
95.68
94.47
95.19
95.32
94.55
94.24
95.68
95.28
95.62
94.96
95.33
93.57
94.49
95.67
95.46
95.12
95.41
95.23
94.73
95.63
95.57
95.35
95.56
95.41
95.08
95.23
