91.46
91.28
88.36
90.95
89.55
90.89
87.42
90.90
91.00
87.97
90.66
89.96
91.17
90.75
90.62
91.08
89.58
89.86
90.25
90.64
89.17
91.43
89.74
90.39
90.14
91.14
91.68
91.44
90.06
90.13
91.35
90.75
90.57
91.02
90.94
89.92
91.24
90.34
90.11
90.36
90.09
91.50
88.84
91.44
89.65
90.45
89.27
89.33
90.55
90.52
88.34
91.42
90.14
89.92
90.12
90.50
90.22
90.26
90.83
89.80
91.71
91.03
91.32
91.06
90.21
90.39
90.96
89.52
90.05
88.99
90.00
90.89
91.32
89.95
91.03
87.40
90.26
91.51
90.09
91.28
90.63
89.82
90.81
90.88
90.38
91.52
89.80
88.29
90.84
90.73
90.97
90.11
88.18
90.61
89.77
87.84
91.62
89.22
90.45
90.66
90.27
90.04
89.65
91.11
90.14
90.95
91.01
90.51
90.25
90.54
90.60
91.00
89.17
89.59
90.42
91.64
90.53
92.29
91.48
90.55
90.03
91.30
91.52
89.46
91.23
91.12
90.93
91.67
90.73
89.86
89.70
90.94
90.57
89.45
89.61
90.35
91.30
91.75
91.57
91.47
91.72
90.50
90.68
91.29
90.93
90.75
90.56
89.28
90.50
90.11
87.78
90.73
91.42
90.63
90.73
91.61
90.84
91.16
87.71
88.72
90.37
90.61
91.36
90.20
91.17
90.01
91.43
90.47
90.82
88.74
90.14
90.89
89.24
88.78
90.15
88.38
90.42
91.19
90.48
91.27
90.79
91.45
91.88
89.68
90.32
89.10
89.60
91.12
90.96
90.87
90.53
90.68
88.18
89.06
89.51
90.75
89.60
90.69
89.79
90.89
91.21
89.81
90.49
90.57
91.46
89.67
89.69
91.02
91.24
91.72
90.92
90.76
91.11
91.71
90.63
90.39
91.29
90.14
89.16
90.29
87.98
91.41
91.68
91.57
90.14
91.05
90.90
91.12
90.30
90.92
90.29
89.42
90.43
90.68
90.86
90.86
91.76
90.89
90.94
90.19
90.32
88.39
90.68
91.16
90.93
91.27
89.56
90.24
90.67
90.97
90.53
90.71
89.43
91.20
91.47
90.95
91.32
91.67
90.46
90.04
90.62
90.82
90.52
91.72
90.77
91.64
90.64
91.80
89.18
90.39
90.40
90.40
91.52
90.60
91.13
90.86
87.88
91.10
90.56
91.06
91.35
91.64
91.41
90.87
89.77
91.13
90.22
90.76
90.14
91.29
90.22
89.49
91.14
90.76
91.15
90.53
85.94
91.68
86.96
89.04
88.43
89.74
91.30
92.18
90.38
91.38
90.54
90.44
91.59
90.81
91.02
89.21
91.15
90.16
91.22
90.36
90.89
89.55
90.78
91.39
89.34
90.90
91.24
91.69
89.37
91.14
90.40
90.41
89.99
90.45
90.69
90.89
88.62
91.48
90.99
91.09
89.78
89.98
88.95
90.75
90.03
90.36
89.53
91.30
91.56
91.19
90.71
91.32
89.57
91.71
90.17
88.85
90.28
88.41
91.39
91.41
90.47
90.69
90.92
91.90
90.78
90.53
90.18
91.58
88.97
91.44
88.64
91.91
90.56
91.14
91.54
90.78
90.63
90.35
90.15
90.35
89.92
88.36
91.11
90.41
90.89
91.62
90.70
90.12
91.06
91.08
90.57
89.95
91.17
90.57
92.19
90.70
91.21
90.71
90.64
90.11
91.01
87.91
89.53
90.89
90.21
90.83
91.13
89.41
90.61
90.24
90.63
88.75
91.07
90.62
89.47
90.62
88.76
89.68
89.92
90.94
90.91
91.09
88.62
90.98
90.12
90.64
89.38
89.19
90.28
89.90
91.45
89.88
90.89
89.15
90.25
91.06
90.92
90.29
88.87
90.79
90.85
88.99
91.95
91.06
91.21
91.02
91.11
90.08
89.28
90.36
90.26
88.55
90.15
90.29
90.66
89.84
91.62
89.55
90.71
91.03
90.81
90.85
89.89
91.26
90.84
90.31
91.86
89.88
91.01
89.30
90.21
90.85
90.75
90.07
91.05
91.82
91.25
91.14
90.91
90.74
90.89
90.83
91.05
89.05
89.75
90.67
90.51
88.64
90.13
91.71
91.88
89.81
90.20
91.54
91.23
91.44
89.85
88.26
91.36
90.25
91.13
90.95
90.18
91.81
91.42
90.46
90.47
91.42
91.07
91.49
90.87
90.87
91.47
90.82
90.38
90.13
90.72
90.53
91.12
89.91
89.02
91.44
90.92
89.71
91.45
90.16
90.51
91.11
90.71
90.13
89.73
90.92
91.95
88.74
90.45
92.13
90.56
90.51
91.57
91.66
91.61
90.15
91.21
90.74
90.69
90.52
90.59
88.83
90.84
89.68
90.57
90.68
91.43
91.49
91.11
91.23
90.99
89.97
91.00
90.98
89.31
90.21
91.43
91.08
91.56
90.82
90.55
89.94
90.95
89.87
88.63
91.43
90.43
91.46
89.23
91.31
91.48
90.69
90.88
88.97
89.70
90.92
91.48
91.19
91.42
90.95
89.69
91.45
91.72
91.14
89.86
89.89
90.47
91.06
91.13
88.65
91.47
89.67
89.53
90.63
90.88
89.69
90.38
88.37
91.72
90.88
91.23
90.70
89.45
91.46
89.53
91.51
91.35
88.35
90.87
91.07
89.44
90.68
90.47
91.25
91.39
90.60
89.19
90.90
90.73
88.49
91.49
89.99
90.56
90.31
90.76
89.21
91.62
90.34
90.11
91.29
90.88
91.10
89.66
90.54
90.97
90.50
91.15
91.36
90.29
90.99
90.65
91.53
91.13
89.62
89.86
91.06
91.54
89.57
91.42
90.86
90.31
91.11
90.22
89.40
90.59
87.78
90.93
89.74
91.05
90.44
91.42
90.13
91.02
88.52
91.03
91.27
90.93
91.94
91.75
89.89
91.04
91.50
89.75
91.57
91.19
90.66
91.10
90.34
90.19
90.89
89.64
90.76
89.08
90.14
91.10
90.32
91.08
91.04
91.98
91.18
90.88
90.68
91.03
90.05
89.87
90.64
91.23
90.58
90.51
89.37
91.84
88.36
89.77
91.21
89.01
90.65
90.33
90.89
91.06
90.74
91.44
90.11
90.31
91.41
90.40
91.94
89.22
89.48
90.77
91.61
91.40
89.49
89.97
91.84
90.62
91.49
91.18
90.31
91.29
91.48
90.95
90.76
90.23
91.58
91.97
91.62
90.05
89.74
90.62
91.26
91.22
91.38
89.75
90.48
90.14
90.54
88.26
89.02
90.71
91.53
89.03
91.70
90.48
88.91
89.89
90.50
90.25
91.14
89.29
89.85
92.05
90.53
91.22
91.22
90.29
90.62
90.71
91.39
90.99
89.35
91.05
90.72
91.19
90.34
89.43
91.06
91.51
89.07
90.52
90.80
91.07
89.57
90.07
91.48
91.32
90.55
90.39
90.97
91.27
89.60
90.29
91.56
91.48
91.53
90.40
90.23
90.19
89.94
90.46
89.78
90.71
91.31
91.01
91.09
91.04
90.51
91.04
88.16
88.68
90.23
91.55
90.82
91.14
90.36
90.47
90.64
90.56
90.43
90.18
91.44
91.20
90.77
90.56
91.33
90.63
90.62
90.34
91.15
91.12
90.05
91.11
91.64
90.64
91.77
90.10
90.08
90.42
88.95
89.79
89.79
90.97
91.13
91.81
90.87
90.31
89.74
90.63
90.24
91.34
90.39
89.99
90.20
89.70
90.11
90.31
89.74
90.81
89.94
91.82
91.44
90.21
90.30
89.82
91.10
91.03
90.43
89.68
89.36
89.38
91.30
90.86
90.85
91.36
90.42
88.31
90.47
91.47
89.44
91.55
90.06
90.76
91.07
91.07
88.27
91.38
90.96
90.07
90.99
89.84
89.85
90.36
90.82
90.87
90.11
90.73
90.50
90.24
89.20
90.76
88.97
90.68
90.64
90.44
88.67
90.95
90.91
88.62
88.35
90.70
90.60
90.81
90.70
90.00
90.97
91.34
90.76
88.63
91.35
89.62
91.47
90.59
91.52
90.45
90.63
89.14
90.10
90.60
90.05
90.21
90.04
89.13
90.50
90.03
91.19
88.37
90.78
91.26
90.63
91.11
90.82
89.34
90.29
89.94
90.86
90.25
90.94
89.45
89.93
90.65
90.81
90.91
91.07
89.97
89.13
91.51
90.00
91.39
91.39
91.28
91.39
89.61
91.73
89.46
90.46
90.89
90.50
91.57
92.34
91.12
92.02
91.10
90.92
90.60
90.34
90.94
90.11
91.17
90.20
91.16
91.86
89.92
91.23
89.42
90.68
91.20
90.76
89.10
87.81
90.22
90.44
89.69
90.56
89.95
90.57
90.39
89.69
90.12
90.41
