95.65
94.31
94.97
95.64
95.29
95.71
95.72
94.76
95.73
95.47
95.79
95.22
95.61
95.15
95.84
95.40
95.14
95.37
95.89
95.39
95.62
95.48
95.48
95.78
95.68
95.18
95.26
95.57
95.70
95.79
95.41
95.59
95.50
95.62
95.51
95.68
94.51
95.59
95.70
95.68
95.12
95.35
95.52
95.23
94.99
94.73
94.23
95.47
95.39
95.53
95.72
95.15
95.83
94.77
95.50
95.52
95.50
95.97
95.87
94.87
95.69
95.60
95.02
95.30
95.12
95.67
95.05
95.57
96.03
95.73
95.71
95.68
95.13
95.57
95.43
95.87
95.53
94.96
95.46
95.22
94.23
95.57
95.27
95.28
95.27
95.50
95.33
95.53
95.07
95.71
94.72
95.52
95.39
95.48
95.59
95.33
95.12
95.29
95.48
95.78
94.81
95.56
94.62
95.10
95.69
95.04
94.96
95.03
95.63
95.45
95.57
95.07
95.33
95.03
95.60
95.04
95.44
95.46
95.40
95.64
95.44
95.49
95.63
95.41
94.62
95.07
95.90
95.53
95.64
95.36
95.54
95.59
95.69
95.46
94.78
95.68
95.18
95.08
95.80
95.52
95.29
95.09
95.28
95.96
95.14
95.25
95.33
95.67
95.44
95.54
95.54
95.28
95.34
95.37
95.57
95.55
95.05
95.76
95.63
95.32
95.50
95.46
95.49
94.86
95.15
95.62
94.97
94.93
95.27
94.71
95.54
95.65
95.53
95.54
94.99
95.75
95.32
95.90
95.27
95.84
95.66
95.04
95.22
94.37
95.08
95.47
95.39
95.60
95.57
95.04
94.96
94.98
95.89
95.24
95.31
95.55
95.22
95.09
94.89
95.30
95.39
95.42
95.45
95.75
95.15
95.45
95.26
95.93
95.37
95.58
95.45
95.81
95.78
95.40
95.54
94.60
95.01
95.20
95.37
95.23
95.61
95.65
95.21
94.87
95.17
95.41
95.06
95.03
95.57
95.09
95.29
95.34
95.40
95.68
95.63
95.26
95.37
95.44
95.48
95.76
95.27
95.05
95.21
95.96
94.51
94.76
95.74
95.16
95.90
95.24
95.49
95.55
94.95
95.43
95.11
95.46
95.82
95.45
95.43
95.41
95.14
95.37
95.76
95.81
94.22
95.52
95.55
95.60
95.32
95.00
95.41
95.03
95.44
95.34
95.54
95.55
95.59
94.83
95.54
95.48
95.62
95.29
95.68
95.13
95.55
95.51
95.27
95.67
95.14
94.48
94.64
95.50
95.48
96.03
95.43
95.35
95.50
95.10
95.36
94.92
94.89
95.39
95.12
95.42
95.50
95.89
95.24
94.91
95.02
95.35
95.11
95.33
95.27
95.13
95.75
95.31
95.49
95.29
94.94
95.69
95.93
94.97
95.08
95.45
95.70
94.91
95.73
95.12
95.65
95.07
95.69
95.64
95.02
95.88
95.68
95.27
95.42
95.45
95.55
95.83
95.18
95.74
94.62
95.12
95.60
94.99
95.32
95.65
95.54
94.68
94.87
95.33
95.55
95.63
95.23
95.62
95.36
94.90
95.25
95.81
95.71
95.19
95.16
95.42
95.28
95.34
95.31
94.90
95.53
95.32
95.46
95.51
95.78
95.66
95.26
95.48
95.37
95.16
95.56
95.30
95.64
95.62
95.62
95.46
95.49
95.26
95.96
95.57
95.52
95.15
95.49
95.64
94.65
95.41
95.42
95.15
95.03
95.94
95.27
94.95
94.73
95.65
95.53
95.07
95.34
95.96
95.61
95.06
95.70
95.40
95.26
95.63
95.77
95.26
95.52
95.61
95.37
95.58
95.56
95.58
95.26
95.83
95.37
95.58
95.49
95.47
95.63
95.55
95.51
95.31
95.15
94.96
94.30
95.91
95.76
95.61
95.77
95.50
95.59
95.66
95.57
95.74
95.60
95.06
95.25
95.44
95.66
95.65
95.01
95.39
95.84
95.60
95.70
95.60
95.54
95.72
95.45
95.26
95.18
95.81
95.39
95.78
95.11
95.59
95.90
94.94
95.29
95.34
95.30
95.63
95.35
95.91
94.88
95.45
95.44
95.12
95.53
95.60
95.40
95.56
95.80
95.55
95.24
95.32
95.45
95.50
95.46
95.81
95.69
95.77
95.68
95.14
95.30
95.47
95.13
95.75
95.49
95.73
95.33
95.47
95.28
95.56
95.49
95.66
95.56
95.28
95.58
94.98
95.17
94.90
95.67
95.95
95.37
94.75
95.15
95.42
95.46
95.47
95.37
95.12
95.23
95.42
95.25
95.41
95.86
95.50
95.49
95.48
95.55
95.19
94.85
94.92
95.66
95.38
95.50
95.48
95.67
95.22
95.59
94.55
95.44
95.48
95.49
95.08
95.35
95.40
95.31
95.56
95.56
94.81
95.63
95.56
95.64
95.19
95.72
95.49
95.35
94.99
95.48
95.33
95.30
95.44
95.17
94.83
95.45
95.84
95.17
95.53
95.60
95.38
95.27
95.37
95.53
95.47
94.86
95.71
95.62
95.33
95.18
94.93
94.61
95.64
95.74
94.26
95.30
95.45
95.50
95.16
95.96
94.88
95.26
95.15
95.65
95.17
95.24
95.48
95.76
95.05
95.59
95.58
95.71
95.64
95.61
95.32
95.44
95.66
95.73
95.50
95.09
95.29
95.57
95.69
95.77
95.16
95.77
95.50
95.45
95.27
94.97
95.21
95.45
95.23
95.46
95.63
95.38
95.26
94.95
95.64
95.16
95.36
94.82
95.32
95.41
95.03
95.85
95.61
95.31
95.37
95.80
95.75
95.56
95.50
95.37
95.36
95.06
94.81
95.57
95.34
95.15
94.27
95.26
95.57
95.82
95.14
95.22
95.55
95.29
95.54
95.31
95.26
95.47
95.49
95.14
94.81
95.36
94.96
95.59
95.15
95.82
95.18
95.20
95.63
95.66
95.90
95.40
94.86
95.24
95.45
94.96
94.91
95.56
94.96
95.18
95.33
95.66
95.42
95.32
95.23
95.61
95.03
95.13
95.09
95.10
94.94
95.77
95.56
94.86
95.87
95.29
93.97
95.40
95.49
95.56
95.29
95.81
94.62
95.77
94.94
95.67
95.34
95.54
95.89
94.82
95.37
95.35
95.68
94.82
94.94
95.03
95.01
95.41
95.37
94.91
95.10
95.47
95.50
95.15
95.37
95.35
95.80
95.40
95.04
95.49
95.33
95.78
95.29
95.47
95.11
95.20
94.91
95.62
95.47
94.96
95.18
95.81
95.43
95.60
95.38
95.16
95.46
95.50
94.98
94.91
94.43
95.48
95.71
95.11
95.77
95.72
95.42
95.51
95.52
95.42
94.80
95.33
95.50
95.80
95.69
95.04
95.48
95.47
95.49
95.40
95.46
95.68
95.53
95.84
94.69
94.89
95.43
95.42
94.58
94.97
95.33
95.67
95.31
95.32
95.32
94.43
95.19
95.03
94.94
95.39
95.30
95.21
95.64
95.04
95.51
94.95
94.91
94.94
95.22
94.81
94.92
95.48
95.43
95.38
95.38
95.19
95.90
94.99
95.54
95.74
95.04
95.49
95.66
95.48
94.39
95.48
95.29
95.18
94.85
95.46
95.41
95.70
95.35
95.61
95.64
95.37
94.95
95.28
95.43
94.86
95.58
95.39
94.16
95.64
95.39
95.54
95.23
95.86
95.73
95.80
95.13
95.18
95.34
95.45
95.25
94.50
95.46
95.36
95.87
95.36
95.45
95.46
95.80
95.24
95.44
95.43
94.61
95.53
95.77
95.42
95.06
95.70
95.51
95.83
95.69
95.45
94.50
95.40
95.00
95.23
94.43
95.18
95.23
95.76
94.56
95.71
95.65
95.43
94.68
95.47
94.90
95.18
95.59
95.36
95.42
95.57
95.73
95.43
95.34
95.50
95.48
95.54
95.62
95.46
95.53
95.49
95.52
95.36
95.59
95.30
95.16
95.82
94.58
95.14
95.35
95.57
95.29
94.92
95.50
95.80
95.50
94.94
95.45
95.04
95.41
95.68
95.23
94.95
95.02
94.98
95.19
95.40
94.99
95.63
95.29
95.56
95.53
94.95
95.18
95.30
95.56
95.42
95.48
94.99
95.69
94.88
94.79
95.67
95.64
95.46
95.72
95.36
95.43
95.32
95.50
95.18
95.76
95.24
95.58
95.32
95.52
95.75
95.53
95.60
95.20
95.54
95.15
95.71
95.43
95.48
95.36
95.67
95.28
95.38
94.98
95.41
95.70
94.58
95.37
95.90
95.52
95.50
95.67
95.77
95.32
95.53
95.54
95.58
95.43
95.19
95.49
95.43
95.49
95.52
95.46
95.10
95.40
95.40
95.84
95.55
95.19
95.42
95.43
95.58
94.67
96.14
95.37
