91.85
90.34
91.75
91.87
91.25
91.76
91.23
91.15
90.38
92.36
92.04
92.43
92.05
92.29
91.53
92.11
92.25
91.73
91.11
91.93
91.77
90.40
92.41
91.73
91.43
91.45
91.31
91.07
92.31
91.17
91.34
91.29
91.29
92.34
90.46
91.51
90.50
91.77
90.87
89.87
89.99
91.61
89.73
91.73
92.03
92.01
91.97
91.72
91.28
92.19
90.87
90.80
90.62
92.04
90.83
90.75
90.96
91.51
91.61
90.72
91.55
90.51
92.17
91.80
91.93
91.95
90.47
90.96
92.18
91.74
91.65
91.68
92.26
91.67
91.28
92.03
91.55
89.78
90.67
90.43
92.29
90.21
91.10
91.09
89.92
90.70
90.87
91.00
91.22
90.99
91.45
91.74
92.47
92.14
91.13
89.48
92.23
91.56
92.17
90.60
87.89
92.20
91.59
91.17
91.48
92.20
91.26
91.68
90.76
90.06
90.42
90.70
90.25
92.07
90.47
91.69
91.73
91.83
91.59
91.09
91.38
89.98
90.86
91.13
92.09
90.97
90.85
91.09
91.87
91.37
91.90
90.95
92.83
90.95
91.43
92.15
91.26
92.01
91.43
88.99
90.80
91.88
91.44
91.07
90.53
91.84
88.65
92.22
92.12
91.06
92.07
92.04
91.30
91.40
91.33
92.09
91.63
91.00
90.76
91.35
91.59
91.40
90.77
91.40
90.43
91.42
91.42
92.24
92.01
91.38
91.41
91.89
91.38
91.87
92.07
89.83
91.04
91.39
90.53
91.28
91.10
91.35
88.67
91.81
91.74
92.39
91.78
92.18
90.84
91.29
92.06
91.73
90.59
91.85
91.54
91.83
91.98
91.64
91.51
91.70
90.57
92.56
91.31
91.62
90.70
92.65
92.13
91.22
91.54
92.28
89.94
90.85
92.31
91.34
91.98
92.00
91.87
90.95
90.97
91.31
90.41
92.18
92.08
91.83
91.13
90.84
91.21
91.94
92.07
90.92
92.25
90.60
90.89
91.56
90.87
91.43
91.06
91.96
90.05
91.95
91.06
89.18
91.71
90.33
91.28
90.97
92.17
91.88
91.62
91.69
91.83
92.23
90.79
91.61
92.51
92.33
90.67
91.33
92.18
91.77
91.46
91.38
91.43
90.64
91.80
91.11
90.85
91.99
89.84
91.67
90.78
90.80
91.57
91.25
91.50
91.04
91.59
92.32
92.12
91.89
91.54
92.08
90.99
91.61
91.85
91.11
90.68
90.80
90.79
91.88
90.66
90.89
91.52
92.26
91.75
92.21
91.81
90.98
91.41
91.91
90.90
90.56
91.65
92.12
92.00
90.79
92.15
91.14
91.56
92.41
90.26
91.08
91.22
90.82
91.96
90.56
91.09
92.50
92.05
91.90
90.94
91.57
91.16
91.50
92.48
91.22
91.20
91.53
89.93
91.21
90.46
91.49
91.68
91.50
91.97
91.16
92.80
92.08
92.50
92.53
91.91
91.93
90.11
91.97
91.11
89.21
91.31
90.98
91.97
91.83
91.20
91.28
90.38
90.71
90.85
91.71
92.03
92.04
92.17
91.14
90.34
91.39
91.32
91.59
91.82
90.32
90.62
91.93
90.63
90.84
91.05
92.07
92.52
91.99
91.30
90.16
92.24
92.15
90.37
91.72
91.85
91.24
91.08
92.26
92.50
91.82
91.52
90.75
92.25
91.91
90.81
91.77
91.30
91.88
91.50
91.76
91.16
91.70
91.78
92.11
90.84
90.88
89.25
90.47
92.15
91.08
91.64
90.99
92.46
92.20
91.50
91.30
91.36
91.74
91.73
91.27
90.77
91.03
91.11
91.07
90.58
90.82
91.96
91.32
91.71
90.53
91.25
92.36
90.61
91.36
91.24
91.12
90.85
91.25
89.58
91.35
91.97
90.90
91.90
92.29
91.52
92.26
90.66
92.03
92.03
89.54
91.79
91.18
91.60
91.64
89.93
91.79
90.52
89.36
90.73
92.86
92.76
91.52
91.93
91.61
90.73
91.85
92.01
90.79
90.12
91.56
91.62
90.34
91.54
91.04
92.05
91.64
90.79
90.94
90.92
91.41
91.73
91.38
90.60
91.43
91.66
92.06
90.93
91.02
91.35
89.96
92.19
91.35
91.47
91.46
92.18
91.07
91.14
92.04
91.72
89.72
90.42
91.64
90.38
90.99
91.69
90.81
91.80
91.75
91.49
91.15
92.78
91.29
91.00
92.17
91.74
91.53
90.86
91.82
91.99
90.44
92.51
91.46
92.12
90.77
91.43
92.13
92.39
92.58
91.83
91.98
91.95
90.05
91.77
91.14
91.91
91.93
92.70
91.77
91.60
91.73
91.00
90.41
90.57
90.01
92.10
90.83
91.97
91.64
91.65
92.02
92.17
91.98
92.21
89.27
91.92
91.39
91.02
89.70
91.46
91.29
90.89
92.01
92.13
92.45
90.51
92.15
91.40
92.41
90.61
91.27
91.41
90.47
90.69
92.11
91.71
91.59
91.91
91.88
91.09
90.64
91.75
91.79
91.98
91.94
91.78
91.37
90.51
90.58
90.58
92.17
92.08
91.52
91.34
91.73
92.06
92.27
91.29
92.22
91.68
91.63
89.85
91.77
90.35
92.04
91.62
91.65
90.49
90.48
91.08
91.20
91.66
92.06
92.10
91.93
90.16
91.75
92.42
91.37
90.14
91.83
92.17
91.89
90.81
91.96
90.79
92.22
91.85
90.07
92.05
91.64
92.72
91.62
92.27
91.54
91.75
90.94
92.02
91.73
91.88
92.27
92.16
90.73
90.76
90.98
91.00
90.34
91.46
92.11
91.65
92.30
91.60
91.37
90.28
90.84
92.05
92.05
92.06
92.55
91.96
92.51
90.66
91.89
89.94
91.83
90.12
91.46
92.58
92.11
91.77
92.17
91.27
91.52
91.09
92.17
90.09
91.29
91.31
90.90
91.08
91.21
92.51
91.38
91.37
90.28
92.25
90.97
92.11
91.46
91.55
91.41
90.08
89.30
91.16
91.04
91.59
91.79
92.03
90.99
91.78
91.40
91.19
92.22
92.03
91.75
91.46
89.86
91.62
90.65
90.13
91.99
90.14
91.40
92.06
90.79
90.74
91.34
90.16
92.09
91.72
90.05
90.10
92.16
90.66
90.47
91.91
89.98
91.50
91.67
91.60
91.70
89.67
92.54
91.13
91.58
91.14
91.58
91.45
91.10
90.85
90.71
91.85
91.65
91.64
89.71
90.34
89.62
91.42
91.64
91.65
91.72
91.27
91.78
91.21
91.75
92.53
91.89
91.90
91.82
92.13
92.02
91.58
91.57
90.62
91.23
89.42
91.75
91.42
91.85
93.10
91.12
91.79
91.87
90.87
91.85
91.27
91.48
92.32
89.73
90.66
91.38
92.27
91.80
90.50
92.33
91.48
90.37
91.29
91.89
91.31
91.56
91.90
90.90
92.78
91.61
91.86
91.54
91.59
91.65
89.56
92.02
91.46
89.66
91.14
91.54
92.32
90.66
91.85
91.48
91.57
91.32
91.27
91.34
92.27
91.26
90.99
90.45
91.67
91.37
91.52
91.77
91.57
91.54
91.91
91.88
91.67
91.07
91.25
91.12
91.61
91.16
91.58
90.81
91.25
92.47
91.57
91.48
89.93
91.12
90.97
91.04
91.13
91.79
92.06
92.26
91.66
92.11
92.53
89.20
91.87
92.06
91.20
90.58
91.44
91.55
90.30
91.92
91.62
91.81
90.64
91.87
91.73
91.07
89.71
92.36
91.05
91.45
90.52
92.02
91.02
91.59
91.76
90.33
91.25
91.54
89.90
92.30
92.11
91.84
91.61
90.38
90.92
92.46
90.71
91.16
90.72
91.48
91.41
90.81
91.08
91.75
91.01
91.98
91.88
91.32
91.17
90.70
92.11
91.34
92.13
90.74
92.12
91.08
92.14
90.39
91.07
91.43
92.27
91.64
91.05
91.61
91.60
92.53
92.76
91.89
92.43
90.63
91.51
90.76
91.93
91.05
92.30
91.00
91.58
91.64
91.58
91.40
91.81
91.32
91.77
90.91
91.02
91.61
91.58
91.76
90.96
91.54
91.67
90.73
91.02
90.97
91.34
91.72
91.57
90.11
90.17
91.31
91.25
92.39
91.46
90.25
90.24
91.93
91.36
90.72
91.41
91.73
90.86
91.21
91.29
90.76
90.93
89.77
91.86
90.62
90.49
91.27
90.78
91.43
91.32
92.24
91.72
91.28
92.56
92.05
92.66
91.11
91.43
92.65
91.87
91.04
90.60
90.75
91.67
91.54
91.63
91.95
89.41
90.02
92.16
90.96
90.60
91.21
91.24
92.29
91.11
90.87
91.56
90.14
89.90
90.95
90.97
91.14
91.37
91.59
