97.46
97.39
97.00
97.12
97.11
97.08
96.13
96.24
96.16
96.08
95.89
95.89
95.83
95.79
95.82
95.90
95.95
95.99
96.07
96.11
96.11
96.15
96.20
96.20
96.17
96.15
96.12
96.14
96.14
96.16
96.21
96.05
96.06
96.02
96.02
96.03
95.99
95.96
95.96
95.96
95.88
95.88
95.86
95.89
95.86
95.89
95.89
95.92
95.90
95.90
95.92
95.94
95.97
95.97
95.95
95.95
95.94
95.92
95.92
95.93
95.94
95.97
95.91
95.93
95.91
95.91
95.92
95.89
95.90
95.89
95.87
95.82
95.82
95.83
95.84
95.85
95.81
95.83
95.83
95.76
95.77
95.79
95.81
95.79
95.80
95.82
95.81
95.82
95.83
95.83
95.80
95.82
95.82
95.83
95.80
95.81
95.77
95.78
95.76
95.76
95.77
95.77
95.78
95.79
95.80
95.79
95.81
95.82
95.79
95.78
95.80
95.79
95.80
95.80
95.73
95.73
95.74
95.76
95.76
95.75
95.76
95.75
95.72
95.73
95.73
95.73
95.74
95.75
95.74
95.75
95.74
95.74
95.75
95.75
95.73
95.74
95.72
95.70
95.70
95.70
95.70
95.71
95.69
95.69
95.68
95.69
95.70
95.71
95.70
95.69
95.70
95.71
95.71
95.72
95.72
95.72
95.73
95.73
95.73
95.74
95.74
95.75
95.75
95.75
95.75
95.75
95.76
95.77
95.77
95.77
95.77
95.76
95.77
95.78
95.78
95.77
95.76
95.75
95.75
95.76
95.74
95.74
95.75
95.73
95.74
95.75
95.75
95.76
95.76
95.74
95.75
95.75
95.76
95.76
95.76
95.75
95.75
95.76
95.76
95.75
95.76
95.77
95.77
95.78
95.78
95.77
95.77
95.77
95.77
95.77
95.78
95.78
95.78
95.76
95.76
95.76
95.76
95.76
95.76
95.77
95.77
95.77
95.76
95.76
95.77
95.77
95.77
95.76
95.76
95.76
95.76
95.76
95.76
95.76
95.77
95.78
95.78
95.78
95.78
95.79
95.80
95.79
95.76
95.76
95.77
95.77
95.78
95.78
95.78
95.78
95.78
95.78
95.77
95.77
95.76
95.76
95.75
95.75
95.76
95.76
95.76
95.75
95.75
95.75
95.75
95.76
95.76
95.76
95.76
95.75
95.74
95.75
95.75
95.75
95.75
95.75
95.74
95.74
95.75
95.75
95.75
95.76
95.76
95.76
95.76
95.75
95.75
95.76
95.76
95.76
95.75
95.75
95.75
95.76
95.76
95.76
95.76
95.76
95.76
95.77
95.77
95.77
95.78
95.78
95.78
95.79
95.78
95.79
95.79
95.79
95.79
95.79
95.79
95.79
95.79
95.79
95.79
95.79
95.79
95.79
95.79
95.79
95.79
95.80
95.80
95.80
95.80
95.81
95.80
95.80
95.81
95.81
95.80
95.79
95.80
95.80
95.80
95.81
95.80
95.79
95.79
95.79
95.79
95.79
95.79
95.79
95.78
95.78
95.78
95.77
95.77
95.77
95.77
95.76
95.77
95.77
95.77
95.76
95.77
95.77
95.77
95.76
95.77
95.77
95.77
95.76
95.76
95.75
95.76
95.76
95.76
95.76
95.76
95.76
95.75
95.76
95.76
95.76
95.76
95.75
95.76
95.76
95.76
95.75
95.75
95.75
95.74
95.74
95.75
95.75
95.75
95.75
95.75
95.75
95.75
95.75
95.75
95.75
95.76
95.76
95.76
95.76
95.76
95.76
95.76
95.76
95.76
95.76
95.76
95.76
95.75
95.75
95.75
95.75
95.75
95.76
95.76
95.76
95.76
95.77
95.77
95.76
95.76
95.77
95.77
95.76
95.76
95.77
95.77
95.77
95.77
95.77
95.77
95.77
95.77
95.77
95.78
95.78
95.78
95.78
95.78
95.78
95.78
95.79
95.79
95.79
95.79
95.79
95.79
95.79
95.79
95.79
95.79
95.80
95.80
95.79
95.80
95.80
95.79
95.79
95.78
95.77
95.77
95.77
95.77
95.77
95.77
95.77
95.77
95.77
95.77
95.77
95.78
95.78
95.77
95.78
95.78
95.78
95.78
95.78
95.78
95.78
95.78
95.78
95.78
95.78
95.77
95.78
95.78
95.78
95.78
95.79
95.79
95.79
95.79
95.79
95.79
95.79
95.79
95.79
