94.73
92.03
92.98
92.65
92.43
94.09
93.15
94.61
94.73
95.42
93.06
92.68
93.57
93.24
94.38
94.43
90.47
93.20
93.77
91.85
92.38
92.94
93.81
94.75
93.64
93.68
90.89
94.94
92.22
93.06
91.49
93.63
93.04
94.32
94.35
93.38
94.46
92.68
94.23
93.39
94.31
93.89
94.67
93.89
94.17
94.60
92.97
93.93
93.93
90.23
94.93
93.49
92.67
93.53
94.08
91.77
92.40
91.67
94.40
91.67
92.98
93.48
94.98
91.57
91.14
93.95
92.45
92.02
92.38
93.33
93.33
91.85
93.60
94.87
93.19
91.29
93.90
93.76
93.34
90.97
93.07
93.93
94.78
93.38
93.97
94.28
95.13
92.91
92.93
93.33
92.76
92.53
92.59
94.01
94.36
93.63
94.02
93.40
94.94
93.84
92.31
94.32
93.85
93.90
93.87
92.00
94.23
93.52
94.15
90.68
94.47
92.38
93.37
91.90
92.39
91.81
92.06
90.26
93.71
93.02
94.26
94.18
93.62
93.77
94.28
93.95
92.73
93.77
93.21
93.33
92.30
92.04
92.59
94.86
93.62
92.03
94.09
92.85
95.00
93.22
92.34
93.87
93.75
91.04
94.36
93.20
92.32
92.02
93.02
93.73
92.49
93.27
92.84
94.57
92.40
91.06
93.21
94.08
92.72
94.00
93.06
92.11
93.30
93.68
93.64
93.45
94.10
93.70
93.16
93.65
92.64
94.37
94.11
87.85
93.46
94.28
95.01
92.25
90.19
91.98
94.45
92.33
93.69
92.65
94.06
92.84
94.20
93.72
93.86
93.62
93.96
94.22
94.30
93.27
91.31
91.54
93.47
93.64
91.68
93.51
95.13
90.48
92.53
94.48
93.55
92.89
94.41
91.79
90.97
94.25
93.10
91.52
94.55
93.30
90.55
92.70
89.64
91.77
91.36
93.60
94.24
94.06
92.00
93.96
93.59
93.55
95.16
94.85
94.39
94.37
91.91
94.09
92.74
93.98
94.25
94.37
93.62
92.40
93.22
93.32
94.47
91.08
93.49
93.57
94.04
92.70
94.68
93.72
92.90
92.03
93.96
92.72
93.18
94.13
92.44
91.66
92.23
93.79
93.78
93.75
93.79
94.26
93.94
92.66
94.43
95.27
94.76
95.13
94.29
93.55
93.01
93.85
93.88
93.01
93.90
93.03
93.49
92.33
91.18
94.23
93.13
94.68
94.30
93.59
94.02
93.28
92.62
93.34
94.36
91.08
92.39
94.70
90.09
92.09
93.21
93.07
92.61
93.20
93.80
92.84
93.00
94.14
93.43
91.68
94.36
93.55
92.77
93.90
92.37
93.01
92.77
93.08
94.83
92.55
93.20
92.46
94.13
92.30
93.78
93.98
94.61
93.47
86.43
92.80
94.22
92.70
93.09
92.77
90.95
92.95
91.89
93.34
93.96
92.90
94.06
94.22
91.70
93.20
93.63
94.35
94.00
89.81
94.41
92.94
92.91
94.00
94.59
93.74
93.90
94.97
94.17
94.21
94.40
93.05
94.30
94.48
91.54
94.33
91.26
92.24
94.37
94.95
93.63
93.74
94.57
92.08
93.52
93.61
93.32
93.79
94.52
92.42
94.37
94.55
88.17
91.33
93.08
92.89
93.06
92.37
93.24
91.62
93.21
91.38
94.14
89.99
95.13
93.46
91.39
93.15
92.54
94.11
89.88
93.88
95.24
91.15
91.17
93.46
93.23
93.82
94.19
95.18
95.01
92.97
94.54
93.72
90.39
94.65
94.67
93.22
92.80
93.81
93.47
92.08
94.61
92.95
93.85
94.37
90.17
93.46
93.29
94.79
94.62
93.78
92.53
92.22
94.17
93.72
94.34
92.15
93.08
93.07
93.67
91.17
93.80
93.23
94.75
92.61
90.39
93.60
92.10
94.12
94.72
93.15
94.84
94.70
93.16
94.58
93.73
94.22
94.29
89.57
91.84
92.09
94.34
92.95
92.24
94.14
93.71
92.79
94.60
94.38
93.03
92.88
94.93
91.46
92.48
93.81
94.02
94.80
93.17
94.17
93.95
93.79
93.30
93.93
94.18
93.34
93.01
92.87
93.27
93.70
93.34
92.22
94.03
92.22
92.67
93.89
94.44
93.50
91.51
90.30
93.74
94.51
91.26
91.15
93.14
91.93
93.58
93.63
93.80
93.96
94.27
95.22
94.53
90.76
94.48
91.30
90.32
93.63
94.93
93.99
93.73
94.01
93.99
93.97
93.94
93.87
94.44
92.58
93.01
93.93
94.67
94.46
91.83
93.77
94.51
91.98
95.57
92.73
94.48
94.63
94.09
93.92
92.61
95.39
94.36
94.59
93.61
94.17
94.89
93.58
92.29
92.94
94.58
94.01
93.93
93.73
92.46
94.71
92.97
92.91
92.72
92.38
92.77
91.03
94.55
93.68
92.22
93.23
93.70
94.10
92.95
92.41
93.74
93.35
93.16
93.02
93.86
94.31
92.42
94.07
92.03
93.29
93.62
92.77
93.65
92.02
93.42
93.47
93.91
94.11
92.59
94.43
94.75
93.25
93.36
94.08
93.12
93.67
92.00
93.16
93.04
94.72
93.75
93.78
93.18
94.91
92.75
94.30
93.13
91.83
95.21
93.99
91.71
94.75
93.91
93.96
91.75
93.47
94.20
93.11
93.47
91.31
92.15
94.99
90.26
94.15
91.50
94.53
92.21
90.01
93.62
94.24
91.02
91.49
92.85
94.19
93.11
93.55
93.82
94.08
93.89
90.58
94.09
92.90
93.49
94.67
93.96
90.65
94.07
94.71
94.02
92.55
92.42
93.64
94.17
91.22
93.81
91.12
94.39
93.34
93.39
93.08
94.51
93.40
94.57
92.09
92.45
94.43
92.59
94.48
94.60
93.78
93.81
94.02
94.10
93.01
93.55
92.41
93.47
92.35
92.44
93.51
90.35
93.37
94.68
93.44
93.79
92.24
92.84
93.90
93.65
93.14
92.79
93.47
95.24
93.81
91.13
94.38
93.21
94.02
90.60
93.07
93.26
94.59
94.77
92.48
91.83
94.37
93.84
95.28
92.03
94.32
92.81
92.23
92.14
93.12
93.72
93.13
92.72
94.11
94.40
92.80
93.49
92.22
94.00
93.74
93.32
92.99
94.02
94.16
93.97
93.93
93.38
90.99
94.88
93.59
93.55
90.54
93.90
94.16
92.62
94.35
94.94
92.95
93.72
93.22
91.57
94.17
92.94
92.74
94.12
94.45
92.91
93.68
93.20
93.89
92.90
93.71
92.92
94.69
93.43
93.94
94.37
91.98
94.21
93.48
94.10
92.72
94.10
92.76
92.39
92.50
93.99
93.30
92.15
93.68
93.61
93.48
92.79
93.73
93.31
93.23
94.75
93.17
92.72
93.68
93.42
93.77
92.91
94.10
92.27
93.39
88.47
93.38
93.32
92.63
93.43
93.51
91.02
94.71
94.85
92.13
92.66
93.55
93.54
94.04
94.38
92.28
93.15
93.69
92.06
94.12
92.42
92.87
93.16
93.88
92.24
94.11
91.96
92.78
94.60
92.63
93.61
89.97
95.17
94.05
94.20
94.00
93.67
93.61
93.08
93.56
94.37
93.23
90.11
94.29
90.51
93.11
94.51
91.66
93.41
91.35
93.78
91.26
93.23
92.81
94.28
93.21
93.62
94.78
93.80
94.40
91.59
94.31
94.65
90.41
91.27
93.67
92.56
93.50
93.89
93.63
93.92
93.89
94.44
91.59
94.36
93.51
93.70
94.42
88.92
93.23
92.62
93.77
90.61
92.60
93.50
92.87
94.48
93.85
92.64
93.62
93.90
92.04
92.56
92.64
92.61
94.71
94.01
93.52
91.86
88.27
94.27
94.81
94.58
94.18
94.15
94.08
92.88
93.26
91.12
92.47
94.03
91.49
93.23
93.40
94.07
93.16
93.56
93.71
92.28
93.58
93.93
93.45
93.05
94.54
93.21
92.61
89.81
93.76
93.14
93.91
94.42
92.38
92.79
93.56
93.16
94.86
93.77
93.89
93.40
93.59
93.56
92.73
93.08
94.77
93.35
93.67
93.40
94.13
92.62
93.47
94.26
94.20
94.14
93.86
92.07
89.29
93.39
92.38
94.20
94.68
93.33
93.29
92.98
94.41
93.64
94.96
94.57
93.39
94.62
91.17
91.84
93.98
94.01
94.08
95.53
93.60
93.02
93.38
95.00
92.74
92.87
94.22
93.98
93.95
92.89
94.32
93.08
94.25
93.02
95.00
92.42
90.15
93.81
93.22
92.76
93.36
93.69
94.18
93.75
92.34
91.96
93.19
94.58
94.54
94.69
93.72
94.17
93.39
91.09
92.58
94.90
93.18
95.40
93.79
94.04
93.41
