95.77
95.09
95.99
94.36
95.94
96.55
95.96
95.92
96.16
95.46
95.57
95.17
95.68
94.67
95.62
96.09
95.64
95.87
96.38
94.03
95.75
95.73
95.24
95.88
96.21
96.29
95.24
94.46
94.44
95.75
96.23
96.66
96.35
95.57
95.72
95.80
95.09
96.77
95.35
96.24
94.97
95.93
96.65
92.31
96.23
94.47
95.39
94.95
95.73
95.37
96.33
96.15
95.42
95.96
96.45
95.34
94.91
96.68
95.53
95.63
95.55
95.03
95.66
94.71
96.05
96.02
96.38
96.22
95.85
96.03
95.34
95.82
95.10
95.69
95.51
96.26
96.03
96.09
93.11
95.93
95.67
94.87
96.28
95.40
96.42
95.49
96.14
96.14
95.51
96.55
96.24
95.13
95.52
95.35
94.42
95.95
96.25
96.19
94.85
96.24
95.85
96.39
95.24
95.58
95.73
96.12
95.57
93.32
96.11
95.09
96.10
95.98
94.49
95.62
96.27
95.57
96.05
96.10
96.89
95.73
94.22
95.77
95.17
96.00
95.94
94.47
95.97
96.04
96.05
95.77
94.20
96.17
95.23
95.71
96.35
96.03
96.49
96.72
95.42
95.26
95.89
96.06
95.81
96.18
95.86
96.04
95.56
95.92
95.71
95.49
95.67
95.98
95.53
96.00
96.35
96.49
96.44
95.88
95.58
96.20
95.96
95.13
96.35
96.55
95.95
95.92
95.34
95.44
95.88
95.85
96.03
96.15
96.81
96.08
96.58
95.56
96.04
96.23
96.39
95.63
96.01
94.39
95.31
95.59
96.50
95.78
95.13
96.67
94.96
96.33
96.73
96.38
95.43
94.94
96.23
95.81
95.74
96.03
95.08
93.18
95.48
96.43
96.39
94.51
95.27
95.88
96.00
95.80
95.51
96.46
95.31
96.21
95.60
95.87
96.06
95.45
96.70
94.89
95.87
95.74
96.00
94.95
96.48
95.76
95.91
94.87
94.88
96.42
95.05
95.51
95.06
95.58
96.31
95.87
95.89
96.34
95.13
95.75
96.21
95.72
96.02
94.98
95.05
95.34
95.48
95.99
96.38
95.65
95.91
95.98
96.03
95.49
95.43
96.49
95.91
96.11
96.69
95.85
95.16
96.39
95.94
95.82
96.51
95.71
95.65
95.00
95.54
94.88
96.62
95.83
94.80
95.64
95.23
96.08
96.66
95.32
96.91
96.33
93.55
96.02
94.52
93.61
95.55
96.17
94.44
93.81
95.70
95.68
94.58
96.60
95.95
94.95
96.17
95.83
95.17
95.69
94.08
96.10
95.43
95.17
96.29
95.66
94.51
96.44
95.49
95.91
96.40
96.36
95.64
95.70
95.55
94.67
95.77
96.56
95.83
95.07
96.44
95.13
95.99
94.79
95.49
95.22
96.40
96.24
95.83
95.55
96.06
96.05
95.76
95.69
96.21
94.98
94.39
96.57
95.86
95.22
96.40
95.64
95.35
96.53
96.03
95.74
96.19
96.19
94.98
96.23
95.78
94.05
95.84
95.59
96.74
94.85
96.67
94.69
93.17
95.48
95.33
94.88
95.50
96.00
95.62
96.07
95.91
96.02
96.40
95.84
96.63
95.69
94.38
95.94
95.87
96.24
95.53
95.29
95.80
96.17
94.48
96.01
96.38
95.49
94.99
96.23
96.19
95.33
95.88
93.66
96.27
95.07
94.53
96.30
95.55
96.06
95.49
95.84
95.83
95.74
95.74
95.83
96.29
95.65
96.55
95.01
95.19
95.28
95.82
95.65
95.32
95.90
94.59
94.76
96.05
94.88
95.66
96.29
96.54
94.93
95.23
95.71
96.30
94.49
96.06
95.48
96.31
96.31
96.02
95.07
96.35
96.09
96.27
95.46
94.23
95.23
95.46
96.50
94.97
95.64
95.78
95.38
95.32
95.25
96.14
96.56
95.98
93.66
95.23
96.35
95.43
95.97
95.44
96.08
96.24
94.16
96.22
94.93
96.04
93.89
95.65
96.00
96.30
96.39
93.66
96.17
96.27
96.37
95.90
96.46
95.93
95.39
96.37
96.65
96.51
95.87
96.21
96.31
96.13
96.17
95.56
95.54
94.80
96.15
95.17
96.20
96.90
95.21
96.52
95.44
95.23
95.65
94.12
95.79
95.80
96.01
95.11
96.17
95.30
95.68
96.16
95.07
95.77
96.13
95.63
96.46
95.27
95.45
95.74
95.92
95.95
95.33
95.96
96.06
95.40
95.41
96.12
96.60
96.30
94.28
95.51
95.17
95.92
94.88
94.74
95.63
96.16
95.18
95.42
95.73
95.80
96.39
96.08
95.51
95.57
96.17
96.33
96.15
96.26
95.57
96.47
96.24
96.27
95.69
96.80
95.82
95.58
95.09
95.61
96.69
96.49
95.20
96.36
94.70
93.30
95.36
95.56
95.84
95.65
94.46
95.88
95.23
95.47
96.08
96.56
96.25
95.13
96.24
94.55
95.97
94.44
95.83
95.52
96.42
96.38
96.37
93.90
96.12
94.82
95.22
95.84
96.38
95.65
95.56
95.73
95.76
95.96
96.30
95.02
96.53
96.72
95.95
95.35
96.14
95.57
95.60
95.93
95.61
95.07
96.02
95.62
95.53
95.48
91.05
95.90
96.39
95.78
95.50
96.08
95.51
94.88
95.74
96.30
96.35
96.33
96.21
96.37
95.94
95.10
95.39
95.99
96.30
96.40
95.30
95.07
95.53
95.98
95.94
96.02
95.17
96.07
96.19
95.88
94.67
94.84
96.64
95.15
95.46
95.03
95.88
95.72
95.30
93.87
96.59
96.19
96.02
95.85
94.33
95.67
92.90
96.58
94.31
96.33
95.50
96.24
95.52
96.18
96.52
96.22
96.17
95.99
95.07
96.63
95.11
94.12
95.75
95.99
95.16
95.92
95.79
95.91
96.69
95.59
95.81
96.50
95.52
94.84
95.98
94.83
94.86
96.04
96.58
96.26
95.92
95.74
96.26
96.37
96.31
96.55
95.94
95.72
95.54
96.35
96.28
96.21
95.67
96.29
95.79
95.96
96.04
96.31
95.39
95.34
95.61
95.95
95.60
95.00
96.07
96.22
95.83
95.60
95.35
96.69
95.57
95.29
96.05
96.10
96.04
96.45
96.57
95.74
95.87
95.03
96.36
95.84
95.18
96.17
93.96
96.26
96.70
95.68
94.45
95.47
95.73
94.49
96.65
96.09
96.05
96.30
96.02
95.63
95.61
95.27
96.07
95.42
95.97
96.69
93.92
95.83
95.32
96.11
95.84
96.25
96.16
95.77
96.06
95.92
96.32
95.77
95.57
96.03
95.06
96.18
95.61
96.01
96.34
96.29
95.78
96.06
95.32
95.61
95.87
95.56
95.68
94.13
96.03
96.27
94.16
96.54
96.56
95.19
95.93
95.72
95.73
95.90
95.75
96.69
92.44
95.86
95.13
96.39
95.86
95.38
96.08
94.69
95.62
96.21
95.68
95.28
96.16
96.24
95.48
96.33
95.79
95.69
95.57
96.18
96.28
95.82
96.30
95.75
95.18
94.87
96.05
95.74
95.01
93.65
95.70
95.20
95.43
95.90
95.83
96.07
97.01
95.27
95.13
95.33
96.59
95.98
94.74
95.06
95.63
94.67
95.19
96.24
96.47
95.71
95.44
96.23
96.46
95.63
95.65
96.14
94.98
95.70
95.75
95.54
96.95
96.06
96.56
96.09
94.98
94.24
95.35
96.04
94.00
95.61
94.68
95.24
96.03
94.89
95.44
96.06
95.72
95.84
95.48
94.91
96.57
94.47
95.20
96.56
95.01
96.43
95.37
96.96
95.71
95.42
96.32
95.58
96.79
95.56
95.21
94.63
94.90
95.91
95.17
95.50
96.21
91.91
95.80
95.68
95.56
95.77
95.46
94.72
95.80
95.34
96.40
95.19
96.13
95.53
96.58
96.07
94.95
96.23
95.95
96.51
95.47
95.28
95.33
95.54
96.04
96.08
96.23
95.92
96.15
96.14
96.56
96.39
96.11
96.60
96.60
96.30
95.37
95.39
94.58
95.18
95.89
96.00
95.73
96.51
96.66
95.71
95.05
96.72
95.64
95.34
95.11
96.03
95.87
96.61
95.47
95.66
95.85
95.82
95.63
95.28
95.10
95.78
96.81
95.46
95.65
95.98
96.60
95.73
95.62
94.99
94.89
93.96
95.70
96.38
96.36
95.73
95.99
96.90
96.35
95.84
94.65
94.31
95.76
96.43
95.04
96.00
95.66
96.23
96.68
95.85
95.72
95.16
95.49
95.95
94.39
95.72
94.45
95.29
95.33
95.31
96.44
96.66
94.23
96.27
94.91
96.11
95.95
96.26
96.42
94.36
96.78
95.26
96.22
95.61
95.80
95.48
95.95
