93.37
94.14
91.24
93.80
93.87
93.18
95.07
92.91
94.05
93.24
94.41
93.91
93.70
89.86
93.47
94.45
91.84
90.46
92.60
93.49
93.68
93.64
92.90
92.36
92.99
94.07
94.18
93.24
92.55
93.87
94.09
91.22
93.85
90.36
94.03
93.33
93.53
94.45
92.63
94.11
94.38
94.39
92.95
91.74
95.05
92.48
92.02
94.77
93.50
93.77
94.25
94.32
91.91
94.22
89.76
93.34
94.55
91.76
93.66
93.87
93.06
93.48
92.01
94.17
93.79
91.53
94.39
92.51
94.06
92.76
93.59
91.78
94.27
94.95
93.49
93.56
92.99
92.32
93.89
94.54
90.51
94.21
94.93
93.19
92.19
94.32
93.08
90.61
92.55
93.88
93.14
93.33
91.58
92.30
93.12
92.78
94.81
93.04
93.79
93.04
94.68
93.10
94.69
93.97
92.80
92.46
93.34
94.39
93.36
93.75
91.95
93.11
89.86
93.31
91.29
93.86
93.52
94.20
91.96
91.80
92.25
91.81
94.30
92.55
93.45
92.57
93.98
94.27
93.61
94.34
92.98
93.22
93.56
93.71
94.28
94.60
93.06
94.37
90.64
92.76
93.55
93.36
93.08
93.06
93.98
92.86
94.27
93.80
93.42
93.41
93.64
93.77
90.82
94.21
94.12
94.25
92.05
92.34
91.86
92.67
92.91
92.10
94.02
92.21
92.92
91.56
89.75
94.42
93.49
94.42
93.46
93.00
92.73
94.35
93.38
94.06
94.34
93.68
93.43
94.26
94.43
92.17
91.16
91.88
92.89
90.63
93.64
94.83
91.05
92.32
92.75
94.26
94.06
93.09
94.04
91.15
94.03
93.67
91.31
93.93
93.97
91.84
88.56
94.38
93.26
92.06
93.95
93.70
94.85
93.78
93.64
94.92
94.51
95.01
94.87
94.65
93.36
93.08
93.85
94.90
91.90
92.18
94.26
94.53
91.12
92.86
91.41
91.41
92.50
94.41
92.21
93.71
92.93
92.36
93.63
92.92
93.36
92.52
94.12
94.03
93.25
93.08
94.20
94.04
91.03
91.78
92.86
93.06
93.81
94.17
94.13
93.62
94.84
92.69
93.59
92.33
93.46
95.03
90.70
94.61
92.78
92.60
94.13
92.93
90.62
92.25
91.20
94.34
94.84
92.33
94.45
91.78
92.73
92.63
91.90
92.58
91.87
94.93
93.34
92.45
92.85
91.48
93.44
92.64
93.98
92.45
94.12
91.86
93.19
93.57
90.40
92.77
94.09
93.51
89.61
93.32
92.86
91.73
93.70
87.79
94.54
92.04
94.62
90.98
94.23
93.88
94.14
94.10
92.91
94.18
92.94
94.29
93.74
92.08
94.62
93.60
94.47
93.57
93.53
91.15
94.05
91.45
93.91
94.28
93.25
92.61
91.44
93.56
92.13
92.77
92.59
91.56
93.69
93.61
92.61
92.55
92.88
92.79
91.25
92.20
93.13
93.26
91.14
91.99
90.88
93.44
94.32
93.91
93.48
93.48
93.56
94.53
93.91
92.36
93.32
92.39
92.98
94.40
93.04
93.90
93.70
93.44
92.29
93.64
93.74
93.76
93.28
92.97
94.93
91.92
91.16
92.49
90.74
92.64
92.55
92.28
93.67
93.68
90.96
91.93
92.70
92.80
93.18
93.11
93.68
94.55
92.68
92.43
92.71
91.58
94.72
94.25
94.82
94.60
94.10
93.93
90.85
91.99
93.32
95.05
93.65
94.01
94.46
93.60
93.17
93.68
93.13
94.60
93.79
93.55
94.05
92.82
94.55
93.70
93.41
94.32
91.26
94.44
94.12
93.84
93.73
93.17
91.93
94.21
93.01
93.00
94.50
87.40
92.62
93.97
93.35
93.95
94.30
93.74
92.69
93.79
94.37
94.34
94.15
92.10
92.92
92.48
92.85
94.32
92.55
89.95
91.76
93.53
90.94
92.25
93.76
93.93
93.54
93.29
92.49
93.11
92.53
94.28
92.91
92.13
90.96
94.29
94.01
93.25
93.16
91.94
93.88
93.81
94.01
93.09
93.26
93.04
91.36
91.86
91.71
94.00
93.34
93.75
93.50
94.32
94.07
91.43
93.52
92.62
95.19
91.43
93.38
94.17
89.35
91.21
91.69
94.33
94.30
92.74
94.42
93.08
92.15
94.59
93.97
93.84
93.56
94.54
91.91
92.74
93.27
90.07
94.41
93.11
94.36
93.37
92.76
94.29
91.74
89.43
93.98
92.40
93.64
92.85
93.27
93.35
93.73
93.91
94.19
94.41
94.06
93.97
91.24
91.99
92.90
93.17
91.62
94.23
91.39
91.74
93.96
94.42
91.26
92.34
91.31
93.06
93.61
92.92
90.41
93.29
90.91
92.74
94.20
94.04
94.12
94.38
93.08
89.45
93.35
94.61
94.33
92.73
93.26
94.44
93.04
93.19
93.38
93.60
92.93
93.25
92.61
94.13
94.07
93.52
92.53
91.74
92.13
93.91
91.31
92.97
92.45
90.01
92.37
93.95
92.68
91.48
92.85
94.79
92.40
92.26
92.43
93.49
88.36
91.33
93.57
93.88
90.78
92.07
91.68
93.04
94.57
93.49
89.82
93.50
92.53
92.22
92.88
93.33
94.08
93.06
92.27
91.73
94.02
94.55
93.76
92.66
93.35
93.22
95.47
92.63
93.68
94.05
93.54
92.81
92.87
93.22
93.73
92.61
94.69
92.09
91.66
92.20
92.57
93.90
93.23
93.14
92.95
94.64
93.71
94.36
93.38
94.26
91.75
92.31
94.41
93.58
91.87
93.32
92.70
94.15
94.42
94.31
93.43
93.43
94.24
93.47
94.52
91.64
93.04
93.13
93.42
93.20
93.90
92.44
91.02
94.34
93.12
92.57
93.08
94.19
94.55
91.88
92.81
93.84
93.02
91.53
92.72
91.83
92.96
92.73
93.51
93.80
94.08
94.64
92.90
93.47
92.76
92.09
92.89
93.13
93.41
89.72
92.83
92.85
93.94
92.58
93.67
91.87
94.15
91.26
91.66
93.22
92.26
92.43
93.91
93.58
93.26
93.89
93.84
90.22
94.31
92.96
94.42
93.89
93.77
94.56
93.59
91.97
92.26
90.36
92.64
94.62
91.43
91.64
93.31
92.57
94.31
93.87
93.63
90.96
93.21
92.61
93.91
93.44
92.42
93.80
93.56
91.60
91.98
93.26
93.35
94.76
90.45
93.39
93.18
92.79
92.71
90.42
91.30
93.22
93.35
92.92
89.20
92.54
93.05
93.49
92.33
94.08
93.72
93.63
91.45
94.07
93.81
93.26
92.86
92.25
92.91
92.90
92.71
91.41
93.22
92.78
93.02
92.82
94.68
91.22
93.79
92.47
93.26
93.65
93.18
91.68
93.19
93.68
91.41
92.73
93.35
93.62
92.20
93.32
94.82
93.17
89.79
90.82
94.91
91.78
91.26
92.71
93.38
93.64
93.39
92.47
93.40
92.84
92.88
92.88
92.48
94.62
93.86
92.58
93.58
93.67
89.76
93.20
93.64
91.13
92.63
92.39
94.06
92.54
92.13
94.22
93.87
92.33
93.63
91.34
90.94
88.75
94.50
89.20
92.84
93.18
92.77
93.73
91.93
92.84
90.45
89.64
92.49
93.65
92.68
92.37
93.86
93.02
93.97
93.06
94.35
92.51
93.04
94.26
93.17
94.66
94.57
94.64
93.07
91.68
89.72
92.42
93.87
93.68
93.19
92.66
93.38
94.21
92.74
91.01
91.41
92.49
92.26
94.66
93.36
92.42
94.25
93.36
92.96
92.63
93.05
94.99
93.78
93.53
92.45
92.17
92.90
93.46
93.74
93.68
91.67
94.36
94.78
94.72
93.90
93.29
94.43
92.41
94.20
90.27
92.84
94.14
92.90
93.68
91.24
93.06
94.05
93.09
92.89
92.49
92.83
91.94
94.55
92.98
93.23
93.88
92.70
93.09
89.12
93.75
92.77
92.05
93.58
94.42
92.43
93.37
94.35
94.20
94.58
94.24
90.79
92.64
92.25
92.24
92.56
94.32
93.87
92.35
92.33
91.80
92.03
93.61
94.38
93.38
93.19
93.71
92.55
92.17
92.73
92.59
93.25
94.44
93.58
93.73
92.43
94.41
94.21
93.54
94.70
93.72
90.98
94.56
92.81
93.30
94.55
92.14
93.48
91.56
92.05
90.95
93.52
92.06
90.45
94.46
93.06
93.55
91.37
93.07
94.99
94.55
94.09
93.39
93.82
93.21
94.48
91.07
93.22
92.77
93.43
92.05
93.28
93.83
93.02
93.40
93.60
92.81
92.36
92.32
93.61
93.81
93.74
91.72
93.85
91.07
93.44
91.92
94.58
92.38
93.39
93.31
