95.13
95.31
94.45
95.49
95.51
94.84
95.15
95.39
95.11
95.21
95.49
95.49
95.43
95.27
95.25
95.64
95.22
95.10
95.07
95.07
95.17
95.69
95.07
95.20
94.94
95.25
94.85
95.00
95.45
95.32
95.43
95.14
95.45
95.12
95.48
95.25
95.16
95.26
95.34
95.69
95.35
95.41
95.06
95.19
95.15
95.18
95.36
95.58
95.48
95.28
95.15
95.03
95.15
95.43
95.42
95.59
94.94
95.44
95.31
95.45
95.11
95.12
95.73
95.36
95.37
94.77
95.16
95.17
95.41
95.29
94.54
95.01
95.19
95.12
95.29
95.46
95.45
94.77
95.33
95.12
95.67
95.46
95.47
95.15
95.03
95.40
95.38
95.35
95.07
95.47
95.45
95.33
95.63
95.21
95.23
94.83
95.29
95.41
95.36
95.43
95.06
95.19
95.09
95.37
95.01
95.25
95.33
95.70
95.35
95.37
95.48
95.02
95.37
95.27
95.11
95.35
94.97
95.50
95.23
95.22
95.00
94.88
95.07
95.26
94.30
95.15
95.35
95.46
95.55
95.36
95.27
95.22
95.51
95.18
95.62
95.07
95.04
94.88
95.39
95.16
95.32
94.96
95.42
94.46
95.34
95.11
95.30
95.04
95.16
95.57
95.63
95.03
95.40
94.68
95.30
95.37
95.38
95.45
95.31
95.53
95.15
95.39
95.13
94.69
95.44
94.98
95.45
95.64
95.00
95.14
95.47
95.22
95.50
95.27
95.57
95.16
95.13
95.43
94.34
95.85
95.13
95.07
95.75
95.37
95.33
94.80
95.30
95.26
95.14
95.29
95.60
95.14
95.18
95.14
94.95
94.62
95.47
95.10
95.49
95.32
94.96
95.14
95.04
95.55
95.19
95.24
95.68
94.39
95.32
95.34
94.91
95.32
94.67
95.32
95.26
95.19
95.32
94.87
95.41
95.43
95.77
95.10
95.20
95.34
95.07
95.49
94.89
95.49
95.46
94.98
95.55
95.22
95.18
95.29
95.01
95.48
95.83
95.48
95.35
95.10
95.36
95.14
95.04
95.18
95.49
95.59
95.33
95.33
95.27
95.43
95.23
95.39
95.25
95.01
95.18
95.50
95.51
95.04
95.59
95.29
94.87
95.56
95.19
95.26
95.20
95.58
95.19
95.28
95.46
95.35
95.32
95.36
95.28
95.11
95.12
95.26
95.01
95.30
95.10
95.47
95.07
95.36
95.24
95.63
95.53
95.05
94.88
94.86
95.40
95.27
95.38
95.44
95.42
95.54
94.94
94.90
95.66
95.32
94.74
95.31
95.00
95.49
95.12
95.56
94.99
95.17
95.22
95.48
95.53
95.50
95.50
95.53
95.35
95.04
95.44
94.99
95.14
95.52
95.20
95.13
95.24
94.82
95.09
94.99
95.29
95.06
95.63
94.59
94.83
95.21
94.95
95.21
95.57
95.26
95.13
95.31
95.38
95.13
95.05
95.30
95.43
94.63
94.99
95.52
95.03
95.23
95.15
94.71
95.58
95.40
95.53
95.07
95.24
95.19
95.45
95.23
95.38
95.30
95.32
95.28
95.49
95.37
94.98
95.11
95.46
95.69
95.05
95.45
95.43
95.75
95.39
95.25
95.19
95.56
95.39
94.76
95.58
95.15
95.51
95.08
95.52
95.51
95.24
95.13
94.96
95.43
95.32
95.44
94.83
95.30
95.29
95.10
95.63
95.44
95.13
95.25
95.22
95.68
95.27
95.56
95.13
95.40
95.58
94.97
95.39
95.22
95.31
95.48
95.03
94.97
94.88
95.26
94.91
95.05
95.52
95.16
95.13
95.71
95.02
95.34
95.59
95.08
95.58
95.13
95.10
95.35
95.30
95.52
95.20
95.16
95.19
94.86
95.23
95.32
95.60
95.15
95.09
95.28
95.09
95.38
95.06
95.36
95.26
95.38
95.62
95.40
95.53
95.65
95.07
95.43
95.16
95.46
95.14
95.39
95.09
94.82
95.25
95.20
95.17
95.46
95.59
95.66
95.39
95.37
95.33
95.19
95.11
95.53
95.04
95.47
95.49
94.69
94.99
95.35
95.08
95.52
94.97
94.98
94.81
95.24
94.91
94.98
95.65
95.11
95.27
94.91
95.41
95.46
95.59
95.33
95.50
95.06
95.30
95.79
95.31
95.10
94.67
95.10
94.77
94.82
95.46
95.63
95.19
95.03
95.10
95.33
95.06
95.56
95.12
95.12
95.30
95.31
95.02
95.08
95.48
95.27
95.41
95.30
94.82
95.17
95.13
95.23
95.54
95.09
95.49
94.90
95.36
95.40
95.07
95.37
95.51
95.38
95.09
95.46
95.46
94.93
95.37
95.48
95.24
95.26
95.17
94.95
94.98
94.91
95.04
94.73
95.59
95.27
95.27
95.51
95.39
95.73
94.99
95.46
95.49
95.18
95.14
95.59
95.38
95.52
95.30
95.40
95.62
95.40
95.14
95.36
95.27
95.62
95.09
95.25
95.25
94.80
95.39
95.59
95.49
95.19
95.46
95.11
95.39
94.78
95.21
95.29
95.35
95.22
95.06
95.15
95.17
95.16
95.25
95.10
95.27
95.11
94.98
95.25
95.38
95.21
95.11
95.53
95.21
95.13
95.23
95.29
95.45
95.34
95.27
95.35
95.49
95.29
95.43
95.56
95.00
95.32
95.50
95.32
95.30
94.89
95.13
95.56
95.32
95.22
95.36
95.70
95.42
95.11
95.29
95.27
95.26
94.93
94.94
95.43
95.15
95.51
95.36
95.39
95.11
95.44
95.15
95.46
95.49
95.22
95.55
95.05
95.42
95.52
95.36
95.29
95.41
95.53
95.37
95.21
95.33
95.33
95.01
95.21
94.99
95.39
95.44
95.00
95.56
94.78
95.26
95.08
95.37
95.43
95.20
95.39
95.21
95.73
95.31
95.26
94.98
95.37
95.28
95.55
95.47
95.35
95.39
95.41
95.45
94.97
95.25
95.42
95.45
95.64
95.36
95.40
94.68
95.10
94.75
95.29
95.44
95.21
95.35
95.20
95.18
95.41
95.48
95.24
94.83
94.84
95.27
95.29
95.11
95.27
95.26
95.23
95.07
95.14
94.69
94.59
94.80
95.35
94.90
95.19
95.10
95.22
95.41
94.90
95.29
95.07
95.62
95.34
94.92
95.41
95.25
95.05
95.38
95.24
95.55
95.51
95.29
95.09
95.37
95.10
95.45
95.18
95.29
95.64
95.57
95.44
95.39
95.29
95.38
95.33
95.29
95.22
95.36
95.30
95.15
95.29
95.57
95.35
95.41
95.44
95.35
95.14
94.80
95.48
95.05
95.47
95.35
95.07
94.70
95.21
95.05
95.49
94.81
95.46
95.17
95.22
95.40
94.82
95.46
95.25
94.58
94.97
95.46
95.38
95.31
95.44
95.45
95.18
95.04
95.54
95.24
95.39
95.63
95.21
95.00
95.40
95.06
95.12
95.42
95.39
95.15
95.15
95.24
95.39
95.36
95.37
94.73
95.40
95.43
95.56
94.90
95.44
95.38
94.78
95.66
95.32
94.92
95.45
95.25
95.46
94.45
95.17
95.36
95.37
94.14
95.39
95.30
95.26
95.36
95.51
94.97
95.07
95.34
94.81
95.31
94.82
95.04
95.43
95.27
95.10
94.71
95.01
95.03
95.50
95.37
95.27
95.00
95.24
95.39
95.35
94.96
95.35
95.24
95.64
95.40
94.72
94.98
95.56
94.97
95.32
95.50
95.23
94.71
95.20
95.13
95.21
95.05
95.35
95.53
94.99
95.34
94.76
95.33
95.30
95.79
95.60
95.29
95.25
95.35
95.58
95.01
95.51
95.37
95.16
95.61
95.21
94.76
95.40
94.96
95.12
95.45
95.03
95.25
95.23
95.04
95.06
95.20
95.42
95.32
95.46
95.08
95.62
95.55
94.99
95.09
95.62
95.52
95.35
95.11
95.41
95.14
95.33
94.90
95.27
95.34
95.29
95.03
95.31
95.41
94.71
95.04
95.15
95.34
95.15
95.46
95.09
95.62
95.07
95.64
95.57
94.76
95.64
95.25
95.38
95.21
94.90
95.49
95.03
95.09
94.95
95.35
95.78
95.27
95.50
95.33
95.34
95.00
94.90
94.61
95.52
95.33
95.49
95.31
95.09
95.14
95.08
95.41
95.37
95.45
94.82
95.40
95.39
94.92
95.52
95.43
94.80
95.16
94.89
95.63
95.48
95.13
95.13
95.43
95.40
94.70
95.32
95.32
95.45
95.30
95.03
95.68
94.90
95.30
94.80
95.14
95.26
95.15
95.11
94.95
95.48
95.08
95.01
95.15
95.41
95.32
95.18
95.11
95.14
95.06
95.11
95.25
95.10
95.20
95.25
95.32
94.96
