97.02
96.81
96.61
97.08
96.74
97.02
96.42
96.51
96.72
96.69
96.83
96.70
97.06
97.06
96.79
96.88
96.69
96.53
96.91
96.95
96.98
96.90
97.21
97.16
96.85
96.89
97.07
96.89
96.76
96.90
96.80
96.84
97.13
96.80
96.94
97.15
96.14
96.54
96.91
97.12
96.75
96.82
96.78
97.28
96.85
97.03
96.90
97.13
97.09
96.98
96.82
96.80
97.02
97.01
97.30
97.25
96.87
96.80
96.96
96.99
96.85
97.02
96.93
97.11
96.07
96.08
97.20
97.18
97.13
97.30
96.46
96.53
97.02
96.91
96.48
96.15
97.23
96.56
96.91
96.75
96.72
96.55
96.67
97.06
96.60
97.10
96.79
96.44
97.05
96.52
96.84
97.05
96.71
96.80
96.84
96.75
96.76
96.89
97.09
96.99
96.93
97.08
97.09
97.05
97.46
96.60
97.12
96.88
96.37
96.99
96.95
96.76
96.97
97.25
97.02
96.65
96.99
97.23
96.91
96.95
96.90
96.79
97.22
97.12
96.78
96.98
96.70
96.74
96.88
97.26
96.65
97.14
96.60
96.65
96.77
96.96
96.61
97.03
96.90
96.84
97.05
97.13
96.82
97.44
96.73
96.96
96.88
97.20
96.93
96.57
96.58
96.80
96.91
96.85
96.86
97.08
97.01
96.87
96.88
97.06
97.04
96.81
96.71
97.17
96.55
96.52
97.04
96.31
97.13
96.78
96.87
97.10
97.28
96.72
97.10
96.83
96.14
96.27
96.73
96.86
96.95
97.21
96.60
96.49
96.87
97.05
97.07
97.08
96.60
97.11
97.24
96.92
96.59
96.97
96.81
96.66
96.29
96.85
97.07
97.00
96.61
96.83
97.18
96.56
96.96
96.38
96.79
96.06
96.93
97.19
96.99
96.63
96.66
96.95
96.67
97.26
97.19
97.02
97.02
97.30
97.01
97.08
97.33
96.64
96.62
97.27
96.69
96.93
96.93
96.85
96.83
96.93
96.42
97.12
96.97
97.43
96.94
97.24
96.54
97.08
96.89
96.39
96.97
96.78
96.71
96.95
97.01
96.91
96.86
96.91
97.19
96.65
97.34
97.43
96.60
97.08
97.24
97.16
97.14
96.35
97.01
96.86
96.79
96.45
96.58
96.33
96.83
97.13
96.89
96.59
96.89
97.07
96.99
96.92
96.79
97.13
97.17
96.89
96.77
96.84
96.76
97.05
97.03
97.14
97.10
96.67
96.98
96.64
96.88
97.00
96.75
96.39
96.50
96.23
96.90
96.68
96.82
96.80
96.77
96.74
96.90
96.87
96.82
96.97
97.22
96.94
96.75
97.04
96.98
97.10
97.32
96.87
97.04
96.39
97.08
96.66
96.79
97.05
96.61
96.42
96.57
97.21
96.81
96.91
96.80
96.67
96.86
97.41
96.91
96.76
97.14
96.71
97.26
97.03
96.87
96.14
96.70
96.70
96.70
97.02
96.91
96.61
96.80
96.84
97.30
97.27
96.26
97.04
96.66
97.09
96.58
96.34
97.10
96.49
96.96
96.56
97.24
96.98
96.62
96.89
96.70
96.95
97.18
97.01
96.80
96.73
96.41
96.77
96.70
97.16
96.90
96.94
96.61
96.45
97.22
96.90
96.82
97.20
96.95
97.33
96.20
96.93
96.66
97.18
96.72
96.96
96.86
97.21
96.92
97.14
96.54
96.61
96.96
96.97
96.31
97.11
96.65
96.33
97.40
96.87
96.66
97.14
97.13
96.62
96.85
97.07
97.37
97.09
96.87
96.95
97.03
97.54
96.36
96.15
96.70
97.15
97.24
97.35
97.10
97.01
96.96
97.14
96.37
97.03
97.09
97.04
96.91
96.71
97.18
96.54
97.14
97.12
96.65
97.11
96.96
97.02
96.40
97.12
97.04
96.82
96.71
97.06
96.78
96.89
96.81
96.96
96.87
96.95
96.93
96.76
97.12
97.10
97.25
96.75
96.92
97.19
96.57
96.92
96.86
97.09
96.83
96.77
97.16
96.56
96.89
97.06
96.83
96.94
96.98
97.20
96.50
96.94
97.31
96.56
96.91
96.78
97.00
96.93
96.81
96.64
96.51
96.94
96.51
97.24
96.73
96.91
96.85
97.14
96.87
96.64
97.09
97.13
96.90
97.02
96.98
97.14
96.55
96.99
97.18
96.97
96.87
96.95
96.92
96.47
96.98
97.16
96.93
96.96
97.08
96.99
96.58
97.08
96.60
96.66
96.43
96.99
96.82
97.35
97.24
96.88
97.09
97.02
96.81
97.00
96.65
96.93
97.24
96.86
95.94
96.66
96.87
97.02
97.33
97.18
97.28
97.08
96.87
96.95
96.69
96.94
96.70
97.11
96.98
96.67
97.24
97.06
96.64
96.44
96.45
96.98
96.92
96.79
96.75
96.72
97.01
96.89
96.88
96.93
97.13
96.62
96.96
96.74
96.41
96.79
96.58
96.95
97.25
96.90
97.39
96.61
96.55
97.05
96.86
96.74
96.72
96.74
96.70
96.19
96.85
96.95
96.59
97.01
96.91
97.07
97.00
96.71
96.89
96.46
96.90
97.06
97.17
96.99
96.63
96.82
96.86
96.47
96.84
96.74
96.59
97.05
97.12
97.15
96.88
96.75
97.11
96.86
96.56
96.87
97.09
97.21
96.78
96.73
96.59
97.08
96.64
97.11
96.62
97.09
97.00
96.54
97.00
97.05
96.71
96.51
97.03
96.98
96.55
96.44
96.85
97.14
96.91
96.58
96.85
97.08
96.99
96.89
97.10
97.30
97.13
97.21
97.17
97.26
97.08
96.79
97.40
96.91
97.10
97.00
96.63
96.92
96.43
96.33
96.82
97.14
97.20
96.99
96.67
96.60
96.77
96.77
96.78
97.03
96.65
96.74
97.05
96.92
96.56
96.15
96.87
96.67
96.84
97.43
97.25
97.06
97.07
96.74
96.99
96.82
97.00
97.11
96.98
96.88
97.19
96.94
97.31
96.20
96.78
97.20
97.15
97.40
96.79
96.41
96.98
96.87
97.27
96.98
96.82
96.78
96.41
96.84
96.63
96.51
97.16
96.70
96.97
96.71
96.77
96.89
97.08
96.99
97.03
96.88
96.38
97.08
96.73
96.97
96.32
96.82
96.46
96.73
96.77
97.00
96.76
96.83
96.85
97.28
96.19
96.60
97.09
96.87
96.98
96.98
96.97
96.23
97.16
97.20
96.76
97.28
97.08
96.50
96.93
96.78
96.39
97.05
96.18
96.77
96.63
97.01
96.71
97.23
97.04
97.14
96.91
97.12
96.50
97.08
96.38
96.96
96.91
96.77
97.15
96.83
97.00
96.38
96.59
96.71
97.41
96.64
96.82
97.34
96.84
96.85
96.74
96.87
97.04
97.20
96.71
97.10
97.36
96.26
97.11
97.01
97.15
96.77
96.77
96.68
96.96
97.14
96.69
96.75
96.48
96.70
96.74
96.75
96.73
97.08
96.52
97.20
97.08
96.87
96.73
97.19
96.77
96.68
97.25
96.00
96.60
96.66
96.64
97.07
97.00
96.75
96.98
97.09
96.73
97.03
96.59
96.72
96.83
96.64
96.63
97.11
96.79
96.77
96.97
96.82
97.18
96.82
97.20
96.43
97.06
96.56
96.78
96.42
96.46
96.83
96.52
96.86
96.88
96.32
96.52
96.94
96.99
97.00
96.98
96.81
96.71
96.62
97.01
96.92
96.93
96.76
96.69
96.93
96.90
97.26
97.07
97.02
97.08
96.75
96.55
96.39
96.41
97.15
96.85
97.39
96.81
96.92
97.18
96.97
96.99
96.79
97.17
96.44
96.97
96.99
97.07
96.69
96.50
96.88
96.96
97.00
97.18
96.82
97.27
96.61
96.71
96.75
96.78
96.87
96.80
97.26
97.05
97.19
96.93
96.97
96.59
97.04
96.58
96.89
96.68
96.84
97.20
96.83
96.90
97.10
97.13
97.23
97.28
96.74
97.06
96.22
96.99
96.59
96.80
97.13
96.64
96.82
97.18
96.82
96.94
96.79
96.97
97.02
96.97
97.19
96.71
97.07
97.05
96.83
96.98
97.17
96.98
97.21
96.48
97.11
96.78
96.95
96.55
96.88
96.87
96.91
96.75
96.42
97.03
97.20
96.78
96.95
96.81
96.59
96.79
97.06
97.08
96.96
96.57
97.19
96.97
96.64
96.88
96.76
97.28
97.02
96.88
96.68
96.96
96.99
96.63
97.29
96.93
97.34
97.19
96.87
97.18
96.87
96.78
96.69
96.85
96.49
97.23
97.25
96.66
96.52
96.61
96.94
97.46
96.71
96.88
96.96
96.81
97.10
96.28
97.00
96.85
97.14
96.94
96.45
96.90
96.94
96.80
96.16
