84.8300
85.0200
84.2600
84.3100
84.9900
85.0100
84.4100
83.7800
84.5800
84.5400
84.8400
83.6100
83.6900
85.0100
83.9100
83.9000
83.6500
84.3200
85.8600
85.0000
85.3400
84.2800
86.1200
85.5800
84.7400
84.0200
84.4000
83.5700
84.2900
84.0700
84.9800
84.8200
84.9800
84.3100
84.2300
84.6600
84.2200
85.3300
84.3000
83.4700
85.0700
84.4200
85.0000
82.0500
84.6400
84.7000
85.3000
83.8900
85.0100
83.0500
83.9400
84.3800
84.8100
85.0400
84.9200
84.7900
85.3500
84.9900
85.0000
84.1600
85.1000
83.2600
84.7300
84.2200
85.1400
84.6100
84.6500
84.9700
83.9100
85.0400
84.5200
84.0500
84.9200
84.8600
85.1700
85.0500
84.8900
84.3100
84.3500
83.9200
83.5900
84.9700
85.6000
84.8900
83.4100
85.4100
83.7500
85.1200
84.8100
83.5800
84.2600
84.7000
85.5400
84.7400
85.0300
83.5600
84.7200
84.5600
85.4300
83.8900
