81.9800
81.8700
80.8800
82.5400
83.6200
82.7000
83.7500
81.9400
82.0200
84.1500
83.5300
82.9200
82.0800
82.9200
81.9700
81.7700
83.8400
81.3200
83.2000
82.0300
81.7400
80.2700
82.4300
82.5200
83.0100
83.1500
79.6000
81.2700
82.8100
84.4800
82.1800
80.9100
81.4400
81.8400
82.6500
81.2400
83.9400
84.3600
82.8900
81.5300
81.2200
84.1000
83.1500
84.1400
83.2000
80.7400
82.1000
81.3000
82.6700
81.9200
83.8400
83.3800
81.4800
81.0800
80.2400
83.4800
82.2000
84.3100
82.0400
83.1000
82.9900
83.3400
83.4700
83.0400
81.4700
83.6800
81.1400
82.3700
84.5200
80.1100
83.3500
82.3500
79.6600
81.9300
81.8900
83.2000
82.0800
82.2000
81.7300
82.3600
82.7200
82.1900
83.6500
81.6500
81.6300
82.4000
81.5600
83.6000
82.1900
83.1400
83.3600
80.8400
80.2800
82.1000
81.2800
83.3600
82.0900
83.6400
82.5000
81.5500
