84.8000
85.1100
83.0400
84.5700
84.5600
84.1500
84.1500
84.5900
83.8900
84.6600
84.1000
84.9300
83.7700
84.1000
83.3000
85.0400
85.0700
84.0700
83.0900
84.8500
84.4200
84.4900
83.1400
84.7500
83.8300
83.3600
84.9800
84.0800
83.5900
84.1100
83.6000
85.2900
83.1200
84.3400
85.3200
84.7900
84.3900
84.4100
83.9100
84.1700
83.8200
84.4800
83.9600
84.4000
84.7200
84.2500
83.6700
84.3000
84.2900
83.9000
83.8000
85.0300
83.9300
83.8400
84.2600
84.0600
83.3400
83.4200
84.6400
84.6100
84.7600
83.8800
84.5200
84.8300
83.3900
85.2700
84.0500
83.6000
83.8900
85.0600
83.8200
84.4900
83.7700
84.0500
83.7400
85.1300
84.4900
84.2200
84.6700
83.9400
83.4900
84.0500
84.1900
82.6500
85.0800
84.6500
84.8300
84.7800
83.7500
84.4900
83.2900
84.9900
85.0200
84.6600
84.4800
84.5300
84.9100
84.8000
83.4600
83.6500
