80.7500
73.5400
78.2200
76.9700
80.8500
74.5600
78.9400
80.3100
77.7100
81.9400
77.4800
78.5300
78.1200
77.7800
79.2700
77.4700
80.3900
77.2600
79.0900
81.5200
78.2700
78.7200
74.8800
80.5700
78.1000
79.2100
81.2200
80.3500
79.0000
79.1200
81.4200
80.1000
77.4200
80.0200
79.2400
76.4000
80.4900
81.3200
76.8500
78.8600
80.6300
74.6300
78.4800
79.0300
78.0500
78.3700
75.5300
77.8000
78.3400
82.3300
77.6600
73.0200
81.5200
79.0200
75.9600
78.8100
78.4500
82.3500
77.8200
77.2900
78.7100
79.9200
77.3000
79.8100
74.9000
78.2200
77.1600
79.1800
79.3900
77.4700
79.9100
80.4300
78.0500
76.5100
76.3500
79.1100
78.6900
78.7100
80.3200
76.9400
74.6300
76.7200
78.2000
77.2100
81.0000
79.7100
79.0800
78.9100
82.2200
80.0300
78.2800
77.2000
78.8800
80.7100
75.1700
78.7900
78.8800
78.5500
80.2800
81.7300
