87.5500
86.7400
87.0700
86.8300
88.0000
87.2600
86.3700
86.5400
87.0100
87.1500
86.7000
87.1300
87.4400
87.4300
86.9600
88.0200
87.2200
87.6900
86.8000
88.0100
87.5600
87.4400
87.4100
86.6500
87.4700
86.3800
87.2500
87.5000
87.6300
87.0700
87.3800
87.5600
86.8500
86.7500
87.3500
87.7500
86.3100
85.6600
85.5800
86.9800
86.0000
87.6400
87.5400
86.8800
87.3300
86.9800
87.8300
87.2800
87.1300
87.2700
86.9200
87.3700
87.4900
87.8000
87.3600
86.1600
87.8800
87.1000
86.3600
87.4500
86.8300
87.1300
87.2900
86.1500
87.4100
86.9800
85.3200
87.4000
87.1300
87.4200
86.8800
87.5700
87.8300
87.1500
86.9700
86.8800
86.4600
86.8800
87.3400
87.2900
87.2600
85.8300
87.2100
87.6800
87.4700
87.4900
87.3400
87.2800
87.1000
86.7200
86.9000
87.9200
87.5900
85.8500
86.9900
87.3300
87.0100
86.5800
87.9600
87.0600
