80.5900
79.9700
80.2700
81.7900
81.9300
82.2000
82.4700
81.0500
81.9300
82.8000
81.4100
81.5800
81.9700
82.2700
80.9500
80.5500
81.5800
81.3300
79.9100
80.6200
81.8200
82.1500
81.2300
81.2500
77.5100
81.4900
80.5100
80.9500
80.8600
81.4900
82.0500
79.5600
81.1000
81.7800
82.5700
81.5800
81.9100
82.9000
81.6100
82.6200
79.4500
82.2300
81.3800
82.1700
77.7500
82.0800
81.7000
81.6600
81.7200
80.8700
82.3100
82.2200
82.0000
82.0300
82.4300
81.7500
82.1400
81.5200
82.1000
80.1900
81.0600
82.5300
82.6300
82.6900
81.8300
81.5000
81.6900
82.2900
82.0400
82.7400
82.3500
81.2800
79.3700
80.2400
82.1100
82.0800
81.5500
82.2000
81.2700
80.9700
82.5100
81.3300
80.6900
81.3600
81.4400
82.4500
79.6600
80.9100
80.2700
81.2300
80.9200
82.2000
79.5400
82.3100
82.8900
81.3600
81.1100
81.4000
80.1900
76.7900
