90.63
90.88
90.81
90.19
90.78
90.28
90.64
89.79
90.55
90.53
90.49
90.28
91.42
90.47
90.64
90.89
90.89
91.06
90.38
90.43
90.93
90.66
90.19
90.88
90.34
89.66
90.70
90.56
91.05
90.98
91.05
91.10
90.44
89.78
90.33
91.09
90.72
90.97
90.30
89.92
90.86
90.44
90.89
90.37
91.22
89.90
91.06
90.56
90.95
90.24
90.10
91.17
91.33
89.54
90.33
90.33
89.26
91.34
90.02
91.00
90.22
91.06
90.49
90.32
90.98
90.22
89.64
90.51
90.58
90.01
90.06
89.98
89.35
89.60
90.25
91.48
90.62
90.67
90.49
91.13
89.37
91.14
90.88
91.29
89.71
90.82
90.63
90.86
91.40
91.07
90.83
91.11
91.27
90.90
90.88
90.67
90.59
91.41
90.76
90.66
90.61
90.70
90.71
90.29
90.34
90.12
90.90
90.90
90.97
90.39
89.35
87.51
91.26
90.84
90.31
91.30
90.17
89.97
90.18
90.96
90.23
90.37
91.00
91.07
89.76
90.13
90.43
89.60
90.58
90.18
90.14
90.75
91.06
90.63
90.50
90.02
90.91
90.85
90.06
91.17
90.66
91.37
89.62
90.47
90.97
90.67
90.72
91.30
90.35
90.09
91.09
90.73
90.94
90.50
90.32
91.04
89.40
90.51
90.62
90.45
90.68
90.77
90.48
91.28
89.24
90.72
90.54
90.14
89.95
90.63
88.91
91.38
89.52
91.28
90.66
91.01
91.12
90.50
89.40
90.51
89.91
90.67
89.04
90.78
90.90
90.98
91.22
91.30
91.30
89.77
90.77
90.70
90.00
90.44
90.87
90.78
90.10
90.56
89.92
90.48
90.84
90.68
90.27
91.59
90.23
90.66
90.89
91.05
89.71
90.50
90.70
90.46
90.71
90.09
90.20
91.81
91.12
89.70
91.23
90.58
90.94
90.72
91.06
90.70
90.06
91.14
90.62
90.89
90.18
90.80
91.04
90.34
90.70
90.66
90.69
91.31
90.18
90.16
91.15
90.06
90.93
91.40
90.71
90.21
90.43
90.19
90.95
89.54
90.13
90.86
90.72
91.30
89.94
89.84
91.02
90.56
90.66
90.35
91.23
91.31
90.71
90.04
90.79
90.42
90.39
90.85
90.09
90.35
89.53
90.26
89.79
90.80
90.43
90.75
90.49
89.84
90.34
90.97
90.62
91.09
91.24
91.07
91.36
91.32
90.97
91.09
91.04
90.44
90.56
89.78
90.36
90.49
90.55
90.66
90.43
90.39
90.27
90.80
90.79
90.17
90.46
90.30
90.99
91.10
90.97
90.99
89.76
91.17
89.95
90.50
90.32
90.84
91.01
90.96
90.54
91.04
90.21
90.31
90.56
90.76
91.15
91.30
90.15
91.09
91.36
89.95
90.45
90.70
91.02
90.51
89.80
91.05
90.75
91.05
90.38
89.90
90.63
90.49
89.67
90.09
90.25
90.92
90.99
89.62
90.48
91.35
90.74
91.07
90.34
91.01
90.87
91.00
90.91
90.72
91.55
91.00
91.27
91.30
91.36
89.74
90.21
89.70
89.26
90.63
91.06
89.94
89.22
90.93
90.68
90.30
90.85
89.52
90.41
90.66
90.51
90.18
91.00
91.00
91.19
91.02
90.21
90.99
90.99
90.72
90.71
90.46
90.58
90.78
89.87
90.97
89.96
90.94
91.53
90.42
89.80
90.10
90.34
90.75
90.14
90.61
91.31
91.11
90.70
91.54
90.01
90.52
90.38
90.76
88.91
91.02
90.97
90.83
91.08
90.98
90.86
90.92
90.62
89.28
90.99
89.75
90.26
90.82
90.38
91.07
90.48
90.65
90.56
90.60
91.15
90.09
90.28
91.23
89.53
90.44
90.08
90.50
89.96
90.36
90.93
91.23
91.23
90.93
88.11
91.22
90.24
90.83
91.31
90.19
90.39
90.11
90.44
90.63
90.74
90.54
90.67
89.63
90.17
90.53
90.73
90.95
90.35
90.21
90.74
90.56
90.32
90.40
89.57
91.15
90.52
90.36
91.05
91.40
90.60
91.04
89.48
89.53
90.93
90.31
90.77
90.49
90.52
91.09
90.81
90.18
88.55
90.29
90.85
89.83
90.68
89.89
90.93
89.96
90.70
91.19
91.36
90.98
90.79
91.09
90.95
90.90
90.43
90.37
90.84
91.45
90.60
91.21
91.00
90.35
90.01
90.84
90.40
89.42
89.56
90.96
91.01
90.78
89.78
90.19
90.93
89.51
90.67
91.05
90.10
89.56
90.75
91.13
90.56
91.17
90.90
90.69
90.36
90.60
90.88
91.27
90.88
91.02
90.46
90.91
90.39
90.44
90.06
90.45
88.90
89.78
89.91
91.03
91.20
90.54
90.88
90.71
91.01
90.39
91.27
90.98
91.28
91.00
90.88
90.17
90.60
90.59
90.00
89.45
90.56
90.63
91.23
90.80
90.45
89.66
91.29
90.44
91.37
89.26
91.49
90.42
91.01
89.99
90.13
90.73
90.52
91.48
90.48
90.82
91.02
90.68
90.68
90.98
90.67
90.61
90.85
90.98
91.06
90.93
91.09
90.61
91.49
91.06
88.48
90.10
90.95
90.70
90.08
90.54
89.23
90.14
90.81
90.13
90.15
90.04
90.86
91.42
91.04
90.77
90.34
90.52
90.01
88.98
91.23
90.96
90.42
90.65
90.73
90.51
91.17
90.44
90.60
90.57
90.02
88.55
90.78
90.40
91.15
90.18
91.06
90.97
90.17
89.92
89.29
90.77
90.63
90.28
91.11
90.70
90.33
91.09
89.82
90.51
90.83
91.44
90.26
90.57
91.19
90.14
91.55
90.17
90.20
91.14
90.46
90.66
91.14
90.14
89.38
90.77
90.90
90.74
90.27
90.61
90.71
90.79
90.68
90.36
90.00
89.24
90.71
90.05
90.38
91.29
90.44
90.48
90.62
90.11
89.94
90.51
89.63
90.45
89.85
90.85
90.78
89.76
91.40
91.26
91.41
91.14
90.71
91.35
91.10
90.97
90.18
90.95
90.74
90.40
91.18
90.54
91.03
90.64
91.22
91.08
87.93
90.89
88.60
91.02
91.41
91.15
89.93
90.82
90.19
90.79
90.38
90.57
90.46
90.77
90.89
89.59
90.23
90.90
91.06
90.47
90.59
90.65
90.41
89.83
90.26
91.15
90.94
91.28
90.43
90.71
90.67
90.52
90.31
91.15
91.01
90.68
90.67
90.41
89.87
90.55
89.91
90.95
90.79
90.96
90.52
90.55
90.85
90.10
90.60
89.87
91.23
90.08
89.53
90.69
90.29
90.81
90.66
89.78
90.14
90.66
90.68
90.40
90.76
90.63
90.16
90.95
90.43
91.17
90.31
90.75
90.65
90.57
91.31
90.56
90.81
90.52
90.02
89.91
91.30
91.43
88.90
90.75
91.16
91.02
90.77
91.24
89.72
90.96
91.08
89.22
91.40
89.18
90.61
90.60
90.36
90.87
90.25
90.20
91.08
91.03
90.13
89.12
91.06
90.71
90.96
90.26
91.14
90.05
90.11
89.74
91.06
90.64
91.21
90.48
90.08
91.03
90.78
90.82
90.52
91.08
90.30
89.61
90.84
88.96
90.22
90.56
90.72
91.10
90.91
90.82
90.65
90.88
89.84
91.22
90.71
91.39
91.28
90.62
90.48
91.07
90.08
89.61
91.21
91.19
91.29
90.47
91.12
90.98
89.50
90.84
91.48
89.85
91.14
90.93
90.63
89.97
89.69
90.56
90.85
89.97
90.84
90.87
90.32
90.07
89.10
89.98
89.98
90.36
90.42
90.35
90.29
91.97
91.09
89.20
89.14
89.56
90.06
90.71
91.09
91.24
90.55
91.02
91.08
90.91
91.24
90.23
91.11
90.23
90.09
89.92
90.28
91.12
90.70
90.38
90.23
90.85
90.29
90.32
90.71
90.59
90.46
91.08
91.19
90.63
90.04
90.55
90.76
90.94
90.86
90.89
90.90
90.96
89.67
90.86
91.05
91.26
89.57
90.71
91.09
90.14
90.00
89.69
89.77
90.53
90.67
91.39
90.92
90.64
91.49
91.03
90.31
89.29
90.15
89.66
90.75
90.67
90.11
91.17
90.35
89.91
91.14
91.04
90.15
91.48
90.11
89.30
88.98
90.36
89.79
89.00
90.27
91.23
90.52
90.89
90.99
91.21
91.17
91.10
91.31
90.62
91.16
90.67
90.76
89.89
90.33
90.69
90.33
91.03
90.38
90.72
90.05
90.52
91.00
90.16
90.19
89.82
90.78
90.18
90.16
90.05
91.08
90.44
89.95
90.29
90.35
90.50
90.63
91.30
90.71
90.09
90.30
90.55
90.93
90.22
