90.62
89.80
90.76
89.91
89.88
91.44
90.97
91.49
91.12
91.19
91.42
90.52
90.80
91.69
89.81
91.20
90.79
91.45
91.08
90.37
90.50
91.35
90.72
90.58
90.31
89.54
90.76
90.81
90.75
91.07
91.87
89.80
90.31
90.87
90.79
90.87
91.37
88.79
90.79
91.45
90.97
91.62
90.75
91.18
90.98
89.98
90.90
90.88
90.08
90.44
90.55
90.36
91.26
88.26
90.50
91.05
90.01
90.11
89.29
88.59
90.38
89.46
91.36
89.86
91.28
90.00
91.31
89.98
90.85
90.87
91.21
91.21
89.58
90.88
90.75
90.96
90.88
90.45
90.73
89.86
90.11
90.72
90.51
91.02
91.00
91.23
91.13
89.94
90.22
89.55
90.43
90.18
90.10
88.81
91.60
89.47
90.95
89.65
90.54
89.97
90.58
90.44
89.34
90.72
91.10
90.52
91.44
91.25
90.49
90.41
89.05
91.04
90.74
90.18
90.64
90.72
90.90
91.78
91.02
90.69
90.56
89.69
89.97
90.88
90.61
89.84
90.85
90.96
90.92
90.35
90.93
90.58
90.85
90.67
88.80
91.48
91.42
90.82
90.57
90.89
91.39
90.26
90.26
90.18
91.67
91.18
89.86
91.05
90.62
90.21
90.13
91.81
90.87
90.00
91.12
91.58
91.18
91.12
90.81
90.64
91.33
89.09
91.13
90.95
91.33
91.48
90.68
90.62
90.57
89.63
91.43
89.89
91.04
91.47
90.43
90.75
90.70
90.30
90.63
90.98
88.89
90.86
90.98
90.96
91.06
90.81
90.00
89.35
90.30
90.31
91.23
92.04
90.09
90.56
90.90
90.34
90.14
90.66
90.25
89.34
90.19
91.20
91.00
90.87
89.53
89.89
90.88
90.40
90.73
91.17
91.16
91.43
91.06
90.59
90.24
90.68
91.33
90.96
90.68
90.68
90.85
89.88
91.13
90.12
88.91
91.04
89.27
91.17
91.29
89.84
90.98
90.64
91.25
91.51
91.08
90.23
91.22
90.69
90.23
90.48
91.15
91.36
90.67
89.71
90.39
90.16
89.93
91.34
90.81
90.27
90.91
90.97
89.72
90.43
90.47
90.94
90.60
90.77
90.04
91.40
90.99
91.05
91.08
90.42
91.23
90.39
91.05
91.07
89.36
89.22
89.93
91.08
89.73
91.55
91.01
91.03
89.69
90.65
90.37
88.93
90.10
91.70
91.25
90.50
91.08
90.70
90.94
91.08
90.55
91.56
89.54
90.91
90.28
90.90
90.17
90.64
90.81
90.15
90.57
91.18
89.93
90.44
90.54
90.38
89.90
89.19
90.93
90.94
91.11
91.11
90.35
91.58
90.35
90.23
91.17
90.55
89.86
90.37
90.47
90.19
90.62
90.26
89.86
91.04
90.86
89.54
88.77
91.11
90.91
91.46
91.34
90.80
91.17
91.46
90.36
90.55
91.15
89.50
91.16
91.01
89.68
89.92
91.52
89.66
91.28
90.51
90.43
90.90
90.27
90.27
91.07
91.15
91.01
90.34
90.89
90.95
90.86
90.10
90.85
91.24
91.28
90.90
90.19
90.09
90.62
89.71
89.99
89.69
90.16
90.81
90.38
91.52
89.89
91.94
90.87
90.60
90.88
91.13
90.45
90.86
89.58
89.74
91.04
91.12
91.04
90.80
90.77
91.01
90.34
90.61
90.30
90.35
90.39
91.13
90.00
90.48
90.05
90.62
90.30
90.08
90.33
90.55
91.10
90.69
90.27
90.66
90.56
89.82
90.25
90.65
91.08
90.43
90.78
89.26
90.61
90.14
91.06
90.82
89.69
89.90
90.62
91.07
91.37
90.64
90.86
89.96
90.74
89.25
89.39
90.92
90.60
91.28
91.01
90.74
90.98
89.98
91.51
90.85
91.64
91.09
90.46
90.77
91.21
90.04
91.01
89.97
90.76
90.90
91.00
90.13
90.59
89.68
90.60
90.04
90.83
90.20
90.31
89.16
90.04
90.83
90.44
89.11
90.57
90.53
90.65
90.12
90.80
89.70
91.20
90.08
89.71
90.90
91.19
90.96
90.56
90.45
91.14
91.08
91.01
89.79
91.19
90.22
90.79
91.36
89.97
89.08
90.86
90.01
90.92
90.87
89.53
88.78
89.60
90.39
90.22
90.79
88.81
91.28
91.40
90.54
90.88
89.45
91.19
89.50
90.71
91.13
91.49
90.45
89.65
89.99
90.26
90.92
89.79
90.66
89.31
90.59
91.26
91.08
90.18
89.62
90.64
91.00
90.11
90.90
91.58
90.38
89.15
91.18
90.90
90.68
89.96
90.73
90.08
90.46
90.55
89.31
91.08
90.78
91.57
90.23
90.20
90.51
90.96
90.84
90.55
89.98
90.15
91.11
90.80
91.42
91.68
91.92
89.89
91.54
90.31
90.96
91.09
91.47
91.18
91.27
90.58
90.39
90.13
90.25
90.93
90.12
90.91
90.44
90.57
90.02
90.29
90.86
90.85
89.99
91.24
90.83
90.96
90.94
89.78
90.53
91.23
90.10
90.49
90.13
89.65
89.16
90.63
90.56
90.22
91.09
90.12
91.00
90.98
90.60
91.49
90.30
90.57
90.53
90.75
90.72
90.53
89.94
91.03
91.14
90.35
92.08
90.17
90.53
90.63
90.86
90.58
90.62
91.18
90.78
91.60
89.84
90.13
91.35
91.79
90.40
90.26
91.04
88.86
90.34
90.92
90.66
90.49
90.45
89.92
90.50
90.72
90.35
89.77
89.99
90.34
91.31
90.46
91.30
89.86
90.07
91.31
90.81
91.19
90.62
90.26
91.37
90.22
89.71
90.91
90.25
90.96
89.72
90.18
89.92
90.81
90.70
89.80
91.80
91.51
90.50
90.23
90.47
91.30
91.58
89.97
90.58
90.18
91.07
91.56
90.34
91.65
90.57
91.76
90.49
90.94
91.05
90.35
91.13
90.37
90.63
89.45
91.36
90.79
90.12
91.06
90.93
90.80
90.24
90.01
90.94
90.87
90.13
91.42
91.64
90.97
89.93
90.53
90.14
90.04
90.54
91.61
90.93
90.83
91.12
89.35
90.48
91.10
91.00
90.80
89.41
90.57
90.42
90.98
89.90
91.12
90.50
91.53
91.03
91.10
90.93
91.00
91.28
89.95
90.55
90.42
90.73
91.36
91.07
90.56
91.43
90.10
90.95
89.21
90.60
89.96
90.54
89.14
91.48
90.49
90.23
90.28
90.48
91.22
90.53
91.36
90.01
90.45
91.16
91.21
90.84
90.91
91.78
90.29
89.50
90.27
90.08
91.48
90.52
91.10
91.12
91.14
90.30
90.84
91.27
89.80
90.33
91.66
90.48
88.95
90.48
91.15
91.14
90.45
91.24
90.46
90.63
89.12
90.87
90.72
90.56
91.11
91.20
91.60
91.15
91.31
90.51
91.67
90.86
91.82
89.72
90.98
90.90
90.26
91.49
89.48
91.62
89.97
90.94
90.56
90.99
90.49
90.57
91.47
90.65
91.26
90.93
90.32
90.06
89.30
91.00
90.02
90.60
90.94
91.02
91.12
90.62
90.86
90.89
90.80
90.92
90.84
91.00
90.53
91.52
90.94
90.53
88.70
90.30
91.17
90.65
90.52
90.06
90.78
90.43
90.68
91.32
89.57
90.78
91.26
90.45
90.46
90.23
90.57
90.88
91.09
90.62
90.62
90.79
90.89
90.61
90.93
90.86
91.15
91.28
90.04
90.72
90.54
90.11
90.05
90.84
89.90
89.85
90.42
89.43
90.97
90.71
90.19
90.60
89.97
90.93
90.41
91.23
91.39
91.42
90.47
90.96
90.23
90.17
90.76
90.39
91.09
90.70
91.34
90.35
91.68
90.53
90.92
90.14
91.25
91.27
90.90
91.16
90.50
89.66
90.78
90.60
89.32
90.33
91.58
91.50
91.10
90.75
89.67
91.22
91.19
91.04
90.48
90.16
90.43
90.86
90.43
91.05
91.21
90.36
90.32
90.24
89.80
90.69
90.30
90.95
91.00
90.43
90.83
91.35
90.78
91.42
91.46
90.48
90.46
90.71
90.54
90.32
90.45
90.73
90.36
90.22
90.67
91.02
91.00
90.86
90.13
90.37
90.21
91.39
91.34
91.85
89.94
90.79
91.22
90.82
89.52
90.30
89.95
90.77
90.64
90.31
91.31
91.18
91.26
91.14
90.96
90.65
90.12
90.78
90.47
90.79
90.84
90.67
90.42
90.53
89.78
90.71
89.79
89.33
90.44
91.35
91.13
91.26
90.99
91.14
90.36
90.16
91.43
91.35
91.39
90.27
91.29
90.60
90.88
89.22
91.62
90.75
90.44
90.53
90.60
90.32
90.89
89.13
89.08
91.46
