95.47
95.51
95.35
95.54
95.27
94.98
95.55
95.21
95.32
95.52
95.49
95.12
95.53
95.27
95.39
95.31
95.46
95.82
95.38
95.70
95.63
95.46
95.69
95.60
95.19
95.31
95.58
95.36
95.64
95.24
95.40
95.66
94.85
95.08
95.60
95.19
95.43
95.45
95.63
95.43
95.20
95.55
95.51
95.60
95.11
95.05
95.68
95.48
95.25
95.11
95.33
95.62
94.92
95.36
95.52
95.43
95.34
95.63
95.37
95.26
95.39
95.47
95.01
95.42
95.53
95.45
95.59
95.64
95.48
95.64
95.71
95.66
95.43
95.38
95.41
95.44
95.54
95.36
95.03
95.12
95.37
95.65
95.54
95.40
95.46
95.36
95.53
95.21
95.35
95.56
95.49
95.52
95.13
95.66
95.44
95.30
95.68
94.52
95.25
95.45
95.52
95.60
95.22
95.13
95.20
95.40
95.34
95.59
95.18
95.54
95.43
94.91
95.64
95.05
95.76
95.07
95.13
95.03
95.28
95.59
95.36
95.05
95.77
95.54
95.17
95.13
95.54
95.34
95.41
95.39
95.70
95.71
95.15
95.53
95.00
95.51
95.34
95.23
95.29
95.63
95.59
95.30
95.58
95.50
95.34
95.24
95.57
95.60
95.25
95.80
95.51
95.15
95.44
95.22
95.37
95.55
95.50
95.44
95.14
95.39
95.73
95.40
95.36
95.05
95.51
95.00
95.24
95.26
95.33
95.63
95.56
95.27
95.26
95.51
95.52
95.39
95.32
95.35
95.65
95.02
95.00
95.35
95.31
95.43
95.51
95.67
95.55
95.01
95.53
95.49
95.61
95.63
95.73
95.31
95.44
95.11
94.51
95.44
94.54
95.50
95.59
95.49
95.54
95.30
95.67
95.55
95.29
95.05
95.40
95.48
95.52
94.90
95.40
95.46
95.36
95.58
95.58
95.20
95.07
95.04
95.60
95.56
95.52
95.71
95.43
95.20
95.47
95.38
95.69
95.35
95.52
95.02
95.63
95.65
95.24
95.35
95.50
95.23
95.21
95.47
95.62
95.68
95.47
95.24
95.53
95.55
95.68
95.34
95.75
95.41
95.62
95.36
95.24
95.55
95.20
95.57
95.36
95.47
95.62
95.41
95.27
95.64
95.66
95.46
95.37
95.42
95.56
95.18
95.57
95.64
95.66
95.48
95.35
95.65
95.55
95.44
94.91
95.21
95.54
95.64
95.30
95.68
95.36
95.10
95.37
95.40
95.51
95.41
95.50
94.96
95.14
95.28
95.40
95.54
95.31
94.97
95.25
95.13
95.54
95.57
95.75
95.56
95.77
95.47
95.60
95.24
95.43
95.42
95.68
95.39
95.05
95.57
95.43
95.17
95.55
95.39
95.39
95.33
95.97
94.80
95.09
95.28
95.41
95.31
95.72
95.39
95.19
95.38
95.39
95.25
95.44
94.84
95.34
95.41
95.50
95.25
95.72
95.52
95.15
95.46
95.47
95.29
95.38
95.61
95.58
95.09
95.69
95.29
95.05
94.89
95.34
95.55
95.32
95.55
95.74
95.43
95.73
95.10
95.44
95.52
95.07
95.29
95.55
95.07
94.97
95.42
95.31
95.51
95.16
95.32
95.52
95.82
95.28
95.28
95.29
95.65
95.59
95.23
94.97
95.54
95.03
95.30
95.50
95.84
95.56
95.27
95.61
95.33
95.38
95.38
95.56
95.20
95.54
95.40
95.43
95.63
95.13
95.57
95.42
95.57
95.58
95.43
95.34
95.48
95.58
95.43
95.36
95.81
95.53
95.10
95.26
95.74
95.36
95.48
95.10
95.64
95.24
95.60
95.40
95.21
94.90
95.51
95.47
95.40
95.33
94.98
95.15
94.74
94.82
95.42
95.46
95.47
95.39
95.08
95.42
95.30
95.15
95.34
94.62
95.67
95.70
95.62
95.19
95.44
95.61
95.51
95.15
95.71
95.48
95.18
95.49
95.48
95.15
95.35
94.99
95.63
95.45
95.89
95.39
95.76
95.52
95.44
95.37
95.33
95.20
95.63
95.37
95.51
95.51
94.85
95.68
95.64
95.50
95.62
95.59
95.78
95.51
95.44
95.12
95.46
95.46
95.25
95.47
95.61
95.65
95.30
95.26
95.32
95.44
95.66
95.08
94.91
95.11
95.30
94.87
95.63
95.43
95.34
95.14
95.70
95.53
95.17
95.34
95.63
95.19
95.42
95.48
95.63
95.61
95.76
95.33
95.68
95.26
95.32
95.50
95.56
95.13
95.57
95.44
95.68
95.41
95.25
95.33
95.38
95.33
95.43
95.07
95.18
94.92
95.74
95.31
94.94
95.02
95.04
95.26
95.36
95.51
94.99
95.39
95.15
95.42
95.28
95.58
94.92
95.50
95.33
95.49
95.35
95.77
95.16
95.26
95.48
95.24
95.19
95.17
95.42
95.61
95.17
95.06
95.36
95.71
95.27
95.25
95.17
95.68
95.35
95.27
95.34
95.57
95.35
95.33
95.36
95.47
95.50
95.50
95.48
95.63
95.47
95.08
95.53
95.35
95.50
95.36
95.03
95.35
95.26
95.36
95.45
95.39
95.10
95.18
95.35
95.34
95.66
95.53
95.46
95.56
95.16
95.52
95.42
95.57
95.24
95.46
95.57
95.25
95.73
95.58
95.47
95.44
95.57
95.47
95.50
95.33
95.70
95.02
95.00
95.62
95.38
95.49
95.02
95.35
95.26
95.70
95.37
95.17
95.43
95.15
95.24
94.93
95.31
95.49
95.49
93.71
95.36
95.51
95.49
95.44
95.47
95.65
95.54
95.55
95.10
95.15
95.16
95.35
95.74
95.53
94.89
95.48
95.37
95.10
95.24
95.78
95.41
95.62
95.82
95.62
95.39
95.03
95.47
95.23
95.65
95.56
95.47
95.14
95.55
95.29
95.66
95.40
95.22
95.59
95.62
94.83
95.56
95.36
95.41
95.58
95.33
95.41
95.59
95.28
95.18
95.96
95.54
95.58
95.45
95.43
95.46
95.62
95.58
95.24
95.56
95.58
95.46
95.50
95.53
95.31
95.10
95.39
95.20
95.32
95.49
95.65
95.71
95.18
95.62
94.97
95.35
95.12
95.24
95.18
95.71
95.26
95.87
95.37
95.43
95.62
95.52
95.57
95.46
95.33
95.30
95.63
95.35
94.68
95.54
95.19
95.59
95.45
95.49
95.40
95.49
95.35
95.00
95.51
95.45
95.48
95.44
95.63
95.49
95.69
95.37
95.59
95.67
95.43
95.38
95.34
95.58
95.48
95.31
95.31
95.49
95.04
95.06
95.38
95.51
95.24
95.30
95.49
95.77
95.33
95.35
95.58
95.30
95.33
95.25
95.71
95.48
95.49
95.68
95.48
95.56
95.38
95.27
95.40
95.57
95.36
95.26
95.38
95.50
95.19
95.46
95.29
95.61
95.59
95.41
95.62
95.37
95.23
95.38
95.42
94.76
95.43
95.32
95.64
95.42
95.39
95.32
95.07
95.15
95.26
95.50
95.34
95.34
95.69
95.39
95.30
95.26
95.58
95.36
95.44
95.38
95.74
94.90
95.09
95.56
95.61
95.44
95.54
94.97
95.19
95.61
95.30
95.75
95.24
95.03
95.30
95.69
95.67
95.26
95.45
95.33
95.19
95.31
95.35
95.19
95.61
95.37
95.05
95.73
95.62
95.45
95.49
95.56
95.71
94.95
95.39
95.42
95.43
95.51
95.47
95.83
95.45
95.43
95.33
95.40
95.33
95.45
95.20
95.22
95.23
95.41
95.35
95.39
95.77
95.35
95.63
95.58
95.59
95.60
95.11
95.47
95.62
95.47
95.63
95.21
95.53
95.82
95.31
95.27
95.23
95.42
95.40
95.45
95.16
94.89
95.27
95.41
95.34
94.97
95.44
94.98
95.38
95.10
95.65
95.43
95.61
95.52
95.43
95.44
95.50
95.62
95.58
95.23
95.63
95.64
95.37
95.41
95.31
95.19
95.36
95.17
95.28
95.59
95.52
95.18
95.48
95.43
95.71
95.54
95.67
95.50
95.84
95.19
94.89
95.40
95.07
95.33
95.14
95.48
95.33
95.45
94.76
95.50
95.18
95.52
95.32
95.47
95.46
95.69
95.42
95.16
95.62
95.16
95.51
95.50
95.41
95.44
94.94
95.17
95.63
95.30
95.45
95.36
95.68
95.31
95.55
95.65
94.92
95.29
95.24
95.16
95.33
95.38
95.45
94.88
95.27
95.31
95.39
95.14
95.77
95.69
95.55
94.95
95.28
95.13
95.30
95.55
95.43
95.74
95.33
95.23
95.63
95.71
95.27
94.38
95.64
95.65
95.53
95.39
95.45
95.40
95.44
95.37
95.24
95.27
95.53
95.31
95.43
95.17
