96.42
96.91
96.68
97.22
96.83
97.09
97.14
96.94
96.02
97.23
96.87
96.88
96.70
95.93
96.49
96.87
96.40
97.01
97.22
97.41
94.85
96.87
96.27
97.05
96.57
96.64
96.71
97.23
96.87
96.85
96.49
97.41
96.52
97.21
97.07
97.09
97.18
96.70
97.10
96.86
97.09
97.02
96.72
97.16
96.79
97.09
95.87
96.88
96.74
96.65
96.41
96.61
96.67
96.64
97.05
97.09
96.32
97.23
96.92
97.03
95.67
96.64
97.26
97.12
96.97
96.23
97.23
97.12
96.79
96.75
97.06
96.81
96.71
96.87
97.07
96.68
96.44
96.75
96.56
96.01
96.95
97.27
97.11
96.81
96.26
96.78
96.92
96.45
97.15
96.80
96.90
97.12
97.18
96.65
96.99
96.74
96.36
97.15
97.07
97.04
96.41
96.67
96.97
97.24
97.21
96.54
96.98
96.53
97.04
97.00
97.16
97.04
97.08
96.70
96.67
96.64
96.82
97.17
97.00
96.49
96.44
97.12
97.19
97.04
96.94
96.78
96.30
96.55
96.58
96.33
97.00
96.70
97.19
96.86
97.18
97.25
96.61
96.38
97.09
96.62
96.67
96.68
96.69
96.84
96.80
97.06
96.53
96.45
96.51
96.67
97.05
96.33
95.51
97.25
96.96
97.33
96.27
96.79
96.69
97.22
96.86
97.22
96.54
97.16
97.21
96.81
96.45
96.83
96.92
96.64
96.82
96.78
96.74
96.87
96.73
96.84
97.18
97.21
97.23
97.16
96.85
97.31
96.75
97.11
96.84
96.53
96.49
97.05
96.86
96.70
97.10
96.56
96.42
96.54
96.89
97.06
96.66
97.21
96.67
96.80
96.98
96.87
96.95
96.95
96.68
96.61
96.81
96.92
96.55
96.52
96.98
96.61
96.99
96.83
96.93
97.07
96.48
96.46
96.41
96.50
97.35
96.33
96.63
96.53
96.37
97.22
97.35
97.01
97.06
97.16
96.93
97.15
96.34
95.64
96.68
96.84
96.50
96.99
96.58
96.80
97.12
96.78
96.57
96.22
97.13
96.96
97.27
96.39
97.04
96.73
96.72
97.06
96.69
96.81
96.68
97.23
96.82
96.62
96.49
97.03
97.39
96.21
96.87
96.82
96.54
96.52
97.06
96.92
97.03
96.27
97.02
96.82
96.83
96.91
96.29
96.45
97.04
96.82
97.34
97.07
96.97
96.71
97.03
96.96
96.98
96.74
96.82
97.16
96.56
96.89
96.91
96.98
96.69
96.65
96.89
96.92
96.98
97.02
96.95
96.97
96.93
96.82
96.67
97.08
97.09
96.39
96.84
96.81
96.86
96.32
96.88
96.99
97.16
97.04
97.09
96.53
97.02
96.91
97.02
97.09
96.61
97.43
97.10
97.08
97.00
97.09
96.86
97.11
96.93
97.12
97.25
97.20
97.10
96.93
97.11
96.87
96.70
96.79
97.01
97.22
97.22
97.31
96.57
96.94
96.53
97.05
96.56
96.90
96.25
96.69
96.97
96.63
96.73
97.17
96.87
96.58
96.64
96.17
96.73
96.77
96.60
97.00
96.28
96.71
94.84
96.08
96.79
96.41
97.11
96.35
96.78
96.98
97.00
96.82
96.54
96.90
96.79
96.80
97.01
97.06
97.01
97.02
96.74
97.11
96.97
96.67
97.27
96.73
96.40
97.14
96.81
97.05
96.83
96.59
96.66
96.75
96.59
96.94
97.29
96.32
96.90
97.06
97.06
96.93
96.91
96.98
96.85
97.02
96.95
97.10
96.61
96.60
96.69
95.90
97.27
96.45
96.86
96.87
96.65
96.87
97.27
97.22
96.92
96.71
96.71
97.12
96.43
96.83
96.63
97.13
96.56
96.61
96.90
97.07
96.66
97.24
96.33
96.96
97.05
96.86
96.78
96.61
96.49
96.70
96.77
97.12
96.74
97.16
97.07
97.05
97.12
96.36
96.77
96.72
97.15
96.94
97.23
96.80
96.84
96.45
97.10
96.49
96.63
97.12
96.48
97.10
96.20
96.52
97.24
97.11
96.24
96.81
96.94
96.86
96.57
96.69
96.95
96.59
96.93
96.83
97.14
97.06
96.19
96.55
96.89
97.06
96.62
96.88
96.63
96.65
96.95
96.32
96.94
97.05
96.11
96.85
96.94
97.05
96.80
97.18
96.59
96.49
96.84
96.97
96.95
96.98
97.21
97.16
96.71
95.76
97.14
96.93
96.72
97.27
97.06
97.18
96.17
96.87
96.95
97.22
96.71
97.06
97.04
96.93
96.73
97.06
97.20
96.95
96.64
97.10
96.98
96.89
97.11
96.98
96.21
97.09
97.12
97.17
96.96
96.16
96.98
96.22
96.35
97.00
96.97
97.19
97.44
97.04
96.96
96.91
96.84
96.39
97.21
96.56
96.81
96.51
96.11
97.21
96.85
97.25
96.97
96.58
96.67
96.98
96.76
97.06
97.22
96.96
96.68
96.92
97.06
97.22
96.71
96.39
96.97
96.96
96.68
97.32
97.05
96.86
96.49
97.10
96.74
96.89
97.02
97.02
96.43
97.11
96.91
96.61
96.72
97.10
97.28
97.19
96.78
96.32
96.74
96.62
96.64
96.61
96.54
96.35
96.92
96.78
96.59
96.66
97.10
96.60
96.63
97.09
96.41
96.94
97.04
96.91
96.77
96.96
97.14
97.19
97.16
96.75
96.43
97.20
96.26
96.71
97.00
97.20
96.84
96.69
97.01
96.76
97.15
96.84
96.51
96.99
96.53
96.98
97.17
96.72
97.21
96.93
97.16
96.60
96.71
96.65
95.82
96.97
96.86
97.04
97.10
97.04
96.87
96.69
96.35
97.06
96.54
96.55
96.71
97.05
96.92
96.34
96.33
97.28
96.58
96.70
96.51
96.27
97.19
96.89
97.24
96.68
97.10
96.60
97.20
97.11
96.57
96.84
96.72
96.82
96.64
96.97
96.31
97.10
97.10
96.87
96.87
97.01
96.50
96.95
96.59
97.09
96.61
97.15
96.60
96.64
96.60
96.79
97.08
96.55
97.05
97.17
97.33
96.79
96.64
97.28
97.14
96.49
96.83
97.12
97.14
97.22
96.78
97.06
96.92
97.09
96.79
97.29
96.98
96.11
96.71
97.30
96.73
96.77
97.21
96.78
97.22
97.06
97.06
97.08
96.49
96.83
96.73
96.81
97.01
96.69
97.21
96.94
96.68
96.72
97.30
97.04
96.91
97.21
96.28
96.98
96.92
96.93
96.68
96.78
96.27
96.60
96.44
96.82
96.64
97.18
97.13
97.17
96.20
97.13
96.39
96.86
96.63
96.90
96.71
97.03
97.00
96.85
96.74
96.24
96.73
96.94
97.11
96.20
96.30
97.24
97.04
97.08
96.73
96.81
96.34
97.18
97.34
96.71
96.68
96.69
97.08
96.79
97.04
96.65
96.94
96.92
97.23
97.12
96.55
96.81
96.28
96.94
96.81
97.22
96.97
96.55
96.70
96.17
97.10
96.82
96.47
96.59
96.84
96.83
96.95
96.64
97.15
97.08
96.01
97.16
96.98
96.83
96.74
96.80
96.69
97.01
96.65
96.33
97.12
96.64
96.79
95.35
96.89
96.80
97.07
96.49
96.82
96.98
96.50
96.59
97.33
96.83
96.69
97.03
96.42
97.07
96.52
97.25
96.95
96.54
96.43
96.89
97.49
97.00
97.02
96.63
96.78
96.47
95.89
96.01
96.89
96.78
97.27
96.60
96.59
96.65
96.52
95.94
97.23
96.96
96.79
96.56
97.30
96.81
96.82
97.30
96.86
96.65
96.24
96.49
96.85
97.17
97.33
96.46
97.33
97.04
97.22
97.10
96.87
96.56
97.02
96.65
97.05
96.67
96.68
96.37
96.84
97.04
96.78
97.18
96.78
96.84
96.61
97.01
97.15
96.79
97.13
97.09
96.56
96.92
96.32
97.19
97.26
96.98
97.20
97.28
97.05
96.69
96.68
96.15
96.78
96.89
96.63
96.90
97.11
96.41
96.37
97.22
96.75
96.67
96.72
96.46
97.01
96.56
96.65
97.12
96.61
96.41
96.97
96.70
97.03
97.07
96.58
96.55
96.23
95.80
96.53
96.13
96.94
96.92
95.91
97.18
96.74
96.74
96.56
97.08
96.35
96.82
96.82
97.16
97.05
96.41
96.80
97.03
96.98
97.15
97.09
96.94
95.66
96.85
96.47
96.78
97.05
96.85
96.99
96.82
96.51
97.15
96.61
97.17
96.96
96.79
97.21
97.02
97.07
96.39
96.72
96.20
96.74
96.86
97.00
97.42
97.11
96.80
96.84
97.03
96.50
97.20
96.87
96.90
96.60
96.56
96.72
97.08
96.76
96.80
