95.87
95.92
95.95
95.89
95.72
96.33
95.73
95.59
96.18
94.58
96.96
95.67
96.22
95.55
96.22
95.81
96.05
95.85
95.22
96.04
94.71
95.41
96.44
95.92
96.53
95.45
95.45
95.81
96.54
96.18
95.63
95.49
95.70
94.68
96.16
94.27
95.75
95.08
94.69
95.43
96.11
95.14
95.29
96.48
95.75
95.27
96.21
96.10
96.47
96.01
95.94
94.73
95.74
96.18
96.18
95.43
95.98
95.63
95.93
95.36
95.79
96.16
94.12
96.22
95.46
96.06
94.58
96.14
94.39
96.23
94.87
95.48
95.77
96.03
95.78
95.95
96.39
96.04
96.06
96.63
96.31
96.08
95.67
95.48
96.65
95.07
96.82
96.27
96.20
95.79
95.58
95.55
96.10
95.22
95.82
95.11
96.10
96.49
96.06
96.20
95.56
94.80
95.87
95.94
96.19
95.51
96.18
94.30
95.87
95.58
94.26
93.96
94.93
95.09
94.47
95.27
95.61
96.23
96.46
95.95
95.88
95.52
92.86
95.70
95.64
93.59
95.69
96.23
96.06
96.15
96.32
95.80
96.50
96.42
95.95
95.70
95.65
96.21
95.47
96.18
96.36
95.46
95.58
95.39
94.36
96.44
96.48
94.45
95.79
96.04
95.13
96.62
95.79
95.95
95.69
96.31
96.11
96.24
96.62
94.93
94.85
95.92
96.47
95.43
95.35
95.57
95.83
96.15
95.30
95.78
95.88
94.83
96.17
94.55
96.03
95.15
95.91
95.89
96.09
94.75
96.16
95.79
96.02
95.55
96.13
96.29
95.54
95.61
96.26
94.71
95.65
96.47
96.58
96.11
96.21
95.67
96.71
95.42
95.08
95.05
94.81
95.57
96.09
96.22
96.00
95.85
94.66
95.41
95.15
96.65
96.41
95.92
96.12
96.07
96.11
96.60
96.23
96.23
96.04
95.97
96.28
96.00
96.03
95.61
95.36
95.06
95.79
95.37
96.17
95.96
96.39
96.35
95.87
95.02
95.34
94.73
95.73
95.96
95.92
95.51
96.52
96.32
95.13
95.67
95.87
96.31
96.29
95.98
95.76
96.23
96.60
96.54
96.50
96.28
95.83
96.71
96.37
95.61
95.86
95.36
94.38
94.05
95.79
96.10
94.49
95.94
96.70
95.22
96.39
96.42
95.97
96.09
95.82
95.88
95.91
96.32
96.23
95.73
95.80
95.93
95.59
96.03
95.79
94.26
95.88
95.94
95.61
96.20
96.19
96.13
95.77
96.24
95.80
95.67
96.33
95.87
95.83
95.14
96.48
96.16
96.11
94.66
94.60
95.17
96.11
94.59
96.35
95.32
96.00
96.42
96.24
95.15
96.55
94.83
95.92
96.13
95.14
96.36
95.84
96.06
95.53
94.42
96.27
94.81
96.19
96.49
95.56
95.55
96.46
96.18
95.63
95.57
96.55
96.29
95.87
94.80
96.08
95.57
95.47
95.78
95.43
95.63
95.57
96.43
96.04
96.20
95.55
95.71
95.99
96.15
96.31
96.49
94.61
95.66
95.08
96.33
96.11
96.39
96.10
96.22
95.75
95.53
94.71
96.08
96.39
96.10
94.46
95.75
95.36
95.85
94.87
96.24
96.51
96.12
96.15
95.62
95.80
94.50
96.57
96.44
95.13
95.57
96.00
96.62
95.10
96.03
96.46
95.73
96.06
96.22
96.33
96.25
96.35
95.24
96.05
96.03
96.01
95.69
95.36
96.22
96.36
96.46
96.32
95.91
94.69
95.96
95.06
96.72
95.99
96.08
94.76
95.73
96.01
95.99
95.89
96.88
95.85
95.19
95.36
95.17
95.78
96.00
95.75
96.52
96.02
96.53
95.89
96.10
96.13
95.96
95.37
96.01
95.56
95.65
96.86
95.33
94.63
96.33
95.46
94.63
96.53
95.97
95.61
95.50
95.86
95.59
94.65
96.01
95.51
95.11
96.19
95.94
95.93
96.00
96.12
96.36
95.68
94.86
94.29
95.95
95.77
96.02
95.60
95.96
95.80
95.49
95.89
95.70
95.72
96.02
95.74
95.61
94.52
96.41
96.86
95.60
95.51
96.18
95.96
94.71
96.02
95.91
94.83
96.03
96.15
95.74
95.21
95.80
96.30
95.77
95.90
95.12
95.52
96.17
95.06
95.65
96.04
95.98
96.19
95.61
96.19
94.79
95.94
96.54
94.74
95.37
95.88
95.80
96.15
95.39
96.02
96.68
96.22
95.55
95.70
95.95
94.43
95.56
96.11
95.45
96.67
95.72
95.63
95.82
95.53
95.60
96.16
96.11
96.42
95.69
95.79
95.67
96.07
96.37
94.24
95.26
95.61
96.17
96.00
95.85
96.27
95.15
95.34
95.78
95.40
95.96
95.02
95.46
96.89
95.81
95.23
95.68
96.47
96.30
95.32
95.10
95.73
95.65
96.16
95.17
95.55
96.39
96.10
95.45
96.47
95.38
96.18
95.06
94.86
95.59
96.07
96.65
95.81
95.81
93.77
95.81
96.03
95.90
96.24
96.59
95.67
94.86
95.47
96.42
95.30
95.10
96.15
95.93
95.38
94.56
94.63
96.29
95.22
96.49
96.47
95.73
95.15
95.37
95.66
95.32
94.82
95.77
94.62
95.34
96.25
96.61
96.22
96.43
95.97
96.32
96.22
95.80
95.61
95.59
95.43
95.57
95.24
96.38
96.12
95.61
96.47
95.76
94.78
96.51
96.13
96.22
95.87
95.71
95.77
96.49
95.16
95.70
93.14
95.17
96.04
95.79
96.08
95.37
95.64
95.87
95.29
95.84
96.17
95.22
96.29
95.23
95.68
95.47
96.16
95.40
96.40
95.48
94.64
95.67
95.66
96.17
94.96
96.52
96.91
96.21
96.53
95.81
95.61
93.84
96.04
95.93
96.01
95.26
96.08
95.55
95.76
94.41
96.19
95.21
96.57
96.53
94.82
96.02
94.20
96.04
95.22
94.41
96.19
93.91
95.77
95.17
96.46
96.02
95.88
95.05
95.51
96.09
96.11
94.00
94.30
96.18
96.35
96.47
96.09
96.26
96.46
94.73
95.39
95.50
95.15
94.85
94.12
95.74
96.65
96.53
95.79
95.91
95.62
95.40
96.44
95.89
94.75
96.07
95.96
95.47
96.10
95.74
96.26
95.28
95.63
95.65
95.21
93.41
95.75
95.55
96.11
96.35
95.42
95.53
94.07
95.96
96.52
94.70
96.10
94.70
96.22
95.64
95.83
95.46
96.50
95.97
95.85
96.54
95.01
96.72
96.03
96.04
95.95
96.03
95.18
95.48
95.97
95.62
96.24
95.96
95.91
95.44
96.30
96.28
95.96
95.12
94.17
95.49
95.58
94.88
94.62
96.29
95.31
95.50
95.52
94.42
94.37
95.96
95.17
95.55
96.35
95.44
96.24
96.41
95.19
95.51
96.27
95.69
95.77
95.35
96.11
95.36
95.69
95.74
95.41
95.03
96.78
96.37
96.31
96.18
95.65
95.55
94.97
95.92
96.69
94.75
96.02
94.43
96.27
95.47
96.17
96.25
95.13
95.48
95.97
95.92
95.60
96.16
94.48
95.84
94.54
95.81
96.36
96.11
95.78
95.68
96.26
95.81
96.06
95.68
95.99
95.74
96.12
96.05
96.22
95.62
95.61
95.73
94.04
95.74
95.35
96.92
96.19
94.88
95.34
95.32
96.30
96.09
95.61
95.88
96.06
95.29
95.08
95.71
95.76
95.59
95.12
96.15
95.47
95.74
96.49
95.79
96.23
96.32
95.92
95.21
96.07
95.71
96.26
96.38
95.56
95.77
95.97
95.64
96.65
95.59
95.56
95.55
96.45
96.19
95.78
96.40
95.57
95.24
95.62
95.34
96.78
96.02
95.51
96.46
96.20
95.08
93.73
96.29
94.37
95.93
95.05
96.51
94.87
95.12
94.48
95.13
96.09
95.22
96.04
95.61
95.11
95.41
95.22
95.51
95.15
95.54
95.67
96.12
96.00
96.31
95.82
96.13
96.32
95.86
94.85
95.64
95.39
96.13
96.44
95.89
96.21
96.02
95.88
94.18
95.25
96.12
95.62
95.09
96.43
95.68
95.33
95.94
95.48
95.37
95.50
95.84
96.19
96.24
96.20
95.89
95.87
95.74
96.06
94.94
96.43
95.13
96.03
95.98
96.05
96.13
96.05
94.76
95.57
95.91
95.17
95.12
96.04
96.72
95.48
95.95
96.43
95.85
94.85
96.07
95.44
95.94
94.51
95.14
96.48
96.06
95.93
96.43
95.58
95.85
95.66
94.83
96.26
95.28
95.43
96.25
94.54
96.24
96.31
95.94
95.26
95.47
95.60
96.39
96.68
95.79
95.37
94.47
95.34
95.76
