96.67
96.93
97.16
97.42
96.74
96.62
95.94
96.62
96.94
97.02
96.59
96.53
96.96
97.14
96.82
97.45
95.96
96.42
96.55
97.12
96.93
96.65
96.88
96.72
97.00
96.53
96.62
97.09
96.61
96.64
97.10
96.96
96.97
96.92
97.19
96.36
96.89
96.84
97.06
96.75
96.90
96.96
96.89
97.28
97.32
97.11
97.39
96.89
97.12
97.01
96.50
97.18
96.55
96.92
96.97
96.81
97.10
97.31
97.09
97.12
97.02
97.15
96.77
96.40
97.28
96.91
96.68
97.45
96.79
96.50
97.12
97.35
97.17
96.80
96.61
97.32
96.69
97.00
97.02
96.86
97.29
97.21
96.92
97.24
97.27
97.24
96.67
96.72
97.27
96.16
96.65
97.08
96.76
97.11
97.32
97.35
97.32
97.16
96.51
97.16
96.99
96.47
97.23
97.11
96.56
96.96
97.24
97.09
97.19
97.06
97.22
97.21
97.22
96.38
97.09
96.54
96.52
96.52
96.75
96.90
96.33
97.58
96.99
96.81
97.31
96.93
96.65
96.99
96.52
96.93
97.37
97.15
97.07
97.15
96.92
96.57
96.64
96.92
96.68
96.96
96.63
96.99
96.71
97.17
97.07
97.14
96.81
96.89
97.34
96.95
97.12
96.36
96.89
96.98
96.69
96.58
97.05
96.79
96.79
97.24
96.43
96.95
96.88
97.10
96.90
96.79
96.64
97.19
96.99
96.84
96.64
96.51
96.78
96.79
97.14
97.11
97.12
96.86
97.40
96.78
96.58
96.57
96.09
96.72
96.54
97.23
96.71
97.34
97.23
96.04
96.72
97.11
97.09
97.16
97.34
97.14
96.75
96.54
96.51
96.85
96.86
97.00
96.66
96.95
96.90
97.02
96.72
96.80
97.14
96.53
96.86
97.01
97.09
96.94
97.56
96.90
96.63
97.21
96.34
97.07
97.00
96.88
97.46
97.08
96.48
96.94
97.17
96.72
96.67
97.18
97.33
97.33
96.69
97.12
97.17
96.90
97.33
97.04
97.08
96.82
97.12
97.24
96.88
96.54
97.01
96.88
96.99
97.17
96.82
97.18
97.25
96.91
95.95
97.05
97.09
96.86
96.96
96.31
96.81
96.45
96.95
96.01
96.93
96.91
97.43
96.90
96.88
96.77
97.66
97.15
96.43
96.70
97.18
97.19
97.22
97.23
96.78
97.43
97.24
96.98
96.32
97.44
97.11
97.16
97.01
96.80
97.16
95.75
97.02
96.34
96.52
97.01
96.81
96.44
97.04
97.24
97.36
97.23
96.69
96.99
96.44
97.05
96.49
96.86
96.67
97.18
97.04
96.91
97.10
97.11
96.97
96.11
97.24
97.35
97.13
96.97
96.86
94.81
97.30
97.10
97.17
97.15
97.16
96.98
96.92
97.39
96.70
96.68
96.38
97.17
97.14
96.25
96.70
97.19
96.78
96.94
97.04
96.93
97.19
97.23
96.44
96.74
96.58
97.27
96.43
97.10
96.53
97.03
96.58
96.99
95.44
96.85
97.29
97.44
96.99
97.36
96.92
97.25
96.97
97.52
96.25
96.77
96.96
97.21
97.27
96.40
96.46
96.58
97.39
97.31
96.99
96.96
97.28
97.42
97.30
97.16
96.93
97.20
97.21
97.05
96.58
96.89
96.73
96.94
96.62
96.99
96.70
96.52
96.76
96.14
96.76
97.21
96.84
97.13
96.50
96.67
96.89
97.12
96.13
97.02
97.24
97.00
96.47
97.33
96.83
96.62
96.85
96.76
97.12
96.78
97.32
97.05
96.61
96.75
96.97
97.03
96.90
97.03
97.47
96.34
96.96
96.48
96.93
96.20
96.89
97.39
96.87
96.39
97.13
96.88
97.17
96.85
96.99
97.11
97.24
96.57
96.86
96.99
96.46
97.23
97.04
96.20
96.73
96.20
96.89
96.78
97.29
96.44
96.64
96.47
96.97
96.82
96.94
96.95
96.10
97.09
96.76
96.85
96.88
97.25
96.92
96.73
97.27
96.76
97.23
96.71
97.35
97.36
96.93
97.25
96.96
97.12
96.80
97.30
96.85
96.76
97.19
96.75
97.00
96.92
97.30
96.81
96.84
96.86
96.49
97.28
96.57
96.49
96.94
96.62
97.00
96.67
96.81
97.32
96.81
97.25
96.69
96.85
97.29
96.95
96.55
96.81
97.24
96.90
97.25
96.53
97.22
97.03
96.88
97.03
97.02
96.63
96.66
96.27
96.57
96.89
96.78
96.96
97.05
96.48
96.81
96.69
97.23
96.58
97.20
97.31
96.15
97.08
97.31
97.17
96.85
97.12
97.41
97.26
96.83
96.78
96.96
97.07
97.19
97.23
97.19
96.93
96.93
96.81
97.22
96.70
97.12
96.77
96.91
96.42
96.82
97.07
96.55
97.39
96.96
97.16
96.64
97.04
97.26
96.93
96.88
97.05
97.25
96.48
96.98
97.21
96.67
97.14
97.26
96.86
97.22
97.42
96.11
96.46
97.07
97.29
97.37
97.15
97.18
96.86
96.82
96.63
97.07
97.08
96.99
96.91
96.97
96.77
96.50
96.38
96.67
97.36
97.09
97.17
97.01
96.97
96.64
97.22
96.67
97.22
97.05
96.32
97.15
96.08
97.10
96.85
97.20
96.40
96.92
97.05
97.12
96.77
96.63
97.24
96.48
96.52
96.87
96.76
97.07
96.50
95.90
97.10
96.93
97.46
97.59
96.94
96.67
96.78
96.91
97.17
96.72
97.17
97.07
97.05
96.34
96.77
96.88
97.05
96.91
96.85
97.27
96.99
96.49
96.79
96.99
96.93
96.91
97.03
96.92
97.33
96.65
97.09
97.05
97.15
96.16
96.83
96.96
97.07
96.38
97.11
97.18
96.55
96.94
97.05
96.97
97.26
96.93
96.92
97.20
97.25
97.13
96.75
96.90
96.90
97.02
97.29
95.82
96.94
96.84
97.02
96.90
97.24
97.04
97.07
97.10
97.21
97.31
96.91
96.25
96.62
97.26
96.76
96.89
96.74
97.19
96.76
96.87
96.94
97.02
97.34
96.59
96.69
96.72
97.03
96.64
97.18
97.22
97.29
97.12
96.92
96.82
96.90
97.30
96.55
96.20
96.94
97.42
97.08
96.84
97.33
97.26
96.92
96.93
96.97
96.69
97.02
97.20
96.74
96.82
96.85
97.11
96.91
97.24
97.12
97.11
96.90
97.40
97.09
97.00
97.53
96.85
96.37
96.59
96.92
96.73
97.04
96.97
96.77
96.77
97.13
97.55
97.28
97.15
97.20
96.84
97.06
97.22
96.85
96.79
97.07
97.00
96.55
96.79
97.09
97.35
97.20
96.87
97.26
95.99
96.40
97.23
96.87
96.58
97.14
97.01
96.62
96.92
97.37
96.97
96.64
96.78
97.14
97.07
96.67
97.44
97.03
96.90
97.28
97.01
97.18
96.77
97.31
96.29
96.16
97.09
97.31
97.25
97.02
97.16
97.23
97.20
97.44
97.18
97.55
97.30
97.14
97.25
96.77
97.19
97.00
97.43
96.95
97.15
97.03
97.25
96.63
97.16
97.08
97.27
97.29
97.12
97.09
96.79
96.68
97.03
96.91
96.50
97.16
96.27
96.77
97.45
96.70
97.07
96.54
96.92
96.65
97.07
97.11
97.10
96.46
97.14
97.03
97.12
96.92
96.68
96.85
97.35
96.48
96.86
97.05
96.75
96.72
97.51
97.26
96.07
96.54
97.16
96.77
96.73
96.67
97.54
97.10
96.60
96.81
97.17
96.68
96.73
96.69
96.85
97.04
97.03
97.08
96.80
96.92
96.78
96.98
97.18
96.87
96.17
97.01
96.93
97.24
97.05
96.58
97.30
96.20
96.70
96.88
97.48
96.52
97.30
97.32
97.14
97.18
97.17
96.55
97.09
97.09
96.94
97.12
96.78
96.89
96.96
97.18
96.55
97.48
96.53
96.79
96.71
97.15
97.14
97.60
96.78
97.69
96.72
96.64
96.73
96.94
96.85
96.93
96.91
96.69
96.96
97.04
96.64
97.15
97.02
97.05
96.88
97.22
96.88
96.74
96.73
96.96
96.95
97.18
96.75
97.40
97.34
97.00
97.36
96.81
96.98
96.74
97.15
97.18
96.91
97.14
97.04
96.51
96.42
97.10
97.05
97.10
97.13
97.00
96.98
96.25
97.25
96.01
97.26
97.14
97.32
96.95
96.58
96.96
96.62
96.94
97.32
96.89
96.75
97.27
96.63
97.35
97.04
96.80
97.17
97.14
96.99
96.78
96.86
96.83
96.69
96.98
96.85
96.72
97.11
97.23
96.81
96.07
97.12
97.29
96.88
97.05
97.06
96.92
96.85
97.38
96.78
96.49
