88.05
89.39
88.83
89.61
89.27
86.32
88.92
89.12
89.08
89.06
86.37
89.79
89.09
88.92
87.48
89.43
88.56
89.18
87.92
88.75
88.79
87.66
89.26
89.44
88.71
89.28
88.83
89.59
89.31
86.65
89.38
87.93
88.49
89.65
88.07
88.16
89.77
89.80
89.46
89.68
87.70
88.65
89.14
88.50
87.32
88.88
87.64
88.20
89.19
90.00
88.60
86.85
89.69
88.60
88.29
88.68
86.78
89.06
89.46
87.83
88.22
88.50
88.67
89.37
88.19
89.40
88.47
89.13
86.80
89.10
90.15
88.41
89.30
89.59
88.69
89.38
86.41
89.18
88.27
89.30
87.81
88.64
88.72
89.44
89.59
88.34
90.22
88.94
88.64
89.49
89.00
88.23
89.95
89.11
89.44
88.05
88.77
88.65
87.71
89.33
