87.78
89.95
87.42
88.57
90.20
87.19
87.51
90.59
89.63
88.77
90.71
89.26
88.82
86.64
88.54
89.39
89.27
89.35
89.75
90.84
89.51
89.19
89.52
88.96
85.68
87.35
89.36
87.26
89.45
90.05
89.36
89.11
85.60
89.90
88.75
84.86
88.30
85.62
85.17
90.25
88.72
89.69
89.69
89.47
87.91
87.60
87.64
89.19
88.97
89.98
87.01
88.50
82.45
88.89
87.75
90.32
90.53
89.16
88.97
90.28
88.29
89.38
86.67
87.68
82.52
84.76
89.97
83.36
88.24
87.61
87.70
89.22
89.71
88.91
90.12
87.82
89.16
89.05
88.67
89.53
89.58
89.49
86.23
90.77
86.58
87.19
90.45
89.69
89.34
86.87
86.51
87.47
87.00
88.71
87.13
87.54
89.48
88.58
90.55
85.50
