88.24
85.12
88.74
89.14
88.17
87.22
87.57
88.38
88.84
88.37
89.13
88.48
88.18
87.67
88.28
89.05
88.64
88.73
88.75
89.43
88.71
85.78
87.40
89.59
88.37
88.19
88.38
88.60
87.73
85.63
88.44
88.55
88.61
88.48
89.03
87.92
88.97
88.96
87.06
86.05
87.20
89.06
88.38
88.85
86.78
89.97
87.42
89.35
89.25
89.36
87.19
88.85
87.60
87.09
89.19
87.87
89.03
86.77
88.14
88.12
89.48
85.53
87.54
87.90
87.24
87.67
85.93
88.27
89.58
87.17
87.12
87.83
88.07
88.93
88.27
88.05
89.23
86.85
87.29
89.37
87.16
87.09
86.46
89.59
87.16
89.09
89.16
89.00
88.91
89.22
89.00
88.85
88.52
88.14
89.08
89.08
88.66
88.45
89.03
88.88
