90.21
88.88
91.20
90.64
91.63
90.71
90.36
90.51
90.67
91.38
90.37
91.61
91.84
89.78
91.03
89.56
90.53
89.96
91.15
90.77
90.76
90.94
89.04
90.80
89.46
91.21
88.89
90.40
90.93
91.93
91.22
90.79
91.48
91.59
89.22
90.14
90.25
91.25
91.25
91.01
91.22
91.39
90.94
91.52
90.40
90.63
87.75
90.67
88.89
91.29
91.73
90.74
91.12
92.19
90.45
90.60
90.61
90.23
91.61
91.05
91.73
91.75
89.64
89.40
91.10
90.71
89.96
90.71
89.13
91.54
91.08
91.21
90.50
91.46
90.55
90.85
90.71
91.29
90.01
89.35
89.77
91.04
89.61
91.65
92.20
90.41
92.54
91.94
90.20
91.63
90.36
91.15
91.55
89.84
90.52
90.83
91.40
91.98
91.46
91.51
