98.1200
98.5600
97.9500
96.5600
98.3500
98.2000
98.1100
98.1600
98.4600
98.0900
97.7200
97.0600
97.7000
97.2600
98.0300
97.9600
97.8300
98.2400
98.2000
97.6200
96.1100
97.4900
97.3100
98.0000
98.1000
98.3900
97.8100
98.0400
97.9600
98.0400
98.1500
98.3000
96.5600
98.0900
98.3400
97.7700
98.6100
98.5000
97.4100
97.7400
98.5200
98.1100
97.7900
98.4200
98.0700
97.9900
98.2100
98.4400
97.7900
97.8600
97.4900
98.1500
97.9300
98.0300
98.1800
98.3400
98.4400
98.0700
97.4300
98.1600
98.3600
98.1400
96.9800
97.3400
98.0800
98.1500
97.7600
98.4800
98.3600
97.6800
98.1100
97.9800
98.5000
96.7100
98.0800
98.0400
98.2300
98.3700
98.0600
97.7500
98.1300
98.1200
98.0600
98.5000
96.5500
98.2600
97.5700
96.7400
98.1800
97.9400
98.1200
97.4300
98.1900
96.3200
97.9900
98.5100
97.3900
97.6500
97.9300
98.3800
