98.2800
98.3400
98.4200
98.2500
97.9700
98.2200
98.1900
98.1600
98.2300
98.3600
98.2000
98.0000
98.3400
98.1900
98.1300
98.3200
98.0000
98.2600
97.8700
98.4700
98.2600
98.2700
98.0500
98.2100
98.0000
97.8700
98.1400
98.3800
98.2000
98.1500
98.3000
97.9900
98.0500
98.1800
98.1600
98.0800
98.1700
98.1600
98.0200
98.3900
98.1100
98.3500
98.3600
98.3200
98.3300
97.9500
98.4500
98.1000
98.1400
98.2000
98.1400
98.0000
98.0400
98.1100
98.4200
98.3200
98.1900
97.9400
98.2100
98.0200
98.4400
98.1600
98.2800
98.0400
98.3600
98.2600
98.3400
98.1100
97.9500
98.2200
98.3200
98.3600
98.2800
98.1500
98.4500
97.8800
98.1200
98.2800
98.4300
97.9200
98.2700
98.3700
98.3600
98.3200
98.1800
98.2800
98.0700
98.4100
98.1100
98.4100
97.8900
98.2100
98.1400
98.2900
98.3200
98.4400
98.5700
98.3700
98.2200
98.2400
