94.1500
91.5000
89.2500
93.8100
88.8100
93.6500
90.4500
94.0700
95.1300
90.1900
94.2600
90.8800
58.6300
92.4500
88.7900
92.2200
92.5700
92.0800
95.6900
92.4500
86.0800
94.3400
89.9600
91.3600
95.6000
86.4900
95.4000
94.1200
94.9600
90.6700
89.6500
92.2600
94.9300
86.8400
91.9600
91.4400
91.9400
95.2200
95.0900
95.3300
96.2400
92.6000
94.7800
91.6700
86.8100
80.4800
91.5400
94.5700
96.4500
92.6900
89.0000
90.3400
88.3000
93.6200
95.3200
89.5400
95.3900
94.8600
91.3800
84.8500
93.9800
93.7800
91.8200
91.0600
95.6900
92.0100
93.3800
95.2900
94.4300
94.9400
92.5700
93.0600
91.8200
95.2500
94.8000
91.7000
94.7000
96.5800
96.1600
95.6600
91.4400
77.4200
82.8600
91.0100
89.8600
93.7500
80.3700
93.4200
95.6400
72.9400
91.6400
96.9500
93.8300
91.8900
93.8900
93.0900
94.5100
90.0900
88.5200
95.3400
