95.9400
94.8000
87.1400
95.6300
94.6400
92.1300
94.9200
95.4700
94.6700
95.2000
94.5700
95.0900
96.2100
94.3900
94.5300
95.0300
94.9900
96.3100
93.9800
93.9100
96.1600
90.6000
90.8000
94.6200
94.6800
95.4200
94.8500
94.8900
93.6600
94.7900
96.1800
93.3200
94.3800
95.4000
91.9600
95.6600
95.3100
94.7900
94.2300
93.5600
95.7600
96.0600
95.9100
93.5700
93.0400
94.8900
95.9300
93.9600
95.2200
94.7000
95.7700
93.2200
94.1000
95.7900
94.6600
95.7200
96.3700
95.8500
95.7700
93.5100
95.5100
95.1500
94.1500
95.1200
94.9600
94.9500
94.7000
95.9000
95.1500
82.5500
95.6500
95.0700
93.4700
95.7300
94.8300
94.0100
92.8600
91.6600
93.7300
95.0600
94.4400
96.2900
95.0800
92.5800
95.1400
94.6700
95.9800
95.2700
95.6400
95.6200
94.6900
95.2400
94.9700
94.9100
91.7200
94.1300
95.4400
90.4600
94.6600
94.5800
