71.9800
68.4600
69.0000
77.3500
87.5400
72.1200
49.7700
68.2400
84.7700
63.1400
77.6300
73.5500
79.0000
82.4800
74.3100
81.3600
57.1300
87.7000
77.7500
81.2300
66.0300
82.8900
79.7700
52.8100
77.7300
69.3800
93.2400
89.1500
54.5900
57.9500
77.6900
60.1700
83.7200
88.5500
79.0000
67.8200
83.5900
75.1300
63.6400
71.6500
89.9700
63.6500
79.0200
80.7000
79.9700
85.9200
85.6200
66.1300
78.5400
84.4700
55.9900
54.3800
73.2700
65.2000
84.7100
78.8100
77.2900
52.0000
72.6300
83.2400
91.6500
80.7900
77.3000
78.6500
81.4200
84.4100
82.4700
77.8700
70.0400
60.2300
83.8400
74.7900
67.5300
79.6900
85.5500
69.5700
72.7800
60.5100
84.2000
85.0000
86.5200
54.1400
87.0300
82.9800
55.9600
60.7400
88.9000
67.3800
77.1100
79.7600
85.4500
70.9700
80.1300
80.6900
82.5100
76.7800
80.1500
80.1400
59.4000
81.1900
