96.9700
96.5600
95.7900
96.8500
96.0000
97.0100
97.0900
96.1100
96.7700
96.6400
96.7700
95.5400
96.4900
96.6600
95.2100
97.2600
96.7300
96.8400
96.6500
96.1000
95.3200
96.3700
96.6200
96.7800
96.9000
96.6500
96.6300
96.8000
96.9500
96.6700
97.0400
96.8600
96.4400
96.8600
96.6800
97.1800
96.6900
96.3700
96.7800
97.0900
96.9900
96.3700
96.7800
96.4500
96.9600
96.2000
96.1400
96.4200
96.4600
96.9800
96.0400
96.7900
96.3600
96.9200
95.8000
96.5400
97.1700
96.9900
97.1200
96.5900
97.1000
96.7300
96.6300
96.3200
96.7000
96.5300
96.1200
96.4000
96.8400
96.5800
96.7300
96.5200
97.1900
96.4900
97.0400
95.8100
96.4600
97.0500
96.9200
96.8600
96.9900
95.9700
96.6200
96.9700
96.1800
96.7200
96.5400
96.8700
96.7400
95.9300
96.5600
97.2100
96.8100
96.5200
96.1100
96.6300
96.9800
95.0000
96.5100
97.0800
