98.7400
98.7100
98.6600
98.6600
98.5000
98.9200
98.7100
98.6100
98.8000
98.0800
98.5900
98.7900
98.6500
98.6000
98.5400
98.4500
98.6300
98.6500
98.8200
98.7400
98.7100
98.7700
98.7500
98.7800
98.5900
98.2500
98.6700
98.7500
98.6300
98.7800
98.7300
98.6000
98.5000
98.6600
98.6600
98.6400
98.5900
98.6400
98.5900
98.7600
98.6500
98.7600
98.8100
98.5900
98.6700
98.5800
98.7000
98.6200
98.5100
98.6800
98.7500
98.7700
98.5300
98.6900
98.6800
98.8500
98.9300
98.7400
98.7500
98.8600
98.6900
98.6800
98.7600
98.8100
98.5000
98.6800
98.7500
98.8600
98.6800
98.7600
98.7000
98.6500
98.6800
98.8000
98.7400
98.6600
98.8100
98.8900
98.6800
98.7500
98.6700
98.7800
98.7000
98.7000
98.8300
98.6700
98.8600
98.6400
98.6500
98.8100
98.7300
98.6400
98.6400
98.8800
98.7200
98.6200
98.7300
98.6200
98.8800
98.8000
