96.6400
97.1800
97.0100
95.2500
97.4700
96.3400
95.4300
96.7500
92.7900
96.9800
81.5200
94.6300
96.2700
95.2800
94.2300
94.4500
96.6500
95.4600
93.0200
97.1800
95.8200
92.7200
93.3300
96.1400
92.5000
97.3000
97.5000
96.3100
93.0000
98.0300
95.5900
97.3400
93.4600
97.2400
97.5200
95.2400
96.4600
97.1100
97.4500
94.0000
95.4600
96.5100
95.1600
87.3000
97.8800
96.2300
96.8500
95.8700
96.2700
95.9100
96.9200
95.6800
97.4400
96.2600
82.4200
95.9000
97.3200
97.4600
96.7200
96.7000
96.8800
95.4500
96.8300
95.0400
90.3900
97.1300
96.3600
90.0700
91.9900
97.0400
95.3800
97.4600
94.8200
95.0900
96.4400
95.9200
97.3800
96.8400
94.7500
96.9300
95.0400
94.1400
97.5900
92.6600
96.3500
95.5300
88.1300
96.5900
92.6000
96.3800
97.9500
94.8200
94.4500
94.3100
97.3400
94.7100
97.3400
94.1400
97.6100
97.6000
