98.7600
98.7400
98.7600
98.7200
98.8100
98.7800
98.4700
98.9300
98.5800
98.7200
98.9100
98.7100
98.7500
98.0600
98.8200
98.4900
98.8600
98.7100
98.1100
98.6300
98.8400
98.8700
98.6200
98.9100
98.6700
98.9000
98.7600
98.9200
98.7400
98.5000
98.9400
98.7900
98.8800
98.8900
98.9400
98.6000
98.9200
98.5800
98.7600
98.9700
98.8400
99.0700
98.6100
98.9000
98.9800
98.3800
98.7400
98.4900
97.7700
98.3200
98.1900
98.7100
98.7800
98.5400
98.8600
98.9000
98.8100
98.8100
98.8800
98.8700
98.9000
98.8400
98.8900
98.9800
98.9800
98.3800
98.8900
98.6300
99.0400
98.6300
98.6900
98.6700
98.4100
99.0100
98.5900
98.7800
98.9900
97.9100
98.4500
98.3600
98.7600
98.9100
98.3700
98.8200
98.3100
98.8900
98.5000
98.8700
98.8200
98.6600
98.8800
98.8200
98.8200
98.4000
98.9500
98.9700
98.6600
98.9600
98.8200
98.6800
