95.9100
96.5100
95.1300
97.0000
96.5900
96.7200
96.6900
93.3100
93.4300
95.8800
94.9300
84.5100
96.0300
95.2100
96.1200
95.7200
97.2600
94.3700
96.9300
97.0500
95.3600
96.8100
96.9100
90.9800
96.9600
96.4500
96.1200
96.2100
96.7600
94.6500
96.5200
96.5100
96.9600
95.6700
94.9800
95.1400
96.4900
91.1600
96.5200
95.8800
92.6100
96.7800
95.3600
96.9200
96.2400
96.2200
95.2600
95.8600
97.0700
96.5100
92.2600
95.2100
93.6400
96.6000
94.2200
96.4900
95.0100
96.3400
96.4700
93.8800
96.3500
95.7000
97.1500
96.8700
95.4500
97.4100
94.8800
96.1300
95.0600
95.6300
94.3000
93.9100
96.7700
91.8600
95.7100
95.3900
96.2900
96.1700
95.6000
96.1700
95.3700
96.2000
96.7800
96.5400
95.5100
96.1400
95.9500
95.7700
93.2300
97.0100
96.8100
94.7700
96.3800
96.4400
96.2100
95.4000
97.0400
97.0800
94.6100
96.5100
