94.98
95.76
96.06
96.79
94.64
96.89
96.35
95.02
96.38
97.25
92.30
95.80
96.38
96.56
96.06
96.81
96.49
97.50
89.43
96.72
96.93
93.96
96.74
93.91
95.03
95.87
96.26
97.08
95.58
97.10
95.62
96.98
97.21
96.19
95.94
94.81
96.21
96.24
96.59
97.06
86.86
95.19
96.27
93.43
94.83
97.34
96.69
96.76
96.86
88.44
97.04
97.61
93.90
95.81
93.40
92.81
95.63
96.09
96.00
97.20
96.74
92.29
95.91
95.73
96.17
96.59
96.26
96.04
96.98
95.74
95.79
96.50
95.79
96.97
96.06
97.34
96.32
95.51
96.80
97.33
95.98
96.67
96.03
94.86
97.26
96.52
96.36
96.04
97.35
96.87
97.07
96.30
94.80
96.10
96.80
91.57
96.04
96.89
96.63
95.15
90.22
96.33
94.59
96.66
97.51
95.80
96.80
95.33
94.43
97.44
96.63
92.65
96.57
96.78
96.16
97.75
93.25
97.33
97.25
97.46
97.15
96.66
96.30
96.49
96.93
96.13
97.32
93.86
97.06
94.53
96.80
97.23
96.02
96.44
97.36
96.04
97.26
97.29
94.98
96.43
95.63
95.64
96.67
96.89
90.64
96.98
95.34
96.53
97.61
94.19
96.90
97.32
95.29
95.17
97.05
94.43
97.10
95.02
96.66
94.46
94.78
96.41
94.28
94.41
96.56
95.33
94.91
96.29
96.15
96.26
97.25
97.17
96.43
95.93
95.86
97.05
97.10
94.61
94.69
97.04
97.05
97.80
96.01
93.73
97.06
93.77
96.70
97.18
94.27
87.33
97.14
95.93
95.81
95.37
96.13
91.27
97.35
96.93
96.91
97.12
94.85
95.32
96.52
96.38
94.45
96.77
96.39
95.85
96.79
95.73
97.03
97.78
96.83
95.75
97.57
95.82
93.41
94.22
97.23
96.24
96.70
96.03
96.49
97.89
96.74
94.67
96.60
83.12
94.78
97.17
97.49
97.31
97.22
95.85
92.87
97.48
96.06
97.70
96.25
90.62
94.27
96.54
96.79
97.32
96.18
94.38
97.06
96.34
97.20
96.52
95.82
96.82
95.80
94.35
97.32
96.40
92.67
96.17
97.20
95.70
96.36
96.83
93.86
85.79
96.22
95.22
95.51
96.71
96.37
97.22
95.70
95.20
97.52
95.83
95.37
95.68
97.57
97.49
95.90
96.96
96.38
94.42
97.39
96.25
95.30
95.16
97.06
96.11
97.34
97.82
96.77
96.72
96.57
95.37
97.03
97.25
94.90
95.66
96.79
97.55
94.30
90.81
96.51
92.77
97.10
96.55
97.54
95.56
96.91
96.51
97.09
96.98
96.41
95.27
95.72
95.93
96.19
96.85
96.66
95.95
97.23
96.67
96.79
96.93
94.18
95.50
94.95
96.56
96.88
95.33
96.97
96.72
95.55
96.94
94.92
95.16
97.39
96.96
95.95
97.18
96.69
93.88
96.73
95.88
95.73
96.14
94.59
96.05
97.02
96.93
96.44
95.34
92.25
96.54
95.30
94.41
96.87
97.56
97.45
95.18
96.45
97.71
94.13
92.45
96.76
93.81
95.71
96.95
96.92
96.45
95.44
97.37
95.74
93.88
96.42
97.14
94.45
94.64
94.03
96.29
95.01
93.85
97.13
96.69
95.85
96.19
95.85
97.46
96.83
95.45
93.89
95.64
93.55
94.67
97.51
93.72
94.67
96.18
97.02
96.26
96.13
95.95
91.80
93.49
97.34
91.95
98.09
97.48
97.12
97.00
96.97
89.12
94.01
96.94
96.38
96.67
96.51
97.20
97.37
97.09
94.64
93.46
95.70
96.40
94.66
95.22
96.19
96.85
96.23
95.09
95.51
94.68
97.47
97.35
97.57
96.02
96.74
96.50
96.57
96.57
94.99
95.88
94.82
96.69
96.40
96.02
97.31
95.56
96.94
95.37
97.58
97.48
96.58
95.57
96.77
95.62
96.60
97.58
93.35
96.80
97.00
96.19
94.89
97.66
95.11
97.20
95.94
96.43
97.04
96.09
97.75
95.35
96.54
96.76
95.44
90.47
96.92
92.76
95.93
95.27
97.03
97.34
96.18
94.31
95.00
94.67
97.43
97.07
94.25
97.01
96.77
96.45
96.25
97.01
96.32
96.55
93.25
96.13
96.40
96.50
96.18
96.54
97.06
92.92
97.22
92.14
95.82
95.99
95.64
95.35
97.34
95.46
96.41
97.41
93.38
96.97
92.27
95.93
95.67
96.05
97.14
96.78
92.49
95.44
96.20
95.50
97.12
95.06
94.96
95.45
97.23
95.91
96.03
97.11
97.00
95.71
97.38
96.74
94.52
95.35
96.17
95.63
96.54
97.40
95.68
96.24
97.54
96.44
95.48
94.50
96.29
97.03
96.89
95.35
97.14
96.41
97.21
96.26
92.46
94.29
96.71
97.35
96.26
96.10
95.30
97.23
97.40
96.82
94.61
97.27
93.41
96.17
96.71
96.11
97.07
96.88
96.33
96.66
97.06
96.85
95.31
97.48
96.81
94.82
95.17
95.73
95.02
96.69
97.04
96.08
97.02
94.58
96.17
96.96
95.68
95.79
96.39
96.03
97.10
94.59
96.12
97.89
95.28
97.38
94.35
94.37
96.08
94.10
94.50
94.00
97.41
97.22
95.33
96.85
94.04
95.20
97.37
94.60
96.61
95.56
97.28
97.33
96.93
96.24
91.00
96.89
95.61
93.96
97.07
95.51
96.83
96.57
96.64
97.00
96.48
97.78
96.00
96.44
90.59
96.80
95.31
96.91
96.91
96.32
96.95
96.72
95.87
96.09
96.94
93.33
96.54
97.27
96.45
95.93
90.27
95.71
96.05
97.00
96.14
95.24
97.11
96.10
97.10
95.90
87.93
96.24
96.79
96.19
94.46
94.94
96.79
95.72
96.14
84.25
96.19
97.54
96.02
94.91
93.34
96.19
97.42
95.18
97.34
90.10
94.04
97.18
97.25
96.71
96.19
93.96
95.80
96.56
96.71
96.57
97.14
97.19
94.89
96.57
96.56
95.49
97.36
96.04
96.44
96.67
96.53
95.86
97.34
97.45
96.98
97.71
97.23
97.44
96.81
95.12
95.23
95.98
96.99
96.91
97.46
94.62
96.75
97.17
96.90
96.84
96.23
95.47
96.38
97.22
96.31
95.66
94.37
96.96
96.39
97.70
96.69
96.75
96.23
96.75
94.35
95.43
94.21
97.16
94.33
95.76
95.12
96.75
96.26
97.01
95.41
94.78
97.00
97.18
96.27
95.50
95.07
97.92
96.66
97.53
96.23
96.10
96.72
91.89
95.91
97.54
95.06
95.63
96.78
97.19
95.21
97.12
96.54
96.34
95.88
95.00
96.23
94.57
96.56
95.43
97.13
97.21
97.36
96.08
96.16
96.80
95.16
96.76
96.18
97.07
96.32
96.93
96.37
96.77
96.21
96.97
96.98
96.21
97.34
96.55
96.42
96.42
97.16
96.09
96.60
96.31
96.20
95.87
95.71
96.98
97.62
95.16
93.61
94.91
96.21
95.07
96.81
96.65
94.29
96.13
96.35
96.24
94.59
96.83
97.45
97.80
95.27
96.14
82.34
95.58
96.60
91.28
95.29
94.17
96.83
94.61
95.06
97.66
95.11
97.06
96.17
97.02
93.93
95.68
94.26
96.30
96.87
95.54
96.87
97.50
94.75
93.88
95.82
97.86
95.83
96.12
96.20
96.23
97.09
96.40
96.94
96.75
96.88
94.15
97.48
95.36
95.94
95.02
96.89
94.15
95.19
96.29
96.31
96.90
96.04
96.35
97.12
97.36
91.92
96.23
96.21
97.04
95.42
97.51
95.63
96.96
96.94
92.15
96.48
96.33
95.67
96.68
97.23
96.06
96.13
96.14
95.43
96.98
97.02
95.02
97.11
93.30
97.62
95.44
95.91
97.64
95.47
93.23
96.90
97.45
94.78
95.68
93.93
96.93
94.43
93.66
97.30
97.02
95.03
89.62
96.69
96.34
96.20
96.21
97.04
96.87
95.24
95.78
93.77
97.33
97.42
96.17
96.53
96.83
97.32
95.87
87.51
96.20
97.16
97.00
95.58
96.40
97.36
96.58
96.62
96.53
96.35
96.50
97.27
96.92
96.35
97.79
97.27
96.06
96.67
96.48
96.78
95.75
96.78
89.27
91.92
97.00
95.47
96.76
95.91
97.12
95.97
97.39
95.23
97.30
96.98
97.09
94.56
96.17
94.58
95.42
97.23
97.37
96.06
97.22
95.64
95.49
96.71
96.74
97.18
97.16
96.49
96.53
91.21
96.19
97.27
97.03
97.16
97.19
97.16
95.39
97.45
95.37
96.96
96.23
97.15
93.46
