98.95
98.68
98.93
99.02
98.86
98.65
98.76
98.77
98.76
98.97
98.88
98.68
98.74
98.89
98.87
98.34
98.64
98.61
98.67
98.95
98.66
98.87
98.85
98.97
98.73
98.79
98.76
98.83
98.85
98.94
98.66
98.91
98.31
98.70
98.52
98.78
98.79
98.81
98.62
98.84
98.85
98.62
98.51
99.03
98.74
98.66
98.80
98.04
98.74
98.73
98.84
98.54
98.92
98.81
98.79
98.82
99.01
98.89
98.97
98.96
98.79
98.43
98.68
98.86
98.47
98.75
98.82
98.69
98.96
98.75
98.90
98.62
98.85
98.85
98.83
98.85
98.92
98.68
98.86
98.54
98.79
98.62
98.88
98.59
98.72
98.81
98.87
98.78
98.95
98.72
98.82
98.84
98.70
98.86
98.87
98.93
98.81
98.55
98.84
98.70
98.70
98.59
98.82
98.92
98.25
98.86
98.89
99.03
98.91
98.97
98.68
98.66
98.14
98.75
98.80
98.84
98.68
98.93
98.77
98.73
98.55
98.75
98.71
98.60
98.73
98.95
98.61
98.74
98.19
98.94
98.71
98.86
98.71
98.38
98.76
98.85
98.91
98.92
98.42
98.49
98.92
98.70
98.87
98.77
98.66
98.46
98.96
98.79
98.40
98.83
98.86
98.84
98.85
98.94
98.62
98.70
98.88
98.82
98.50
98.82
98.81
98.91
98.65
98.98
98.81
98.72
98.55
98.72
98.80
98.92
98.18
98.64
99.00
98.71
98.84
98.80
98.76
98.78
98.82
98.70
98.87
98.91
98.79
98.83
98.98
98.70
98.70
98.69
98.71
98.67
98.83
98.92
98.68
98.77
98.91
98.77
98.94
98.66
98.72
98.88
98.75
98.54
98.81
98.80
98.64
97.03
98.57
98.83
98.74
98.83
98.64
98.92
98.74
98.90
98.85
98.68
98.86
98.64
98.94
98.82
98.82
98.59
98.82
98.51
98.82
98.80
98.81
98.77
98.98
98.86
98.82
98.85
98.69
98.61
98.92
98.77
98.70
98.87
98.76
98.23
98.47
98.76
98.78
98.86
98.79
98.82
98.85
98.82
98.96
98.87
98.84
98.72
98.64
98.35
98.94
98.79
98.42
98.83
98.58
98.97
98.73
98.93
98.70
98.82
98.84
98.79
98.71
98.96
98.75
98.62
98.66
98.88
98.75
98.93
98.71
98.89
98.55
99.03
98.95
98.88
98.73
98.92
98.61
98.70
98.75
98.83
98.87
98.77
98.77
98.74
98.93
98.78
98.78
98.77
98.73
98.66
98.77
98.77
98.44
98.88
98.81
98.46
98.54
98.87
98.81
98.87
98.80
98.88
98.87
98.78
98.80
98.96
98.87
98.80
98.66
98.83
98.29
98.65
98.87
98.94
98.89
98.68
98.83
98.63
98.87
98.62
98.63
98.79
98.08
98.97
98.90
99.00
98.70
98.75
98.64
98.91
98.70
98.62
98.90
98.78
98.51
98.93
98.75
98.82
98.27
98.41
98.77
98.97
98.11
98.84
98.94
98.54
98.89
99.01
98.94
98.74
98.78
98.66
98.85
98.83
98.61
98.69
98.60
98.58
98.73
98.90
98.57
98.64
98.90
98.86
99.01
98.92
98.81
98.85
98.89
98.51
98.83
98.88
98.84
98.77
98.71
98.81
98.79
98.87
98.74
98.49
98.61
98.83
98.80
99.00
98.86
98.86
98.60
98.84
98.84
98.76
98.49
99.01
98.49
98.87
98.73
98.78
98.60
98.85
98.49
98.66
98.87
98.77
99.05
98.81
98.81
98.41
98.79
98.73
98.64
98.95
98.81
98.80
98.72
98.52
98.45
98.49
98.53
98.90
98.95
98.73
98.75
98.71
98.66
98.48
98.85
98.55
98.77
98.85
98.83
98.57
98.80
98.67
98.94
98.82
98.58
98.82
98.75
98.79
98.85
98.54
98.60
98.84
98.47
98.80
98.97
98.77
98.58
98.82
98.70
98.98
98.91
98.78
98.57
98.90
98.68
98.73
98.56
98.82
98.86
98.75
99.02
98.61
98.21
98.87
98.59
98.88
98.81
98.67
98.59
98.88
98.80
98.74
98.57
98.94
98.87
98.88
98.74
98.83
98.67
98.92
98.80
98.83
98.91
98.87
98.91
98.82
98.67
98.83
98.75
98.77
98.67
98.71
98.73
98.84
98.62
98.70
98.76
98.70
98.97
98.70
98.78
98.74
98.58
98.68
98.69
98.79
98.74
98.91
98.77
98.81
98.67
98.93
98.79
98.74
98.86
98.97
98.65
98.85
99.12
98.85
98.93
98.43
98.79
98.66
98.80
98.93
98.57
98.82
98.44
98.71
98.75
98.88
98.69
98.66
98.92
98.78
98.93
98.61
98.92
98.78
98.82
98.74
98.53
98.78
98.49
98.69
98.74
98.86
98.71
98.97
98.86
98.83
98.86
98.49
98.75
98.92
98.55
98.91
98.64
98.94
98.99
98.57
98.82
98.59
98.76
98.66
98.87
98.72
98.90
98.75
98.91
98.87
98.69
98.75
98.79
98.88
98.72
98.74
98.75
98.84
98.90
98.83
98.53
98.73
98.93
98.97
98.56
98.72
98.70
98.36
98.91
98.86
98.67
98.83
98.96
98.84
98.94
98.92
98.67
98.68
98.78
98.80
98.56
98.73
98.70
98.81
98.96
98.63
98.54
98.68
98.81
98.82
98.62
98.90
98.88
98.77
98.77
98.59
98.58
98.70
98.89
98.83
98.36
98.96
98.66
98.80
98.96
98.49
98.86
98.93
98.97
98.74
98.38
98.94
98.73
98.80
98.71
98.91
98.71
98.59
98.94
98.74
98.81
98.68
98.70
98.79
98.67
98.84
98.59
98.81
98.39
98.67
98.48
98.81
98.63
99.03
98.85
98.42
98.96
98.83
98.44
98.99
98.75
98.96
98.62
98.61
98.80
98.17
98.64
98.81
98.60
98.78
98.95
98.68
98.67
98.70
98.74
98.64
98.88
98.66
98.77
98.95
98.77
98.62
98.90
98.83
98.60
98.89
98.76
98.68
98.64
98.69
98.74
98.73
98.83
99.00
98.93
98.65
98.79
98.57
99.11
98.80
98.71
98.72
98.81
98.95
98.75
98.64
98.83
98.75
98.88
98.76
98.87
98.92
98.76
98.63
98.68
98.91
98.81
98.71
98.68
98.51
98.69
98.89
98.96
98.56
98.28
98.98
98.91
98.43
98.67
98.96
98.84
98.82
98.97
99.00
98.82
98.81
98.79
98.48
98.87
98.71
98.83
98.87
98.71
98.71
98.92
98.57
98.70
98.82
98.68
98.84
98.94
98.81
98.89
99.02
98.57
98.68
98.75
98.75
98.80
98.56
98.97
98.88
98.72
98.08
98.90
98.99
98.77
98.68
98.83
98.83
98.85
98.57
98.90
98.81
98.79
98.79
98.72
98.84
98.63
98.50
98.89
98.90
98.95
98.79
98.75
98.77
98.83
98.70
98.68
98.81
98.72
98.93
98.65
98.69
98.27
98.68
98.74
98.91
98.80
98.93
98.75
98.85
98.83
98.61
98.63
98.70
98.72
98.86
98.92
98.88
98.71
98.88
98.84
98.77
98.85
98.67
98.80
98.67
98.89
98.54
98.89
98.75
98.90
98.80
98.96
98.86
98.57
98.89
98.81
98.71
98.64
98.75
98.88
98.92
98.95
98.71
98.85
98.72
98.95
98.89
98.33
98.85
98.58
98.88
98.65
98.93
98.88
98.69
98.82
98.78
98.57
98.52
98.61
98.87
98.54
98.79
98.79
98.91
98.89
98.74
98.75
98.78
98.67
98.84
98.67
98.74
98.80
98.41
98.73
98.81
98.68
98.61
98.79
98.95
98.88
98.89
98.87
98.76
98.88
99.07
98.78
98.82
98.74
98.74
98.66
98.73
98.61
98.55
98.77
98.79
98.89
98.85
98.79
98.51
98.95
98.87
98.87
98.67
98.79
98.84
98.80
98.89
98.61
98.63
98.76
98.85
98.78
98.42
98.91
98.82
99.00
98.78
98.77
98.82
98.63
98.70
98.70
98.22
98.75
98.85
98.78
98.75
98.65
98.72
98.74
98.84
98.54
98.59
98.84
98.59
98.93
98.53
98.96
98.87
98.63
98.93
98.74
98.38
98.86
98.83
98.94
98.99
98.81
98.90
98.78
98.71
98.79
98.84
98.40
98.61
98.80
98.81
98.77
98.60
98.62
98.89
98.77
98.94
98.62
98.78
98.67
98.79
98.89
98.76
98.68
98.61
98.78
98.77
98.81
98.68
98.87
98.86
98.85
98.72
98.66
98.82
98.92
98.74
98.76
98.71
98.73
98.90
98.72
98.66
98.67
98.94
98.80
98.80
98.83
98.92
98.42
98.98
