98.50
98.67
98.49
98.65
98.51
98.62
98.51
98.50
98.52
98.50
98.52
98.56
98.42
98.56
98.56
98.49
98.50
98.34
98.69
98.48
98.51
98.56
98.55
98.54
98.67
98.37
98.43
98.40
98.65
98.48
98.38
98.56
98.46
98.50
98.62
98.49
98.58
98.50
98.59
98.70
98.42
98.48
98.38
98.63
98.56
98.45
98.49
98.40
98.48
98.53
98.46
98.52
98.60
98.59
98.55
98.70
98.44
98.63
98.64
98.46
98.34
98.63
98.53
98.30
98.61
98.34
98.61
98.60
98.48
98.73
98.59
98.43
98.41
98.52
98.47
98.44
98.52
98.64
98.49
98.63
98.56
98.57
98.43
98.50
98.64
98.39
98.41
98.49
98.73
98.45
98.56
98.41
98.34
98.49
98.33
98.50
98.72
98.44
98.55
98.56
98.73
98.54
98.53
98.70
98.53
98.53
98.60
98.55
98.58
98.54
98.60
98.56
98.42
98.35
98.46
98.47
98.62
98.59
98.44
98.40
98.74
98.62
98.66
98.55
98.54
98.51
98.68
98.64
98.38
98.53
98.33
98.52
98.58
98.40
98.67
98.47
98.43
98.39
98.48
98.31
98.62
98.51
98.64
98.66
98.36
98.60
98.54
98.43
98.64
98.23
98.61
98.51
98.58
98.51
98.39
98.34
98.44
98.60
98.45
98.66
98.48
98.62
98.44
98.53
98.48
98.55
98.48
98.59
98.49
98.60
98.51
98.52
98.73
98.52
98.73
98.38
98.65
98.48
98.55
98.13
98.57
98.63
98.36
98.68
98.64
98.29
98.35
98.46
98.58
98.58
98.39
98.52
98.19
98.48
98.47
98.31
98.64
98.70
98.34
98.48
98.49
98.55
98.39
98.53
98.61
98.43
98.69
98.43
98.66
98.50
98.59
98.45
98.48
98.47
98.34
98.64
98.60
98.51
98.55
98.32
98.57
98.60
98.47
98.34
98.45
98.55
98.62
98.56
98.38
98.57
98.52
98.62
98.40
98.54
98.55
98.35
98.39
98.60
98.63
98.57
98.37
98.36
98.43
98.58
98.53
98.47
98.52
98.42
98.56
98.52
98.43
98.39
98.42
98.50
98.60
98.53
98.71
98.55
98.73
98.43
98.60
98.62
98.39
98.58
98.53
98.59
98.70
98.53
98.27
98.26
98.16
98.59
98.70
98.54
98.45
98.53
98.49
98.29
98.40
98.49
98.57
98.65
98.41
98.38
98.62
98.46
98.54
98.49
98.51
98.51
98.50
98.67
98.41
98.25
98.53
98.64
98.60
98.37
98.49
98.39
98.49
98.54
98.60
98.59
98.02
98.53
98.49
98.59
98.57
98.62
98.48
98.70
98.45
98.60
98.55
98.65
98.47
98.47
98.56
98.46
98.56
98.36
98.38
98.54
98.59
98.69
98.63
98.60
98.51
98.48
98.64
98.56
98.29
98.52
98.47
98.54
98.60
98.73
98.43
98.42
98.46
98.55
98.46
98.49
98.52
98.38
98.41
98.47
98.55
98.51
98.57
98.54
98.47
98.53
98.66
98.69
98.28
98.38
98.55
98.41
98.38
98.54
98.54
98.52
98.55
98.33
98.56
98.41
98.49
98.66
98.54
98.56
98.57
98.34
98.55
98.61
98.49
98.67
98.52
98.51
98.36
98.54
98.53
98.50
98.47
98.52
98.66
98.63
98.52
98.51
98.60
98.08
98.47
98.66
98.30
98.56
98.64
98.58
98.60
98.50
98.60
98.43
98.55
98.56
98.60
98.51
98.45
98.49
98.64
98.61
98.48
98.45
98.63
98.69
98.65
98.73
98.51
98.51
98.51
98.38
98.56
98.31
98.56
98.47
98.36
98.53
98.72
98.40
98.55
98.58
98.56
98.33
98.48
98.55
98.56
98.60
98.60
98.45
98.53
98.31
98.68
98.56
98.55
98.56
98.47
98.38
98.55
98.44
98.55
98.37
98.74
98.44
98.25
98.41
98.60
98.45
98.65
98.59
98.52
98.49
98.65
98.49
98.48
98.48
98.62
98.60
98.64
98.26
98.45
98.69
98.52
98.64
98.61
98.52
98.59
98.55
98.65
98.57
98.45
98.68
98.60
98.69
98.54
98.40
98.57
98.53
98.27
98.47
98.50
98.56
98.58
98.50
98.46
98.47
98.52
98.54
98.62
98.65
98.58
98.48
98.33
98.45
98.47
98.48
98.28
98.57
98.60
98.39
98.25
98.59
98.53
98.67
98.57
98.76
98.09
98.43
98.47
98.48
98.70
98.34
98.48
98.61
98.54
98.35
98.41
98.54
98.61
98.36
98.39
98.70
98.31
98.56
98.31
98.17
98.60
98.57
98.57
98.36
98.55
98.37
98.64
98.50
98.45
98.53
98.52
98.62
98.50
98.61
98.20
98.33
98.54
98.51
98.64
98.62
98.32
98.60
98.52
98.56
98.56
98.62
98.35
98.62
98.52
98.54
98.49
98.59
98.64
98.63
98.30
98.27
98.44
98.40
98.39
98.38
98.67
98.62
98.60
98.35
98.44
98.64
98.56
98.36
98.58
98.35
98.30
98.47
98.39
98.48
98.52
98.41
98.22
98.61
98.27
98.56
98.53
98.22
98.66
98.37
98.46
98.61
98.70
98.54
98.58
98.47
98.61
98.44
98.58
98.41
98.44
98.54
98.56
98.41
98.46
98.70
98.56
98.32
98.75
98.64
98.55
98.38
98.43
98.33
98.67
98.47
98.63
98.31
98.46
98.45
98.57
98.52
98.51
98.54
98.57
98.46
98.24
98.59
98.35
98.49
98.56
98.53
98.63
98.61
98.37
98.40
98.47
98.53
98.58
98.59
98.35
98.52
98.38
98.60
98.40
98.45
98.53
98.47
98.56
98.50
98.59
98.41
98.47
98.44
98.52
98.46
98.34
98.60
98.42
98.36
98.45
98.23
98.53
98.46
98.57
98.58
98.51
98.68
98.58
98.46
98.34
98.59
98.67
98.58
98.57
98.42
98.42
98.55
98.55
98.55
98.68
98.54
98.52
98.42
98.59
98.51
98.43
98.63
98.28
98.35
98.53
98.71
98.44
98.21
98.67
98.13
98.72
98.66
98.49
98.49
98.52
98.42
98.33
98.68
98.47
98.46
98.66
98.50
98.64
98.45
98.36
98.64
98.41
98.55
98.52
98.38
98.52
98.48
98.32
98.42
98.57
98.63
98.59
98.14
98.61
98.69
98.61
98.60
98.63
98.60
98.78
98.67
98.50
98.55
98.61
98.61
98.48
98.51
98.70
98.55
98.46
98.51
98.46
98.57
98.55
98.31
98.41
98.61
98.45
98.45
98.63
98.56
98.59
98.43
98.70
98.57
98.64
98.46
98.55
98.69
98.33
98.44
98.56
98.31
98.54
98.63
98.36
98.54
98.46
98.53
98.63
98.46
98.59
98.49
98.56
98.43
98.71
98.45
98.47
98.54
98.47
98.57
98.41
98.57
98.57
98.64
98.56
98.63
98.28
98.50
98.51
98.49
98.66
98.51
98.64
98.45
98.35
98.50
98.50
98.58
98.62
98.55
98.25
98.57
98.63
98.49
98.46
98.55
98.60
98.55
98.37
98.58
98.60
98.37
98.28
98.57
98.43
98.47
98.36
98.41
98.55
98.57
98.35
98.45
98.41
98.34
98.46
98.50
98.62
98.56
98.13
98.47
98.48
98.40
98.52
98.42
98.60
98.61
98.48
98.61
98.52
98.49
98.39
98.46
98.39
98.39
98.33
98.45
98.60
98.65
98.50
98.50
98.49
98.48
98.43
98.49
98.57
98.52
98.56
98.37
98.41
98.48
98.46
98.58
98.62
98.26
98.33
98.36
98.44
98.69
98.55
98.59
98.64
98.39
98.53
98.56
98.36
98.42
98.47
98.52
98.69
98.39
98.54
98.44
98.55
98.53
98.52
98.68
98.51
98.69
98.51
98.47
98.37
98.36
98.49
98.48
98.50
98.70
98.56
98.41
98.49
98.54
98.35
98.51
98.22
98.37
98.47
98.48
98.51
98.53
98.61
98.61
98.52
98.68
98.30
98.59
98.62
98.32
98.59
98.41
98.60
98.59
98.47
98.54
98.63
98.56
98.48
98.43
98.57
98.52
98.40
98.69
98.56
98.30
98.47
98.60
98.44
98.69
98.53
98.48
98.42
98.61
98.43
98.44
98.38
98.59
98.51
98.60
98.43
98.61
98.37
98.39
98.58
98.55
98.55
98.63
98.49
98.61
98.68
98.51
98.53
98.27
98.47
98.48
98.49
98.41
98.45
98.39
98.50
98.65
98.50
98.52
98.32
98.60
98.48
98.38
98.53
98.52
98.78
98.57
98.56
98.68
98.46
98.42
98.62
98.63
98.39
98.30
98.67
98.67
98.36
98.58
