98.09
98.30
98.37
97.06
98.59
98.22
97.98
98.00
96.32
97.86
96.59
95.98
97.67
98.42
97.74
98.24
94.91
98.33
98.26
97.29
98.15
97.13
96.95
98.42
97.32
97.22
98.11
98.14
97.46
97.64
97.89
97.99
97.58
98.57
97.89
97.59
97.20
97.32
98.12
98.35
98.37
97.74
98.37
96.76
97.81
96.98
98.04
95.93
97.33
98.17
97.99
98.38
98.30
97.84
97.61
97.31
97.84
97.96
97.68
98.16
94.88
98.12
98.59
98.18
97.82
97.69
97.01
98.00
98.14
98.62
97.59
97.76
97.83
98.20
98.18
97.55
97.70
97.06
98.30
97.35
96.08
98.39
96.78
98.08
98.60
97.95
98.34
98.25
97.70
97.10
97.54
98.19
98.18
94.41
98.40
97.73
97.06
97.77
98.24
98.56
97.94
97.97
97.66
97.47
97.79
97.88
98.13
97.58
97.86
98.59
97.70
96.47
98.16
98.12
97.19
98.18
97.87
98.26
98.23
98.48
98.08
98.01
98.17
98.54
97.95
98.00
98.17
98.21
98.35
97.97
98.29
98.43
97.92
97.88
97.30
97.99
98.13
98.29
97.82
97.78
98.27
98.18
98.07
97.75
96.56
98.31
96.39
97.12
98.42
97.42
98.18
97.75
98.51
98.31
98.13
98.60
98.35
98.49
97.88
95.62
98.03
97.11
98.04
97.99
98.37
98.17
97.24
90.63
98.65
97.38
97.89
97.63
97.71
97.55
98.26
98.52
97.95
98.43
98.22
97.91
88.72
98.28
98.17
97.84
97.89
98.14
97.16
96.98
98.37
97.45
96.79
98.17
97.79
98.55
98.44
98.29
97.23
88.48
98.02
98.31
98.22
98.14
96.90
91.31
98.02
97.79
97.24
97.75
98.47
97.98
97.62
96.36
98.07
97.96
98.40
97.67
98.32
98.03
98.22
98.23
98.08
97.06
98.14
98.07
98.38
98.35
97.06
98.19
98.18
98.02
98.06
98.06
97.92
92.24
97.64
97.89
97.58
97.37
97.42
98.12
98.36
98.01
97.68
97.63
97.39
98.03
98.19
95.99
97.63
98.09
97.91
98.19
97.83
97.48
97.65
96.73
98.47
98.24
98.25
98.33
98.20
98.10
97.77
97.71
98.50
97.93
98.20
98.35
97.21
98.33
98.09
97.84
97.87
97.59
98.12
98.02
97.77
97.56
97.70
96.85
97.00
98.46
98.24
97.06
97.73
98.40
97.61
97.99
98.06
96.95
98.38
97.86
97.86
98.20
98.30
97.88
97.46
98.15
97.96
97.18
97.67
98.11
95.90
97.89
97.82
97.79
97.86
98.25
97.85
97.59
98.25
98.37
96.93
97.70
98.21
98.25
98.14
97.04
98.49
96.96
98.32
98.48
98.40
97.53
97.63
98.10
97.89
97.37
98.30
97.87
95.51
98.40
98.38
97.99
96.52
98.18
98.07
98.20
98.03
97.36
98.02
95.96
97.70
97.60
97.75
97.68
97.91
97.87
98.39
98.18
96.45
97.07
97.39
98.25
97.81
97.29
98.32
98.51
98.30
98.39
98.01
87.18
97.61
98.17
98.04
98.12
97.76
97.78
98.32
95.73
98.05
98.18
98.23
96.75
97.93
98.17
97.62
98.21
98.37
98.54
98.42
98.45
98.25
97.98
98.24
97.86
97.76
98.24
97.94
98.18
97.75
96.05
97.71
98.48
98.04
97.82
98.09
98.14
98.34
98.31
97.89
98.12
97.96
97.32
98.07
98.40
98.16
98.37
97.98
98.23
97.56
98.24
97.87
97.88
98.10
96.48
97.15
95.84
97.05
97.29
97.57
97.94
98.35
97.29
98.37
98.27
98.30
98.36
97.08
97.34
97.76
97.21
98.01
97.48
97.98
97.73
97.76
98.28
98.05
98.12
97.36
97.02
96.72
97.88
98.19
97.21
97.03
98.51
98.04
97.28
98.40
97.80
98.71
98.51
97.16
97.75
97.70
96.06
96.80
96.88
98.05
98.15
97.22
98.39
97.57
98.26
95.63
98.34
98.44
97.10
95.09
98.02
96.60
98.32
98.14
98.20
97.78
97.97
98.19
97.71
97.84
98.15
97.29
97.80
98.41
97.93
97.70
97.77
97.34
97.35
97.79
98.67
98.10
97.90
98.00
98.10
96.65
97.99
98.03
98.32
97.05
97.92
98.00
98.43
97.31
97.69
98.38
98.27
98.28
97.65
98.40
97.83
97.96
97.87
98.13
97.18
97.92
98.51
97.11
97.61
98.29
97.83
97.17
97.92
97.92
98.51
98.32
98.34
98.03
98.24
96.95
98.38
97.13
97.52
97.99
97.26
98.56
98.21
96.22
97.46
97.57
98.44
98.07
96.44
97.66
96.10
96.83
97.73
98.39
96.65
97.27
97.64
98.13
98.28
98.38
98.07
98.53
97.37
98.44
98.18
94.29
97.96
97.16
97.81
98.10
98.12
92.89
97.59
98.03
98.17
98.19
97.51
97.66
97.88
96.46
97.49
97.94
96.94
98.45
98.21
98.02
98.43
98.24
97.99
97.87
97.32
97.33
98.21
97.65
98.08
97.83
96.95
98.06
97.46
97.72
98.16
98.02
98.32
97.85
96.91
96.13
97.68
96.78
98.24
97.49
97.19
97.88
96.73
98.37
98.12
97.68
98.28
96.86
97.55
98.46
97.55
96.82
97.10
98.43
97.61
97.58
97.84
98.31
98.15
97.25
97.94
98.44
97.39
97.76
98.31
97.31
97.52
97.11
96.35
98.14
97.42
98.30
95.69
98.25
95.28
97.35
97.67
98.22
97.01
97.71
97.85
97.27
97.76
97.93
97.91
97.63
77.95
98.07
96.99
92.21
98.36
98.30
97.21
97.48
98.20
94.27
97.90
98.09
98.20
98.08
97.92
98.19
97.77
98.26
97.49
98.37
98.22
97.82
97.38
97.37
97.20
94.48
98.12
97.12
97.31
98.38
98.10
96.00
98.03
97.05
98.26
98.08
98.34
97.56
97.83
96.83
98.25
98.09
98.23
98.08
98.35
98.43
97.90
97.91
97.26
97.27
98.41
97.99
97.69
98.35
98.19
97.80
97.86
97.65
98.53
98.41
98.36
97.41
98.50
98.47
97.62
97.84
97.88
98.08
96.70
98.19
98.13
96.98
98.33
96.91
98.18
98.19
97.63
97.64
98.27
98.02
97.60
98.09
96.94
98.10
98.17
98.53
98.36
97.58
97.83
98.33
98.63
97.51
97.04
98.03
98.34
98.46
98.05
97.83
97.94
98.35
97.50
96.81
97.59
96.87
97.57
96.90
98.46
96.48
98.44
98.34
97.68
96.90
97.38
97.98
97.17
97.30
98.29
97.73
97.35
97.20
95.15
98.24
96.82
96.62
98.17
96.34
98.30
96.33
97.73
98.01
97.88
97.95
96.83
97.74
97.76
97.57
98.28
97.71
98.30
98.22
97.54
97.78
98.01
96.90
98.14
98.40
98.43
97.84
97.95
98.65
98.27
98.32
98.33
98.55
96.85
98.12
98.09
98.01
98.28
98.07
97.39
98.65
97.25
98.02
98.54
97.28
97.83
96.95
98.23
97.23
97.95
97.88
98.05
98.19
97.25
97.90
98.44
97.96
96.43
98.29
98.20
97.92
97.78
98.10
98.60
98.10
98.41
98.20
98.20
98.25
97.32
98.41
97.68
98.17
98.66
97.78
97.57
97.99
98.12
97.32
98.42
97.85
98.22
97.84
97.79
98.26
98.16
97.53
97.85
98.32
97.83
98.28
96.57
97.97
97.58
97.94
97.67
97.70
97.94
97.89
97.99
98.22
97.67
97.46
97.88
97.94
98.48
98.15
97.30
98.02
97.98
97.97
98.34
98.17
98.31
97.73
97.66
85.71
96.92
98.56
97.61
98.50
98.45
97.67
98.26
98.31
97.41
98.17
96.90
98.09
97.73
97.44
97.17
98.48
97.45
97.64
98.39
98.26
97.81
98.05
98.25
97.72
98.05
97.46
98.01
98.22
98.11
98.38
98.14
97.45
98.01
98.29
98.25
97.98
98.05
97.82
97.25
98.49
97.42
97.90
97.46
98.35
94.71
98.27
97.90
96.91
98.47
97.54
97.78
82.23
98.10
98.34
97.47
97.92
97.96
98.12
97.73
96.53
97.90
97.00
97.27
98.04
98.26
98.01
97.80
98.50
97.71
98.00
98.42
96.52
98.28
97.99
98.17
97.40
98.05
98.16
97.66
97.84
98.05
95.71
97.91
98.31
98.10
97.84
97.84
98.32
98.46
98.48
98.16
98.41
97.10
97.70
97.65
98.24
98.42
97.49
96.69
97.97
95.76
98.46
96.39
98.48
98.08
97.88
97.83
70.79
98.31
97.88
98.05
