94.90
91.41
96.00
94.77
92.58
95.16
95.22
94.92
94.91
94.05
92.76
95.58
93.14
94.95
94.62
95.01
95.54
93.51
95.11
94.09
95.11
94.75
93.82
91.73
91.31
95.37
92.02
93.97
92.54
94.56
95.04
95.05
95.57
95.48
94.86
94.30
95.27
93.31
94.14
93.46
91.82
95.71
94.60
95.31
93.97
90.33
92.11
94.09
91.64
93.20
94.89
95.44
93.30
95.78
93.98
94.19
96.01
95.62
94.37
94.64
91.75
93.60
94.60
92.99
94.31
94.27
95.14
96.14
94.44
93.74
93.62
94.65
93.34
93.08
94.81
93.92
94.33
94.36
95.03
94.19
95.13
95.12
94.38
93.96
95.52
92.67
93.71
94.78
93.13
94.57
91.31
95.35
93.00
94.25
95.16
94.97
94.91
92.48
95.67
95.67
93.96
87.78
95.47
94.58
94.52
93.42
92.35
92.80
95.45
93.58
95.21
95.00
95.07
93.38
91.17
90.63
95.50
94.17
93.80
95.37
93.54
93.90
92.40
89.58
94.58
95.66
93.52
94.82
91.63
94.78
92.68
95.60
94.28
94.34
94.11
94.80
91.30
91.88
95.29
92.69
93.85
92.46
93.28
93.24
93.60
92.84
94.86
93.65
94.31
94.77
94.42
91.27
92.43
94.49
94.71
88.69
92.79
95.11
96.06
94.81
93.17
90.24
95.27
94.99
92.58
92.88
93.07
94.95
90.98
93.66
93.69
95.54
92.09
94.01
94.06
92.39
91.76
91.39
95.60
94.06
94.15
93.21
94.55
92.16
92.27
94.47
92.93
93.18
95.91
95.04
94.32
94.28
94.19
95.02
94.76
93.78
93.65
94.80
93.30
94.80
93.54
93.61
93.48
94.10
95.17
93.20
94.04
94.30
93.87
92.59
94.62
94.97
93.40
94.80
95.49
90.91
94.72
91.08
95.80
95.55
89.08
94.36
95.06
93.44
92.06
93.67
94.26
92.59
89.62
95.16
95.18
94.69
95.15
94.47
95.73
94.62
88.05
94.06
94.89
95.06
94.63
95.53
94.69
94.02
91.47
93.59
95.03
93.56
95.04
95.18
95.67
96.04
95.21
92.66
94.93
95.65
94.64
95.19
94.21
94.66
93.27
94.90
93.68
94.88
94.98
95.88
95.23
93.98
92.35
94.65
91.35
95.24
95.18
93.67
93.60
94.10
93.49
92.28
94.12
95.38
94.86
94.11
93.49
94.17
94.61
95.83
94.69
95.14
93.07
92.21
95.75
92.61
95.26
95.41
94.07
93.64
92.77
93.29
93.21
92.54
94.58
92.83
95.57
95.89
93.74
91.24
92.64
93.42
93.72
94.37
89.00
95.46
92.90
94.26
94.82
93.83
93.78
94.56
92.90
93.24
94.12
92.39
90.75
94.14
93.92
94.91
94.46
95.55
93.98
95.14
95.47
92.80
94.64
93.67
94.91
95.52
95.30
94.45
92.41
92.40
95.01
93.76
94.36
93.95
93.93
95.45
91.44
91.61
95.00
93.30
94.25
94.61
95.93
94.47
95.20
94.85
94.40
92.96
95.15
93.55
94.13
94.26
94.92
94.11
94.45
95.38
92.73
95.87
94.08
92.46
95.38
94.76
94.75
92.09
92.68
95.09
91.43
93.67
94.73
94.83
95.57
93.57
93.02
92.87
94.38
94.91
94.64
93.24
92.52
94.60
94.08
95.79
94.52
92.63
93.13
95.70
94.29
94.44
94.51
94.57
94.38
92.36
95.75
95.23
93.28
94.60
95.96
94.93
95.14
94.45
90.30
94.45
95.86
93.54
94.86
92.35
92.60
92.21
95.10
93.91
93.88
95.25
95.04
95.63
94.51
94.22
92.69
93.56
93.93
88.77
89.48
94.54
94.78
93.98
92.11
94.85
94.20
91.65
95.62
95.32
89.50
91.56
94.00
94.30
93.60
94.51
95.29
93.80
95.13
94.46
94.66
94.65
93.39
94.33
90.48
90.69
94.07
93.50
93.46
95.00
94.64
94.42
93.35
95.54
93.99
94.69
93.12
94.93
94.17
94.42
94.23
94.04
91.62
94.87
93.28
94.50
93.78
92.71
95.85
94.13
94.15
95.50
91.91
94.11
93.23
94.50
93.07
95.88
94.87
94.21
95.28
95.06
90.83
94.85
95.80
94.89
94.91
93.00
88.97
94.58
95.43
95.01
94.92
93.81
95.53
94.89
92.02
95.65
94.68
92.52
95.18
95.51
93.16
93.24
94.89
95.88
94.14
94.85
93.02
92.00
93.62
95.18
96.00
94.50
90.70
94.27
93.39
92.43
94.06
94.24
93.58
94.47
95.84
94.69
92.72
93.54
94.75
94.39
93.46
93.85
94.40
93.31
94.65
94.24
94.49
96.45
94.43
94.69
94.70
91.63
94.17
93.97
95.16
93.78
94.19
92.61
93.89
93.57
95.34
92.92
93.97
94.76
90.07
93.36
93.87
93.07
92.95
94.63
92.75
92.26
94.55
94.62
95.24
94.23
94.78
92.79
92.92
91.83
94.35
93.77
95.07
93.45
90.09
92.63
93.55
92.79
93.56
90.52
92.96
94.02
95.51
90.36
94.08
92.71
92.65
95.43
95.48
94.97
94.04
94.63
95.27
94.50
91.28
92.70
91.93
94.44
94.07
94.61
94.29
93.83
91.29
92.33
95.65
92.95
92.92
93.32
94.96
95.44
94.30
95.53
95.32
95.09
93.03
94.86
94.61
91.92
95.31
95.48
92.22
95.25
95.07
94.89
95.26
93.50
95.02
95.69
91.86
91.67
93.63
94.23
95.19
93.72
94.31
95.19
92.51
93.80
93.53
95.36
93.59
94.29
91.22
94.57
95.62
94.65
95.72
93.95
94.06
94.69
94.77
95.85
95.08
92.56
94.23
93.96
94.61
88.30
91.00
94.09
93.44
94.14
95.70
91.65
95.83
94.90
94.87
94.66
94.60
89.71
93.56
94.49
93.93
93.01
94.10
95.21
93.74
94.39
93.35
94.33
93.95
94.28
95.46
94.08
94.86
94.22
93.91
91.15
95.60
93.44
90.35
93.60
94.33
93.68
95.10
93.68
93.21
94.15
93.80
94.52
91.74
95.50
94.47
94.97
90.21
95.57
94.74
94.75
95.01
95.05
94.36
95.03
93.11
92.26
95.42
94.30
94.69
91.76
91.28
95.13
94.50
94.63
94.01
95.11
95.58
95.19
95.53
95.81
92.63
95.98
94.12
94.30
91.88
94.84
93.44
95.40
94.47
94.02
92.09
95.25
94.41
88.32
95.50
92.60
95.07
94.77
95.78
96.03
94.50
94.56
92.64
93.82
95.24
90.25
94.29
95.59
93.95
94.78
94.97
93.88
93.83
93.50
94.09
95.02
92.12
94.27
95.11
94.93
94.57
95.18
96.26
94.47
94.37
95.16
94.70
93.92
95.40
93.35
92.97
95.27
95.38
92.88
94.74
94.55
93.71
92.67
94.60
94.35
95.60
93.52
90.01
91.00
94.46
94.94
89.29
95.11
93.88
94.03
92.21
95.45
93.05
93.45
94.13
92.53
93.94
95.07
94.25
92.80
94.82
95.19
95.14
95.78
94.72
94.23
92.04
94.05
93.87
95.29
90.94
95.15
90.26
93.60
92.92
94.67
94.71
93.46
94.60
92.61
95.11
94.82
94.76
93.75
92.40
94.32
95.39
95.34
95.70
92.89
95.63
94.93
93.68
94.04
93.41
95.54
94.67
94.47
93.78
94.85
94.59
95.85
94.49
95.06
94.77
95.29
95.23
90.57
93.16
93.50
91.44
92.76
93.38
95.61
94.91
94.01
94.89
95.85
91.44
93.45
94.36
92.84
91.96
90.73
93.19
94.73
95.75
91.60
95.36
95.06
94.42
94.58
92.50
94.24
93.71
93.05
94.15
93.40
94.31
94.03
94.28
94.49
93.56
94.83
94.74
94.96
93.60
91.48
93.64
92.53
95.26
93.13
94.86
95.73
94.50
92.98
94.72
92.96
91.98
93.50
94.97
95.14
93.73
93.94
92.05
95.26
92.55
93.17
93.72
94.48
94.71
94.95
95.42
93.00
91.39
95.46
94.31
95.90
93.87
90.21
92.88
94.94
89.77
94.50
92.24
93.01
93.32
95.60
92.65
94.28
95.33
93.60
93.72
95.48
93.57
92.35
95.49
95.98
95.56
94.69
95.34
94.99
94.30
94.63
92.74
93.03
95.23
93.84
94.80
92.50
94.09
95.32
90.95
95.62
94.84
90.40
94.40
92.51
95.29
95.30
95.33
87.89
93.38
92.80
95.55
93.44
89.02
94.58
93.25
92.76
93.71
94.73
94.92
92.82
94.27
92.37
93.34
93.87
92.47
94.75
95.87
92.82
94.91
95.39
