82.33
81.24
83.68
84.29
82.81
88.74
84.27
84.46
86.92
85.27
90.51
91.47
85.38
89.41
80.83
83.28
87.16
83.04
90.43
72.47
85.07
79.84
77.76
82.33
90.95
77.10
89.72
78.98
82.18
88.66
78.46
63.46
74.06
86.33
80.70
61.62
82.99
85.06
82.61
85.84
76.91
84.28
79.64
85.44
83.88
69.43
80.17
86.91
71.53
78.76
77.87
78.99
82.95
83.86
83.85
79.28
87.74
89.18
86.04
77.19
79.87
81.19
81.36
84.20
81.55
83.80
72.08
74.65
77.99
71.58
85.97
82.56
87.59
80.03
76.98
80.86
87.39
86.36
81.00
81.42
75.05
77.52
79.08
89.49
87.37
75.32
79.77
81.09
86.43
86.12
81.65
91.62
87.88
76.74
85.08
79.32
79.19
72.92
83.09
82.62
85.25
77.28
83.01
83.00
90.76
87.82
88.09
75.42
82.28
92.67
81.80
84.83
68.94
80.06
83.08
78.44
77.18
83.38
83.83
79.46
82.47
84.11
88.10
76.76
76.88
83.40
82.22
70.50
80.79
72.38
84.55
76.13
87.49
86.79
88.48
79.43
81.45
82.18
72.87
86.52
78.02
80.02
81.25
85.86
90.68
89.29
90.26
83.56
83.20
87.59
80.93
82.34
80.08
87.83
88.35
75.35
86.18
78.82
83.08
83.04
88.34
81.80
86.28
89.60
84.42
86.66
71.15
86.61
75.66
83.03
91.24
84.17
87.63
85.66
84.94
85.17
90.25
82.97
90.40
75.92
71.06
81.65
83.00
88.46
77.05
67.73
85.65
78.98
84.06
78.42
70.11
84.79
85.55
89.21
86.72
88.92
91.08
75.85
85.81
84.42
81.09
84.48
88.56
81.23
86.61
83.91
82.08
87.49
87.21
86.49
80.83
83.24
82.95
90.29
75.63
83.50
88.58
81.27
89.24
82.48
86.14
83.11
80.42
65.43
88.42
81.74
86.90
80.37
85.74
82.90
80.51
81.20
69.51
69.96
84.06
78.73
82.80
82.13
90.55
81.44
84.42
74.32
79.84
78.44
80.39
86.77
87.19
78.02
82.27
85.40
84.01
70.30
79.96
82.86
63.70
89.22
91.14
88.54
88.83
86.44
83.00
83.89
76.57
83.36
80.71
81.14
79.15
81.68
86.66
88.76
80.38
90.35
75.40
79.40
78.86
88.59
80.58
83.87
87.39
81.39
82.69
70.56
71.91
58.09
74.15
81.72
83.18
72.69
86.20
84.16
81.72
74.58
64.81
79.73
83.91
88.31
73.52
81.83
83.05
80.21
87.55
88.95
86.37
75.52
86.21
89.14
88.59
81.62
83.97
88.74
81.32
77.57
75.97
79.23
77.09
85.63
85.10
80.07
79.74
80.49
83.63
88.86
80.70
82.54
84.35
85.05
88.41
74.75
83.69
77.49
75.85
91.27
89.36
87.42
81.12
87.31
87.64
81.18
83.95
79.67
84.49
82.26
81.87
82.17
85.39
82.47
92.38
85.50
68.23
81.75
87.54
87.37
78.10
84.16
64.28
81.61
86.62
81.94
89.50
82.72
67.84
85.54
84.06
84.60
80.78
91.80
81.83
86.99
83.06
79.78
82.21
81.50
91.29
80.32
76.94
66.99
81.08
70.02
90.03
86.62
78.97
74.79
84.42
77.21
79.66
81.35
84.61
80.45
88.71
87.92
83.95
87.34
82.41
87.91
87.67
85.75
85.64
73.99
85.08
82.80
84.16
75.13
80.52
87.04
71.61
84.67
71.73
79.02
83.23
85.81
89.35
83.22
90.14
84.06
76.89
80.42
55.20
78.32
71.21
91.31
89.01
82.18
90.65
86.47
84.32
92.48
86.53
78.44
89.36
82.42
84.38
84.38
87.16
77.93
89.50
81.25
74.88
82.08
85.92
73.03
84.76
72.57
91.46
82.23
81.48
79.84
76.15
89.14
77.98
79.39
79.11
89.10
88.93
86.93
88.13
84.46
80.93
80.05
80.51
85.11
88.31
75.00
87.01
83.47
91.93
83.36
89.45
67.35
80.74
74.04
80.39
87.37
80.36
84.45
74.30
81.36
91.37
86.30
78.97
81.55
81.24
83.50
73.80
87.21
78.41
83.54
81.65
85.28
84.57
88.72
90.22
74.02
84.97
68.18
85.60
68.77
88.96
89.81
85.65
72.80
85.38
80.63
85.58
86.93
80.84
83.91
88.81
81.45
80.28
80.15
83.26
80.29
88.59
85.63
83.67
83.15
87.36
86.17
81.12
90.79
79.16
81.45
79.17
67.48
67.64
84.56
85.65
89.85
84.02
78.20
77.23
85.69
77.13
87.83
88.97
88.83
84.34
77.15
84.94
90.93
78.34
79.02
86.34
85.53
85.53
72.95
83.59
85.11
82.13
84.29
89.38
81.36
79.47
66.29
88.74
80.49
84.52
81.29
85.43
90.67
89.50
82.73
72.86
83.72
85.13
84.71
86.17
85.67
87.85
78.39
85.98
83.89
77.97
79.70
88.40
78.50
71.89
67.31
89.56
81.54
88.13
71.43
76.30
83.07
85.07
71.02
83.34
79.82
80.72
80.15
84.17
88.32
89.48
82.25
78.24
84.31
85.63
84.49
74.92
83.90
75.34
85.39
88.05
79.77
81.15
90.65
88.00
77.25
85.02
91.32
82.38
83.31
80.87
91.19
79.58
85.66
74.52
73.50
72.96
86.59
89.81
81.78
85.88
89.17
81.91
81.35
86.08
82.18
87.28
80.63
87.53
81.33
85.19
81.91
79.83
72.47
81.46
80.47
72.62
85.06
84.71
80.72
84.12
85.36
77.78
75.50
81.05
84.00
85.53
87.49
88.44
87.52
82.82
89.56
86.19
67.78
78.13
80.88
87.13
86.44
84.47
85.94
86.80
62.10
85.79
88.02
86.82
83.61
82.87
72.17
83.22
83.92
81.86
77.54
81.28
69.36
67.69
76.69
88.71
87.32
79.37
91.28
91.95
77.34
83.84
89.84
86.83
81.63
89.93
85.17
78.01
81.26
75.01
84.12
86.42
82.21
78.82
77.33
82.47
76.40
80.63
86.38
81.76
84.25
78.76
89.20
76.14
78.18
88.41
79.17
82.65
75.40
84.39
82.71
87.42
76.09
71.52
68.49
76.27
83.20
80.71
85.08
87.72
90.62
88.61
85.13
65.97
67.45
81.04
88.30
88.04
86.31
76.95
85.60
91.77
83.35
85.69
73.27
86.30
87.41
85.76
88.83
90.82
75.20
79.44
84.65
71.66
89.17
85.83
86.06
70.73
79.43
86.82
89.04
83.66
79.78
83.41
81.96
87.93
86.00
74.03
81.55
83.02
68.82
86.75
79.22
83.65
90.85
69.99
89.44
62.77
88.54
86.93
87.20
83.17
80.26
82.77
87.88
87.58
88.78
81.71
91.05
85.97
88.97
83.80
83.21
83.86
87.88
81.00
85.02
90.02
86.58
85.31
88.70
90.32
70.39
82.56
90.35
80.86
85.37
79.53
78.37
84.78
87.93
89.87
86.54
77.81
79.62
79.32
84.19
78.42
90.24
84.76
84.44
82.42
86.30
81.56
80.42
85.14
81.63
85.01
81.28
89.26
86.05
81.98
81.03
80.35
81.28
64.54
87.36
71.92
80.83
87.61
87.90
84.00
81.45
82.18
91.01
80.56
82.89
90.14
78.28
83.50
79.98
85.40
77.72
85.95
84.84
77.23
86.75
87.32
80.82
79.26
79.65
75.81
87.76
88.22
83.18
85.91
87.75
88.51
84.63
79.71
83.41
86.01
89.48
83.36
84.19
83.45
77.43
71.76
83.09
86.30
84.04
80.21
85.05
75.06
90.18
82.97
77.09
89.36
88.82
84.93
81.37
86.98
83.50
81.08
89.85
85.91
85.95
85.14
91.90
91.28
81.39
78.64
85.10
80.28
76.88
81.48
73.89
84.18
88.18
91.13
84.78
77.55
85.66
80.64
86.33
68.97
65.66
86.96
77.09
79.53
90.95
82.79
87.27
70.13
84.78
88.38
82.37
83.72
84.07
86.97
89.08
78.44
89.51
74.68
90.34
82.61
82.29
88.91
89.17
87.66
83.42
80.04
85.38
85.50
84.68
68.35
88.28
85.46
81.63
86.56
88.64
85.65
82.69
90.09
83.98
85.28
86.91
86.44
90.13
78.14
86.57
73.56
82.15
75.36
82.55
85.86
81.99
74.03
82.00
79.79
77.59
74.41
82.00
66.46
82.75
90.70
87.83
85.07
81.97
84.14
90.34
75.87
80.50
88.80
85.76
83.58
79.10
88.32
77.40
74.17
75.75
80.01
86.07
78.46
87.91
82.84
84.39
79.34
91.47
87.09
86.57
82.68
73.42
85.41
72.79
73.31
79.42
