98.30
97.94
98.01
98.03
97.15
97.51
97.18
97.77
98.43
97.24
98.07
98.02
98.24
96.54
97.77
98.35
96.85
95.00
96.49
98.24
98.03
98.50
97.66
97.96
97.74
97.15
98.20
95.12
94.11
98.08
94.70
96.22
97.18
97.78
98.16
95.58
97.49
97.07
98.10
97.64
98.05
98.25
96.41
98.23
98.09
97.39
97.72
97.47
98.05
97.84
97.79
97.82
97.92
96.66
97.41
97.25
88.48
96.63
98.03
97.79
97.74
98.01
98.00
97.31
97.05
97.90
98.47
97.98
97.92
98.37
98.30
96.47
96.20
98.18
97.80
98.25
97.40
97.50
96.23
97.16
98.50
97.28
97.58
97.55
97.47
97.81
97.93
97.54
97.32
97.64
97.86
97.44
97.55
97.92
98.54
97.99
98.08
98.22
96.58
97.05
98.14
97.47
98.07
95.37
98.36
97.29
98.19
96.42
98.21
98.15
97.72
95.99
98.14
97.02
98.54
96.33
98.00
97.72
97.05
98.24
98.19
97.97
97.76
97.23
98.30
96.57
97.05
98.07
97.92
97.49
98.05
97.11
98.04
97.17
97.93
98.14
97.96
95.92
98.10
96.65
98.04
97.86
97.83
98.46
97.31
97.89
98.46
96.36
98.17
97.96
97.85
97.64
98.17
97.95
97.71
98.09
96.98
97.97
96.19
97.91
98.65
98.18
97.48
97.94
96.44
97.15
97.65
97.50
96.87
98.02
96.85
98.00
97.85
97.37
97.92
98.03
98.18
98.18
97.10
97.61
98.08
98.36
97.89
98.41
98.04
97.35
97.87
96.95
97.64
98.21
98.52
97.56
98.10
98.08
97.97
97.89
98.03
97.77
98.15
98.44
97.82
98.24
98.10
97.80
97.47
98.26
96.22
97.18
98.04
96.92
98.40
97.31
97.49
97.82
98.10
97.90
96.83
97.96
97.89
97.41
97.52
97.99
98.16
97.81
94.22
97.70
95.95
98.16
95.63
96.78
98.33
97.87
98.13
98.14
97.78
97.26
97.80
98.24
97.89
97.68
98.24
97.43
95.79
96.75
97.99
98.20
97.53
98.03
93.56
98.19
97.28
97.82
98.47
97.94
98.21
97.63
97.84
97.59
97.91
98.49
98.24
97.93
98.27
98.00
97.95
98.16
97.30
98.03
97.17
98.55
97.94
97.94
98.10
98.23
83.63
97.78
98.14
97.46
96.89
98.15
96.07
97.93
97.57
98.05
96.56
97.16
97.68
98.16
96.53
97.38
98.04
98.18
98.18
96.29
98.10
96.37
98.18
98.36
97.72
97.10
97.95
97.57
94.04
98.20
97.92
97.76
96.74
98.36
98.22
96.18
98.54
98.09
97.87
97.78
98.08
97.62
98.11
98.09
98.23
97.93
97.63
97.38
98.23
98.04
98.08
98.25
97.03
97.92
97.92
97.92
97.67
97.76
96.49
96.83
97.55
97.43
97.74
98.21
97.39
98.21
93.95
97.95
97.89
97.81
98.28
97.38
97.62
98.34
98.05
98.19
97.92
97.13
97.68
97.66
97.29
97.57
97.51
97.64
98.12
98.25
98.17
97.93
98.32
97.95
97.29
98.30
96.89
97.31
96.68
97.47
97.55
97.95
98.25
96.32
97.94
97.67
98.06
97.72
97.50
97.44
97.91
97.76
97.82
98.34
98.04
96.46
97.41
97.35
96.84
92.21
97.85
97.39
97.61
98.17
98.39
98.23
97.97
97.14
97.68
98.53
98.40
97.76
97.60
98.23
97.70
97.83
97.59
98.41
97.74
98.12
97.74
97.99
98.39
97.05
97.51
97.75
97.68
98.04
97.96
97.75
98.00
97.88
98.39
97.38
98.10
96.55
98.07
97.32
96.65
97.95
97.85
96.96
98.33
97.91
97.43
97.13
97.93
98.43
98.36
97.31
98.59
98.34
98.23
95.47
98.15
97.59
97.55
98.47
98.33
97.79
96.79
98.45
98.33
97.81
98.50
98.04
97.37
97.58
98.40
97.89
98.09
97.55
97.73
97.56
97.87
96.95
98.48
97.64
97.88
97.36
98.58
97.60
96.91
98.31
98.11
97.73
98.25
97.79
98.04
97.16
98.16
98.08
97.79
96.86
97.94
97.74
98.21
98.20
97.56
97.70
98.41
98.11
97.88
96.83
97.52
97.95
98.31
98.18
98.39
91.52
98.14
97.58
96.95
98.24
97.88
97.99
98.00
98.11
98.30
97.67
97.86
97.83
97.98
98.24
97.99
97.51
98.40
98.10
97.59
97.67
97.82
96.05
97.47
97.66
96.55
98.02
97.38
98.52
98.07
97.43
97.19
98.05
98.03
97.40
95.27
97.95
96.26
97.64
97.65
98.16
98.09
96.34
97.90
97.85
98.04
97.70
98.57
97.55
98.39
98.19
98.35
97.79
97.70
97.81
97.76
98.08
97.96
98.31
97.60
98.03
98.41
98.34
98.36
96.22
98.28
90.26
98.04
97.85
97.34
97.38
93.16
97.93
97.98
98.47
98.10
97.62
97.38
91.91
98.09
97.69
95.23
97.95
97.70
96.88
97.75
98.24
98.17
98.35
97.47
98.00
97.50
98.10
97.14
98.14
97.28
98.09
92.15
97.46
97.71
98.16
97.83
98.21
98.14
97.33
97.82
97.20
96.66
97.47
97.81
97.49
97.28
97.45
97.85
97.95
97.94
98.05
97.57
97.85
97.96
95.48
97.86
97.98
97.48
97.78
97.78
97.98
97.37
97.63
98.20
97.82
97.80
98.14
97.46
97.15
97.25
97.77
97.90
98.00
94.72
96.35
98.25
97.12
94.41
98.45
97.44
96.82
97.87
98.25
98.33
97.95
97.91
98.05
97.36
98.32
96.91
98.06
98.23
96.55
97.93
98.07
97.76
98.38
97.61
98.02
98.33
97.98
97.19
97.30
97.80
98.16
98.49
97.78
97.99
98.01
98.31
97.77
98.00
96.56
97.10
97.91
97.95
98.28
97.88
98.35
97.10
98.41
97.51
96.91
97.86
97.58
97.70
98.20
97.93
97.74
97.45
97.47
97.97
98.43
97.93
98.65
98.15
98.32
95.31
98.31
97.91
98.69
97.42
97.72
98.15
97.48
97.62
95.65
97.60
98.58
98.40
97.97
96.92
98.48
97.68
96.30
97.37
97.41
97.69
98.19
97.73
96.39
97.58
98.18
98.06
98.24
97.30
97.82
97.79
98.21
97.50
97.63
97.29
94.93
97.90
96.36
96.56
98.01
98.06
97.74
97.32
96.89
97.48
97.81
97.87
97.52
97.67
97.02
97.10
97.13
98.04
97.53
97.47
97.85
98.11
97.62
98.14
97.84
97.54
95.44
97.69
97.24
98.06
98.01
97.83
97.18
96.80
98.06
97.86
98.02
98.49
98.48
97.68
97.43
97.27
98.04
97.52
98.14
97.61
97.90
97.83
98.08
98.28
96.47
97.68
98.09
96.69
98.14
97.47
95.60
97.93
98.18
98.07
97.91
98.02
98.07
97.38
93.49
97.91
97.74
98.04
96.03
96.80
98.17
95.81
97.65
97.39
97.80
97.81
96.09
98.12
98.33
95.90
98.04
96.72
98.09
97.30
98.13
98.32
97.73
97.31
98.02
97.54
97.53
97.94
97.67
97.97
98.18
97.50
97.02
98.06
97.91
97.90
98.25
96.02
97.92
97.03
98.40
97.50
98.15
98.13
98.10
97.85
97.61
98.13
98.14
97.49
97.67
97.82
97.95
97.55
98.33
97.77
97.53
97.76
97.38
98.22
97.64
92.33
98.16
97.37
98.20
97.86
98.12
97.66
98.58
97.95
97.62
98.16
98.34
97.73
97.97
97.67
97.08
95.94
98.14
97.26
97.84
93.78
98.04
96.99
97.93
97.16
98.22
97.62
96.74
98.17
98.14
97.57
97.45
98.36
97.71
97.72
97.99
98.30
98.49
97.19
97.31
97.90
96.71
94.64
97.80
98.14
96.99
97.98
97.64
98.08
97.86
97.32
98.16
97.67
97.75
97.27
97.61
97.28
95.65
96.09
97.80
98.13
96.72
98.03
98.15
98.42
97.49
98.24
95.69
96.27
98.18
97.94
97.88
96.61
97.98
97.41
98.04
97.63
98.13
97.36
98.33
97.43
97.76
97.61
97.40
97.86
97.72
98.03
97.11
96.29
98.08
98.30
97.90
98.10
98.15
96.88
98.10
96.48
98.14
98.20
98.12
97.70
98.29
97.67
98.34
98.14
97.30
97.89
97.49
98.42
98.06
98.27
98.37
97.83
97.73
98.26
98.23
98.05
98.38
97.57
98.08
97.94
97.57
98.12
97.79
97.88
97.84
97.97
98.51
97.76
98.26
97.16
88.40
97.16
98.19
97.43
98.10
98.19
96.94
