98.74
98.93
98.70
98.82
98.72
98.93
98.86
98.93
98.82
98.87
98.77
98.81
98.80
98.79
98.84
98.73
98.71
98.74
98.82
98.93
98.93
98.81
98.82
98.95
98.77
98.90
98.74
98.81
98.82
98.88
98.80
98.85
98.81
98.98
98.85
98.77
98.65
98.73
98.71
98.71
98.89
98.70
98.87
98.87
98.80
98.56
98.80
98.81
98.81
98.71
98.77
98.86
98.90
98.88
98.76
98.83
98.88
98.84
98.86
98.69
98.83
98.69
98.89
98.80
98.40
98.88
98.86
98.92
98.81
98.87
98.77
98.91
98.88
98.80
98.85
98.90
98.72
98.75
98.74
98.76
98.67
98.88
98.81
98.81
98.83
98.76
98.71
98.77
98.88
98.88
98.69
98.96
98.83
98.81
98.89
98.79
98.80
98.65
98.73
98.79
98.63
98.90
98.66
98.75
98.70
98.87
98.86
98.94
98.94
98.69
98.84
98.73
98.79
98.75
98.75
98.79
98.88
98.58
98.89
98.78
98.79
98.80
98.83
98.94
98.84
98.83
98.77
98.76
98.87
98.79
98.78
98.59
98.75
98.90
98.81
98.93
98.66
98.89
98.67
98.79
98.82
98.75
98.81
98.82
98.76
98.94
98.89
98.83
98.91
98.96
98.79
98.77
98.88
98.90
98.92
98.91
98.73
98.87
98.87
98.88
98.70
98.76
98.82
98.70
98.79
98.83
98.89
98.83
98.84
98.83
98.78
98.72
98.81
98.65
98.72
98.88
99.01
98.80
98.87
98.81
98.96
98.82
98.78
98.72
98.77
98.78
98.76
98.94
98.76
98.96
98.87
98.78
98.69
98.74
98.68
98.98
98.97
98.86
98.78
98.79
98.75
98.77
98.70
98.82
98.79
98.74
98.97
98.82
98.96
98.78
98.76
98.73
98.75
98.91
98.81
98.78
98.80
98.86
98.75
98.66
98.77
98.80
98.76
98.67
98.90
98.86
98.72
98.63
98.74
98.70
98.76
98.84
98.65
98.87
98.75
98.83
98.81
98.71
98.74
98.78
98.80
98.80
98.84
98.84
98.58
98.70
98.85
98.62
98.88
98.80
98.73
98.85
98.54
98.86
98.76
98.79
98.85
98.90
98.85
98.66
98.75
98.77
98.82
98.81
98.85
98.83
98.86
98.73
98.77
98.67
98.84
98.83
98.95
98.69
98.91
98.84
98.81
98.77
98.79
98.60
98.83
98.81
98.79
98.83
98.74
98.91
98.80
98.87
98.57
98.73
98.77
98.83
98.87
98.90
98.68
98.72
98.85
98.80
98.80
98.83
98.83
98.92
98.77
98.87
98.89
98.79
98.74
98.74
98.82
98.74
98.74
98.79
98.74
98.38
98.86
98.71
98.77
98.59
98.78
98.90
98.74
98.64
98.73
98.88
98.66
98.79
98.79
98.80
98.78
98.92
98.62
98.66
98.83
98.84
98.88
98.77
98.87
98.94
98.84
98.81
98.84
98.80
98.84
98.80
98.85
98.86
98.88
98.76
98.74
98.80
98.64
98.95
98.87
98.89
98.80
98.78
98.77
98.76
98.75
98.55
98.84
98.77
98.82
98.87
98.83
98.82
98.64
98.81
98.72
98.81
98.86
98.82
98.83
98.69
98.81
98.87
98.87
98.49
98.63
98.77
98.95
98.78
98.90
98.87
98.84
98.69
98.79
98.73
98.74
98.76
98.76
98.74
98.75
98.68
98.84
99.00
98.85
98.76
98.87
98.66
98.71
98.76
98.74
98.75
98.66
98.68
98.92
98.88
98.87
98.65
98.81
98.83
98.85
98.70
98.75
98.85
98.89
98.86
98.85
98.64
98.82
98.88
98.87
98.76
98.75
98.98
98.79
98.88
98.77
98.68
98.72
98.73
98.84
98.93
98.81
98.78
98.72
98.97
98.77
98.87
98.85
98.76
98.69
98.72
98.86
98.83
98.96
98.74
98.68
98.76
98.61
98.67
98.85
98.71
98.72
98.76
98.68
98.81
98.85
98.79
98.82
98.87
98.91
98.73
98.85
98.87
98.76
98.81
98.80
98.89
98.79
98.86
98.94
98.83
98.89
98.92
98.70
98.63
98.93
98.91
98.70
98.62
98.82
98.97
98.81
98.73
98.74
98.87
98.76
98.87
98.63
98.83
98.78
98.91
98.79
98.90
98.93
98.92
98.85
98.76
98.78
98.65
98.86
98.77
98.85
98.94
98.88
98.83
98.79
98.49
98.68
98.85
98.88
98.79
98.83
98.78
98.76
98.78
98.66
98.86
98.85
98.70
98.89
98.87
98.78
98.79
98.87
98.84
98.72
98.57
98.71
98.78
98.70
98.88
98.75
98.79
98.84
98.85
98.71
98.72
98.81
99.00
98.98
98.79
98.75
98.82
98.71
98.81
98.86
98.77
98.84
98.93
98.68
98.78
98.90
98.61
98.79
98.72
98.64
98.81
98.81
98.85
98.81
98.88
98.87
98.87
98.67
98.87
98.81
98.83
98.79
98.66
98.77
98.80
98.60
98.86
98.87
98.74
98.84
98.81
98.77
98.89
98.53
98.74
98.79
98.65
98.85
98.57
98.70
98.71
98.83
98.81
98.91
98.78
98.87
98.82
98.73
98.81
98.89
98.82
98.84
98.64
98.57
98.45
98.86
98.84
98.81
98.77
98.86
98.74
98.84
98.81
98.62
98.84
98.93
98.88
98.79
98.83
98.95
98.81
98.68
98.86
98.79
98.66
98.65
98.92
98.82
98.71
98.65
98.99
98.83
98.86
98.78
98.89
98.70
98.84
98.93
98.89
98.99
98.92
98.83
98.84
98.79
98.82
98.87
98.71
98.78
98.78
98.81
98.83
98.80
98.87
98.86
98.85
98.75
98.88
98.83
98.90
98.81
98.65
98.90
98.89
98.64
98.84
98.72
98.79
98.85
98.84
98.72
98.85
98.86
98.86
98.64
98.84
98.77
98.89
98.79
98.88
98.89
98.75
98.81
98.77
98.89
98.73
98.69
98.77
98.79
98.73
98.93
98.80
98.92
98.84
98.77
98.79
98.87
98.82
98.82
98.90
98.47
98.88
98.95
98.91
98.68
98.81
98.77
98.67
98.65
98.75
98.69
98.80
98.76
98.85
98.84
98.61
98.82
98.73
98.80
98.70
98.93
98.91
98.72
98.80
99.00
98.70
98.81
98.74
98.67
98.71
98.72
98.76
98.78
98.83
98.78
98.78
98.73
98.85
98.95
98.72
98.91
98.89
98.86
98.79
98.74
98.73
98.89
98.76
98.71
98.86
98.68
98.79
98.66
98.86
98.92
98.79
98.69
98.89
98.82
98.94
98.71
98.78
98.77
98.91
98.98
98.74
98.81
98.88
98.80
98.90
98.77
98.74
98.79
98.72
98.80
98.70
98.85
98.83
98.79
98.67
98.83
98.86
98.81
98.60
98.71
98.77
98.72
98.89
98.74
98.80
98.57
98.81
98.78
98.79
98.71
98.88
98.75
98.77
98.78
98.67
98.97
98.86
98.73
98.84
98.87
98.90
98.75
98.77
98.90
98.93
98.82
98.92
98.90
98.78
98.83
98.81
98.84
98.68
98.93
98.90
98.79
98.84
99.00
98.75
98.89
98.86
98.76
98.78
98.81
98.96
98.63
98.80
98.75
98.80
98.85
98.77
98.55
98.59
98.80
98.85
98.93
98.87
98.58
98.72
98.68
98.81
98.84
98.81
98.78
98.75
98.80
98.77
98.68
98.67
98.78
98.69
98.76
98.89
98.90
98.61
98.93
98.95
98.65
98.60
98.74
98.69
98.52
98.76
98.82
98.92
98.86
98.76
98.94
98.81
98.76
98.68
98.84
98.84
98.87
98.92
98.66
98.56
98.73
98.78
98.75
98.90
98.88
98.84
98.83
98.78
98.80
98.84
98.84
98.72
98.91
98.83
98.73
98.90
98.85
98.76
98.84
98.82
98.67
98.82
98.86
98.84
98.81
98.81
98.68
98.88
98.66
98.59
98.91
98.78
98.73
98.85
98.79
98.84
98.90
98.84
98.74
98.79
98.74
98.91
98.92
98.78
98.87
98.79
98.86
98.73
98.83
98.88
98.87
98.77
98.76
98.79
98.63
98.83
98.56
98.78
98.82
98.97
98.83
98.79
98.76
98.74
98.78
98.88
98.85
98.75
98.74
98.81
98.82
98.89
98.82
98.66
98.78
98.68
98.84
98.68
98.94
98.80
98.74
98.79
98.78
98.69
98.85
98.65
98.89
98.94
98.80
98.80
98.92
98.69
98.89
98.77
98.80
98.83
98.67
98.80
98.85
98.81
98.85
98.94
98.92
98.77
98.73
98.77
98.78
98.84
98.87
98.83
98.86
98.83
98.87
98.74
98.77
98.69
98.79
98.76
98.82
98.85
