95.68
96.27
95.65
95.46
96.38
95.77
95.55
94.85
96.39
93.10
95.42
94.65
94.69
95.86
94.91
95.91
95.15
94.27
96.01
95.36
94.30
96.76
95.62
95.95
94.93
95.38
95.53
95.92
93.36
95.23
95.20
94.51
94.74
95.30
94.38
95.32
94.64
96.11
95.08
95.73
95.97
94.60
94.36
94.86
94.96
94.63
95.86
95.67
95.41
95.70
95.83
94.71
95.97
93.59
96.28
95.44
96.60
94.94
94.59
93.88
95.66
95.60
94.94
95.71
95.51
95.21
92.92
95.97
96.44
94.75
94.64
95.42
94.79
95.94
95.18
94.01
94.73
96.34
95.82
94.55
96.35
95.58
94.04
95.82
95.27
95.94
96.23
96.49
95.93
94.48
95.55
94.20
95.77
95.43
95.58
94.58
95.79
95.42
92.39
96.06
96.34
96.36
95.98
95.71
95.19
95.89
94.68
96.50
95.13
95.72
95.35
95.33
95.56
96.14
95.10
96.74
96.68
96.24
95.54
94.17
95.60
96.35
96.52
96.44
95.86
96.54
95.79
95.20
96.22
95.48
93.98
94.90
95.00
96.00
93.18
96.10
94.91
95.95
95.79
95.39
95.72
95.63
95.02
95.70
95.79
95.67
95.53
95.18
94.67
96.08
95.38
95.21
94.36
95.20
94.87
95.35
94.28
95.96
96.48
95.80
95.12
95.38
94.66
95.47
94.66
96.09
94.52
94.96
93.49
96.32
95.76
96.46
95.25
96.30
95.07
92.26
95.02
95.31
95.19
96.14
95.82
96.40
95.13
95.19
92.65
96.03
94.82
96.58
95.32
95.88
95.41
95.63
95.30
96.15
95.65
95.77
95.64
94.77
95.13
95.36
96.38
94.37
96.14
96.00
95.66
95.45
94.27
95.60
95.59
95.34
94.20
94.12
95.70
95.47
96.19
96.35
95.25
95.94
94.67
95.44
96.17
95.75
95.68
96.41
95.26
94.71
95.92
94.65
95.97
96.36
96.13
96.55
95.69
96.46
93.95
95.89
92.39
93.73
95.48
96.42
96.49
95.83
95.96
96.06
94.81
95.96
96.18
95.52
95.21
95.93
94.93
93.72
95.98
94.54
96.24
95.99
95.86
94.87
95.50
94.53
96.09
94.85
95.62
95.48
94.04
94.97
94.87
95.37
96.31
94.92
95.90
93.43
95.03
95.93
95.18
93.60
95.94
93.77
94.86
96.18
95.61
95.13
94.09
95.74
95.17
95.57
95.07
96.07
95.52
96.16
95.53
95.97
94.25
94.80
94.88
95.64
95.24
95.01
94.59
96.02
95.03
96.37
95.94
95.60
94.55
93.87
95.45
96.25
94.39
95.22
96.01
93.67
95.16
95.81
96.34
94.95
94.91
95.93
95.84
96.56
96.41
96.16
95.64
95.87
95.63
95.81
95.58
95.75
94.55
96.22
95.18
94.56
93.94
96.45
96.21
95.04
95.44
94.88
95.18
92.69
95.42
95.31
94.63
95.06
96.19
95.65
95.99
95.80
96.24
93.47
95.46
95.63
93.61
95.47
95.85
95.09
95.23
96.57
94.95
95.41
94.97
94.75
94.56
95.17
93.27
94.06
95.17
95.26
95.33
94.70
95.61
96.25
95.13
94.77
95.83
94.93
95.79
96.24
96.63
96.18
95.43
95.84
96.28
95.99
95.86
96.13
95.66
96.20
94.97
95.97
95.41
95.59
95.78
96.09
96.10
94.99
95.15
94.31
94.78
95.57
95.73
95.83
96.24
95.50
94.98
95.73
96.28
95.06
95.57
95.82
95.78
95.78
96.08
95.34
96.30
95.55
96.53
95.68
94.30
96.53
95.04
95.76
95.58
96.36
95.34
95.81
94.82
95.55
94.12
94.55
96.31
95.35
94.99
96.21
96.01
94.89
94.49
95.87
94.74
94.67
95.42
93.47
95.90
96.45
95.62
96.00
95.77
95.45
95.97
95.08
94.71
95.22
94.51
94.55
94.39
96.04
93.57
95.37
96.22
95.04
95.65
95.88
95.12
95.27
95.82
96.35
95.41
94.68
95.54
96.24
95.94
94.55
96.32
95.02
95.47
95.60
95.51
93.75
95.05
95.11
94.24
95.35
93.37
95.11
94.29
95.53
95.02
96.23
96.08
96.22
95.83
95.56
95.45
94.84
95.67
94.73
96.05
95.39
96.29
95.88
94.99
95.66
95.77
95.23
95.22
95.00
95.16
96.23
96.05
95.07
94.76
96.47
93.81
94.71
94.91
94.79
95.39
95.98
95.53
95.49
95.16
94.86
96.03
96.03
95.27
95.07
94.89
95.75
96.36
96.06
96.09
96.07
94.54
94.93
94.97
95.47
95.82
95.31
95.95
96.04
94.20
96.37
95.45
95.82
94.24
95.49
94.90
95.04
96.20
96.17
93.92
94.27
95.82
95.82
95.53
95.16
96.05
95.69
95.09
95.83
94.09
94.69
94.46
95.66
95.67
96.04
96.42
95.84
95.72
96.24
95.77
94.98
95.98
94.77
96.13
94.61
94.77
95.99
95.29
95.44
95.78
94.16
95.92
92.87
95.88
95.50
95.42
96.51
94.78
95.84
96.31
95.37
95.04
96.55
95.17
95.48
94.17
95.44
94.53
95.78
95.63
96.19
96.21
95.98
95.79
94.33
95.03
96.15
94.66
95.33
96.38
95.39
95.63
94.12
96.01
95.43
95.85
96.15
96.11
94.88
96.40
93.42
94.20
96.09
96.09
95.45
94.96
95.31
94.88
95.38
93.61
96.04
96.21
96.40
96.01
94.85
95.94
95.71
94.61
95.28
94.63
95.24
95.98
96.45
96.35
95.13
94.89
95.40
94.45
95.23
95.68
93.66
95.44
95.95
96.10
92.95
94.22
95.00
95.22
95.43
96.19
95.91
94.97
95.59
94.58
95.00
95.69
95.56
95.84
93.49
93.96
95.67
95.58
94.34
95.51
96.01
94.98
95.24
95.48
95.00
93.95
96.09
95.59
95.47
96.18
95.84
95.68
94.27
95.15
95.20
96.22
95.63
94.80
94.08
96.22
96.28
95.69
96.19
95.53
95.06
94.47
95.06
95.82
96.01
95.97
95.38
95.72
94.97
95.61
96.16
95.06
95.46
94.74
95.82
95.77
96.06
94.13
95.91
94.91
95.92
95.92
95.88
95.49
95.05
95.89
93.51
93.66
95.63
95.16
96.20
95.48
96.54
96.01
95.89
96.20
95.37
95.22
96.58
96.38
95.82
95.18
95.50
95.86
95.92
96.36
95.37
94.13
95.34
96.03
96.45
96.22
95.97
95.58
96.40
94.62
95.76
95.29
95.02
96.35
95.63
91.55
96.17
94.31
94.79
94.81
95.10
95.15
94.37
96.43
95.46
95.81
94.82
95.87
93.90
95.71
93.84
94.81
96.41
95.90
95.88
94.72
95.26
94.63
95.15
95.95
95.74
96.17
96.90
96.42
96.11
95.69
96.38
96.32
94.35
95.32
96.19
94.51
96.04
94.96
95.32
95.59
96.25
93.91
95.14
94.23
94.50
95.79
95.75
94.57
95.69
95.47
95.62
95.75
95.03
94.96
95.62
95.48
95.15
95.90
95.84
95.40
96.00
96.08
95.26
93.64
96.25
94.70
95.77
94.71
95.71
94.36
95.14
95.16
95.29
95.82
95.51
96.25
96.30
95.55
96.05
94.31
96.46
96.53
93.68
95.90
95.42
94.66
93.82
95.94
95.25
95.98
94.80
95.98
95.86
94.80
95.68
95.29
95.91
95.56
95.76
95.57
95.88
95.73
95.94
96.35
95.09
96.22
93.58
95.27
95.75
95.92
93.53
95.61
96.31
95.98
95.25
93.31
95.88
95.84
94.26
95.31
95.51
96.19
96.11
95.04
95.92
96.10
95.14
95.90
95.30
96.07
93.54
95.38
94.68
96.27
94.38
93.61
93.96
94.69
96.17
95.98
96.18
95.74
95.14
95.85
94.87
95.11
94.74
96.30
92.69
95.45
95.69
94.48
95.06
96.00
95.53
96.00
95.38
95.30
95.34
95.66
95.29
95.54
94.16
96.12
94.05
95.57
95.82
95.79
95.38
96.45
95.85
95.43
95.43
93.52
96.03
95.32
95.42
95.31
95.86
93.47
96.16
96.15
95.99
94.29
93.74
95.75
95.78
96.65
95.68
96.17
94.84
96.23
96.07
96.28
95.38
96.07
95.12
95.41
95.60
96.38
95.02
94.99
94.62
95.15
96.07
96.01
96.18
94.43
95.58
91.89
95.17
95.75
96.02
95.60
95.78
95.95
95.39
96.38
96.42
95.94
95.76
95.83
95.92
95.11
95.55
95.40
95.69
95.60
94.04
95.96
96.33
95.75
95.10
94.36
95.32
95.19
95.97
95.45
95.30
