98.54
98.57
98.67
98.72
98.25
98.62
98.51
98.51
98.58
98.50
98.64
98.59
98.52
98.60
98.47
98.62
98.47
98.24
98.48
98.74
98.65
98.42
98.59
98.70
98.73
98.36
98.75
98.52
98.49
98.66
98.71
98.35
98.42
98.41
98.42
98.51
98.64
98.49
98.44
98.39
98.48
98.66
98.50
98.41
98.54
98.46
98.28
98.44
98.56
98.55
98.82
98.54
98.39
98.67
98.65
98.25
98.50
98.54
98.36
98.84
98.55
98.42
98.49
98.54
98.75
98.54
98.47
98.27
98.56
98.28
98.76
98.54
98.41
98.27
98.42
98.47
98.63
98.41
98.61
98.16
98.42
98.56
98.50
98.43
98.56
98.33
98.57
98.44
98.69
98.52
98.45
98.56
98.45
98.50
98.67
98.68
98.30
98.67
98.52
98.46
98.49
98.50
98.33
98.71
98.75
98.16
98.36
98.33
98.27
98.58
98.45
98.38
98.72
98.60
98.67
98.69
98.29
98.37
98.54
98.42
98.73
98.65
98.56
98.15
98.48
98.62
98.52
98.47
98.80
98.58
98.53
98.63
98.54
98.85
98.55
98.50
98.60
98.57
98.42
98.64
98.54
98.29
98.41
98.65
98.77
98.65
98.53
98.49
98.48
98.57
98.40
98.47
98.58
98.26
98.60
98.74
98.69
98.47
98.36
98.58
98.72
98.51
98.54
98.65
98.57
98.57
98.22
98.56
98.40
98.50
98.61
98.68
98.58
98.48
98.51
98.61
98.32
98.19
98.64
98.62
98.61
98.37
98.71
98.37
98.37
98.49
98.70
98.25
98.57
98.53
98.61
98.56
98.37
98.52
98.53
98.49
98.52
98.52
98.48
98.74
98.49
98.65
98.56
98.53
98.39
98.68
98.68
98.67
97.97
98.29
98.54
98.50
98.51
98.60
98.63
98.66
98.38
98.14
98.49
98.66
98.32
98.45
98.61
98.57
98.67
98.68
98.74
98.19
98.44
98.58
98.23
98.55
98.48
98.25
98.67
98.62
98.40
98.63
98.40
98.37
98.59
98.38
98.71
98.42
98.67
98.43
98.22
98.63
98.77
98.46
98.46
98.68
98.63
98.63
98.35
98.70
98.70
98.40
98.61
98.48
98.66
98.35
98.43
98.51
98.14
98.42
98.45
98.54
98.52
98.39
98.26
98.65
98.76
98.61
98.43
98.62
98.70
98.23
98.54
98.24
98.53
98.34
98.75
98.51
98.62
98.65
98.32
98.55
98.55
98.64
98.69
98.41
98.42
98.65
98.64
98.66
98.66
98.61
98.66
98.67
98.47
98.56
98.62
98.58
98.47
98.51
98.54
98.47
98.44
98.51
98.49
98.64
98.76
98.69
98.53
98.16
98.43
98.47
98.41
98.74
98.65
98.26
98.46
98.48
98.70
98.61
98.41
98.75
98.60
98.40
98.66
98.40
98.59
98.60
98.71
98.67
98.32
98.60
98.54
98.61
98.36
98.41
98.52
98.62
98.53
98.61
98.24
98.36
98.55
98.51
98.48
98.49
98.58
98.65
98.49
98.68
98.70
98.56
98.69
98.55
98.43
98.77
98.69
98.54
98.64
98.58
98.44
98.63
98.65
98.55
98.59
98.66
98.76
98.62
98.54
98.58
98.51
98.05
98.60
98.53
98.78
98.68
98.65
98.72
98.46
98.50
98.56
98.23
98.55
98.57
98.48
98.45
98.56
98.23
98.36
98.65
98.75
98.45
98.53
98.48
98.55
98.57
98.57
98.50
98.54
98.19
98.45
98.63
98.43
98.52
98.32
98.69
98.51
98.51
96.96
98.66
98.62
98.47
98.11
98.41
98.55
98.58
98.50
98.52
98.38
98.68
98.73
98.19
98.57
98.17
98.30
97.60
98.53
98.63
98.50
98.44
98.53
98.62
98.80
98.40
98.62
98.46
98.40
98.54
98.46
98.58
98.69
98.14
98.50
98.73
98.13
98.43
98.37
98.63
98.29
98.38
98.49
98.48
98.42
98.46
98.46
98.47
98.52
98.47
98.46
98.57
98.50
98.31
98.21
98.46
98.68
98.24
98.39
98.52
98.74
98.57
98.38
98.54
98.48
98.49
98.14
98.38
98.70
98.47
98.67
98.46
98.64
98.35
98.38
98.47
98.43
98.47
98.65
98.52
98.43
98.44
98.70
98.61
98.48
98.66
98.66
97.80
98.34
98.70
98.67
98.62
98.66
98.62
98.35
98.56
98.27
98.81
98.41
98.45
98.61
98.55
98.67
98.69
98.29
98.41
98.64
98.47
98.54
98.50
98.47
98.50
98.61
98.49
98.41
98.50
98.69
98.69
98.48
98.49
98.80
98.67
98.64
98.51
98.25
98.51
98.64
98.49
98.41
98.46
98.56
98.75
98.55
98.21
98.54
98.53
98.58
98.32
98.64
98.59
98.66
98.50
98.19
98.61
98.53
98.62
98.47
98.51
98.56
98.31
98.46
98.54
98.63
98.55
98.48
98.63
98.49
98.59
98.40
98.49
98.38
98.47
98.55
98.42
98.53
98.47
98.57
98.56
98.47
98.56
98.53
98.42
98.55
98.60
98.59
98.67
98.56
98.66
98.42
98.47
98.70
98.47
98.40
98.49
98.47
98.41
98.17
98.72
98.49
98.40
98.66
98.75
98.39
98.52
98.43
98.34
98.69
98.43
98.61
98.59
98.69
98.54
98.66
98.68
98.61
98.74
98.51
98.20
98.47
98.18
98.32
98.50
98.69
98.53
98.52
98.50
98.54
98.25
98.56
98.47
98.50
98.65
98.36
98.72
98.65
98.48
98.72
98.69
98.51
98.48
98.41
98.37
98.51
98.70
98.50
98.66
98.47
98.55
98.53
98.65
98.44
98.05
98.59
98.33
98.69
98.59
98.46
98.52
98.37
98.49
98.69
98.64
98.30
98.29
98.47
98.42
98.39
98.52
98.74
98.65
98.56
98.49
98.56
98.29
98.56
98.57
98.55
98.60
98.55
98.59
98.65
98.50
98.49
98.69
98.63
98.57
98.44
98.28
98.33
98.64
98.58
98.29
98.48
98.40
98.52
98.61
98.54
98.56
98.60
98.49
98.31
98.44
98.44
98.70
98.68
98.42
98.64
98.55
98.54
98.62
98.73
98.40
98.62
98.56
98.63
98.49
98.48
98.44
98.57
98.50
98.30
98.38
98.57
98.34
98.47
98.35
98.50
98.69
98.60
98.26
98.73
98.52
98.63
98.49
98.34
98.47
98.65
98.56
98.54
98.43
98.36
98.58
98.60
98.48
98.58
98.44
98.62
98.49
98.53
98.46
98.46
98.74
98.41
98.63
98.51
98.54
98.68
98.25
98.62
98.39
98.44
98.68
98.60
98.63
98.31
98.37
98.61
98.79
98.69
98.46
98.41
98.69
98.60
98.61
98.48
98.41
98.50
98.51
98.42
98.54
98.75
98.52
98.31
98.64
98.46
98.38
98.46
98.72
98.48
98.59
98.44
98.70
98.54
98.52
98.31
98.54
98.51
98.39
98.71
98.56
98.17
98.54
98.41
98.62
98.60
98.39
98.57
98.54
98.32
98.58
98.47
98.31
98.45
98.58
98.47
98.63
98.60
98.63
98.56
98.37
98.73
98.61
98.51
98.50
98.83
98.45
98.40
98.45
98.60
98.46
98.40
98.60
98.36
98.37
98.66
98.33
98.48
98.53
98.47
98.54
98.48
98.43
98.46
98.49
98.62
98.49
98.33
98.48
98.53
98.41
98.53
98.52
98.52
98.41
98.62
98.59
98.55
98.60
98.26
98.47
98.68
98.57
98.68
98.52
98.49
98.49
98.41
98.69
98.36
98.48
98.69
98.59
98.42
98.65
98.64
98.36
98.50
98.48
98.58
98.32
98.65
98.39
98.31
98.16
98.45
98.57
98.50
98.57
98.66
98.41
98.56
98.64
98.57
98.41
98.62
98.46
98.43
98.02
98.50
98.59
98.61
98.45
98.42
98.55
98.32
98.65
98.59
98.62
98.62
98.22
98.62
98.45
98.50
98.67
98.57
98.69
98.55
98.48
98.50
98.38
98.35
98.64
98.16
98.62
98.73
98.52
98.51
98.43
98.31
98.56
98.68
98.35
98.69
98.67
98.41
98.31
98.82
98.63
98.56
98.72
98.54
98.65
98.52
98.57
98.41
98.43
98.52
98.56
98.64
98.38
98.54
98.64
98.32
98.45
98.42
98.68
98.52
98.65
98.66
98.50
98.53
98.37
98.42
97.92
98.67
98.49
98.45
98.61
98.56
98.58
98.65
98.54
98.55
98.30
98.39
98.30
98.47
98.59
98.27
98.54
98.48
98.47
98.45
98.18
98.56
98.67
98.61
98.79
98.50
98.56
98.50
98.54
98.35
98.68
98.58
98.44
