96.58
96.80
96.52
96.73
96.58
96.97
96.67
96.95
96.53
96.77
96.78
96.73
96.27
97.00
97.15
97.00
96.47
96.41
96.90
96.78
96.01
97.15
96.78
95.73
96.59
96.56
96.64
96.25
96.84
96.69
96.63
96.57
96.22
96.16
96.89
96.42
96.93
96.79
96.92
96.64
96.50
96.75
96.68
96.93
96.93
96.95
96.74
97.09
96.31
96.39
96.30
96.59
96.58
96.79
96.72
96.66
96.65
96.24
96.91
96.72
96.39
96.69
96.65
96.16
96.85
96.72
96.29
96.96
96.42
96.55
95.89
97.08
96.81
96.62
96.65
96.78
96.67
96.77
95.41
97.01
96.51
96.77
96.91
96.83
96.98
96.76
96.47
96.41
96.61
96.70
96.93
96.88
96.17
96.42
96.83
96.92
96.63
96.43
96.39
96.81
96.72
96.88
96.37
96.82
96.96
96.67
96.43
96.45
96.74
96.77
96.52
96.82
96.45
96.79
96.54
96.45
96.48
97.08
97.05
96.85
96.32
96.62
95.88
96.53
96.70
96.83
96.56
96.72
96.85
96.63
96.81
96.25
96.67
96.91
97.00
96.94
96.41
96.76
96.63
97.12
96.94
96.50
96.86
96.43
96.05
97.03
97.09
96.54
96.86
97.04
97.14
96.67
96.96
96.46
97.04
96.89
96.97
96.69
96.54
96.92
96.57
96.52
96.40
96.65
95.93
96.69
96.97
96.46
96.62
96.19
96.94
96.66
97.20
96.96
96.74
96.49
96.49
96.82
96.77
96.73
96.97
95.84
96.73
96.46
96.60
96.80
96.67
96.69
96.59
96.84
96.77
97.11
96.86
96.53
96.81
96.51
96.85
96.47
96.78
96.86
96.43
95.65
96.67
96.94
96.19
96.73
96.97
96.42
96.30
96.26
96.67
95.67
96.56
96.77
96.60
96.75
96.82
96.60
96.88
96.64
96.63
96.93
96.67
96.68
96.10
96.48
97.07
96.15
96.68
96.82
96.42
96.33
96.96
95.85
97.01
96.77
95.33
96.50
95.15
96.64
96.88
96.85
96.75
96.76
96.67
96.74
95.95
96.60
96.84
97.01
96.82
96.42
96.51
96.59
96.80
96.27
96.61
96.77
96.47
96.77
96.83
97.01
96.58
96.44
96.91
96.94
97.00
96.98
96.83
96.54
96.52
96.80
96.92
96.89
97.01
97.01
97.07
96.79
96.50
96.73
96.59
96.77
95.85
96.93
96.91
96.53
96.30
96.62
96.77
96.96
96.88
96.55
96.81
96.59
97.00
96.94
96.94
97.10
96.96
96.01
96.20
95.87
96.76
96.99
97.03
95.79
96.88
96.87
96.83
96.50
96.77
96.70
96.61
96.54
96.32
96.76
96.64
96.74
96.54
97.09
96.83
96.86
96.92
97.00
96.71
96.88
96.98
96.12
97.18
96.66
96.87
96.92
96.97
96.88
96.96
96.93
97.16
96.69
96.79
96.79
97.01
97.01
96.79
96.91
95.94
97.03
96.72
96.62
96.89
96.68
97.11
96.77
96.78
96.73
96.65
97.08
96.68
96.68
96.43
96.65
96.50
96.74
96.69
97.16
96.51
96.90
96.97
96.87
96.88
96.81
96.86
96.57
96.79
97.01
96.57
96.64
96.57
96.69
96.50
96.56
96.72
96.47
97.14
96.46
96.44
96.92
96.51
96.81
97.05
96.60
96.75
96.75
96.35
96.33
96.21
96.67
97.00
96.58
96.79
96.39
96.31
96.51
96.85
96.30
96.57
97.01
96.73
96.75
96.97
96.85
96.38
96.85
96.69
97.15
96.71
96.40
96.95
96.78
96.95
97.08
96.64
97.03
96.88
96.92
96.67
96.71
97.04
97.00
95.95
96.57
96.79
96.85
96.64
96.85
96.51
95.99
96.78
97.12
97.10
97.10
96.86
96.81
96.48
96.75
96.38
96.53
96.89
96.91
96.99
97.11
96.94
96.73
95.95
96.77
97.06
96.77
96.38
96.66
96.60
96.49
97.11
96.47
96.89
96.79
96.38
96.85
96.43
96.82
96.53
96.88
96.89
96.43
96.81
97.12
96.87
96.49
96.43
95.98
96.57
96.67
96.28
96.44
96.82
96.34
96.66
97.03
96.71
97.14
97.04
97.29
97.12
96.62
96.88
96.75
96.83
96.57
96.71
96.72
96.77
96.43
96.50
97.05
96.80
96.72
96.59
96.83
96.77
97.02
96.96
97.01
96.95
96.82
96.47
97.05
96.14
96.52
96.46
96.83
96.34
96.64
96.08
96.03
96.98
96.33
97.02
95.86
96.95
96.39
96.30
96.66
96.90
96.34
96.97
96.47
97.12
96.48
96.80
97.09
96.96
96.73
96.99
96.44
96.84
97.07
96.38
96.36
96.95
96.36
96.95
96.59
97.02
96.48
96.46
96.59
96.97
96.47
96.21
96.48
96.00
97.01
97.10
96.88
96.33
96.80
96.55
96.96
96.92
96.74
96.75
96.93
96.10
96.63
96.62
97.06
97.02
96.38
96.98
96.64
96.76
96.58
96.83
96.70
96.66
96.74
96.18
96.62
96.15
96.98
96.78
96.31
97.12
96.56
96.67
96.56
97.08
96.77
96.86
96.60
96.63
96.73
96.02
96.65
96.53
96.62
96.70
95.73
96.58
96.89
96.64
96.67
96.59
96.68
96.81
96.71
96.78
96.62
96.80
96.66
96.09
96.68
96.79
96.72
96.44
96.89
96.92
96.29
96.82
96.41
96.76
96.95
95.59
96.42
96.20
96.40
96.89
96.86
96.35
96.74
96.63
96.69
97.05
97.04
96.51
96.47
96.84
96.93
97.01
97.09
96.27
96.11
97.08
96.18
96.63
96.36
96.56
96.60
97.04
96.29
96.99
96.50
96.46
96.47
96.74
97.14
96.42
96.55
96.89
96.19
97.11
97.01
96.49
96.84
96.74
96.29
96.24
96.07
97.09
97.12
96.69
96.70
97.06
96.67
97.03
96.93
96.94
96.70
96.61
96.66
96.31
95.94
96.40
96.78
96.63
96.91
96.36
96.01
96.55
96.58
96.76
96.61
96.74
96.75
96.85
96.62
96.94
96.79
96.77
97.11
96.60
96.65
96.53
96.74
96.53
96.55
96.95
96.21
96.72
96.70
96.74
96.60
96.73
96.67
96.99
96.68
96.66
96.35
96.98
96.51
96.51
96.96
96.63
96.50
96.48
96.92
95.95
96.54
96.36
96.71
96.33
96.76
96.85
96.72
96.67
96.85
96.85
96.63
96.76
96.94
97.05
97.09
96.51
96.37
96.51
96.80
96.65
96.97
96.54
96.41
96.83
96.82
96.81
96.87
96.79
97.11
96.89
97.22
96.65
95.47
96.85
96.90
97.16
96.93
96.36
96.72
97.06
96.45
96.77
96.94
97.04
96.64
97.06
95.68
96.81
96.81
96.51
96.47
96.90
96.91
96.86
96.39
96.22
96.96
96.83
96.55
96.92
96.99
96.97
96.66
96.80
96.63
96.71
96.91
95.76
97.09
96.99
96.90
96.57
96.75
96.92
96.87
95.99
96.78
96.48
96.50
96.69
96.42
96.50
96.94
96.45
96.89
96.73
96.18
96.58
96.98
97.00
96.67
97.00
96.33
96.85
96.39
96.61
96.53
96.92
96.47
96.81
96.86
96.59
96.80
96.61
96.87
96.54
96.25
96.51
96.84
97.04
95.90
96.45
96.63
97.20
96.79
96.31
97.06
96.89
96.78
96.34
96.43
96.65
96.82
95.88
96.57
96.82
96.66
96.67
97.29
96.58
96.67
97.06
96.72
96.36
96.50
96.83
96.45
96.50
97.14
96.06
96.97
96.54
97.02
96.98
96.97
96.84
96.19
96.71
96.74
96.59
96.68
96.92
96.86
96.78
96.60
96.65
96.35
96.88
96.40
96.91
96.89
96.29
96.76
96.95
96.58
97.00
95.94
96.07
96.44
97.04
97.06
96.84
96.77
97.07
96.91
96.48
96.65
96.53
96.65
96.84
96.28
96.94
96.99
96.89
96.72
96.58
96.79
97.08
96.62
96.94
96.20
95.00
96.67
95.89
96.50
96.55
96.91
96.96
96.75
96.54
96.71
96.79
96.43
96.70
96.83
96.73
96.89
96.98
96.37
96.29
96.76
96.74
96.53
96.56
96.75
96.42
96.57
96.75
96.83
96.55
96.78
96.71
96.88
97.07
96.89
96.83
96.86
96.48
97.05
96.99
96.57
96.55
96.46
96.57
96.57
96.34
96.92
95.53
96.91
96.97
96.76
96.61
96.81
96.99
96.93
96.48
96.83
96.84
96.35
97.04
95.49
96.97
96.93
96.81
97.05
96.70
96.62
96.78
96.44
96.48
96.93
97.02
96.56
97.10
96.30
