78.40
88.69
93.55
89.68
90.10
91.76
89.88
92.13
89.84
92.77
91.06
92.23
91.71
94.63
90.20
91.80
94.08
72.52
92.14
95.28
91.80
94.30
92.49
92.67
92.79
94.44
93.15
89.26
87.67
92.96
94.54
90.32
85.85
84.46
93.65
94.24
93.72
91.42
87.28
94.60
93.56
84.99
91.94
93.44
95.42
91.76
91.42
93.44
84.93
93.89
90.89
91.92
92.11
85.95
93.45
93.59
93.44
95.85
92.40
91.69
87.64
83.83
93.20
89.71
88.14
93.20
90.92
94.20
88.11
87.65
90.94
87.49
93.58
88.95
88.32
92.24
93.04
92.85
88.36
90.07
91.56
93.58
89.41
91.31
95.32
87.58
90.62
89.72
74.33
92.37
93.18
86.94
89.03
93.29
92.09
72.94
91.41
93.05
88.09
92.28
94.54
92.13
90.03
93.70
92.84
86.19
81.64
84.25
88.22
83.04
90.04
91.33
88.11
88.52
94.41
91.00
93.91
89.37
81.26
91.80
91.24
93.46
89.22
91.96
88.39
91.19
92.16
89.96
90.39
90.16
94.14
93.42
93.68
92.07
94.78
93.90
92.85
92.11
88.91
89.61
94.14
92.35
90.68
90.64
92.26
91.72
81.65
84.07
84.51
92.22
95.08
86.75
92.87
93.81
90.05
92.54
87.31
91.98
94.49
92.20
95.71
94.24
92.79
92.97
87.45
89.41
92.84
93.48
93.70
95.51
87.89
95.17
88.45
93.03
84.24
89.63
86.72
95.24
88.06
84.79
91.66
93.70
88.67
92.17
92.57
90.99
78.74
90.49
93.22
84.69
90.34
95.03
90.68
93.05
92.83
93.27
93.49
82.95
94.68
91.72
94.69
88.56
92.36
92.69
87.71
91.12
92.99
93.55
89.11
93.99
92.39
93.37
89.65
95.23
94.45
90.79
90.16
87.87
94.56
91.93
92.47
94.14
92.32
93.10
87.57
84.46
89.52
87.57
93.77
91.52
90.20
90.21
92.59
94.06
93.32
94.07
92.21
92.30
93.53
87.20
93.11
90.32
92.44
92.41
92.87
89.70
92.76
95.48
93.12
92.24
93.66
92.04
93.51
93.88
91.67
95.25
92.06
81.67
92.90
89.50
92.23
88.95
93.65
92.27
92.32
94.18
87.22
91.31
87.47
88.83
92.85
92.53
91.29
88.31
93.32
93.11
90.39
92.02
92.49
88.77
91.03
89.91
92.16
93.61
94.91
91.74
92.35
88.04
92.76
92.88
92.17
92.69
87.47
94.36
87.49
89.39
88.11
92.58
93.39
94.64
89.61
91.84
93.54
92.86
85.25
88.38
94.03
89.61
89.50
92.61
88.25
93.89
93.01
93.19
89.81
91.46
92.11
88.83
94.56
94.81
91.74
92.00
89.45
88.07
94.75
92.97
95.25
88.53
89.88
85.36
91.11
91.88
87.87
92.88
94.34
92.56
91.34
95.38
94.79
88.73
93.33
95.17
92.31
91.48
93.72
85.62
88.49
95.51
93.32
77.79
86.49
91.57
89.72
92.77
87.43
92.93
92.13
91.98
90.88
91.48
93.71
93.84
87.89
90.17
92.18
90.95
93.48
93.98
93.57
91.71
83.96
90.31
89.17
94.05
90.13
91.03
93.02
93.55
94.03
88.72
93.46
92.34
91.83
91.11
91.94
93.18
96.18
89.73
91.55
93.10
92.29
92.94
93.61
92.24
93.08
93.09
85.56
95.12
91.69
84.49
87.76
94.49
92.07
91.79
91.58
90.80
95.32
78.92
92.82
91.63
88.93
90.75
93.71
92.88
94.44
93.19
87.83
89.35
91.52
90.80
93.72
93.96
93.69
94.44
87.88
92.56
95.68
92.06
89.55
90.96
90.54
87.34
91.40
92.03
93.64
90.31
88.22
92.10
91.67
93.62
93.25
92.20
92.68
94.11
93.28
94.40
91.81
86.31
91.18
92.74
93.43
94.60
85.02
94.23
88.45
92.33
92.02
86.43
90.43
92.11
90.99
89.74
89.00
91.42
91.69
90.23
86.90
91.02
95.04
94.67
92.13
90.34
83.62
94.21
93.51
92.44
93.50
92.58
85.06
92.73
90.03
94.62
89.96
93.43
93.70
89.18
87.21
91.58
93.23
89.07
91.55
87.95
94.36
92.96
90.29
90.28
89.07
85.29
92.43
87.77
94.38
92.21
94.07
92.63
80.44
91.18
92.54
92.90
94.22
90.15
93.34
88.88
92.07
90.29
92.52
89.85
90.30
93.03
88.63
93.54
87.80
92.39
88.13
91.50
82.53
90.16
89.92
91.87
91.09
94.40
94.85
91.57
93.59
91.96
89.62
88.98
90.46
90.77
91.56
84.29
91.16
90.50
93.12
92.41
91.23
93.55
91.29
92.99
83.75
93.17
92.12
94.09
93.21
89.52
92.52
88.18
91.22
81.91
91.12
83.24
91.71
94.03
89.73
93.74
91.05
92.43
91.38
89.67
93.61
84.13
90.33
91.76
93.26
84.70
91.49
83.83
93.28
90.68
93.89
93.04
92.00
93.49
89.27
94.44
89.41
93.61
92.58
91.56
91.68
90.18
92.38
92.40
92.41
82.88
86.56
92.31
87.61
93.80
93.25
85.64
88.36
93.77
90.45
92.75
76.42
93.84
86.88
91.18
92.15
93.40
83.75
94.56
88.05
84.95
94.48
89.89
92.29
91.47
91.79
91.80
92.63
92.00
89.11
94.14
93.15
93.37
88.43
91.85
90.84
91.07
87.91
90.79
89.51
91.06
91.21
89.14
86.66
89.57
92.28
92.93
92.91
92.84
92.14
93.09
92.94
84.80
94.26
94.39
91.79
91.06
90.75
91.24
91.90
94.17
91.26
91.86
86.71
95.76
94.92
92.53
91.41
84.46
88.30
92.28
90.58
91.83
80.21
87.39
92.60
92.08
93.30
91.59
93.67
93.34
88.72
91.70
87.38
94.85
86.83
94.46
94.85
92.10
93.30
93.51
93.00
92.21
93.84
85.13
94.24
89.42
91.42
94.16
92.23
93.45
93.04
92.13
92.70
91.29
91.10
88.88
93.07
92.55
90.56
92.80
92.96
93.46
91.00
94.65
91.31
88.75
91.36
94.86
93.43
92.44
91.35
93.17
94.57
92.99
87.34
92.32
85.96
90.76
94.32
90.36
93.14
80.60
85.83
86.56
92.74
90.25
92.36
92.16
93.06
89.18
90.92
93.69
88.71
80.45
92.88
92.55
91.78
94.27
89.53
90.30
92.22
93.26
90.12
92.30
90.88
80.84
92.65
92.18
91.02
90.87
91.60
94.26
90.53
89.00
95.19
95.07
93.41
92.56
92.21
92.19
93.45
93.47
94.97
90.00
94.21
89.14
93.28
93.14
91.78
87.38
88.54
93.80
87.43
92.18
92.74
89.66
87.99
94.15
92.01
91.34
92.86
93.75
94.76
86.18
70.60
92.50
92.46
93.12
94.12
92.69
94.53
90.12
85.10
90.33
91.74
88.86
90.81
94.53
90.53
89.54
91.22
93.77
92.76
89.79
90.75
93.85
87.20
90.95
90.02
86.93
95.83
88.76
88.13
94.15
83.59
93.27
87.43
91.33
92.93
93.28
92.84
83.12
92.26
92.68
90.73
91.99
92.92
88.70
91.67
90.68
92.38
93.70
90.89
92.65
88.91
90.42
92.64
91.46
93.10
92.67
90.92
92.69
93.51
94.37
92.53
91.23
88.53
91.82
93.40
90.08
93.13
88.10
89.67
87.43
92.27
93.94
91.53
94.20
93.08
79.26
93.36
94.72
89.71
94.13
91.39
92.95
88.30
90.08
94.58
93.82
89.77
88.07
92.18
92.77
90.88
89.17
91.91
88.30
89.28
91.32
90.67
91.20
92.40
90.93
93.00
91.72
93.06
88.80
91.04
93.73
92.91
91.92
93.58
90.14
93.15
88.54
86.68
92.58
94.66
90.75
90.39
94.96
90.84
93.03
91.70
89.84
90.16
90.83
88.51
93.99
91.65
91.67
86.11
93.05
81.45
92.36
88.79
91.97
92.90
93.91
94.30
92.77
91.35
94.64
93.24
91.52
92.82
92.78
88.60
90.91
89.05
92.74
91.07
91.04
94.13
89.58
85.90
93.22
90.38
94.19
89.85
95.02
94.09
92.66
93.55
90.36
93.71
94.35
91.24
89.79
93.56
80.96
93.41
86.48
87.82
90.62
90.41
86.47
92.77
93.00
88.61
94.99
92.05
93.09
85.39
94.00
84.34
91.66
92.52
88.67
87.12
79.92
89.92
94.14
88.61
89.67
90.36
84.96
92.58
91.47
87.51
93.19
93.90
90.01
88.80
88.16
92.31
92.26
89.51
89.80
92.06
88.92
93.99
93.85
89.11
93.69
