95.89
95.22
95.64
95.14
96.12
94.52
95.84
95.07
94.29
95.35
95.48
96.13
93.36
93.88
94.72
95.64
95.76
94.94
95.96
95.61
96.44
96.05
95.54
95.97
95.54
95.22
95.84
95.87
96.35
96.23
94.88
95.21
96.53
95.83
96.29
96.47
95.31
94.18
95.76
95.40
95.99
94.13
96.24
94.61
96.17
94.53
95.65
96.11
96.51
95.44
96.44
95.94
95.85
96.31
96.03
95.11
95.32
95.27
96.38
95.69
95.75
94.95
95.94
95.52
95.34
95.97
96.74
94.98
92.12
95.91
93.88
94.17
96.26
96.05
96.10
95.74
96.75
96.30
94.84
94.67
95.22
94.89
94.65
96.24
95.40
95.24
94.18
94.66
95.67
94.86
95.32
95.42
95.25
95.96
96.10
96.50
94.15
96.50
94.61
94.65
94.96
96.02
96.46
96.38
96.58
96.40
95.94
95.60
96.23
96.41
94.47
95.68
95.55
94.74
95.05
96.16
95.00
96.02
95.23
95.72
94.55
94.89
93.74
94.92
94.45
96.48
96.09
95.80
95.53
95.68
95.06
94.71
95.13
94.95
94.45
94.74
95.81
96.34
95.37
95.07
96.09
94.77
96.28
95.04
96.31
95.51
94.85
94.54
95.16
96.83
95.79
94.97
95.99
91.11
95.28
95.37
95.19
95.76
94.25
95.08
95.29
96.02
96.76
94.31
94.06
95.95
94.83
96.21
96.21
96.17
94.86
94.19
94.81
96.60
95.24
94.13
96.83
95.28
94.42
95.24
95.78
95.13
94.51
95.90
95.72
95.71
95.28
94.41
94.84
95.79
95.42
96.41
94.24
95.98
94.52
96.22
96.27
96.22
94.67
96.01
91.07
95.91
94.35
96.12
94.90
95.25
94.43
93.28
95.69
96.68
94.36
95.18
96.04
94.68
95.59
96.05
95.29
95.85
94.87
95.37
96.52
94.40
96.06
95.47
93.89
94.99
94.45
94.79
95.63
95.25
96.15
96.62
95.80
96.26
95.66
94.77
94.90
95.72
94.85
95.88
95.18
95.16
95.70
95.55
95.71
95.92
95.25
92.80
95.04
95.50
95.60
95.58
93.96
96.43
96.04
95.77
95.59
95.74
95.84
96.82
95.36
96.76
94.52
96.39
95.71
94.33
95.19
95.09
95.86
96.09
93.41
95.00
95.77
95.41
96.64
94.81
94.76
96.62
95.51
94.45
95.78
95.62
95.37
94.67
95.59
96.44
95.64
95.56
95.52
95.58
95.99
94.50
95.52
95.24
94.21
95.87
95.92
95.44
95.52
96.10
94.34
95.50
95.41
95.20
95.89
96.17
95.11
95.89
96.58
96.78
96.17
95.72
95.69
96.57
96.72
95.86
95.00
94.82
95.46
94.95
94.74
96.03
96.18
94.76
96.62
92.68
95.41
95.88
96.40
95.14
95.97
93.73
96.64
93.89
95.60
96.10
96.05
96.23
96.57
95.47
95.46
96.26
96.02
94.63
95.50
92.40
95.41
95.83
94.74
95.34
95.77
96.91
95.45
95.78
95.87
94.61
95.83
95.46
91.89
95.85
94.74
95.24
95.92
94.99
95.87
93.91
93.87
93.79
96.07
96.04
96.00
96.49
93.57
96.16
95.92
94.31
96.10
95.77
96.00
95.30
96.20
96.43
95.32
95.55
95.48
95.80
94.97
96.69
94.77
94.98
95.23
96.54
95.18
95.12
95.70
95.37
95.32
95.43
96.14
96.04
94.42
96.02
95.45
95.31
95.69
95.94
94.11
96.20
96.51
94.62
94.82
95.55
94.74
94.81
95.52
96.28
89.96
92.86
96.01
96.01
92.61
95.46
95.29
96.41
96.18
95.55
95.46
94.93
95.61
96.53
95.53
94.96
96.65
96.46
95.68
96.76
95.66
96.22
95.49
96.11
95.02
96.39
94.65
94.33
96.73
96.41
95.42
96.09
95.92
96.28
95.67
96.40
95.87
96.02
95.46
95.66
96.62
93.56
94.98
95.95
95.43
94.29
95.21
95.80
96.24
95.45
95.69
95.83
95.86
95.66
95.82
95.87
95.93
92.71
94.71
95.26
94.93
93.60
96.45
95.65
96.62
95.69
95.91
95.38
95.75
95.85
96.63
95.94
96.23
96.05
96.43
95.41
95.73
95.62
95.17
95.85
96.23
95.60
95.93
94.30
95.74
96.82
95.70
95.71
95.00
92.53
95.84
95.69
96.22
93.85
96.24
95.17
95.37
96.28
95.38
96.14
96.15
95.45
95.66
96.20
95.33
95.28
94.54
95.77
95.81
96.03
94.69
95.45
96.05
94.69
95.99
93.38
95.18
96.36
95.32
96.25
96.43
96.44
95.36
95.38
94.24
96.34
93.25
96.47
96.01
95.34
95.67
96.20
95.55
95.55
94.77
94.69
93.14
96.49
94.96
95.12
95.69
95.04
95.38
95.54
96.40
96.03
96.19
92.27
96.11
95.16
95.97
95.90
96.02
96.31
95.27
96.60
96.23
95.51
94.13
96.20
96.55
96.01
95.90
95.89
94.53
96.41
94.96
95.46
93.25
96.48
95.82
95.55
95.60
96.61
95.82
94.62
95.35
94.90
94.82
96.35
94.65
93.77
95.37
95.77
95.11
95.45
96.43
95.33
95.50
95.91
95.86
95.79
93.96
94.91
94.98
93.57
95.10
95.05
95.23
95.36
95.66
95.50
91.60
95.08
95.21
96.63
96.54
96.10
95.97
96.16
95.64
95.69
96.28
95.62
96.18
95.70
95.77
95.50
94.59
96.18
96.44
95.80
95.25
95.63
95.15
94.95
94.02
95.51
94.76
95.14
95.62
96.58
95.46
96.31
96.49
95.96
95.53
95.68
95.64
95.51
93.88
93.56
95.60
95.27
94.96
95.08
95.58
94.36
95.04
96.37
95.48
94.79
95.82
93.76
96.51
94.21
94.95
95.44
95.51
96.57
94.78
95.03
95.32
95.43
88.49
93.53
96.05
96.03
95.64
96.04
96.10
95.67
93.93
95.70
94.53
95.95
94.96
96.45
94.37
94.50
95.45
96.40
96.07
96.64
96.00
95.27
94.86
95.67
96.53
95.59
95.39
94.58
95.17
95.69
96.44
93.96
95.83
95.92
96.50
94.82
96.05
96.08
95.77
94.02
96.41
95.56
95.94
96.30
94.26
96.27
95.47
95.17
95.74
95.63
94.07
95.18
92.99
94.49
95.48
94.71
95.57
95.33
95.84
96.34
96.22
95.87
96.02
95.57
95.91
94.42
96.03
94.12
95.40
93.59
95.21
95.72
94.83
94.94
96.31
93.19
95.93
96.00
96.14
94.57
95.34
96.23
95.87
95.90
95.53
92.44
95.94
95.71
94.23
96.26
96.55
95.27
95.96
95.15
96.02
95.12
93.69
95.28
94.02
95.50
96.66
95.11
95.41
95.94
95.68
95.64
95.34
95.70
93.57
95.28
96.37
94.26
94.58
95.63
96.62
96.10
95.93
95.52
94.95
96.37
94.80
95.58
96.35
95.87
95.65
96.33
96.33
96.02
94.79
95.84
96.34
96.30
96.23
94.29
95.93
94.56
94.74
96.30
96.11
96.02
94.09
96.15
96.52
94.88
93.69
95.72
94.57
95.94
95.91
94.66
93.93
96.17
96.70
95.81
96.58
95.93
96.09
95.36
95.25
96.10
95.72
95.29
94.25
95.82
94.99
95.84
95.22
94.63
94.86
96.19
95.47
96.18
96.42
95.89
96.63
95.86
93.23
96.26
95.04
96.25
96.40
95.73
94.66
94.95
95.56
94.27
96.02
95.47
94.82
94.31
95.92
95.60
96.16
95.55
96.12
96.31
94.78
95.71
95.80
95.41
95.89
95.36
95.67
95.29
96.69
95.75
96.01
96.27
93.93
95.79
95.48
96.54
95.84
95.56
96.02
95.96
95.41
96.42
95.11
95.49
94.59
95.12
96.61
96.08
94.91
95.85
96.45
95.93
96.18
94.95
95.88
96.13
95.98
95.98
95.55
94.28
94.86
95.17
95.04
95.50
95.89
96.17
93.98
96.22
95.71
94.30
95.54
96.24
95.64
95.34
95.54
95.40
95.13
93.37
95.79
95.02
95.67
93.01
94.98
96.30
96.00
95.47
95.96
96.32
96.06
95.69
95.96
95.41
94.34
95.58
95.46
96.11
95.61
95.92
95.46
95.90
96.04
96.38
95.64
95.23
95.18
95.45
95.69
95.67
96.16
96.15
95.79
94.95
95.72
94.30
94.77
92.65
93.14
95.26
94.39
95.90
93.98
95.97
94.69
96.01
95.10
95.06
95.90
96.69
96.48
95.39
96.25
94.80
96.32
94.66
96.38
95.91
95.72
95.69
96.55
94.11
96.01
95.18
95.18
94.89
