91.44
83.58
88.66
86.22
90.66
92.68
85.12
90.55
91.59
92.78
89.51
87.32
80.06
91.51
87.85
94.05
87.14
87.98
90.52
89.53
91.23
86.98
87.84
92.15
86.34
90.88
84.41
85.06
90.93
92.22
89.46
88.26
83.35
82.14
86.98
84.44
85.70
90.75
87.68
93.41
86.40
89.52
86.56
80.32
93.11
85.68
91.52
93.62
90.87
89.48
93.05
89.35
85.29
92.36
90.88
90.14
92.35
84.74
84.54
87.72
86.55
91.60
89.72
89.01
84.97
91.35
88.54
89.92
90.83
86.70
88.20
91.83
89.43
91.92
83.31
92.31
88.43
90.36
92.52
90.48
85.66
86.46
85.37
91.83
88.64
86.83
87.65
87.40
91.65
90.93
90.62
87.51
92.67
90.19
89.73
90.41
87.93
81.83
80.43
83.59
85.57
91.12
90.34
86.00
93.52
83.28
89.81
72.11
74.83
88.43
79.28
94.07
85.27
90.46
90.69
93.01
86.77
93.84
85.27
80.83
91.60
88.89
89.40
87.71
86.38
91.06
89.45
81.24
87.70
89.32
85.85
89.59
91.87
93.63
91.50
90.98
81.40
77.83
93.34
90.28
87.27
89.35
89.77
93.87
91.48
92.03
93.64
92.47
89.42
89.96
91.65
92.44
89.43
86.77
90.08
81.21
74.73
86.79
91.90
89.19
92.42
90.44
89.69
91.95
92.97
87.37
88.37
90.70
89.87
85.18
83.88
85.23
86.89
94.16
93.03
90.26
91.28
89.08
80.61
89.76
90.07
84.43
83.86
90.45
90.66
87.06
90.50
84.53
91.29
89.91
91.68
94.20
91.77
79.72
82.85
86.77
88.80
94.21
83.84
93.44
89.88
82.04
94.19
92.16
92.74
92.02
88.34
91.59
83.88
86.80
89.80
87.68
83.15
91.07
84.58
91.57
85.57
80.98
90.97
88.07
87.80
92.63
89.98
79.60
92.27
91.41
87.55
90.21
80.61
84.53
84.59
91.74
91.87
92.89
91.18
88.70
92.75
89.48
87.94
91.71
84.06
88.05
89.80
88.03
94.07
87.57
91.92
88.90
89.29
82.94
91.81
85.10
77.97
91.27
87.94
87.95
80.57
82.80
89.56
90.74
88.88
90.91
89.86
88.13
81.28
83.94
86.54
92.03
92.54
87.17
87.03
88.03
91.43
92.92
91.52
92.46
93.01
76.37
90.70
87.75
94.60
71.54
93.40
91.08
88.29
87.10
84.88
87.14
90.24
87.10
86.10
87.86
87.81
83.50
91.83
76.30
91.03
91.75
92.17
87.12
88.08
85.91
88.77
90.21
90.97
89.90
85.78
85.19
85.81
91.12
89.91
87.36
75.41
90.19
84.63
90.28
87.78
85.63
90.95
89.52
92.88
88.51
87.40
87.66
84.98
83.40
89.58
90.62
93.70
87.72
83.94
85.46
91.80
91.49
83.70
84.80
84.06
77.26
91.05
86.52
87.19
80.45
89.89
90.58
86.41
77.08
84.87
90.72
86.78
86.99
89.53
84.99
87.48
78.81
90.14
90.04
90.30
86.77
80.16
89.52
91.67
86.78
90.15
86.53
91.65
86.63
92.56
83.77
79.30
93.02
86.29
93.64
85.90
87.24
81.25
88.43
91.03
91.36
89.49
84.12
93.36
84.77
89.33
91.72
80.94
88.32
86.64
91.00
87.32
79.57
92.07
79.59
85.73
93.83
84.60
83.82
92.47
84.22
90.08
91.27
88.95
86.51
91.87
92.82
91.02
84.34
84.44
90.86
79.61
91.72
86.80
90.92
83.05
73.96
86.58
89.71
87.95
87.98
89.65
86.40
89.77
92.22
92.98
87.30
91.47
87.84
92.89
91.38
88.93
88.30
89.80
90.97
89.58
76.00
88.74
90.84
89.48
86.41
90.96
92.18
93.97
94.61
82.79
91.62
89.08
84.06
86.77
89.99
88.34
85.84
90.68
90.51
92.76
85.00
85.10
88.32
87.97
82.43
90.34
92.39
91.42
89.30
83.52
86.34
87.15
74.86
90.83
92.88
93.37
86.05
81.59
91.65
81.73
89.08
91.20
94.62
81.29
87.12
90.86
92.93
86.98
92.27
79.60
89.64
94.75
89.01
85.62
82.03
90.65
86.70
87.93
82.79
86.76
91.36
90.05
89.17
87.20
92.03
92.91
84.26
88.74
86.14
90.34
89.51
89.73
87.36
75.22
92.54
91.48
91.06
88.77
91.84
91.29
89.03
91.13
89.29
88.21
85.73
87.95
81.26
88.81
73.53
90.53
91.86
88.57
86.36
89.06
82.46
91.33
77.67
90.13
91.31
88.42
91.01
93.05
91.55
76.38
75.43
90.97
87.68
88.87
83.28
88.97
81.76
91.62
86.81
85.55
85.70
89.25
90.52
88.05
90.32
89.14
89.91
78.79
85.80
92.99
88.76
88.79
88.86
86.39
89.42
85.11
85.19
90.54
86.35
93.07
90.30
87.60
90.30
85.91
87.35
85.73
89.29
90.26
89.09
90.39
89.35
88.18
90.77
84.31
87.77
73.34
90.71
88.38
88.08
86.45
88.02
90.72
89.82
89.26
89.44
88.99
90.39
91.46
80.47
93.36
89.48
87.64
91.42
78.58
94.18
77.01
90.22
88.47
91.64
89.29
80.03
91.62
93.09
90.24
80.71
83.81
83.64
87.57
93.25
94.08
89.99
84.22
91.50
87.19
90.26
91.71
83.18
83.84
93.70
89.62
93.38
88.79
82.92
88.34
83.23
85.29
92.86
75.64
92.59
91.69
81.30
82.59
74.86
85.94
90.80
85.97
86.69
91.47
91.14
91.50
80.09
85.69
94.34
79.47
88.05
89.56
90.16
92.31
88.65
83.11
90.42
92.11
91.80
85.26
90.54
89.15
76.50
87.46
85.67
91.10
81.78
93.05
85.90
83.52
90.69
92.71
86.74
78.22
87.95
93.91
77.46
89.35
81.68
90.12
91.16
85.96
85.56
85.06
87.73
91.37
83.32
87.62
86.95
93.23
86.13
90.91
81.96
91.97
89.65
85.57
93.84
84.62
90.43
89.93
88.18
90.58
93.31
91.18
90.74
89.54
89.03
77.49
88.69
88.35
83.00
89.50
87.41
89.69
94.54
89.08
84.89
86.79
93.79
82.70
86.08
84.44
93.30
90.58
92.39
82.14
88.72
89.85
93.99
88.84
84.96
88.58
88.43
92.22
90.67
66.56
87.76
87.78
90.68
86.11
78.95
81.63
90.33
93.19
89.63
91.76
91.33
93.42
86.49
93.96
92.54
86.95
83.82
91.22
76.71
91.58
84.93
90.82
88.89
86.72
77.96
91.20
86.43
91.09
88.81
87.48
88.09
85.33
92.12
89.74
86.93
87.69
86.29
90.21
88.60
85.62
88.74
91.00
89.29
85.91
88.59
80.12
89.93
91.35
91.30
78.82
83.94
90.96
81.50
88.38
90.47
89.61
93.15
89.57
84.69
89.36
85.16
89.88
87.87
85.03
87.05
90.41
89.33
81.66
90.21
89.39
89.10
83.68
86.23
85.78
91.66
90.74
90.11
90.69
90.39
81.01
86.53
91.34
89.25
91.80
89.92
89.32
93.59
83.95
86.89
87.15
88.20
86.78
90.78
92.99
84.26
85.53
88.13
83.49
86.24
88.71
86.40
87.03
82.79
88.31
92.71
84.25
83.39
92.51
83.93
84.42
80.67
90.80
90.04
88.23
88.54
92.77
90.93
85.39
90.35
88.82
85.50
93.07
91.80
92.19
92.77
84.20
88.50
93.61
91.34
83.45
91.16
85.79
93.98
87.38
93.63
90.31
89.71
88.10
92.88
89.07
86.74
90.87
90.10
89.54
84.61
92.38
88.00
94.37
87.52
83.85
89.12
88.27
88.28
92.28
88.54
89.46
91.54
89.70
88.23
86.41
93.03
85.65
81.21
79.73
91.58
90.18
88.33
90.09
92.25
80.42
83.27
95.40
88.27
91.30
87.80
87.58
89.67
91.26
86.95
88.47
83.23
84.60
81.70
88.27
91.42
88.71
92.18
89.07
84.55
91.83
84.39
82.32
89.90
86.44
90.32
85.60
91.91
85.70
91.83
80.49
88.43
71.93
88.90
89.59
78.14
88.44
89.49
91.12
87.70
84.53
92.00
84.58
86.87
84.45
94.09
84.73
91.47
92.53
86.75
91.51
86.43
83.91
84.50
93.03
90.40
92.52
93.61
92.77
85.78
89.44
92.59
89.39
88.89
89.11
85.15
91.77
92.05
93.99
90.25
90.22
81.87
87.37
85.16
79.16
82.59
91.18
88.46
81.82
94.39
85.47
87.69
90.49
80.65
89.00
94.38
83.14
83.73
93.35
89.58
89.27
89.25
82.62
85.24
