96.27
95.07
96.34
96.49
96.66
96.85
96.38
96.89
96.44
96.21
96.28
96.68
96.52
96.47
96.19
96.20
95.73
95.27
95.93
95.43
96.22
96.33
94.58
96.50
96.36
96.44
96.38
96.27
96.23
96.48
96.51
96.88
96.14
96.28
96.99
96.45
95.81
95.96
95.36
96.04
96.28
95.92
95.60
95.35
96.07
96.55
96.48
96.00
95.78
95.00
94.98
96.72
96.17
96.77
96.07
95.98
96.12
95.86
95.67
96.72
96.17
95.64
96.19
97.01
96.47
96.16
96.46
96.22
96.35
95.96
96.68
96.20
96.57
96.60
95.28
95.47
96.40
95.44
96.22
96.24
95.52
96.43
96.66
95.95
96.98
95.61
96.28
96.81
96.60
96.66
96.16
96.61
95.84
96.71
95.89
96.46
95.63
96.77
96.42
96.06
96.58
93.51
96.49
96.38
96.91
96.04
95.75
96.06
95.88
96.00
95.76
96.60
95.47
96.23
96.19
96.46
96.40
95.54
96.52
95.41
96.18
96.44
97.09
96.43
96.19
96.56
96.71
93.71
95.67
96.38
96.23
96.88
96.18
95.74
96.27
95.46
96.85
96.77
96.23
96.30
96.39
96.05
96.04
95.84
95.97
95.21
95.32
95.97
93.12
95.96
95.70
96.85
95.80
95.83
96.22
96.01
96.72
96.78
95.37
96.48
96.47
96.46
95.95
95.65
96.32
94.55
95.89
95.79
95.04
96.14
96.21
96.52
95.04
95.47
95.82
96.44
96.98
94.76
96.51
95.73
96.16
95.04
95.31
94.92
96.41
96.12
95.99
97.12
95.47
96.50
95.49
95.76
95.46
96.37
96.18
96.02
95.52
96.34
96.27
96.72
96.51
95.20
96.16
94.89
96.36
95.98
96.35
95.61
96.46
96.07
95.88
95.77
96.16
96.39
95.67
96.62
95.90
96.04
97.02
96.69
94.88
96.14
96.18
95.52
96.75
96.58
95.93
95.69
95.67
94.71
95.72
95.68
96.33
96.64
96.06
95.67
96.83
96.20
96.87
95.16
95.97
96.09
95.84
96.13
95.57
94.78
96.48
96.35
96.34
96.99
96.22
94.21
95.37
94.96
95.25
96.56
96.87
95.44
95.78
96.73
96.83
96.21
96.47
96.50
96.34
96.36
96.44
96.33
96.53
96.57
95.68
96.69
96.59
96.79
95.26
94.96
96.70
96.05
96.51
96.11
96.31
96.75
96.32
96.70
97.05
95.85
96.44
95.22
96.42
96.20
96.61
96.42
95.49
95.79
96.27
96.48
96.98
95.71
96.33
96.19
95.92
95.98
96.30
96.79
95.37
96.46
96.15
96.00
95.73
96.02
97.19
95.68
95.95
95.56
95.90
96.46
95.50
96.63
96.05
95.43
94.79
96.33
96.13
96.02
96.02
96.34
95.66
96.13
96.32
95.19
96.17
96.07
96.66
96.44
96.45
96.32
96.51
95.43
95.91
96.12
95.97
94.92
95.71
96.55
96.02
95.83
96.25
95.85
96.14
96.13
96.37
96.24
95.86
96.54
97.05
96.57
96.61
92.38
95.69
95.66
95.30
96.15
96.72
96.51
95.70
96.26
95.34
95.87
95.54
95.19
95.89
96.32
86.34
96.09
96.44
96.49
95.49
96.79
96.67
96.24
96.83
96.13
96.77
96.29
96.19
96.46
95.01
95.98
96.45
95.91
96.24
96.77
96.99
96.06
95.54
96.45
96.02
96.77
95.88
96.22
95.71
96.28
95.35
96.45
94.87
95.91
96.26
96.15
94.54
95.83
95.28
95.69
95.51
95.80
96.79
95.49
96.62
95.33
96.11
94.94
96.71
93.60
93.51
96.23
96.91
94.12
96.60
96.49
96.60
95.50
95.30
96.48
96.56
96.44
93.68
96.22
95.47
96.25
95.30
96.58
96.33
96.34
95.27
95.47
96.17
96.20
96.35
95.89
96.67
96.71
96.53
95.90
95.50
96.11
95.01
96.27
97.24
96.02
96.67
95.60
95.77
96.04
95.86
97.13
95.44
96.51
95.39
96.11
96.73
96.53
96.32
95.68
95.76
95.62
96.40
96.31
95.25
94.91
97.04
96.54
96.82
93.14
96.30
96.41
96.41
96.34
96.13
91.82
94.71
96.42
96.11
96.34
96.35
96.25
96.10
96.34
94.70
96.58
96.18
96.70
94.30
96.03
96.95
96.53
95.96
96.51
96.50
96.51
95.64
96.54
96.38
95.91
96.53
95.72
95.66
96.04
96.71
96.20
96.23
96.20
95.52
96.96
95.05
96.15
96.86
96.54
96.06
95.05
96.11
94.95
96.20
96.21
95.98
96.60
96.42
96.65
96.52
96.29
95.71
96.06
94.60
96.43
95.35
96.40
96.32
96.35
96.64
95.45
94.28
97.06
95.83
96.37
96.19
94.52
95.97
95.37
96.18
93.49
96.46
96.14
96.60
96.51
97.27
96.06
96.73
96.48
96.30
94.63
96.28
96.76
96.21
95.39
95.28
95.48
96.34
96.67
96.13
96.82
95.68
96.80
95.93
94.96
95.96
96.49
96.49
96.60
96.31
95.86
96.17
96.54
95.95
95.88
97.21
95.97
94.86
93.71
94.31
96.47
95.99
96.54
96.28
95.69
95.72
96.01
96.20
96.19
96.02
94.18
96.38
96.57
95.70
95.83
96.02
96.50
96.60
96.61
96.10
95.69
96.90
96.13
95.41
96.36
95.88
95.41
95.68
95.40
96.27
95.54
96.47
96.42
96.07
97.02
96.28
95.63
96.41
95.97
96.71
96.36
93.69
95.38
96.37
96.64
94.64
96.12
96.56
96.13
95.26
96.60
96.20
94.95
96.49
96.39
94.84
96.63
95.14
96.61
96.24
95.81
95.57
95.42
96.12
96.34
96.01
95.59
95.25
95.86
96.64
96.61
96.24
96.88
95.91
96.57
95.09
96.78
96.36
94.44
96.32
96.52
95.03
96.12
96.81
94.85
95.84
95.73
96.15
96.68
96.20
95.55
96.67
96.25
96.63
96.35
96.34
95.34
94.85
96.16
95.63
96.28
95.81
95.19
95.82
95.70
96.37
95.74
95.90
94.64
95.51
95.84
96.03
95.55
96.08
95.99
93.40
94.28
96.52
95.88
96.25
96.08
94.53
96.35
95.70
95.49
96.38
95.44
96.44
96.42
96.33
96.11
95.54
95.58
96.34
96.24
96.37
96.63
96.45
95.85
96.69
95.47
95.81
96.13
93.03
96.80
96.69
95.89
96.68
96.26
94.77
95.79
96.23
96.24
96.48
95.58
94.43
95.98
96.75
95.25
96.76
96.14
96.90
95.39
95.93
96.05
96.64
95.30
96.22
96.70
96.52
95.89
96.74
96.10
96.65
97.00
96.38
96.27
96.71
96.51
96.34
95.90
96.27
96.49
95.97
95.91
93.20
95.87
95.74
96.83
96.01
95.41
96.09
96.72
96.28
97.01
96.06
95.24
96.57
96.45
96.92
96.45
96.39
95.27
95.81
97.06
96.08
96.39
96.02
95.29
95.99
95.08
96.11
95.91
96.23
96.35
96.22
96.63
96.98
96.30
95.82
96.27
95.67
95.64
96.05
96.14
96.25
95.60
96.32
96.54
96.41
94.30
96.67
95.66
95.10
95.89
95.33
96.34
95.47
95.94
95.95
96.60
96.25
95.81
96.37
96.06
95.35
96.24
95.79
96.20
96.26
96.23
96.30
95.52
95.17
95.18
96.82
96.56
96.28
95.80
95.89
95.65
96.30
95.96
95.86
96.09
96.69
96.33
96.04
96.84
96.68
96.29
95.97
95.88
94.40
95.94
96.70
95.58
96.49
95.77
94.39
96.89
96.15
95.26
94.96
95.43
96.42
96.80
95.47
96.59
96.33
96.07
96.31
96.46
95.94
95.67
93.62
95.88
96.24
96.93
95.75
95.75
96.28
95.92
96.59
96.80
96.08
96.33
95.67
96.03
96.66
96.25
95.14
96.34
97.20
96.61
95.92
95.77
96.38
96.39
96.69
96.11
96.27
95.56
96.27
95.79
96.06
96.37
96.83
96.55
97.08
95.27
95.81
96.12
95.97
95.95
96.20
96.60
95.13
95.82
96.13
96.98
96.61
93.53
96.31
95.93
95.91
96.42
96.34
95.95
95.13
96.52
96.69
96.21
95.19
95.72
96.46
92.35
95.83
96.62
95.78
95.49
95.62
95.89
96.34
96.87
96.22
96.00
96.02
96.32
95.77
96.90
96.36
95.72
96.28
96.75
96.09
96.53
97.05
96.52
95.08
96.65
96.48
96.27
95.91
95.95
95.71
95.61
91.17
96.55
94.75
96.12
96.07
96.74
95.62
96.30
95.84
96.59
95.24
95.90
95.68
96.84
95.43
96.73
