97.94
98.44
97.89
98.03
98.14
98.29
97.78
97.95
98.19
98.42
97.89
98.02
98.23
98.09
98.49
98.26
98.17
98.25
98.15
98.20
97.59
97.80
98.13
98.43
98.44
97.95
97.90
98.14
98.14
97.77
98.08
98.40
97.99
98.12
98.12
98.12
98.38
98.32
98.35
97.98
98.42
98.43
97.26
98.32
98.16
98.29
98.34
98.48
98.07
98.09
98.34
98.01
97.54
98.35
98.33
98.20
98.30
98.17
98.47
97.96
98.01
98.26
97.93
97.74
98.44
97.95
98.33
98.24
98.19
98.22
98.24
97.45
98.09
98.39
98.17
98.05
98.22
98.02
98.31
98.32
98.23
97.86
98.08
98.31
98.37
98.34
98.51
97.50
98.27
98.02
98.19
98.12
98.27
98.09
98.37
97.98
98.37
98.34
98.29
98.46
98.24
98.20
98.26
98.12
98.23
97.92
97.74
98.27
98.12
98.31
98.21
97.93
97.94
97.99
98.50
98.36
98.21
98.36
98.17
98.01
98.45
98.01
98.29
98.38
98.25
98.15
98.30
98.06
98.14
98.40
98.19
98.13
97.96
98.28
97.51
98.39
98.23
97.96
97.87
98.21
97.52
98.20
97.71
98.21
98.05
98.19
98.07
98.19
98.08
97.88
98.37
98.44
98.34
98.17
98.11
98.29
98.37
98.09
98.35
98.03
98.13
97.78
98.23
98.09
98.24
98.10
97.39
98.40
98.24
98.22
98.33
98.04
98.24
98.36
97.92
98.13
97.75
98.04
98.01
98.19
97.81
98.05
98.21
98.15
98.28
98.16
97.75
97.68
98.27
98.39
97.98
98.41
97.79
98.18
98.31
98.35
98.34
97.97
97.99
98.10
98.20
97.98
97.55
98.23
97.80
98.54
98.24
98.41
98.19
98.50
98.07
97.70
98.32
98.47
97.89
98.05
97.99
97.87
98.27
98.32
97.33
98.41
97.61
98.08
98.30
97.77
98.44
98.36
97.93
98.35
98.42
98.02
98.27
97.86
98.26
98.19
98.31
98.27
98.22
98.19
98.04
97.97
98.08
98.32
98.31
98.07
98.19
98.21
97.90
97.89
98.40
98.38
97.82
98.01
98.41
97.94
98.13
97.89
98.02
98.41
98.20
98.02
98.05
98.06
97.97
98.13
98.16
98.37
97.89
98.05
97.90
97.79
98.02
97.80
97.82
98.29
97.76
98.45
98.16
97.91
98.07
98.14
98.20
98.11
97.92
98.40
98.36
98.19
98.37
98.29
98.35
98.23
97.59
98.30
97.81
97.51
98.09
98.16
98.28
98.13
98.26
98.16
98.52
98.47
98.14
98.00
98.21
97.72
97.84
98.20
98.28
98.14
98.29
97.55
98.27
98.11
98.40
98.32
98.29
98.02
98.04
98.03
97.92
98.03
98.23
98.42
97.75
98.41
98.37
98.41
98.08
98.02
98.40
97.86
98.40
98.19
98.05
98.22
98.24
98.35
97.82
98.35
97.76
97.63
98.35
98.40
97.92
98.29
98.29
98.20
98.31
98.46
97.90
98.13
97.77
98.06
98.24
98.05
98.39
98.14
98.33
98.02
98.29
97.97
98.17
97.88
98.28
97.75
98.05
98.11
98.05
98.01
98.21
97.48
97.92
98.24
98.17
98.27
98.28
98.21
98.34
98.32
97.97
97.64
98.02
98.42
98.23
97.63
98.27
98.04
97.92
98.07
98.49
98.02
98.05
98.24
98.35
98.39
98.13
98.27
97.27
98.52
98.16
98.38
98.17
98.26
98.19
98.47
98.55
98.52
97.31
97.90
98.20
97.96
98.18
98.20
98.26
98.14
97.83
98.15
98.44
97.75
98.14
98.31
98.45
97.93
98.27
98.19
98.05
98.29
98.29
98.02
98.06
98.03
98.24
97.97
98.40
97.81
98.32
98.00
98.21
97.51
98.33
98.36
98.11
98.01
98.33
98.27
98.25
98.07
98.13
97.95
98.24
97.50
98.24
97.94
98.01
98.37
98.21
98.30
98.12
98.31
98.14
97.95
98.07
98.00
98.16
98.03
98.15
98.12
98.33
98.26
98.34
98.08
98.35
98.29
98.00
98.30
98.39
98.33
98.11
98.22
98.06
98.10
98.00
98.49
97.98
98.05
97.99
98.02
98.48
97.92
98.06
98.21
98.17
98.17
98.37
98.36
98.27
98.35
98.17
98.25
97.94
98.27
98.07
98.21
98.46
98.02
98.47
98.35
98.01
97.98
98.38
98.05
98.33
98.01
98.34
98.10
98.39
97.95
98.07
98.23
98.44
98.43
98.34
97.97
98.08
97.97
98.00
98.04
98.12
98.18
97.94
98.34
98.46
98.25
98.29
97.90
98.31
97.97
97.02
98.29
97.72
98.20
98.19
98.00
97.90
98.02
98.24
98.35
98.20
97.92
98.34
98.18
98.31
98.12
98.37
98.17
98.41
98.57
97.80
98.32
98.30
98.30
98.25
97.81
98.22
98.21
98.13
98.29
98.11
98.23
98.29
98.22
98.27
98.30
98.08
97.66
98.45
98.34
98.42
98.00
97.80
98.04
98.47
98.19
98.44
98.34
97.85
98.01
98.22
98.38
98.11
98.20
98.17
98.34
98.28
98.16
97.91
97.82
97.62
98.17
98.43
97.93
98.23
98.04
98.25
98.05
97.83
98.46
98.01
98.29
97.98
97.80
98.01
98.14
98.35
98.30
98.22
98.11
97.99
98.23
97.99
98.18
98.25
98.20
98.45
98.41
98.08
98.33
98.61
98.18
98.02
98.24
98.28
98.39
98.04
98.18
98.41
98.03
98.32
98.21
98.09
98.24
98.50
98.34
98.24
98.21
98.35
97.53
98.38
98.19
98.40
98.35
98.20
98.20
98.39
98.47
98.07
98.08
98.04
98.36
98.23
98.10
98.17
98.32
98.40
97.66
97.81
98.29
97.83
98.50
98.17
98.61
98.11
98.42
98.10
98.33
97.86
98.06
98.07
98.30
98.17
98.64
98.23
98.27
98.07
98.15
98.30
98.08
97.39
98.23
98.19
98.28
98.27
98.28
98.43
98.36
97.88
98.24
98.08
98.14
98.31
98.09
97.79
97.54
98.37
98.23
97.96
97.69
98.10
98.29
98.28
98.26
98.26
97.92
98.50
97.71
97.93
98.20
98.15
98.35
98.16
98.60
97.99
98.36
97.73
97.77
98.17
98.21
97.93
98.33
98.07
98.35
98.15
98.30
97.99
98.34
98.36
98.14
98.06
98.17
98.14
98.40
98.38
98.50
98.49
98.04
97.96
98.23
98.10
98.21
98.29
98.00
98.13
98.23
97.79
98.23
97.63
98.38
97.65
98.13
98.05
98.23
97.84
97.76
98.38
98.51
98.28
98.43
98.07
98.35
98.15
98.32
97.81
97.98
98.30
98.35
98.28
98.32
98.53
98.07
98.46
98.37
97.98
98.47
97.97
98.02
98.30
98.13
98.27
98.52
97.91
98.41
98.11
98.23
98.45
98.23
98.00
98.15
98.39
98.12
98.28
98.40
97.95
98.56
98.06
98.03
98.01
98.08
98.36
98.38
98.07
98.05
98.23
98.39
98.13
98.17
98.31
98.17
98.26
98.26
98.51
97.73
97.98
98.13
98.10
97.87
98.08
98.19
98.07
98.24
98.10
98.18
98.18
98.30
98.29
97.94
98.43
98.29
98.18
98.10
97.83
98.46
98.03
98.11
98.50
98.28
98.16
98.23
97.76
97.89
97.39
97.98
98.49
98.12
98.29
98.40
98.35
98.07
98.19
98.45
97.70
98.04
98.22
98.00
98.12
98.40
98.31
97.75
98.29
98.54
98.28
98.22
98.27
98.17
98.35
97.37
98.59
98.08
98.08
98.35
97.99
98.17
98.42
98.41
98.26
97.83
98.10
98.44
98.09
97.88
98.27
98.01
98.28
98.14
97.99
98.00
98.44
98.26
98.16
98.21
98.01
98.27
98.47
98.27
98.36
98.43
97.84
98.21
98.20
98.31
98.22
98.50
97.87
97.98
97.61
98.10
98.25
98.39
98.25
98.31
97.70
98.15
98.14
98.40
98.15
98.10
98.39
97.96
98.24
97.90
98.20
97.59
97.84
98.20
98.47
98.06
98.04
98.15
98.08
98.37
98.08
98.05
98.05
98.12
98.39
98.51
98.00
98.26
98.24
98.07
98.30
98.23
98.30
98.43
98.34
98.09
98.34
98.05
97.84
98.39
97.47
98.51
98.39
98.23
98.13
98.25
98.15
98.32
98.17
97.82
97.81
97.38
98.06
98.40
98.19
98.04
97.95
98.30
98.04
97.81
98.30
98.28
98.26
98.30
98.01
98.40
97.90
98.09
97.53
98.18
98.10
98.09
97.83
98.32
98.19
97.92
98.36
98.22
