95.08
94.04
94.20
94.59
94.50
93.99
94.25
95.68
93.83
94.21
93.97
93.88
93.02
91.43
95.13
92.86
92.27
94.21
94.33
94.98
94.84
92.51
93.18
93.56
94.63
94.49
95.36
95.07
94.66
94.50
94.55
94.28
95.16
94.71
94.65
94.36
94.54
94.06
94.61
94.17
95.23
93.85
95.09
94.80
91.08
93.20
94.13
94.79
92.73
93.66
94.69
95.44
93.61
94.46
95.03
94.02
94.91
94.71
94.03
94.38
94.33
94.06
93.93
94.63
93.41
93.91
92.22
93.69
94.96
93.60
94.43
94.69
94.39
93.46
94.47
90.68
93.13
95.25
93.53
94.82
94.16
94.53
94.97
95.13
94.39
93.17
93.60
93.22
94.84
92.91
94.42
94.47
95.08
92.19
93.01
94.18
94.47
94.42
93.77
93.36
93.80
95.20
94.08
94.23
92.70
94.75
92.08
95.20
95.28
94.44
95.53
94.28
94.62
95.25
92.33
94.99
89.32
94.74
93.37
93.05
92.86
94.50
93.59
94.23
93.54
93.06
94.25
94.91
95.74
93.97
94.14
94.14
94.26
94.93
94.40
95.01
92.97
95.21
93.02
95.08
95.01
94.85
94.58
94.71
93.03
95.19
93.65
94.87
94.62
95.17
94.01
94.55
94.71
94.85
94.65
94.33
95.36
93.41
94.31
95.05
94.64
95.24
94.43
93.83
95.31
94.90
94.69
94.71
93.37
93.77
93.51
94.81
93.79
95.16
94.94
93.31
94.61
94.55
93.28
95.04
94.93
93.02
93.78
94.46
94.30
93.88
91.08
95.01
92.63
94.16
93.64
92.25
93.23
94.72
94.57
94.22
94.50
93.95
95.07
94.62
94.43
92.30
94.63
93.35
93.37
94.62
94.94
94.77
93.67
93.76
95.24
94.40
93.82
94.60
94.81
93.95
94.77
93.69
95.13
94.79
94.47
94.71
92.65
95.54
94.88
93.32
94.21
95.06
94.32
95.44
94.28
92.66
94.40
95.50
94.58
94.68
93.83
94.64
94.50
94.77
94.45
95.53
95.04
93.41
91.91
93.51
94.29
93.55
90.62
92.05
93.83
95.08
95.06
94.69
93.74
93.84
94.15
94.37
94.24
92.74
94.26
94.59
95.00
93.53
94.14
95.30
93.20
94.56
94.91
94.75
94.55
93.65
94.72
95.21
95.18
94.84
94.09
94.97
94.75
92.98
94.45
94.74
95.29
94.00
95.14
94.14
94.60
94.97
92.94
95.45
94.84
95.25
93.39
94.31
92.33
92.34
94.61
95.53
95.28
94.07
94.60
94.00
95.12
94.07
93.39
94.08
94.36
94.53
94.14
94.77
94.59
94.13
93.40
94.41
94.29
95.04
94.78
94.56
94.83
93.52
93.71
94.25
92.60
94.23
95.18
93.23
93.47
93.08
94.37
92.67
95.19
95.25
94.48
94.82
94.95
93.77
94.74
94.99
94.31
94.26
93.27
95.23
94.76
93.72
94.67
94.23
93.13
92.87
92.76
94.26
94.05
93.93
92.53
94.80
93.72
94.48
92.48
94.73
93.59
94.19
95.27
94.96
94.19
94.88
95.09
94.90
92.95
94.00
94.84
91.74
94.12
94.24
93.38
94.47
94.53
95.28
93.95
94.28
93.95
93.67
95.24
94.66
94.09
94.98
94.38
94.49
94.55
94.14
94.44
93.23
94.23
95.33
94.17
94.76
94.91
93.40
93.07
94.34
95.25
93.51
93.25
93.87
95.02
95.23
92.96
95.10
93.76
92.01
93.58
92.55
94.64
94.41
94.29
94.24
95.40
94.93
92.99
94.95
94.91
93.93
95.55
95.03
95.08
92.67
94.57
92.28
94.88
93.30
93.24
92.82
92.60
93.62
93.54
94.07
93.54
95.48
94.91
95.50
94.99
95.39
93.94
94.79
94.64
94.89
91.78
95.07
94.65
92.24
94.30
90.57
94.51
94.91
94.61
94.43
95.09
95.53
94.21
94.59
94.61
93.69
93.47
94.89
94.48
95.06
91.84
93.82
94.78
94.30
94.92
93.92
94.11
93.95
94.49
94.54
93.07
94.56
92.60
94.40
94.89
93.89
93.72
94.30
95.28
94.05
95.29
94.71
94.07
95.08
95.02
94.75
93.86
94.76
93.72
94.40
93.64
93.99
92.93
94.65
95.39
94.40
94.17
95.11
95.30
94.38
94.59
92.95
94.48
93.69
95.46
94.95
94.46
93.29
94.34
92.75
94.42
95.67
94.50
95.32
93.82
93.49
94.84
93.86
94.43
95.56
94.52
94.71
94.06
93.76
93.36
94.91
93.60
93.69
91.79
94.11
94.36
94.12
93.20
94.55
92.84
94.17
93.50
93.58
94.14
94.43
93.68
94.28
95.16
95.28
94.83
95.70
95.19
94.19
94.82
93.33
95.09
93.47
94.35
93.94
94.50
93.78
94.49
93.67
93.88
93.47
91.35
94.88
94.37
94.59
94.55
95.28
94.04
93.60
95.10
94.37
94.15
93.96
94.42
94.40
94.52
93.99
93.21
95.07
92.86
92.93
95.05
95.00
94.46
92.63
93.86
93.45
93.52
93.46
93.73
94.54
94.37
94.80
94.69
94.87
94.70
93.21
95.08
93.89
94.82
94.53
95.49
94.28
93.77
94.43
94.96
92.05
94.95
95.34
95.61
94.32
93.93
95.11
93.93
94.71
94.76
94.17
93.42
92.90
93.36
93.78
94.42
94.37
93.01
95.18
94.51
94.36
92.43
94.07
93.75
95.04
94.11
93.73
94.76
93.09
95.51
94.89
94.49
93.78
94.54
93.58
94.60
94.94
94.40
94.48
90.96
94.17
94.31
93.46
94.39
93.57
94.78
93.29
94.61
94.86
94.45
94.29
94.41
94.37
94.77
94.75
91.58
93.28
93.72
94.23
95.21
93.13
94.49
95.00
93.90
93.79
94.68
93.75
93.99
94.00
94.34
94.36
94.69
94.24
94.05
94.04
95.32
93.87
93.49
94.00
95.39
93.87
93.03
93.16
94.43
94.28
93.98
94.14
94.26
94.68
94.53
94.71
94.40
94.32
94.82
94.71
94.32
94.81
94.88
94.51
95.35
92.50
94.90
95.47
95.34
93.81
94.38
93.83
94.09
94.88
94.58
95.17
94.21
95.01
93.32
95.17
94.16
94.48
94.68
95.48
94.82
95.14
93.61
93.63
93.09
93.61
91.62
95.41
94.71
92.89
94.66
94.72
94.53
94.05
94.56
92.91
91.33
95.38
94.98
94.02
94.76
93.49
94.80
93.04
95.03
92.96
94.86
94.98
94.62
94.32
94.96
91.87
94.81
94.97
94.83
94.50
95.39
94.81
94.60
93.72
94.89
94.60
95.11
92.67
92.95
94.30
94.49
94.56
94.44
93.99
94.17
94.21
93.50
94.77
94.95
90.68
95.08
94.99
95.50
94.07
94.35
91.76
94.13
93.17
95.62
95.30
91.42
94.16
95.34
93.89
94.29
94.62
95.00
94.49
93.70
95.53
94.50
94.20
91.31
94.62
94.86
93.55
94.30
94.63
94.39
94.46
93.81
95.42
93.92
94.03
95.70
94.40
94.29
94.53
93.88
93.90
94.47
94.33
94.25
93.86
94.31
93.63
93.95
94.55
94.84
94.78
92.54
94.83
94.74
94.54
94.77
94.89
94.62
91.39
94.61
94.47
95.67
95.25
94.65
93.45
94.69
93.93
92.98
92.57
94.29
94.90
95.31
95.30
94.59
94.27
94.90
94.63
94.56
95.05
95.01
94.45
94.44
94.04
94.70
94.53
94.69
95.06
94.96
95.61
94.15
93.53
92.56
93.91
94.69
94.99
94.18
93.99
94.82
95.21
94.39
94.32
94.16
92.99
95.17
94.37
94.53
95.01
95.37
94.98
94.49
94.39
94.90
94.15
94.35
95.29
93.75
94.95
94.02
95.24
94.17
94.89
94.34
93.76
93.09
95.02
94.72
95.10
95.13
94.15
94.83
94.41
92.96
94.94
94.54
94.56
94.47
94.82
95.50
94.62
94.32
93.19
95.04
94.84
94.36
94.48
93.54
94.19
93.56
94.45
93.13
94.54
94.44
94.99
94.63
94.64
93.98
93.77
94.55
93.25
94.86
93.45
93.41
93.12
94.35
94.67
94.15
94.00
94.09
94.40
94.68
94.14
94.78
93.08
94.28
95.16
94.14
94.86
94.54
91.85
94.11
94.56
94.60
94.72
94.48
94.24
94.60
95.42
94.82
94.48
93.06
94.45
94.56
95.04
95.39
92.99
94.51
94.88
92.83
93.35
93.90
94.05
94.66
92.94
94.84
94.46
93.81
92.66
94.43
94.31
95.34
94.37
95.11
93.94
93.45
94.70
94.03
95.15
