19.94
54.29
46.21
56.83
56.99
48.55
45.44
58.03
34.29
46.30
44.64
39.62
38.14
56.78
63.50
46.20
42.14
30.72
43.00
39.77
68.32
44.48
49.44
55.37
56.42
54.34
41.01
48.13
51.67
49.66
44.90
49.14
43.67
37.35
47.38
43.25
56.78
58.37
25.68
50.67
27.74
43.36
43.03
36.83
44.17
61.59
47.56
52.18
59.79
37.23
49.08
40.93
56.27
31.32
58.25
58.97
55.64
30.44
30.00
54.92
54.65
46.91
40.66
64.16
62.40
56.90
48.52
48.31
43.65
59.29
39.55
43.33
45.06
41.07
54.75
46.98
59.12
41.05
43.19
48.26
60.29
49.60
35.29
45.21
28.31
53.01
43.90
51.09
38.90
59.44
66.57
51.23
36.34
59.98
37.20
39.79
23.65
44.33
55.26
43.51
53.68
44.04
49.77
36.85
24.47
63.09
43.89
40.79
40.28
43.07
54.90
60.19
56.11
53.34
55.77
52.50
53.63
49.76
58.25
43.11
47.92
61.66
61.26
52.91
48.49
31.78
49.45
52.65
46.79
65.95
45.48
43.36
45.77
43.83
29.76
30.92
48.45
45.80
52.47
49.33
60.48
57.17
45.56
56.79
57.28
55.01
27.35
46.29
41.46
36.54
40.45
49.26
53.57
54.23
41.55
46.09
45.97
55.35
44.29
41.79
52.72
52.84
52.54
56.13
36.07
28.48
37.40
42.68
56.22
39.60
57.46
55.77
64.32
58.02
43.68
52.66
46.63
58.87
59.51
57.82
71.47
34.93
52.35
42.39
56.11
47.17
54.30
44.25
42.76
54.69
57.97
53.96
49.86
55.25
49.75
66.47
60.82
58.29
41.93
47.42
39.93
58.20
66.27
51.36
41.05
45.27
38.52
57.07
42.36
48.29
46.81
32.41
59.09
62.14
46.02
46.12
53.09
49.27
47.55
48.89
54.93
29.76
42.47
42.54
50.39
37.04
44.37
56.79
34.95
48.67
47.56
42.92
45.90
38.61
40.22
41.00
64.12
35.71
46.76
37.51
24.45
58.49
49.07
33.73
42.31
43.00
58.08
54.14
47.73
51.99
23.98
51.67
55.05
45.86
61.59
52.53
48.33
47.25
49.20
50.94
41.48
49.62
68.07
50.29
56.93
47.83
64.98
54.61
43.96
51.22
48.40
44.97
46.40
55.98
33.87
50.33
51.40
50.14
54.75
37.25
46.94
47.91
33.51
44.19
37.81
36.22
57.09
51.61
36.59
50.19
54.78
47.55
59.94
49.55
51.54
44.22
38.27
45.10
62.73
52.18
39.09
54.10
59.30
43.37
32.67
32.02
58.41
45.31
39.70
60.13
56.00
50.53
39.46
63.53
40.51
66.49
46.17
55.75
37.92
64.03
29.50
55.83
43.87
41.92
45.03
46.06
23.21
42.98
59.97
33.70
35.55
50.58
34.76
37.48
43.90
37.39
55.77
41.60
38.04
49.58
36.47
59.66
52.05
49.94
53.00
56.80
44.45
62.11
54.18
55.83
50.75
48.62
61.60
58.98
33.85
66.70
45.92
45.44
42.36
59.09
60.18
31.31
44.40
61.87
41.20
49.16
57.67
50.11
45.26
62.44
50.56
38.35
52.29
41.51
54.74
51.71
54.10
47.25
50.24
41.96
32.52
49.43
48.13
44.88
40.71
45.35
67.62
48.17
34.30
54.99
55.43
67.87
49.22
56.45
58.45
48.93
58.54
47.07
50.50
54.73
56.54
29.11
28.57
58.62
54.61
52.33
43.37
46.65
36.45
46.26
34.01
53.59
55.05
39.09
38.30
52.02
43.29
50.18
40.36
39.87
50.91
39.68
55.28
37.02
57.34
50.54
47.84
51.05
39.82
57.72
36.05
39.13
30.53
52.68
48.16
48.14
41.95
44.11
41.73
39.13
45.38
57.34
48.82
44.75
27.32
37.11
49.56
53.27
50.73
47.85
37.13
45.39
39.38
43.05
41.96
50.13
49.00
49.72
40.55
57.03
57.61
43.60
44.93
39.58
38.53
37.77
61.87
51.30
51.09
37.11
68.27
49.68
50.72
58.28
39.17
43.80
37.98
68.15
45.52
49.31
56.06
39.72
57.90
34.65
35.92
38.48
31.84
23.82
55.38
52.92
57.81
49.22
56.93
50.54
61.31
50.82
42.24
53.51
42.40
33.91
49.83
46.78
51.38
46.73
55.03
47.05
41.84
39.06
29.45
35.31
49.64
41.89
35.73
37.72
36.09
64.03
68.19
43.09
49.13
49.97
37.07
54.45
29.42
40.09
52.76
54.11
41.43
47.49
36.45
48.17
51.44
43.24
53.67
48.20
42.44
45.54
50.82
59.48
62.67
62.41
51.23
62.15
57.42
49.90
51.42
54.08
41.05
45.32
34.31
38.26
41.60
58.30
40.55
55.14
43.87
47.91
47.53
40.48
51.43
46.18
27.40
49.34
52.19
50.84
54.14
32.91
34.14
40.21
33.03
48.51
53.45
27.52
40.61
53.42
37.40
46.00
48.28
43.00
52.69
64.29
33.45
29.63
54.39
52.95
55.51
45.45
59.71
55.24
46.68
39.25
59.48
52.37
41.12
48.42
69.15
32.25
43.23
60.02
57.48
45.48
41.59
51.00
50.17
39.52
44.59
53.25
50.80
47.07
51.05
49.46
56.45
56.98
30.55
57.76
35.32
32.56
52.87
57.62
49.88
28.80
53.05
42.51
52.40
47.44
35.78
43.22
67.36
35.44
58.63
36.85
47.71
56.05
55.58
47.87
26.11
48.52
57.50
48.36
41.57
54.23
42.90
56.37
41.24
34.06
27.21
44.73
53.76
56.09
44.43
45.70
45.89
41.87
46.89
54.63
46.32
51.31
45.89
57.18
54.34
45.27
43.20
43.52
46.29
41.05
40.85
33.77
26.23
59.76
38.94
40.10
55.88
50.96
58.11
53.21
32.93
36.51
51.45
57.13
39.04
52.16
33.79
64.63
43.45
45.46
36.91
53.55
23.93
44.66
35.24
50.32
53.74
50.76
47.44
49.26
62.93
54.73
47.16
48.27
60.61
25.06
36.83
29.33
38.36
50.98
53.17
64.99
23.69
47.26
49.47
48.91
69.53
53.41
38.09
50.34
63.64
58.78
56.10
43.49
29.89
43.48
37.67
51.02
43.28
50.82
50.63
43.86
35.10
33.77
40.06
30.21
58.60
62.34
56.79
59.93
45.01
46.12
46.20
63.52
58.40
48.79
43.12
52.76
49.23
50.41
35.45
39.59
56.76
55.94
53.07
44.60
48.08
42.83
55.33
47.93
38.35
46.52
45.40
58.79
44.18
47.50
48.09
36.13
54.02
51.53
33.02
48.82
43.61
28.96
28.42
56.02
44.32
35.92
52.61
34.84
30.62
40.85
55.20
54.72
58.82
44.12
25.30
55.82
44.94
50.66
47.68
45.85
32.26
43.81
52.95
54.38
48.15
56.89
58.14
44.67
44.42
53.84
55.33
45.41
31.92
60.29
38.71
31.20
42.64
56.37
41.43
40.54
37.94
49.11
43.95
52.75
41.49
57.19
42.87
42.89
70.14
61.03
67.49
59.99
54.89
44.62
35.75
25.48
59.70
54.94
46.86
60.08
62.68
35.24
46.07
44.34
44.99
58.93
33.05
39.10
38.48
37.59
57.90
45.84
51.04
31.16
58.08
39.09
32.46
53.70
52.43
36.86
67.71
46.90
33.56
55.87
34.93
43.65
53.67
43.68
49.03
48.40
33.61
39.44
41.72
59.29
44.50
51.35
48.85
44.31
50.45
37.11
26.50
30.86
32.44
36.21
57.27
58.01
53.98
53.71
61.28
34.77
39.16
55.62
48.42
48.29
42.82
30.06
58.17
30.09
54.38
51.62
50.95
54.72
50.05
48.91
41.92
39.91
36.18
47.07
55.15
36.24
34.51
52.83
49.02
46.16
52.16
52.53
47.46
39.87
45.98
65.26
59.02
57.65
50.84
53.68
62.74
21.57
54.92
36.31
49.22
40.74
34.41
65.79
56.83
38.39
38.21
33.27
45.62
50.21
46.98
48.55
41.42
62.13
53.65
57.39
55.94
44.80
54.08
59.08
38.51
57.96
66.86
63.92
21.82
59.26
46.76
55.87
61.74
54.14
22.71
46.00
41.17
47.69
50.40
34.64
38.60
38.06
39.28
48.20
49.37
45.80
23.93
56.28
61.03
44.99
53.13
51.94
51.45
56.25
57.39
39.90
45.85
47.86
51.65
65.96
62.24
22.73
36.45
46.12
38.32
50.21
54.61
60.94
63.41
62.54
48.94
46.75
53.85
36.07
34.66
58.15
63.10
62.44
41.81
37.03
46.97
36.94
73.99
37.43
52.44
50.23
43.13
42.00
54.45
44.47
