95.34
93.17
95.14
94.84
92.83
94.75
94.44
93.60
92.98
90.08
95.35
95.25
92.72
88.96
93.48
94.49
92.38
94.84
94.91
95.40
94.33
95.62
90.56
90.47
94.54
93.28
95.40
93.89
94.66
94.40
95.50
88.37
94.47
93.90
93.22
96.34
95.78
93.35
94.05
92.55
92.55
94.75
93.36
94.48
93.65
92.56
93.64
94.77
93.97
94.93
95.16
94.76
94.83
91.98
89.86
93.14
91.59
91.58
93.40
94.78
94.99
93.31
93.66
91.55
95.44
95.21
95.72
95.18
93.69
91.35
88.21
86.67
94.19
94.64
94.23
91.12
94.00
93.91
89.73
96.30
96.14
95.08
90.33
91.37
92.42
95.47
94.96
91.09
92.62
89.04
91.62
94.22
94.16
93.45
94.33
93.83
94.07
94.80
95.75
93.18
93.30
91.67
95.04
91.13
96.21
94.13
94.97
92.42
93.97
95.07
94.69
91.35
94.08
94.17
95.67
90.86
94.73
91.89
95.19
93.73
93.72
94.51
91.19
88.84
94.11
95.84
94.95
93.48
92.24
90.04
90.54
94.14
95.22
94.31
92.37
95.59
90.15
91.53
95.40
94.81
93.07
94.58
96.42
93.65
95.29
84.67
95.20
93.78
92.30
92.90
89.49
93.81
92.27
95.52
95.89
93.62
95.15
95.26
95.91
95.36
95.63
94.35
94.35
95.63
94.58
95.43
94.59
95.15
96.89
94.36
92.35
95.54
94.40
93.21
96.32
93.77
91.88
94.59
89.21
94.35
92.00
91.41
92.68
93.87
94.18
95.29
92.99
95.14
96.02
94.36
89.74
93.13
94.16
80.59
94.12
95.03
96.05
94.14
94.09
91.37
95.26
92.90
95.99
95.55
93.11
93.31
95.22
93.00
93.71
95.99
90.13
93.03
95.50
92.68
94.87
95.73
95.35
90.99
95.11
95.47
94.69
96.03
94.93
95.32
94.35
93.82
92.21
94.80
94.63
93.38
94.75
93.06
94.79
95.45
93.02
91.52
95.01
95.61
93.19
94.32
89.14
93.55
94.76
93.71
94.84
92.36
92.01
96.18
94.99
93.05
94.34
94.23
95.57
95.33
95.20
95.33
95.39
93.19
95.16
93.86
87.79
96.19
94.84
94.49
94.27
96.09
90.92
91.20
93.28
93.54
89.69
95.00
95.77
94.89
96.23
95.21
92.57
94.53
90.77
93.54
94.63
94.22
95.30
95.35
94.21
95.51
90.79
94.68
92.07
95.59
94.44
94.61
95.41
92.91
92.60
95.85
95.08
91.76
95.40
95.24
94.65
94.54
95.21
92.55
95.38
91.01
95.73
92.20
96.73
93.83
94.97
90.57
89.93
94.09
91.83
95.33
94.30
89.87
93.91
93.89
94.22
92.39
93.88
90.06
93.73
88.15
94.72
93.35
89.26
94.75
91.17
93.55
92.25
95.23
93.14
92.94
91.35
95.37
95.78
94.83
91.98
93.21
94.57
91.95
93.46
93.39
88.28
90.56
92.50
89.52
91.85
94.57
93.55
95.78
94.55
93.77
96.48
90.99
93.71
95.56
93.57
93.32
92.98
95.87
93.30
95.20
90.21
90.04
90.64
92.87
94.21
95.55
91.27
95.52
92.01
91.81
93.53
95.35
94.28
94.92
93.81
93.40
95.81
95.96
92.64
94.44
94.03
95.74
88.48
95.22
95.48
93.84
95.15
95.02
92.86
95.92
93.35
93.57
93.83
92.70
92.79
95.09
92.78
94.06
95.76
95.69
95.92
94.31
96.53
92.85
94.82
94.27
94.63
94.02
95.89
94.92
95.07
93.42
90.13
91.56
95.43
95.99
94.87
92.99
93.12
94.47
95.42
96.13
91.43
95.41
92.88
93.97
94.81
96.07
95.07
95.16
91.34
93.88
94.88
95.47
94.97
92.92
94.71
94.01
95.09
92.97
92.53
93.24
92.13
95.45
94.07
95.75
94.54
92.12
93.97
94.94
90.29
94.26
95.54
94.10
95.95
95.10
94.30
94.05
95.08
91.71
95.40
96.18
93.85
93.02
93.67
92.52
93.63
92.37
95.55
90.03
85.08
92.32
94.24
95.52
93.56
95.86
96.59
94.91
92.08
93.84
95.09
91.54
92.95
94.88
92.21
91.27
93.00
93.73
96.25
94.65
93.85
94.19
93.59
94.59
94.11
94.08
94.02
94.26
93.94
91.26
94.69
94.64
93.79
95.09
93.51
95.01
95.13
90.35
95.37
95.21
95.33
94.06
91.87
94.53
93.40
94.07
94.17
93.62
93.11
88.85
93.90
91.88
89.44
90.90
93.51
95.45
93.35
90.61
90.59
91.84
95.73
93.34
94.52
96.10
94.86
91.47
93.77
89.57
94.10
94.65
90.51
95.77
93.68
91.63
93.81
92.45
96.47
93.29
94.63
94.53
93.67
93.50
94.15
95.05
94.50
91.01
94.54
95.59
96.38
95.38
89.15
95.32
91.81
95.57
93.75
92.01
92.90
95.16
93.87
92.52
94.29
94.35
93.18
89.20
95.27
92.14
93.17
91.13
95.50
95.20
94.47
90.19
95.93
92.60
96.69
94.33
95.12
94.44
96.37
95.06
95.54
95.45
92.69
96.19
94.42
88.87
91.61
93.78
95.93
95.63
90.87
96.02
95.60
93.07
95.69
93.88
95.46
95.16
91.89
87.89
94.52
93.92
91.64
96.50
95.46
95.70
95.34
93.81
90.03
92.98
92.92
94.56
92.53
95.47
92.03
93.56
91.20
93.12
95.87
95.86
94.72
95.31
95.33
93.75
92.93
93.40
93.99
94.63
92.53
94.29
93.49
94.10
94.25
94.65
93.64
94.19
93.42
95.12
95.37
93.34
91.97
94.89
94.18
94.24
94.12
95.34
93.80
93.74
91.72
94.41
93.48
95.85
95.48
92.14
95.02
92.39
93.75
94.16
95.14
94.04
94.46
94.70
94.03
92.43
95.46
90.30
84.16
94.57
95.35
94.78
92.49
94.36
94.89
93.85
95.80
95.24
95.27
95.32
95.99
91.25
94.15
92.07
95.61
93.98
93.03
95.35
91.88
94.84
92.13
91.89
95.26
93.62
96.19
92.66
93.60
91.99
93.31
96.08
93.16
89.89
94.06
95.82
93.71
94.75
87.02
91.93
94.07
95.33
90.76
89.94
94.68
94.45
83.75
96.50
92.83
82.41
92.19
95.71
93.25
95.62
94.98
94.89
95.89
92.32
89.90
93.96
90.98
94.27
90.35
94.39
94.26
94.93
92.90
95.98
95.05
93.39
93.36
94.14
89.37
93.96
89.12
92.73
94.68
94.77
93.25
96.10
95.37
85.17
94.73
95.86
96.65
94.32
95.44
96.90
95.46
95.64
93.18
88.52
91.00
93.12
92.55
95.31
94.02
90.27
94.68
95.22
93.60
92.46
92.47
90.03
96.24
94.15
96.22
96.66
89.49
95.70
95.93
91.72
96.19
94.84
95.39
96.60
95.08
94.89
93.76
94.47
95.02
90.48
93.19
94.18
95.06
94.42
93.46
94.96
94.26
94.16
92.63
87.46
94.56
95.47
95.55
95.23
94.29
92.32
90.89
93.44
94.01
91.95
94.15
95.47
96.10
93.54
95.29
95.73
95.64
92.87
89.15
95.06
94.86
94.68
94.45
94.36
95.65
94.39
95.84
95.16
89.78
90.33
95.14
95.14
92.93
96.28
93.06
95.09
93.82
94.28
95.12
95.66
94.50
94.35
94.45
95.63
95.72
94.86
95.84
94.73
92.38
95.78
92.13
95.21
94.07
91.98
94.58
93.26
90.67
94.97
95.25
93.50
94.74
95.86
93.93
92.80
87.97
91.67
95.34
93.96
90.31
95.54
92.54
95.09
95.10
90.95
94.15
94.42
95.41
90.71
94.88
94.98
93.99
94.16
95.06
96.36
86.90
96.02
94.97
92.95
94.94
93.95
90.22
95.63
94.59
94.33
91.34
94.35
92.96
92.57
91.75
95.01
95.75
93.98
93.81
93.70
87.76
88.52
93.14
92.77
93.83
93.68
91.33
94.23
94.78
94.69
92.63
92.70
88.52
94.73
92.78
95.73
93.80
95.36
93.88
93.63
95.71
96.14
94.33
93.19
89.47
95.03
94.88
95.41
89.76
90.70
91.09
93.87
93.64
95.68
94.15
91.80
94.09
93.38
94.77
93.32
93.35
94.98
94.70
93.09
96.21
95.48
95.32
93.19
94.50
93.88
94.51
93.36
95.61
94.37
93.99
94.70
94.24
95.03
93.41
94.04
93.26
94.24
94.31
94.31
95.47
91.83
94.36
92.20
93.48
92.16
92.50
96.21
95.71
94.74
91.19
95.05
93.11
96.35
92.08
94.19
95.24
93.91
