98.63
98.33
98.35
98.68
98.31
98.34
98.42
98.44
97.82
98.53
98.43
98.58
98.77
98.41
98.37
98.21
98.56
98.74
98.43
98.38
98.42
98.46
98.81
98.06
98.42
98.44
98.26
98.28
96.70
98.45
98.70
98.69
98.41
98.42
98.17
98.42
98.46
98.43
98.26
98.30
98.41
98.13
98.45
98.61
98.67
98.23
98.63
98.64
98.36
98.48
98.22
98.19
98.36
98.66
98.47
98.33
98.62
98.44
98.39
98.46
98.25
98.45
98.53
98.48
98.29
98.44
98.19
98.52
98.54
98.12
98.30
98.47
98.15
98.42
98.60
98.39
98.04
98.38
98.48
98.49
98.16
98.37
98.54
98.43
98.37
98.31
98.75
98.47
98.14
98.06
98.24
98.30
98.33
98.08
98.16
98.37
98.42
98.37
97.10
98.29
98.18
98.22
97.98
97.51
98.57
98.20
98.55
98.23
98.33
98.35
98.41
97.41
98.46
98.38
98.43
97.93
98.59
98.39
98.25
98.16
98.39
98.62
98.62
97.62
98.07
98.60
98.60
98.61
98.31
98.42
98.73
98.24
98.43
98.49
98.55
98.56
98.58
98.36
97.07
98.53
98.37
98.59
98.32
98.46
98.60
98.61
98.47
98.30
98.64
97.84
98.43
98.49
98.64
98.40
98.45
98.17
98.34
98.15
98.38
98.50
98.23
98.53
98.46
98.08
98.21
98.43
98.77
98.02
98.47
98.25
98.48
98.43
98.62
98.57
98.46
98.52
98.46
98.33
98.53
98.48
98.55
98.24
98.51
98.62
97.87
98.81
98.36
98.33
98.31
98.68
98.66
98.58
98.31
98.53
98.19
98.11
97.99
98.26
98.02
98.37
98.31
98.50
98.31
98.75
98.65
98.55
98.28
98.33
98.44
98.67
98.60
98.34
98.49
98.72
98.65
98.45
98.26
98.50
98.38
98.26
96.81
98.44
98.18
98.43
98.61
97.43
97.99
98.43
98.01
98.21
98.32
98.49
98.47
98.60
98.09
98.56
98.34
98.05
98.61
98.48
97.33
98.56
98.18
98.34
98.35
98.37
98.06
98.32
98.49
98.16
97.91
98.63
98.56
98.47
98.35
98.77
98.54
98.30
98.46
98.63
98.17
98.38
98.35
98.31
98.39
98.26
98.47
98.58
98.47
98.35
98.22
98.08
98.19
98.34
98.40
98.54
98.41
98.47
97.90
98.28
98.40
98.15
98.14
98.24
98.39
98.37
98.48
98.72
98.40
98.51
98.42
98.31
98.37
98.34
98.34
98.37
98.21
98.22
98.51
97.49
98.36
98.17
98.59
98.21
97.73
98.37
98.27
98.36
98.43
98.57
98.09
98.14
98.50
97.86
98.50
96.74
98.67
98.62
98.39
98.68
98.43
98.58
98.78
98.15
98.23
98.12
98.31
98.39
98.32
98.55
98.19
98.30
98.32
98.40
98.33
98.66
98.44
97.51
98.53
98.39
98.58
98.40
98.45
98.56
98.41
98.47
97.30
98.51
98.02
98.60
98.33
98.61
98.50
98.47
98.45
98.21
98.35
98.36
98.42
98.40
98.73
98.10
98.14
98.77
97.98
98.45
98.56
98.28
97.64
98.51
98.56
98.86
98.46
98.61
98.42
98.21
98.56
98.45
97.84
98.72
98.65
98.42
98.71
98.04
98.27
98.45
98.17
97.97
98.37
98.64
98.78
98.12
98.55
97.93
98.40
98.49
98.78
98.50
98.52
98.29
98.31
98.60
98.58
98.32
98.57
98.83
98.60
98.43
98.24
98.08
98.23
98.49
98.73
98.49
98.09
98.66
98.27
98.56
98.43
98.56
98.10
98.34
98.04
98.35
98.64
98.19
98.06
98.57
98.53
98.34
98.22
98.22
98.53
97.48
98.13
97.81
98.12
98.30
98.57
98.42
98.26
98.32
98.48
98.29
98.50
98.49
97.86
98.52
98.54
98.59
97.36
98.25
98.41
98.34
98.53
98.54
98.33
98.22
97.85
98.68
98.28
98.11
98.50
98.61
98.50
98.41
97.80
98.46
98.39
98.12
98.44
98.47
98.41
98.24
98.62
98.42
98.60
97.89
98.62
98.44
98.30
98.49
98.80
98.58
98.38
98.43
98.42
98.59
98.37
98.51
97.90
98.57
98.23
98.42
98.58
98.43
98.46
98.31
98.44
98.29
98.47
98.49
98.08
97.77
97.40
98.44
98.44
98.54
98.19
98.42
97.75
98.00
98.14
97.97
98.14
98.16
98.10
98.23
98.47
98.19
98.32
98.68
98.21
98.68
98.62
98.39
98.50
98.12
97.94
98.34
98.65
94.83
98.55
98.73
98.64
97.71
98.53
97.80
98.30
98.49
98.52
98.01
98.56
98.35
98.74
98.30
98.34
98.55
97.84
98.63
98.62
98.48
98.36
98.18
98.30
98.64
98.64
98.32
98.10
98.27
98.59
97.80
98.52
98.28
97.98
98.19
98.51
98.53
98.43
98.56
98.64
98.08
98.42
98.17
98.28
97.81
98.64
98.15
98.66
98.17
97.64
98.69
98.55
97.21
98.50
98.32
98.45
97.98
98.30
97.94
98.14
98.50
98.28
97.89
98.82
98.75
98.08
98.03
98.45
98.35
98.52
98.28
98.51
98.47
98.24
98.47
98.66
98.42
98.06
98.48
97.75
98.43
98.01
98.34
98.30
98.36
98.51
98.39
98.36
98.39
98.39
98.06
97.99
98.62
98.51
98.38
98.54
98.00
98.30
98.40
98.62
98.32
98.35
98.47
98.28
98.25
98.63
97.77
97.69
98.22
98.10
98.66
98.22
98.53
98.58
98.50
98.50
98.44
97.73
98.73
98.41
98.51
98.30
98.44
98.35
98.33
98.68
98.55
98.45
97.48
98.32
98.32
98.14
98.49
98.43
98.52
98.70
98.02
98.50
98.41
98.33
98.37
98.20
98.55
98.46
98.63
98.78
98.60
98.45
98.16
98.36
98.44
98.41
98.05
98.85
98.35
98.65
98.50
97.93
98.39
98.67
98.09
98.31
98.49
98.60
98.05
98.48
98.60
98.23
98.03
98.46
98.41
98.21
98.33
98.30
98.79
98.41
97.47
98.45
98.25
97.98
98.04
98.24
98.63
98.43
98.11
98.66
98.24
98.14
98.06
98.57
98.62
98.69
98.52
98.57
98.43
97.92
98.13
97.48
98.33
98.43
98.73
98.57
98.45
98.64
97.65
98.37
98.14
98.44
98.81
98.32
97.86
98.51
98.31
98.69
98.66
98.25
98.38
98.15
97.77
98.34
98.41
98.46
98.36
98.13
97.95
98.02
98.31
98.41
97.48
98.56
98.63
98.43
98.35
98.67
98.71
98.76
98.33
98.49
98.58
98.59
97.85
98.10
97.91
97.93
98.23
97.98
98.54
97.96
98.40
98.58
98.39
98.51
98.63
98.38
98.36
97.77
98.59
98.59
98.37
97.72
98.61
98.53
98.33
98.34
98.35
98.08
97.89
98.07
98.50
98.19
98.21
98.38
98.54
98.30
98.56
98.44
98.14
98.16
97.79
98.56
98.47
98.30
98.45
98.03
98.59
98.50
98.30
98.50
97.85
98.45
98.42
98.28
98.14
98.30
98.71
98.70
98.28
98.72
98.64
98.00
98.24
98.43
98.60
98.56
97.80
97.79
98.08
98.29
98.33
98.43
98.66
98.33
98.34
98.54
98.09
98.43
98.20
98.53
98.55
98.31
97.89
98.60
98.49
98.59
98.71
98.20
98.43
98.47
98.67
98.40
98.25
98.44
98.27
98.46
98.44
98.41
98.46
98.06
98.03
98.29
98.74
98.78
97.96
98.62
98.31
98.45
95.09
98.87
97.80
98.40
98.51
98.40
98.68
98.41
98.38
98.46
98.03
98.30
98.35
98.60
98.16
98.02
98.00
98.47
98.12
98.42
98.33
98.19
98.08
98.43
98.50
98.07
98.59
98.51
98.83
98.28
98.62
98.48
98.20
98.66
98.42
98.54
98.63
98.47
98.31
98.51
98.26
97.54
98.45
98.42
98.40
98.33
98.39
98.47
98.39
98.30
98.29
98.14
98.37
98.61
98.46
98.36
98.78
98.47
98.51
97.98
98.33
98.18
97.95
97.84
98.33
98.05
98.14
98.32
98.56
98.24
98.01
98.50
98.27
98.54
98.69
98.00
98.42
98.59
98.48
98.61
98.43
98.18
98.40
98.33
98.12
98.17
98.34
98.49
98.48
98.54
98.74
98.55
97.99
98.42
98.40
98.34
98.14
98.33
98.16
98.22
98.72
96.63
98.41
98.43
98.48
97.55
98.57
98.36
98.34
97.70
98.20
98.28
98.33
98.64
98.36
98.38
98.41
98.47
98.15
98.04
98.30
98.46
97.97
