97.57
98.17
98.13
97.51
97.76
97.49
98.01
96.24
96.98
98.01
97.58
97.37
97.42
97.85
96.05
97.93
97.75
96.55
97.71
97.19
98.01
97.94
96.96
97.90
98.06
97.93
97.45
97.61
97.66
97.54
97.83
97.80
97.38
97.54
97.59
97.13
98.21
97.24
97.61
97.29
97.97
97.62
98.03
97.76
97.65
97.41
96.12
97.88
97.01
97.06
98.01
97.48
97.34
97.10
97.39
97.41
97.66
97.15
97.41
97.60
97.08
96.92
97.72
97.83
97.68
97.61
96.67
97.47
95.86
97.61
97.84
97.80
97.62
96.89
97.93
97.51
97.14
97.77
97.44
97.82
97.26
97.64
97.02
97.75
97.71
97.21
96.93
97.03
97.40
97.21
97.63
97.96
97.71
97.59
97.03
97.56
97.19
97.56
96.59
97.31
97.72
97.65
97.53
98.05
96.73
97.46
97.73
97.25
98.07
98.10
96.43
97.58
97.70
98.02
97.71
97.77
96.99
97.84
97.77
97.99
96.61
97.64
97.46
97.73
97.79
97.34
97.58
97.98
98.39
97.68
96.84
97.80
97.94
97.70
98.12
97.34
97.59
97.64
97.86
98.09
97.99
97.68
96.96
97.43
97.75
97.63
97.62
97.12
97.76
97.93
97.40
97.40
97.46
97.73
98.18
98.06
97.65
97.54
97.41
97.86
97.72
97.50
97.63
97.52
98.06
97.42
97.00
97.23
97.40
97.73
98.02
97.58
97.98
97.29
97.52
97.29
97.86
97.57
97.98
97.98
97.68
98.10
97.72
96.98
97.13
97.91
97.55
97.81
97.87
97.67
97.49
97.74
98.06
97.42
97.25
97.93
97.26
97.70
97.99
97.62
97.34
97.91
96.74
96.58
97.13
97.58
97.56
97.61
97.72
96.57
97.75
97.85
97.38
98.02
97.73
97.96
97.29
97.66
95.56
97.78
97.34
97.49
97.81
97.37
96.34
98.00
97.82
96.88
97.05
98.13
96.88
97.56
98.16
96.16
97.06
97.37
97.81
98.00
97.32
96.57
97.66
97.11
97.64
97.52
97.74
97.24
97.64
97.92
97.90
97.92
97.74
96.93
96.66
97.81
97.64
97.93
97.66
97.45
97.27
97.71
97.37
97.07
98.22
96.02
97.94
97.56
97.26
97.62
97.99
97.80
97.62
97.71
97.36
97.29
97.21
97.14
98.10
97.52
97.92
97.12
96.45
98.12
97.60
95.96
96.99
98.17
97.22
97.72
97.81
96.89
97.06
97.85
97.99
97.74
97.36
97.18
97.07
97.76
96.48
96.36
97.79
94.79
97.91
96.72
97.30
97.40
97.20
97.50
98.05
97.65
96.75
98.25
97.37
95.23
97.84
97.91
98.04
97.81
96.47
97.32
97.97
97.30
96.69
97.85
97.98
97.71
97.02
97.10
97.95
97.67
96.45
97.71
97.68
97.03
97.20
97.50
97.69
96.74
97.34
97.38
97.87
95.90
97.73
97.97
96.60
96.89
98.18
97.53
96.66
97.36
97.06
97.44
97.31
97.97
96.92
97.41
97.80
97.77
97.27
97.78
98.10
97.89
97.44
97.57
97.46
97.58
97.97
97.88
97.45
97.48
97.22
97.13
97.41
98.11
97.43
97.49
97.75
97.34
97.99
97.72
97.83
97.20
98.18
97.85
98.06
97.99
96.61
97.52
97.50
97.57
97.85
97.30
97.78
97.63
98.02
95.05
97.38
97.12
98.19
97.98
98.13
96.94
97.13
97.58
96.61
97.93
97.91
98.25
97.75
97.44
97.87
97.86
97.17
97.47
97.37
97.62
97.66
98.12
97.72
97.62
97.73
97.88
98.04
97.81
97.24
97.86
96.73
97.18
97.39
97.97
97.29
97.51
97.35
97.05
97.31
97.87
97.55
97.41
97.27
97.86
96.45
97.67
97.26
97.02
97.45
96.85
97.83
98.08
97.81
97.53
96.27
97.68
97.30
97.50
97.76
97.39
97.59
97.33
97.22
97.11
97.24
97.92
97.70
97.57
98.15
97.74
98.03
97.73
97.60
97.49
98.09
97.95
97.97
97.25
97.46
97.79
98.18
97.88
97.71
98.03
97.77
96.46
97.89
97.17
97.04
97.84
97.69
95.08
97.78
97.74
97.93
97.68
97.40
97.33
97.18
97.75
97.96
97.59
97.44
97.17
94.85
97.76
97.59
97.55
97.55
97.69
97.85
97.13
97.01
98.05
97.72
97.44
97.48
97.85
97.51
97.39
97.48
97.82
97.23
97.67
97.43
97.13
96.30
97.74
97.83
97.55
97.51
97.17
96.96
97.77
97.92
97.51
97.66
97.92
97.23
98.09
97.21
97.60
97.39
97.55
97.62
98.17
97.19
96.36
97.02
97.24
97.95
97.57
97.20
97.15
97.71
97.71
97.97
97.82
97.56
97.22
97.03
97.14
97.54
97.13
97.86
97.70
96.53
97.31
97.85
97.91
97.48
97.17
97.88
97.33
97.34
97.30
97.80
97.57
97.65
97.41
97.71
97.63
97.48
98.04
98.00
96.93
97.13
97.86
97.80
98.00
97.94
97.66
97.51
97.94
97.59
98.05
97.77
97.85
97.22
97.71
97.48
97.79
97.70
97.79
97.68
97.52
98.04
97.07
97.13
97.50
97.98
97.59
97.63
97.58
97.63
96.66
97.70
97.92
97.26
97.35
96.63
97.59
96.84
97.04
97.41
97.92
97.16
98.00
97.36
96.95
97.80
97.72
97.81
97.70
97.07
97.97
97.68
97.93
97.25
97.46
97.78
97.57
97.51
96.81
97.86
97.73
97.58
97.64
97.51
97.30
97.72
97.20
97.97
97.77
97.61
97.63
98.05
98.13
98.12
97.78
97.35
97.87
97.30
97.15
97.29
98.19
97.43
97.11
97.83
97.57
96.48
97.46
97.67
97.88
97.68
97.62
97.92
97.77
97.55
97.14
97.56
97.95
98.09
97.74
96.68
97.53
97.71
97.62
97.60
96.96
98.07
97.80
97.76
97.24
97.41
97.27
97.43
97.28
97.48
97.50
97.80
97.24
97.96
96.56
97.18
97.86
97.72
96.68
97.97
97.63
97.45
97.84
97.72
96.93
97.64
97.47
97.09
97.62
97.22
97.20
97.84
95.77
97.71
97.43
97.56
97.51
97.57
97.88
97.82
97.49
97.78
97.89
97.26
97.62
97.34
97.61
97.76
97.76
97.95
97.49
97.41
97.90
97.91
97.08
98.11
97.79
97.77
97.35
97.61
97.98
97.95
98.08
97.52
97.49
96.62
96.87
96.43
97.65
97.98
97.67
97.64
97.65
97.58
97.24
97.64
97.67
97.42
97.25
97.64
97.39
97.30
97.58
97.90
97.56
96.92
97.78
98.30
97.66
97.77
95.49
97.47
98.34
97.52
97.13
97.49
97.81
96.88
97.04
97.39
97.66
97.10
97.94
97.18
97.56
97.45
96.99
96.97
97.39
97.82
97.47
98.07
97.31
97.82
97.06
97.71
97.29
97.89
97.74
97.45
97.80
97.01
98.03
97.46
97.02
97.52
97.60
97.66
97.73
97.39
97.95
97.78
97.18
98.08
98.06
97.66
97.42
97.42
97.50
95.34
97.29
97.57
97.47
97.42
96.47
97.89
97.65
97.03
97.52
97.52
97.99
96.46
97.13
96.79
97.02
97.65
97.31
97.52
97.66
97.35
98.00
97.36
96.66
97.24
96.86
97.85
96.76
96.65
97.51
97.64
97.62
97.41
97.20
97.35
97.99
97.00
97.00
98.00
97.41
98.01
97.36
95.91
97.11
96.40
97.56
97.96
96.86
97.08
97.93
97.01
97.69
97.39
97.60
97.79
96.17
98.01
97.90
97.84
97.84
97.87
98.10
97.18
97.60
97.29
96.79
88.87
97.89
97.83
96.34
97.33
97.88
97.52
96.88
97.06
97.06
96.09
98.17
97.86
96.34
97.66
98.00
97.75
97.70
97.05
96.80
97.79
97.57
97.82
96.76
97.79
97.05
98.01
97.59
97.61
97.87
97.72
97.51
97.85
97.68
97.63
97.17
97.64
97.98
96.08
97.87
96.38
97.96
95.41
97.01
97.80
97.71
97.63
97.51
96.89
97.35
97.00
97.67
98.10
96.77
97.12
97.57
97.39
97.18
97.74
97.64
97.84
97.75
97.72
97.90
95.85
97.31
97.68
98.41
97.42
97.24
97.18
97.77
96.53
97.26
97.87
97.89
97.66
97.28
97.83
97.81
97.72
97.36
98.01
97.97
97.47
96.93
97.54
97.26
97.06
97.32
97.85
98.33
97.37
97.79
97.79
97.27
97.66
96.80
97.38
97.03
96.87
98.04
97.60
97.61
97.56
97.92
98.09
97.08
97.99
97.53
