97.09
96.90
97.18
97.24
97.01
97.34
97.28
97.09
97.23
97.09
97.49
97.30
97.10
97.13
97.13
96.64
97.25
97.32
97.42
97.37
97.36
97.30
97.19
97.09
97.30
97.31
97.09
97.21
96.90
97.32
97.30
96.82
97.42
97.00
96.84
97.19
96.94
96.87
97.32
97.26
97.42
97.27
97.17
97.23
97.15
97.51
96.88
97.23
97.44
96.97
97.31
97.19
97.09
97.07
96.73
97.16
97.35
97.04
97.43
97.22
97.26
97.36
97.15
97.49
97.18
97.05
97.34
97.28
97.09
97.37
97.20
97.24
97.03
97.34
97.36
97.27
97.11
97.44
97.00
97.34
97.31
97.31
97.10
97.28
97.21
97.24
97.52
97.09
97.21
97.11
96.66
96.87
96.89
97.15
96.99
97.32
97.16
97.18
97.23
97.20
97.32
97.47
97.18
97.23
97.10
97.20
97.24
97.25
96.82
97.35
97.35
97.21
97.30
97.43
97.44
97.01
97.37
97.36
97.29
96.72
97.06
97.25
97.25
97.18
96.30
97.09
97.00
97.22
97.24
97.38
97.14
97.36
97.27
97.31
97.27
97.36
97.41
96.99
97.43
97.16
97.03
97.01
97.17
97.17
97.37
97.17
97.14
96.93
96.96
97.27
96.83
97.44
97.27
97.19
97.32
97.28
96.88
97.54
97.23
97.11
97.15
96.95
97.07
96.92
96.95
97.16
97.15
97.21
97.00
97.30
97.17
96.91
96.98
97.11
97.16
97.35
97.48
97.53
97.07
97.25
97.23
96.77
97.20
97.36
96.96
96.99
96.69
97.30
96.78
97.22
97.28
97.49
97.30
97.36
96.90
96.84
97.25
97.28
97.31
97.34
97.24
96.83
97.30
97.17
96.96
96.94
97.23
96.71
96.83
97.08
97.18
97.18
96.82
97.13
96.67
97.10
97.27
97.07
97.05
97.26
97.30
97.23
97.25
97.19
97.37
97.28
97.14
96.88
96.85
97.27
96.63
96.86
96.89
97.27
97.07
97.40
97.31
97.50
97.50
97.15
97.51
96.91
97.47
97.30
96.75
97.34
97.34
97.37
97.24
97.15
97.32
97.48
97.11
97.21
97.21
97.24
97.34
97.54
96.82
97.24
96.98
97.12
96.70
97.19
96.62
96.97
97.31
97.32
97.44
96.96
97.21
97.04
97.02
97.03
97.02
97.20
97.05
96.95
97.26
96.96
97.17
97.19
97.00
96.99
97.01
96.96
97.23
97.24
97.20
97.19
97.34
97.01
96.65
97.21
97.34
97.11
96.92
97.26
97.27
97.31
97.12
97.14
97.28
97.26
97.11
97.05
97.15
97.20
96.99
96.62
96.72
97.17
97.06
96.64
96.94
96.99
97.03
97.02
97.46
97.03
97.43
97.27
97.61
97.40
97.29
96.93
97.35
97.41
97.15
97.48
96.89
97.26
97.39
96.95
97.36
97.25
97.23
96.75
97.12
97.08
96.85
97.08
96.65
97.06
96.92
97.29
97.37
96.95
97.16
97.07
97.24
97.04
97.14
97.39
96.92
96.92
96.97
97.27
97.21
96.98
97.49
97.00
96.84
97.13
97.55
97.28
97.44
97.38
96.92
97.28
97.18
97.16
97.24
96.98
97.10
97.35
96.56
97.14
97.10
97.34
97.19
97.27
97.22
97.11
97.00
97.33
97.04
96.83
97.27
97.19
97.35
97.18
97.13
97.16
96.99
96.98
97.04
97.15
97.18
97.36
97.07
96.85
97.21
97.00
97.28
97.03
97.19
97.04
97.26
96.98
97.24
97.40
96.82
97.05
97.48
97.31
97.05
97.27
97.25
97.21
97.25
97.33
96.75
96.67
97.42
97.18
96.86
97.18
96.86
97.20
97.10
97.25
97.18
97.32
97.08
97.11
96.78
97.38
97.03
97.15
97.41
97.35
97.06
97.37
97.14
97.27
97.42
96.70
97.44
96.65
97.37
97.12
97.13
97.08
97.41
96.62
96.84
97.41
97.17
97.27
97.48
97.08
97.21
97.34
97.33
97.31
96.99
97.01
97.22
97.08
97.28
97.17
97.19
97.05
97.20
97.08
97.16
96.79
97.08
97.14
97.18
97.20
97.04
97.08
97.22
97.36
96.41
97.16
97.10
97.13
97.16
97.05
97.34
96.67
97.24
97.27
96.96
97.35
97.20
97.06
97.28
97.35
97.17
96.98
96.79
97.25
97.26
97.32
97.17
97.08
97.02
97.19
97.35
97.00
96.88
97.39
97.16
97.23
97.45
96.97
96.92
97.23
97.20
97.11
97.22
96.68
97.28
97.24
97.27
96.93
96.89
97.11
97.30
97.21
97.05
97.10
97.22
97.12
96.96
97.42
97.41
97.01
96.92
97.06
97.47
96.97
96.96
96.99
97.04
97.36
96.92
97.24
97.20
97.26
97.27
97.14
97.30
97.25
97.45
97.10
96.74
97.17
96.98
97.29
97.33
97.21
97.02
96.98
97.19
97.35
96.94
97.40
97.03
97.28
97.25
97.35
97.02
97.23
97.21
97.32
97.44
97.10
96.61
97.28
96.96
97.28
97.12
97.31
97.01
97.01
97.20
97.26
97.32
97.07
97.20
97.04
97.06
96.95
97.29
97.39
97.22
97.00
97.13
97.02
97.23
97.06
96.94
96.88
97.06
97.26
97.38
97.08
96.92
97.25
96.88
97.11
97.32
97.27
97.28
97.10
97.15
97.18
96.94
96.84
97.01
97.31
96.37
97.21
97.06
96.93
96.99
97.25
97.37
97.12
97.10
97.10
97.04
97.02
97.13
96.74
97.35
96.75
97.03
97.09
97.11
96.99
97.21
97.40
97.07
97.20
96.96
97.31
97.21
97.32
97.17
97.11
97.37
97.17
97.36
97.18
97.17
97.26
97.14
96.99
97.38
96.77
96.87
96.96
97.07
96.99
97.11
97.34
97.18
97.33
97.51
96.94
97.25
97.24
97.23
97.22
97.21
96.99
97.02
97.15
97.17
97.03
97.41
97.06
97.17
97.14
97.07
97.04
97.28
96.83
96.95
97.42
97.16
97.45
97.57
97.42
97.33
97.26
97.17
97.33
97.17
96.99
96.53
97.23
97.40
97.23
97.16
97.33
97.31
97.04
97.27
97.13
97.55
97.44
97.17
97.09
97.13
96.47
96.97
97.12
96.86
97.11
96.66
97.32
97.05
97.16
96.71
97.27
97.09
97.20
96.75
97.15
97.28
97.08
97.23
97.16
96.93
97.34
97.11
97.23
97.41
97.37
97.40
96.99
96.78
97.34
97.16
96.89
97.15
97.25
97.26
97.01
97.44
97.45
96.58
97.39
97.05
97.03
97.32
96.70
97.29
97.32
96.87
97.23
97.14
97.40
97.11
96.97
97.11
96.99
97.51
97.11
97.07
97.33
97.42
97.43
97.09
97.37
97.29
97.02
97.13
97.04
97.22
97.18
97.44
96.83
97.24
97.11
97.32
97.03
97.07
97.25
97.21
97.35
96.81
97.48
97.25
96.94
97.17
97.33
96.91
97.32
97.19
97.06
97.47
97.29
97.26
97.34
96.66
97.39
97.48
97.35
97.04
97.22
97.22
97.30
96.94
96.96
97.34
97.11
97.02
97.20
96.89
97.33
97.16
96.81
97.02
97.30
96.87
97.18
97.46
97.07
97.32
97.08
97.20
97.15
97.39
97.06
97.16
97.41
97.05
96.78
96.94
96.85
96.81
96.74
97.15
97.32
97.13
97.16
97.27
97.33
97.13
97.27
96.89
97.46
97.22
97.19
97.19
96.78
96.74
96.88
97.26
97.27
97.27
97.04
97.27
97.03
97.14
96.92
97.00
96.94
97.19
97.32
97.35
97.33
97.28
97.14
97.01
97.20
97.21
96.86
97.25
97.39
97.15
97.27
97.33
96.91
96.64
96.87
97.06
97.13
96.93
97.05
97.30
97.10
97.13
97.12
97.17
97.19
97.48
96.94
96.97
97.09
96.95
97.37
97.06
97.34
96.88
97.49
97.09
97.38
97.39
97.26
97.47
97.06
97.01
97.31
96.77
97.18
97.28
97.36
97.34
97.40
97.16
97.28
96.97
97.03
97.34
97.25
97.37
97.29
97.07
96.91
97.19
97.01
97.00
97.02
97.17
97.12
96.86
97.35
97.35
97.11
96.84
97.19
97.18
97.19
97.50
97.09
97.29
97.37
97.23
96.98
96.87
96.93
97.20
97.06
97.22
97.04
97.37
96.59
96.28
97.41
96.95
97.09
97.51
97.19
97.34
96.79
97.06
97.29
97.36
97.01
97.20
97.17
97.38
97.18
97.16
97.27
97.25
97.27
97.34
97.38
96.86
97.00
97.39
97.05
97.10
97.22
97.31
97.26
96.86
97.17
97.21
97.15
