88.33
88.42
71.66
83.13
84.59
83.37
77.11
75.66
75.61
84.79
82.07
57.09
85.75
72.81
80.20
73.39
91.91
85.84
90.40
70.09
79.54
88.25
91.49
83.77
85.80
77.17
86.46
87.46
86.23
79.40
85.64
73.49
85.85
79.49
79.00
87.14
90.42
81.57
76.25
69.92
85.37
73.78
69.91
47.38
90.64
86.83
78.42
83.49
84.24
70.87
90.17
64.66
40.26
74.14
72.48
70.76
85.37
60.78
73.84
62.54
85.40
68.66
87.35
88.49
83.99
87.91
82.79
81.44
84.52
80.47
84.82
69.55
76.38
70.89
81.25
83.05
85.62
85.65
84.50
75.42
83.07
90.45
85.18
85.29
79.52
69.57
76.42
74.28
71.40
69.83
80.68
88.36
87.40
84.31
83.23
89.98
79.71
72.53
41.54
74.76
75.95
84.48
70.35
91.33
86.12
87.30
74.46
67.38
79.06
83.18
86.27
74.50
83.17
81.20
50.99
73.72
83.77
78.05
83.55
92.44
76.58
77.21
62.21
79.94
87.16
74.34
82.08
80.63
59.32
82.74
72.71
84.33
92.06
81.79
76.88
80.07
73.62
78.57
70.30
77.85
67.10
82.00
79.63
79.29
82.83
86.05
84.10
90.76
73.73
84.68
92.30
89.27
71.89
64.95
88.62
84.41
86.04
88.06
80.52
85.28
83.47
30.72
85.12
64.12
78.99
80.73
89.29
66.28
86.12
86.31
86.56
86.00
67.12
64.35
75.76
76.03
60.18
77.84
52.19
85.77
79.23
84.13
67.02
73.91
90.26
84.90
68.84
38.07
82.88
83.51
85.34
80.38
71.75
71.09
93.94
81.27
92.39
88.23
80.01
80.03
75.70
79.10
61.26
85.46
55.64
88.45
91.41
83.68
89.55
90.62
83.49
84.80
89.33
75.58
83.94
78.74
77.65
82.93
80.48
62.30
86.78
78.22
79.64
76.19
89.76
79.46
81.38
60.92
87.52
85.98
78.28
84.64
82.05
90.11
86.47
84.53
87.97
88.71
86.51
76.21
77.16
82.66
84.31
88.98
86.65
74.32
87.01
64.96
68.55
74.63
72.74
85.10
84.22
82.27
42.85
29.41
83.75
89.31
91.89
43.68
83.38
87.95
84.12
84.43
72.12
56.07
87.10
65.41
73.11
72.21
69.85
85.00
63.09
81.19
87.15
92.04
80.19
80.46
89.74
90.94
83.15
85.50
88.08
90.47
91.16
71.11
39.72
82.72
91.45
45.80
87.66
84.38
81.70
76.63
91.79
71.93
89.35
75.03
76.17
79.11
93.80
78.27
77.39
79.67
68.42
77.34
74.16
78.04
83.56
84.12
87.00
75.88
69.26
88.86
69.89
33.16
88.50
66.27
83.62
83.67
82.21
76.76
87.57
87.43
75.97
89.99
74.14
83.17
91.55
88.01
41.99
82.50
87.37
58.27
63.34
86.92
79.33
84.81
88.25
79.26
81.55
88.75
84.72
79.58
63.95
86.07
84.52
73.76
56.86
86.01
44.98
91.73
85.04
59.05
80.28
77.87
72.10
92.88
84.14
68.58
80.08
86.75
87.47
81.55
92.22
81.13
73.63
84.71
92.33
79.26
84.61
69.97
71.47
86.29
82.56
87.40
72.84
79.00
80.46
83.72
76.32
77.04
82.35
82.21
71.08
90.17
73.42
66.49
83.63
91.48
82.12
53.85
85.79
82.66
90.04
85.58
92.16
84.19
79.83
78.75
89.39
85.53
86.89
90.11
86.74
83.58
78.99
81.17
84.78
79.84
70.93
77.77
85.00
87.40
76.05
72.43
42.63
92.31
76.63
86.70
84.66
88.78
85.73
82.30
77.45
77.47
76.06
83.01
88.20
81.25
88.11
83.33
91.16
72.81
85.62
77.63
78.94
60.47
73.00
63.48
83.72
88.87
56.50
91.96
89.22
60.31
84.80
79.61
87.83
79.79
87.68
73.62
87.53
72.49
89.73
80.34
63.35
87.62
62.54
77.40
88.30
79.44
89.31
85.25
81.17
62.15
86.46
79.31
82.82
83.87
88.52
84.64
68.63
85.10
69.37
86.90
76.62
85.46
86.18
75.35
83.31
87.36
83.23
83.44
87.52
79.46
72.32
84.37
86.72
80.38
90.66
90.80
82.31
88.77
74.67
86.40
51.20
87.82
56.13
68.63
86.15
91.09
86.28
77.25
84.83
90.41
91.84
85.23
68.60
61.93
77.05
80.60
72.55
89.07
47.66
81.46
82.80
78.87
85.78
86.23
66.75
75.44
77.73
90.22
87.03
73.35
88.07
79.66
85.46
53.16
82.80
82.25
71.04
63.20
66.90
86.89
38.84
85.49
57.51
85.43
84.17
80.60
79.73
83.38
78.24
72.62
67.87
92.69
77.79
71.16
82.13
84.15
81.89
74.90
66.82
64.32
80.32
92.08
70.44
78.31
65.70
83.10
81.56
54.13
83.30
90.46
81.05
74.32
72.95
83.37
88.38
88.49
43.85
67.11
85.79
90.81
79.69
84.28
85.00
80.58
89.84
87.79
85.69
76.82
72.20
85.54
89.31
87.31
75.92
80.36
88.19
71.48
77.45
59.32
85.78
71.73
74.15
79.78
90.52
89.23
85.11
88.56
80.57
67.12
77.08
82.57
89.21
89.35
33.11
82.15
78.04
71.91
61.17
86.12
84.89
89.94
69.55
83.06
73.47
90.30
81.91
82.64
86.69
78.21
86.21
90.54
84.46
79.72
72.81
76.77
70.20
82.52
67.84
89.81
87.78
78.75
82.24
59.42
88.74
77.61
82.84
79.16
88.69
84.59
86.45
80.12
87.51
88.98
88.74
61.52
89.96
87.39
84.81
82.69
87.15
89.24
62.44
87.98
78.48
86.46
88.21
86.20
87.55
74.81
79.51
90.43
87.57
83.71
88.19
49.58
76.43
74.12
86.64
82.11
88.88
64.94
86.22
75.17
80.37
80.45
80.28
81.10
85.83
79.15
87.71
80.87
88.60
89.61
82.97
87.90
77.82
64.74
88.00
66.85
87.99
81.83
90.15
85.49
72.73
80.43
82.00
80.54
86.63
83.90
72.88
52.14
84.06
83.66
82.10
83.36
79.67
91.59
77.74
88.09
86.42
86.53
69.64
81.20
75.28
78.58
67.74
87.74
82.00
81.15
90.24
88.74
89.59
63.36
81.56
87.88
76.44
55.26
77.00
86.89
79.34
83.72
83.44
80.99
63.66
91.50
81.32
87.31
84.39
77.62
74.72
88.52
73.59
79.85
83.42
85.66
84.46
89.43
54.43
85.17
82.12
87.21
90.42
89.56
78.62
82.52
87.76
77.21
91.03
88.03
86.48
83.83
87.65
76.22
81.62
89.06
85.17
77.32
80.05
87.88
74.93
81.34
48.62
86.19
88.23
74.88
90.88
82.13
80.72
83.83
51.74
78.63
90.41
78.15
76.24
85.37
86.55
66.70
84.01
86.23
78.70
82.19
84.24
84.92
86.40
86.25
80.13
72.73
88.09
82.73
87.61
86.27
56.68
84.73
77.02
88.92
82.66
89.26
79.27
74.46
58.11
84.55
86.50
86.04
70.07
73.50
65.08
72.33
79.60
87.99
66.81
86.87
84.02
90.27
86.07
70.28
77.11
83.77
63.96
83.68
63.13
79.16
73.05
86.44
67.67
89.53
76.18
80.69
91.52
81.25
85.84
78.84
80.77
89.98
71.03
80.59
60.81
64.43
62.72
90.77
88.35
47.38
88.73
81.82
85.69
71.34
60.72
74.81
83.13
62.21
78.35
86.11
68.22
74.56
85.54
83.29
60.56
78.61
76.13
88.21
71.33
81.30
76.08
82.76
77.91
86.05
80.38
52.66
79.13
78.35
85.46
79.22
85.71
91.12
69.20
66.32
92.99
83.99
71.12
78.48
74.40
77.34
87.30
47.64
25.61
86.06
86.44
73.80
62.95
58.57
81.01
67.29
90.01
86.09
74.13
70.90
91.00
89.37
85.00
88.69
83.42
41.66
86.93
61.64
67.24
80.69
86.70
87.01
88.90
89.72
73.82
87.10
88.11
83.78
84.83
69.33
73.20
81.11
80.29
74.24
85.85
75.98
71.01
86.66
85.96
85.73
71.67
78.31
63.01
55.56
89.05
85.64
75.60
90.76
85.64
74.85
87.91
85.30
78.54
85.59
69.86
85.67
78.44
81.52
86.45
83.59
72.03
79.08
83.62
78.79
85.89
86.47
78.33
83.76
84.13
78.79
71.87
76.01
76.14
81.76
89.24
82.84
82.61
81.40
90.15
55.51
63.32
53.82
70.12
84.62
88.68
84.32
77.05
88.99
71.37
84.63
70.33
63.02
79.63
80.33
88.22
83.21
88.48
83.07
81.91
79.18
