98.48
97.86
98.17
97.22
97.20
98.36
97.92
98.29
98.38
98.45
98.02
97.73
97.92
98.54
98.06
98.13
96.88
98.02
98.45
98.19
98.06
97.66
98.53
98.28
97.99
98.54
97.87
98.31
98.31
98.23
98.36
98.23
98.18
97.96
98.19
97.86
98.25
98.28
98.18
98.45
98.00
97.89
98.21
98.37
98.10
98.18
97.40
98.18
98.45
97.64
97.95
98.54
97.97
97.58
97.91
98.51
97.93
98.41
98.36
98.31
98.13
98.18
98.32
97.91
97.90
98.09
97.85
97.86
98.29
98.04
97.58
98.00
98.04
97.62
97.76
98.32
98.21
98.30
98.26
98.40
98.21
98.21
98.00
98.32
98.11
97.89
98.15
98.18
98.15
97.50
97.79
98.07
98.27
97.99
97.18
97.95
98.41
98.10
97.99
98.25
98.50
98.10
98.09
97.94
98.36
98.27
98.13
97.91
98.14
98.23
98.08
97.86
97.82
98.15
97.02
98.03
98.03
98.37
98.17
98.04
97.56
97.97
98.12
98.08
98.30
98.24
98.51
98.12
97.92
98.02
98.44
98.31
98.01
98.27
98.33
97.89
98.31
98.27
98.31
98.17
98.21
98.50
97.66
98.14
97.90
98.23
97.66
98.41
98.23
97.77
98.15
98.10
98.26
98.05
98.13
97.69
97.93
98.14
98.12
98.06
97.60
97.55
98.19
97.44
97.88
98.23
97.90
97.75
98.23
98.35
98.24
97.75
98.20
98.20
97.97
98.20
98.02
98.32
98.45
98.23
98.53
97.50
98.27
98.17
98.49
98.08
98.13
98.42
97.55
98.20
97.98
98.37
98.41
97.81
98.46
97.93
97.85
98.07
97.95
97.80
98.03
98.35
98.35
98.28
98.07
98.13
98.10
98.37
97.48
98.21
97.65
98.51
97.96
97.87
98.20
98.30
98.57
97.99
98.02
98.14
98.33
98.01
98.18
98.13
98.43
98.44
98.18
97.86
98.26
96.86
98.03
97.89
98.16
98.23
97.74
98.38
98.25
98.19
96.17
98.26
98.05
97.71
98.03
97.03
98.26
97.55
98.26
98.17
98.16
98.55
97.94
97.71
98.18
98.38
98.26
98.49
97.36
98.20
98.11
97.80
98.23
97.58
97.84
98.47
98.34
97.88
97.85
98.34
95.99
98.00
97.81
98.15
97.69
98.08
97.83
98.34
98.14
98.24
97.82
97.19
98.56
98.43
98.22
98.36
97.75
98.21
97.97
97.93
98.23
97.97
98.61
98.49
97.90
97.90
97.91
97.44
98.44
97.97
98.15
98.21
98.53
97.90
98.29
97.86
98.27
98.13
98.02
97.54
98.02
97.88
98.33
98.20
98.18
97.81
98.00
98.10
98.26
97.93
98.06
97.52
97.50
98.35
98.41
98.41
97.93
98.05
97.99
97.70
97.56
98.01
98.14
97.86
97.90
97.54
98.61
98.23
98.35
97.83
98.29
97.97
97.93
98.20
97.93
98.06
97.96
98.45
98.22
97.65
98.08
97.92
98.24
97.80
97.68
97.67
97.09
98.14
97.85
98.21
98.31
98.09
98.41
98.40
97.53
98.42
98.18
98.22
97.68
97.81
97.85
98.29
97.26
97.85
98.09
98.07
98.38
98.18
98.17
97.58
98.29
98.19
98.31
98.03
97.88
98.26
98.00
98.36
98.29
98.05
98.40
98.16
98.32
97.37
97.67
97.92
98.45
98.41
98.40
98.29
98.29
98.36
98.13
98.33
98.00
97.80
98.50
98.00
98.27
97.80
98.52
98.06
98.21
98.31
97.44
97.98
98.59
98.18
98.28
98.16
98.12
98.05
97.78
97.94
98.13
97.75
98.33
98.32
98.15
97.94
98.41
98.09
98.09
98.52
98.29
97.61
98.02
98.21
98.12
98.22
97.78
98.10
97.72
98.12
98.15
97.57
98.07
97.89
97.55
97.77
98.10
98.11
98.27
98.18
98.44
97.89
97.88
98.03
98.28
98.05
98.39
97.76
98.16
98.47
98.21
98.75
97.46
98.27
98.25
98.14
98.34
97.14
98.38
98.06
97.91
97.84
98.13
98.20
98.41
98.20
98.22
98.36
97.87
97.61
97.73
97.97
98.45
98.14
97.97
98.42
97.96
97.78
98.05
97.49
98.43
98.07
98.25
97.97
98.19
97.54
98.39
97.63
98.16
98.45
97.89
98.16
98.32
98.13
96.77
98.39
98.58
97.95
98.18
98.16
97.95
98.19
98.17
98.28
97.92
98.07
98.14
98.35
98.07
97.92
98.19
98.50
98.66
98.17
98.28
97.86
97.96
98.11
98.08
98.02
97.44
97.95
97.95
97.90
98.30
98.61
98.37
98.45
98.49
97.76
98.11
98.16
98.34
98.19
98.36
98.23
97.99
98.32
97.80
98.42
98.24
98.20
97.78
97.10
98.10
97.88
98.35
97.99
98.55
98.17
97.82
98.14
98.29
98.39
98.50
98.26
97.97
98.47
98.22
97.88
98.44
98.34
98.02
98.12
98.44
97.95
98.29
98.05
98.06
97.40
97.93
98.38
98.39
97.97
98.06
98.29
98.26
98.18
98.06
97.02
98.40
98.05
98.38
97.37
97.75
98.30
97.94
98.23
97.53
98.38
98.20
98.36
98.30
97.67
97.79
98.31
98.35
98.14
97.58
98.11
98.29
98.29
97.88
98.14
98.38
97.84
98.68
98.17
97.61
98.13
98.33
98.22
98.48
97.91
98.32
98.34
98.09
98.26
98.21
97.86
97.95
97.42
96.97
98.22
98.19
98.23
97.98
98.33
97.94
98.24
97.50
98.49
98.29
98.08
98.24
98.26
98.37
98.07
97.99
98.53
98.20
97.71
98.33
96.92
97.87
98.24
98.05
96.79
97.96
98.10
97.80
98.12
97.89
98.25
97.68
97.86
98.41
97.90
98.18
98.37
98.03
98.16
98.28
98.04
98.12
98.24
97.91
98.24
98.31
98.36
98.17
98.15
98.31
98.08
97.61
98.56
97.89
97.77
98.24
98.31
97.93
98.36
98.15
98.48
98.09
98.04
98.31
98.28
98.36
98.29
98.51
98.34
97.66
98.16
97.93
97.43
98.14
98.16
97.92
97.80
98.38
98.26
98.17
98.28
98.32
98.11
98.51
97.17
98.20
98.40
98.60
98.17
97.39
98.14
98.13
97.57
98.24
97.79
96.70
98.25
98.10
98.42
97.71
97.88
97.95
98.42
97.61
98.27
98.54
98.21
98.21
98.20
98.50
98.11
96.82
98.03
98.42
97.69
97.79
97.86
98.03
98.20
98.23
98.44
97.64
98.40
98.18
98.10
98.17
97.72
97.93
98.30
97.70
97.83
98.12
98.34
98.40
97.84
98.49
98.37
97.54
97.74
98.39
98.49
98.11
97.75
98.40
98.56
97.72
98.07
97.72
98.27
97.87
98.41
98.28
97.50
97.76
98.22
98.32
96.92
98.41
98.04
98.13
98.24
98.12
98.27
98.11
97.78
98.09
98.31
98.40
98.02
98.36
97.83
97.80
98.17
98.21
97.99
98.31
98.54
97.09
97.95
97.94
98.07
98.14
98.09
98.40
98.23
98.30
97.64
97.98
98.15
97.11
98.36
98.29
98.13
97.55
97.68
98.10
97.99
98.13
98.34
97.39
96.44
97.88
97.96
98.19
98.29
98.04
98.26
97.61
98.36
97.72
97.56
98.10
98.01
98.18
98.09
98.32
98.05
97.81
98.30
98.16
97.56
97.95
97.83
98.22
98.27
98.36
98.21
98.31
98.20
98.37
97.81
97.71
97.94
97.81
98.13
98.05
98.50
98.06
97.97
98.30
98.31
98.20
98.05
98.22
97.87
98.19
98.32
98.10
98.38
98.04
97.72
98.36
97.67
98.27
97.99
98.65
98.04
98.42
97.94
98.20
98.40
98.37
98.16
96.55
98.04
98.41
97.07
97.96
98.39
97.35
98.35
98.44
98.53
97.61
97.87
98.12
98.09
98.18
98.29
98.22
98.35
98.40
98.28
98.29
98.19
97.46
98.04
98.37
98.32
98.41
97.95
98.16
98.31
98.28
98.41
96.88
97.76
98.14
97.53
98.63
98.32
98.18
98.30
98.13
98.45
97.50
98.17
98.28
98.30
98.24
98.07
98.00
97.36
98.43
97.83
97.80
98.25
98.15
98.35
98.07
97.95
97.75
97.93
98.60
97.93
98.29
98.17
97.91
98.05
97.64
98.14
97.92
97.66
98.19
98.12
98.02
97.93
98.46
98.20
98.36
98.47
98.40
98.11
97.69
98.46
98.11
98.07
98.08
98.34
98.11
98.28
98.27
97.97
96.67
97.68
98.02
98.15
97.81
98.28
98.50
97.86
98.17
98.17
96.23
97.55
