97.78
98.26
97.90
98.14
97.68
98.18
97.88
97.66
98.10
97.89
97.99
97.98
97.77
98.09
97.65
97.44
97.76
97.98
97.75
97.90
97.72
97.71
98.13
97.37
97.88
97.89
97.84
98.10
97.39
97.67
97.86
97.65
98.03
97.72
97.53
97.63
97.90
97.77
98.17
97.65
97.79
98.02
97.64
97.72
98.05
98.10
97.91
98.12
97.81
98.11
97.89
97.74
98.12
98.07
98.13
97.90
98.19
97.62
97.98
98.03
98.14
97.64
97.72
98.01
98.06
97.52
97.85
97.76
97.99
97.75
97.97
97.86
97.86
98.05
97.94
97.91
97.64
97.24
97.95
97.79
97.01
97.87
98.06
97.76
98.30
98.15
97.72
97.62
97.50
97.99
97.70
97.90
98.06
97.81
97.97
97.99
98.13
98.16
97.85
97.84
97.97
98.09
97.48
98.06
97.96
98.07
97.47
98.01
97.95
97.78
97.92
97.89
97.39
97.98
97.83
97.97
97.82
97.97
97.58
98.08
97.94
98.20
97.90
98.04
97.91
98.07
97.42
97.84
97.95
97.93
97.94
97.59
98.08
97.83
97.39
97.80
97.86
98.32
98.25
97.91
98.15
98.05
97.84
97.61
98.11
97.74
97.93
98.23
97.93
97.56
98.10
97.49
97.81
98.16
97.97
98.29
97.79
97.65
97.83
98.26
98.06
98.14
98.11
97.89
97.51
98.12
98.01
97.70
97.66
97.84
98.04
97.81
98.06
98.12
97.58
98.10
97.89
98.02
97.36
98.31
98.07
97.50
97.99
97.91
97.79
97.96
97.93
97.78
97.85
97.35
98.05
97.51
97.57
97.85
97.96
97.92
97.60
97.79
98.27
97.95
98.04
97.64
98.10
97.73
98.02
98.16
97.74
97.95
97.83
97.73
97.25
98.23
97.81
97.86
97.74
97.51
97.72
97.40
97.89
98.06
97.99
97.89
97.74
97.98
96.79
97.55
97.31
98.26
97.23
98.04
97.51
97.97
97.87
97.82
97.85
97.76
97.90
98.08
97.99
98.10
98.04
98.14
98.16
97.69
98.09
98.21
98.01
97.64
97.87
97.62
97.94
97.97
98.32
97.90
97.90
97.36
97.96
98.05
97.80
97.46
98.16
97.46
97.97
98.18
97.62
98.01
97.97
97.94
97.63
97.88
98.06
98.22
98.00
97.95
97.84
97.94
98.01
98.07
97.73
97.94
97.93
98.03
97.94
97.51
97.99
98.08
98.12
97.98
98.10
97.53
97.47
97.89
97.72
97.91
97.75
97.63
97.88
97.72
98.17
97.95
97.92
98.08
97.95
98.00
98.06
98.05
98.01
97.79
98.06
97.67
97.86
97.72
97.95
97.91
97.95
98.06
97.89
98.17
97.89
98.06
97.73
97.81
97.85
98.11
97.43
97.87
97.77
97.76
97.97
97.84
97.90
97.61
98.03
97.99
97.35
98.05
98.00
98.01
97.88
98.00
97.65
98.01
97.75
97.87
97.93
98.26
98.17
97.98
97.67
97.64
97.75
97.52
97.90
97.35
97.66
98.08
97.92
97.90
97.79
97.93
97.99
97.83
98.22
97.99
97.92
98.06
97.76
97.82
97.91
98.09
98.02
98.07
97.82
98.03
98.03
98.06
98.07
98.05
98.06
97.71
97.90
98.06
97.95
98.07
97.71
98.16
98.14
97.63
97.70
98.04
98.20
97.10
97.84
97.30
98.03
97.99
97.67
97.92
97.95
97.84
97.82
97.80
97.53
97.79
97.84
98.15
97.94
97.51
97.88
98.06
97.98
98.24
97.86
98.02
97.82
96.85
97.85
97.84
98.05
97.99
97.96
97.77
98.15
98.10
97.51
98.24
98.04
97.84
98.09
98.04
98.00
97.66
97.67
98.02
98.20
97.47
97.87
97.83
97.89
97.86
98.03
97.97
97.83
97.81
97.85
97.74
97.37
97.09
98.17
97.95
97.70
97.77
97.80
97.63
98.15
97.95
97.71
98.09
97.72
97.57
98.01
97.97
97.69
98.01
98.08
97.96
97.98
97.89
97.76
97.88
98.11
97.35
98.00
97.85
98.05
97.76
97.35
97.33
97.99
98.24
98.01
97.69
97.95
97.84
97.99
98.17
97.87
98.21
98.13
97.98
98.10
97.71
97.85
97.67
98.05
98.21
97.77
97.56
97.99
98.05
97.79
97.50
98.02
97.54
97.99
97.90
97.89
97.46
97.52
98.11
97.91
98.04
97.85
98.08
97.72
97.91
97.69
97.76
98.04
98.02
97.99
97.65
97.59
98.02
98.19
98.02
97.81
97.87
97.90
97.57
98.22
97.39
98.03
97.76
97.77
97.97
98.02
97.71
97.92
98.09
97.63
97.64
97.79
98.07
98.00
97.88
97.91
97.99
97.89
97.68
97.72
97.96
97.68
97.73
97.99
97.86
97.91
98.25
97.90
98.19
98.14
97.58
98.04
98.07
98.20
97.52
97.66
98.06
98.08
98.25
98.06
97.96
97.40
97.39
98.35
97.97
98.10
97.64
97.72
98.18
97.74
97.96
98.16
97.80
98.02
97.99
97.90
98.28
97.35
97.83
98.22
97.89
97.20
97.62
98.10
97.59
98.04
97.99
97.78
97.81
98.03
98.09
97.95
97.62
98.14
97.85
97.59
97.91
97.99
97.41
97.24
97.88
98.06
97.78
97.72
97.72
97.30
97.87
98.10
97.90
98.06
98.17
97.12
98.24
98.21
98.09
97.75
97.63
97.87
98.01
97.84
98.15
97.94
97.78
98.05
97.60
97.45
97.73
97.94
97.88
98.21
97.99
97.89
98.07
97.91
97.96
97.69
98.12
98.08
97.80
97.71
97.60
97.95
97.36
98.08
97.75
98.02
97.40
97.60
97.83
98.08
98.11
97.89
97.35
98.06
98.19
97.86
97.19
97.84
98.16
98.18
97.83
97.50
97.69
97.48
98.17
97.14
98.31
97.96
98.05
97.37
97.96
98.14
98.08
97.17
97.69
97.73
98.19
98.07
98.11
97.68
98.18
97.37
98.30
97.61
97.86
98.10
98.09
97.62
97.89
97.76
97.97
97.91
98.11
98.08
97.96
97.85
98.02
98.00
97.37
97.71
97.97
97.83
97.91
98.07
97.84
97.87
97.78
97.93
98.10
97.82
98.03
97.63
98.30
97.90
98.05
98.01
97.73
97.81
98.18
98.08
97.98
97.75
98.10
97.96
97.41
98.04
97.51
98.01
97.66
98.08
98.04
97.94
97.80
98.03
97.15
98.12
97.94
97.73
97.85
97.81
98.17
97.85
97.84
97.80
97.60
97.57
97.79
97.90
98.06
97.73
97.57
98.14
97.97
98.15
98.11
97.80
98.02
98.00
97.84
98.27
97.72
97.71
97.83
98.00
98.05
97.91
98.15
97.94
97.71
97.83
98.05
98.05
97.83
97.73
98.15
97.79
98.17
98.08
97.83
97.60
98.00
97.97
98.04
98.06
97.85
97.62
98.14
97.64
97.13
98.01
98.09
97.63
97.82
97.67
97.27
97.80
97.50
97.72
97.64
97.99
97.87
98.07
97.99
98.14
97.82
98.03
98.07
97.93
98.03
97.88
98.17
97.56
98.17
97.91
97.73
97.94
97.94
97.74
97.82
97.95
98.05
98.07
97.87
97.94
97.99
97.87
97.35
97.74
97.42
97.81
97.83
98.10
97.92
97.63
98.03
97.56
98.15
97.42
98.13
97.57
97.75
98.05
98.17
97.72
97.95
97.91
97.88
98.12
97.15
97.92
98.22
97.78
97.89
98.29
98.07
97.68
96.90
98.11
97.50
98.01
97.90
97.99
97.86
97.57
97.51
97.90
98.13
98.21
97.97
98.04
97.67
97.86
98.04
97.87
97.78
98.16
97.64
97.93
98.12
98.08
97.90
97.77
97.90
97.38
97.85
97.92
98.10
98.11
97.65
98.13
97.61
97.46
97.77
98.02
97.67
97.67
97.76
97.68
97.64
98.17
97.58
98.15
97.68
98.27
98.14
97.79
97.47
97.69
97.93
97.40
98.01
97.82
97.75
98.31
97.97
97.72
98.01
97.85
97.96
97.44
97.61
98.17
97.83
97.60
98.05
97.73
98.03
98.01
97.73
97.86
97.83
97.95
98.03
97.80
97.65
98.14
98.21
98.12
97.98
97.81
97.78
98.25
97.91
97.96
97.71
98.07
97.75
97.91
97.68
98.05
97.72
97.77
97.68
97.53
98.25
97.98
97.82
97.87
98.10
98.09
97.40
98.04
97.56
98.01
98.16
97.65
97.26
98.00
97.89
97.94
97.95
97.25
98.29
97.70
97.90
97.89
97.96
97.65
98.13
97.49
98.05
97.84
97.80
97.73
97.68
98.01
98.01
98.08
98.01
