90.15
93.58
91.07
88.84
88.58
86.72
94.38
92.45
83.96
91.34
93.40
93.71
89.87
86.64
81.06
88.58
91.14
90.45
77.22
87.52
91.29
95.07
93.41
91.12
89.95
81.80
91.97
92.17
91.64
87.30
94.08
91.26
90.19
91.42
92.32
88.21
75.44
90.22
92.33
92.14
92.61
90.23
92.62
88.12
82.50
71.99
90.91
93.52
88.11
90.49
85.24
93.06
89.24
88.17
89.09
93.69
90.58
92.12
88.92
89.53
81.32
93.20
93.27
87.30
87.14
93.83
86.03
93.49
84.45
93.37
87.89
93.55
92.88
86.05
90.36
92.56
93.56
93.28
91.38
90.15
91.62
88.95
92.57
85.20
91.19
85.68
77.19
93.50
90.18
90.08
93.09
73.15
86.13
91.95
85.32
93.60
89.84
93.58
90.88
75.38
91.61
89.56
93.25
85.83
89.11
91.42
83.57
80.98
93.92
93.36
89.42
91.62
93.76
88.60
93.09
92.34
84.13
81.01
93.98
94.03
93.23
92.84
93.01
92.65
92.13
93.12
94.60
91.50
90.99
88.19
84.65
93.06
93.34
92.64
92.15
93.62
91.05
92.29
92.39
81.79
92.84
86.74
92.59
94.66
91.58
88.84
80.08
91.08
91.84
89.54
94.05
86.72
92.65
88.69
88.43
93.98
90.82
90.94
91.90
90.94
86.56
91.15
93.59
89.20
88.79
92.88
80.01
90.72
88.48
92.35
88.22
89.90
92.26
86.65
93.99
85.75
89.47
90.92
93.78
91.98
94.56
94.32
83.65
92.13
88.47
90.93
90.62
87.13
85.54
94.44
88.16
93.18
92.53
88.17
92.99
93.74
93.69
94.30
94.51
86.86
91.55
91.17
93.43
92.47
80.16
93.29
91.27
77.08
92.10
92.13
92.10
93.51
93.11
93.47
92.12
88.22
87.75
89.37
87.74
86.43
90.98
89.98
87.27
89.84
91.99
92.48
83.58
93.64
69.62
92.47
93.15
91.29
90.74
93.55
89.58
90.42
94.47
93.53
88.80
91.06
91.75
83.23
94.22
94.76
89.31
90.22
80.41
83.69
88.72
89.90
90.02
86.74
93.82
93.33
86.64
90.58
91.04
93.32
88.60
92.60
93.64
89.01
94.84
90.99
76.00
92.83
86.54
90.48
90.82
93.74
92.67
89.58
93.03
88.97
88.51
90.39
92.56
92.03
80.71
92.75
78.66
87.09
91.00
91.25
93.85
89.49
88.80
93.96
91.63
79.59
85.83
93.10
93.41
92.50
91.54
84.90
94.16
89.51
88.94
86.59
90.55
92.52
92.45
88.20
93.64
84.27
92.40
93.78
92.22
94.06
84.09
88.44
93.55
90.98
88.78
91.76
89.11
94.47
87.24
89.50
88.47
93.35
92.98
94.84
92.80
92.49
87.33
92.35
88.38
80.49
86.31
94.12
89.29
93.20
89.94
94.47
79.31
85.83
91.96
88.97
94.23
91.97
86.66
92.56
94.04
93.44
93.92
85.69
82.01
88.51
90.29
91.33
90.26
89.48
94.46
87.87
85.70
92.69
92.88
85.74
93.27
83.59
93.63
90.18
93.70
82.10
93.94
93.57
93.11
92.31
78.08
89.64
94.66
89.65
90.06
93.47
84.12
88.02
92.26
90.09
88.27
87.28
91.56
89.36
91.30
87.44
90.71
90.16
84.73
92.26
89.14
93.35
92.77
92.77
90.57
86.09
89.57
88.78
93.45
90.27
93.53
93.13
85.20
90.67
92.27
91.85
86.17
92.87
91.53
92.79
89.53
84.66
91.48
91.85
89.29
92.04
93.07
93.49
89.23
92.88
87.13
78.22
94.07
92.75
86.34
94.48
93.17
92.98
93.15
91.47
92.03
92.15
92.07
89.87
93.44
92.01
92.35
92.62
92.46
89.65
91.61
84.54
92.17
92.96
93.76
83.08
94.19
78.77
93.63
88.56
77.38
94.97
86.89
86.95
93.50
93.64
91.82
92.15
88.59
89.39
90.20
94.49
89.25
94.48
94.68
92.45
93.01
92.55
79.75
87.85
93.82
76.20
89.98
94.21
90.62
90.44
85.88
92.91
92.58
93.56
94.28
81.46
91.56
86.83
89.79
85.92
88.96
93.84
90.14
94.20
91.19
94.06
91.36
92.59
85.73
93.87
90.98
93.95
93.42
92.17
93.43
93.60
89.29
93.80
86.48
91.63
82.68
88.28
90.94
87.17
72.41
91.02
87.26
86.77
89.23
81.93
93.88
83.77
93.75
92.64
92.62
92.45
90.42
92.18
91.59
90.53
92.91
93.96
93.54
89.60
89.92
92.77
83.46
83.80
90.54
90.49
87.99
92.54
88.61
90.45
90.13
92.37
93.27
92.05
90.56
94.09
92.15
92.92
93.27
93.94
92.23
90.91
93.16
93.42
90.10
85.67
93.73
92.23
89.27
92.43
87.56
88.09
86.79
92.24
93.12
90.18
89.42
85.02
93.77
91.11
90.89
90.39
92.67
90.93
91.51
89.81
87.27
92.88
91.02
86.79
92.58
92.39
83.34
87.00
88.55
86.89
93.17
92.68
85.03
94.42
92.56
90.51
93.29
87.42
90.17
89.65
92.50
90.42
90.00
94.82
92.75
86.71
89.88
91.90
92.08
92.65
87.59
82.79
91.49
90.92
90.52
90.45
92.63
90.65
91.63
82.85
90.74
89.29
93.64
93.77
90.28
93.81
92.04
94.17
89.31
89.46
88.72
94.04
90.96
90.37
90.65
92.98
90.24
93.67
94.42
88.74
93.54
90.69
81.15
92.96
92.52
93.17
85.47
92.93
91.98
88.91
91.75
92.14
91.86
91.64
90.65
84.60
92.33
90.70
92.62
94.12
94.67
92.81
89.38
89.86
74.56
92.57
88.81
72.29
92.68
90.15
92.43
88.85
92.43
92.70
94.05
84.53
91.29
90.46
90.58
83.73
91.41
78.89
90.31
89.46
90.93
91.23
92.67
94.00
85.90
89.51
87.25
93.73
77.20
93.14
91.20
92.90
89.48
90.93
92.91
92.35
92.92
88.28
92.28
89.25
88.51
90.42
87.06
94.41
86.80
84.31
93.14
92.59
91.46
92.83
82.74
92.82
82.82
87.93
83.44
92.32
92.67
93.36
93.53
92.89
90.48
92.36
90.41
91.40
93.46
93.12
90.09
89.71
92.44
91.83
84.37
92.20
93.51
86.29
89.00
79.36
91.27
92.43
90.32
87.93
92.54
93.97
94.93
91.80
90.78
90.86
91.13
90.93
86.76
90.96
92.44
67.75
91.94
94.01
76.89
82.77
88.69
92.90
92.45
93.43
91.68
86.73
89.69
93.48
92.48
87.00
93.51
93.76
85.39
87.30
91.95
93.64
91.42
88.36
90.43
89.50
94.57
92.74
82.85
92.71
94.09
94.25
92.86
80.20
92.48
89.65
92.66
85.18
76.29
91.69
91.96
93.27
93.32
94.18
92.70
88.34
76.52
87.27
87.88
87.50
88.64
91.95
84.05
92.82
93.46
92.63
80.13
94.16
92.02
94.47
93.80
93.42
87.96
90.19
92.03
91.23
91.94
92.91
88.04
93.99
89.43
83.02
87.68
93.07
92.96
84.77
85.45
93.84
93.92
91.68
87.29
88.42
92.87
81.75
91.39
83.27
91.89
91.74
94.80
92.09
90.71
93.69
93.48
91.78
91.34
92.22
91.10
93.82
91.19
90.72
88.95
92.49
90.38
90.34
92.01
93.55
89.65
92.46
92.57
94.45
93.01
92.95
90.18
83.83
91.99
88.60
84.69
90.99
91.24
90.41
93.08
89.44
92.84
91.01
88.02
86.48
93.54
83.38
85.06
83.33
84.20
83.07
92.34
92.95
93.55
92.09
86.62
92.90
92.42
91.79
90.66
92.51
90.94
91.57
91.15
89.15
90.87
76.30
90.70
78.12
93.98
93.06
91.75
93.65
86.43
90.44
89.32
92.94
89.03
79.97
88.51
93.35
91.23
87.17
94.03
79.69
94.18
87.08
85.73
92.13
93.14
89.74
87.96
93.92
93.35
91.41
91.97
92.08
93.37
92.00
88.05
87.66
93.25
91.29
86.86
94.19
91.58
94.34
91.19
92.58
90.05
82.57
91.82
90.52
87.33
92.65
90.06
92.76
91.04
70.88
89.91
89.13
88.16
93.00
92.10
90.72
91.86
84.14
92.45
93.60
92.00
90.26
93.57
88.16
91.60
91.18
91.07
90.90
85.33
90.75
84.90
92.03
90.02
90.54
90.01
75.50
84.34
85.12
86.17
91.62
89.33
92.10
93.11
92.16
93.52
89.66
92.23
93.57
92.47
92.17
91.96
89.97
86.26
90.76
90.29
88.60
93.64
93.78
93.68
87.42
