97.40
95.70
93.29
96.11
94.27
95.83
95.72
97.16
97.04
96.36
97.35
95.13
95.53
95.99
96.41
89.39
97.09
95.62
96.82
93.31
96.18
96.60
95.91
90.91
94.41
96.97
96.42
96.55
96.65
96.38
95.84
96.91
97.04
97.11
96.88
96.97
96.23
97.21
95.66
96.39
96.97
96.14
95.73
95.38
96.58
97.25
96.00
97.33
96.73
95.50
93.44
95.40
88.76
96.79
95.69
96.80
97.15
96.64
96.19
95.78
96.34
93.48
96.57
93.18
96.54
96.20
96.44
94.95
95.30
94.87
95.02
87.81
97.21
97.49
95.93
96.14
96.02
96.98
95.57
94.63
95.71
97.03
93.73
93.15
96.02
95.38
95.69
95.76
96.15
92.84
96.83
96.65
96.57
95.51
96.13
96.15
91.57
96.52
96.35
96.98
97.15
97.15
84.81
97.31
93.94
96.17
97.11
97.37
97.23
95.52
97.33
93.39
96.94
96.61
96.06
97.01
96.31
96.56
93.07
96.85
96.54
93.15
96.86
97.21
94.99
97.02
96.77
94.88
92.29
96.70
95.93
95.52
94.68
95.91
95.93
96.58
94.11
96.74
94.57
97.12
96.82
97.29
94.86
96.11
94.83
97.64
96.94
96.25
96.88
97.12
96.33
96.10
94.93
95.90
97.09
96.15
96.14
96.50
96.28
96.92
95.92
94.00
95.13
96.35
96.51
96.50
94.81
95.26
96.40
93.64
95.72
96.44
94.36
95.93
96.68
96.90
95.63
92.72
94.98
96.73
96.87
97.29
97.27
96.67
95.80
96.71
96.77
95.88
96.01
96.42
96.06
97.43
95.63
96.66
97.06
96.44
95.36
90.85
97.44
94.88
96.48
95.98
97.48
96.71
95.67
96.91
95.80
96.42
96.83
95.96
97.23
96.47
95.72
94.98
94.51
97.08
97.34
96.58
96.74
96.02
96.41
96.46
97.02
96.43
96.30
95.67
88.24
96.75
96.80
95.85
97.57
96.16
96.06
95.96
96.78
95.69
96.19
96.62
96.43
95.12
97.18
97.59
96.70
94.29
95.16
96.37
97.00
96.84
92.65
96.64
95.76
96.23
95.52
96.81
93.73
97.14
95.64
96.79
95.73
96.62
95.87
95.71
95.67
96.25
96.42
96.27
96.28
94.50
96.77
97.21
94.44
96.00
96.25
97.47
95.13
96.91
92.40
96.13
95.43
87.35
94.07
96.26
96.06
92.44
95.72
95.33
96.31
95.92
96.58
96.46
96.89
95.37
95.95
95.08
93.62
97.21
95.57
92.90
96.56
96.43
93.62
92.96
96.23
94.68
95.25
96.60
97.31
95.89
95.29
94.91
96.58
95.20
97.15
97.05
96.86
97.53
95.43
96.07
95.01
92.82
96.73
95.49
97.42
97.72
96.92
96.45
96.24
97.19
95.99
97.55
96.17
96.66
96.38
96.52
94.19
96.45
95.78
97.24
96.70
95.62
95.61
92.97
97.43
94.95
96.28
94.88
96.81
96.15
95.82
96.90
96.50
96.76
95.83
97.23
97.31
90.39
96.79
97.29
97.20
97.17
96.22
96.36
93.54
97.14
96.67
87.63
97.23
96.14
96.76
95.19
95.00
95.48
96.76
96.44
94.67
95.26
94.47
96.16
96.81
96.48
97.55
96.12
95.45
91.66
96.71
96.76
96.59
95.50
90.39
96.52
97.20
96.45
95.20
95.10
96.54
94.53
96.10
96.74
96.76
96.99
95.69
94.44
97.31
96.86
94.94
95.67
96.83
97.41
95.40
96.88
96.93
95.37
95.17
96.12
94.81
96.15
96.22
95.97
96.34
92.91
96.30
96.88
95.84
96.83
96.15
97.05
94.49
94.81
96.07
96.60
95.84
94.21
95.95
97.24
97.57
96.48
95.99
97.40
92.75
95.96
95.74
96.74
94.94
95.92
97.03
96.31
97.00
96.58
97.27
96.23
96.18
95.90
95.99
96.59
96.93
94.51
95.96
97.08
95.70
94.96
95.93
97.02
95.45
96.89
96.94
93.91
95.94
94.45
96.37
97.24
96.77
96.09
94.04
96.33
88.86
97.46
96.65
95.30
95.43
97.74
95.56
93.24
96.29
94.49
94.24
96.78
92.20
91.63
96.95
94.15
97.58
96.71
91.80
94.34
90.95
95.80
96.39
96.80
96.14
92.43
96.47
91.64
96.30
94.43
96.97
95.26
95.99
97.46
93.92
95.07
95.14
96.99
96.91
96.77
94.83
95.63
94.64
95.69
96.76
97.32
95.83
95.93
96.94
95.98
97.14
96.64
89.34
95.52
94.41
95.85
96.18
96.86
96.71
97.03
96.15
96.10
94.61
96.99
97.06
94.92
97.03
96.37
92.48
93.35
97.06
96.38
97.42
94.64
97.03
94.81
95.89
89.75
97.19
96.95
97.22
97.03
91.41
96.79
95.07
96.40
96.56
95.85
95.37
97.11
95.49
95.49
96.40
96.03
95.10
96.64
96.44
96.73
96.77
96.69
95.00
97.76
96.75
97.47
95.40
95.73
96.46
95.37
96.82
95.83
94.92
96.28
95.97
97.27
94.72
90.44
96.97
94.02
88.35
96.60
96.30
97.15
96.83
97.39
96.81
95.93
97.48
96.24
96.44
95.02
94.23
97.05
97.29
95.80
96.58
96.38
96.83
96.63
97.05
95.29
96.68
93.74
92.48
95.27
96.63
96.70
97.15
96.79
95.69
95.36
94.20
96.56
96.32
96.39
96.91
94.13
92.78
96.24
96.11
97.22
95.46
96.38
96.16
95.48
95.36
95.47
94.89
97.21
95.07
96.01
96.16
97.51
93.67
92.83
97.52
96.86
97.15
97.03
97.09
96.41
96.80
96.65
96.67
97.54
96.46
97.71
97.22
96.19
96.33
96.06
97.15
97.68
95.33
97.21
97.10
95.58
97.01
96.34
97.21
94.45
91.85
96.73
96.90
96.45
97.51
94.85
96.50
93.96
94.00
96.80
94.54
96.19
95.09
97.11
85.31
96.88
96.55
97.11
97.01
94.92
96.99
93.30
96.26
95.80
95.04
95.51
95.28
96.02
96.14
96.29
95.65
96.72
96.24
95.70
96.64
94.81
95.23
96.14
97.21
89.55
97.48
94.90
96.11
96.49
96.66
96.40
96.81
96.31
96.80
97.01
95.18
91.75
96.06
97.18
93.76
92.04
96.80
91.69
96.01
95.30
96.33
94.96
97.09
96.37
96.58
97.02
96.25
94.65
95.72
95.91
96.26
96.51
96.23
94.13
96.67
96.74
93.56
96.38
97.37
96.24
97.07
95.37
96.17
94.95
92.38
96.68
97.23
97.01
95.76
97.26
96.00
95.21
95.77
96.30
97.02
97.40
95.90
96.71
96.65
97.20
96.76
95.99
95.29
96.35
95.56
97.50
96.54
96.74
95.19
95.43
94.51
94.05
97.08
95.64
95.64
96.63
97.28
97.60
96.79
96.82
97.26
95.32
96.87
95.79
95.61
96.02
96.83
96.80
95.88
95.78
97.49
97.67
96.36
96.31
97.23
96.72
96.01
96.72
97.13
94.87
96.77
96.13
95.04
96.27
95.86
96.74
96.89
96.48
95.79
94.90
94.39
94.81
96.83
92.57
97.10
94.87
96.25
96.10
97.20
95.00
96.44
96.04
94.98
96.58
96.63
95.55
96.51
96.11
96.81
96.37
96.45
95.62
94.76
95.99
96.04
95.84
96.80
95.26
95.88
87.74
93.00
91.74
94.77
96.91
96.95
95.63
95.45
95.71
91.01
96.23
95.92
95.37
96.74
95.46
96.12
94.00
96.64
96.58
95.23
96.77
94.85
97.57
94.60
96.85
97.42
93.64
96.00
96.54
97.46
94.67
96.75
86.59
96.89
96.27
96.68
95.57
96.94
96.40
96.65
95.68
97.26
95.11
96.80
96.55
96.93
97.29
95.28
96.32
90.37
94.71
96.00
97.46
96.54
96.50
96.63
96.29
95.91
96.68
96.62
96.37
96.97
94.80
95.74
95.07
95.34
92.71
94.88
94.66
96.83
93.10
96.81
96.78
97.54
96.71
95.83
94.70
96.98
93.07
96.00
96.04
96.37
93.68
94.99
95.68
96.09
94.89
93.72
95.86
94.68
94.55
95.73
94.24
96.09
97.18
96.83
97.55
97.15
94.75
95.78
96.44
95.03
96.47
96.87
94.89
95.90
96.56
94.69
91.28
96.24
96.42
96.68
97.21
94.48
96.31
96.13
97.10
94.05
96.72
95.19
93.83
97.55
97.00
93.48
95.85
97.55
97.00
96.29
96.51
95.36
94.73
96.18
95.91
97.06
96.61
96.68
97.06
97.12
95.12
96.64
88.62
97.25
96.28
96.06
96.35
93.14
97.02
