92.69
92.59
94.54
90.61
91.94
93.45
95.09
93.48
92.69
91.63
80.08
94.35
94.45
91.62
93.81
93.62
94.47
94.51
94.50
93.86
93.45
92.27
92.08
95.10
94.52
91.77
91.55
94.88
93.32
93.44
93.41
93.47
92.81
93.45
95.11
95.49
92.54
93.41
92.93
91.55
89.54
92.43
92.24
95.10
95.29
93.44
94.29
91.56
94.78
93.29
94.73
94.76
91.62
95.27
93.55
95.16
95.39
93.07
94.94
92.81
95.83
93.64
90.75
92.69
92.95
94.31
94.38
95.21
92.55
94.43
94.28
93.10
91.96
92.93
92.88
93.80
94.44
90.51
94.04
95.17
86.23
83.08
93.00
95.12
93.09
93.36
95.72
91.62
91.85
95.28
94.54
93.85
93.52
89.94
94.41
94.03
93.56
84.50
94.04
94.98
94.02
94.88
92.42
93.70
94.49
93.27
92.10
94.25
93.30
94.84
92.59
90.63
94.23
95.21
92.13
93.76
94.17
85.84
92.04
94.04
94.53
94.95
90.30
93.54
87.99
93.37
93.17
94.07
85.92
94.47
83.86
93.42
94.67
94.14
90.37
92.44
93.21
95.15
92.71
94.70
95.16
93.44
92.68
93.03
94.76
94.84
94.92
93.51
94.67
88.49
94.41
94.44
94.74
94.76
93.50
92.45
94.92
93.71
93.61
94.70
89.95
91.61
92.93
94.26
94.16
91.06
94.15
93.07
92.41
94.75
94.35
92.97
95.40
94.79
93.79
92.77
92.16
93.52
89.51
94.59
94.50
94.37
94.73
95.29
92.56
94.81
93.73
92.11
92.72
94.40
93.41
93.41
93.68
93.57
95.05
94.33
94.37
92.48
89.00
93.23
90.85
93.12
95.45
93.17
86.67
94.83
94.36
92.57
93.89
93.76
92.20
93.30
94.29
94.38
91.28
88.08
92.13
91.07
94.31
94.65
94.25
94.32
93.06
93.98
93.28
94.54
94.86
94.23
93.43
93.73
94.72
94.71
93.08
95.50
84.06
94.32
93.21
92.37
89.91
94.04
91.87
94.21
94.86
93.47
90.88
93.39
94.23
94.00
92.62
93.20
92.71
94.10
93.45
94.77
92.11
91.43
89.18
90.35
94.78
89.81
93.07
89.03
95.52
91.34
94.87
93.08
88.00
86.16
94.89
94.47
94.22
93.52
93.90
93.52
92.86
85.32
94.52
84.62
95.02
94.97
89.66
92.74
94.18
94.92
94.14
92.32
91.98
94.82
92.31
94.75
95.07
94.64
94.53
88.74
93.06
95.36
94.30
94.69
94.63
91.86
93.87
92.54
90.75
93.64
94.85
93.37
92.94
94.42
92.40
92.70
95.15
93.90
93.77
92.99
90.44
92.46
93.45
84.75
89.11
91.97
92.71
94.18
95.23
89.58
93.43
93.30
92.03
93.75
91.76
94.40
93.62
91.48
89.08
92.53
91.80
93.62
93.66
92.84
93.22
93.98
93.95
94.40
91.37
93.89
94.82
94.26
91.60
93.73
91.91
89.07
94.56
93.89
90.42
94.61
86.89
94.08
90.13
94.97
93.09
94.27
93.46
93.58
94.83
91.20
90.72
94.25
92.31
94.30
93.28
93.70
87.43
94.54
94.05
93.29
95.00
94.79
94.83
92.68
94.54
94.72
93.07
94.92
94.55
92.44
85.03
93.51
93.77
95.67
90.18
92.77
92.73
94.33
91.73
93.66
94.05
92.91
93.55
93.03
93.71
86.71
94.12
85.01
94.03
91.20
94.64
95.20
94.84
92.53
95.36
92.47
92.38
91.51
93.60
91.32
92.92
94.88
93.98
92.92
94.27
95.24
95.54
94.66
86.88
94.18
94.98
89.10
95.00
95.01
94.86
93.06
94.80
93.10
93.52
92.17
94.86
93.57
95.40
94.47
90.26
94.29
90.53
94.34
91.21
90.56
95.78
92.17
94.63
93.90
93.56
93.32
95.26
93.44
94.33
95.55
93.39
93.50
93.61
92.07
93.71
94.64
91.11
92.52
94.47
94.86
93.44
93.33
92.44
91.81
94.56
92.98
91.71
94.84
95.16
93.73
95.16
92.50
92.79
93.93
94.30
93.27
92.89
95.46
95.10
94.79
95.24
91.68
92.56
94.87
92.63
91.81
93.44
93.07
93.56
93.70
92.46
94.36
89.57
86.54
92.90
93.10
91.42
93.08
94.61
95.24
95.47
92.51
95.10
92.61
94.17
93.87
83.79
94.26
94.22
94.06
93.58
94.97
94.37
94.46
93.89
95.11
93.96
92.38
71.36
94.16
93.49
94.80
92.55
88.42
94.02
93.88
91.38
72.99
91.47
95.13
95.52
94.57
93.48
95.49
94.06
94.83
94.13
94.04
94.60
90.96
93.08
94.43
93.54
94.58
94.99
93.96
93.90
95.67
93.03
92.78
75.16
93.12
92.08
90.98
94.98
94.16
95.21
92.77
89.04
92.11
90.10
94.12
93.44
93.50
92.52
94.19
93.12
93.66
94.25
91.69
95.06
95.00
93.91
94.50
94.71
89.36
94.01
95.11
92.68
91.99
94.68
93.71
94.94
94.54
92.85
94.92
95.07
92.62
87.50
92.47
94.66
92.78
94.41
94.03
94.46
92.45
93.59
94.90
90.80
95.36
93.75
94.44
93.45
95.54
94.23
95.74
91.12
93.49
92.94
94.51
94.26
92.88
93.78
94.04
94.05
94.05
94.84
93.66
94.83
94.53
93.31
93.83
83.23
93.39
95.03
93.48
86.07
91.64
93.45
93.70
92.83
94.09
94.93
92.66
91.99
93.77
94.53
94.65
92.00
89.45
91.69
92.57
93.98
92.03
95.76
93.69
94.56
94.19
94.77
94.37
92.06
93.80
95.40
95.27
90.72
91.31
92.11
94.75
94.93
91.53
93.81
95.83
94.31
92.63
91.80
95.06
93.35
94.26
92.49
84.41
93.71
91.55
93.07
93.48
94.38
95.28
93.43
92.19
92.63
95.14
91.68
95.15
90.81
94.87
94.06
93.42
93.54
94.38
91.79
94.51
92.47
94.83
94.29
92.08
93.38
94.95
95.67
94.66
94.88
94.99
93.75
94.11
94.80
94.38
95.21
95.04
95.07
94.10
93.98
93.30
93.12
95.07
93.69
94.76
95.18
94.98
89.44
93.74
94.82
95.04
94.27
93.38
94.15
90.57
93.44
91.66
94.54
93.69
83.54
94.97
93.42
89.53
94.00
93.40
92.06
93.77
94.38
94.23
94.54
93.40
92.99
94.95
94.20
93.79
93.35
93.63
94.86
94.48
91.50
94.05
93.52
94.88
93.64
94.96
95.32
94.73
95.49
94.82
91.94
91.68
92.64
93.89
94.55
93.23
94.16
93.90
93.84
94.26
93.21
93.52
94.38
92.78
94.81
95.03
92.45
93.47
92.34
92.71
88.65
94.71
86.26
92.63
89.77
90.81
94.83
95.59
94.07
94.74
89.29
94.61
94.33
91.19
93.79
90.13
93.64
95.43
95.46
94.37
92.73
94.86
87.69
94.85
94.15
94.41
91.19
91.23
90.76
93.83
95.07
90.30
94.93
94.51
94.61
93.33
93.35
90.90
94.79
95.16
94.73
94.72
95.28
95.11
94.61
94.12
93.26
94.04
90.28
94.65
94.99
93.78
94.50
94.34
95.15
93.42
94.29
94.16
93.43
91.88
93.78
90.84
94.93
92.95
95.44
94.34
94.35
93.19
93.37
94.48
94.88
92.89
94.91
94.19
93.01
95.49
88.05
94.77
95.10
95.35
92.84
94.15
93.52
94.38
90.39
87.33
94.50
94.56
94.73
94.31
92.48
93.00
93.28
93.58
94.92
92.39
95.01
95.09
94.92
91.93
94.65
94.98
94.93
93.79
95.14
90.40
94.53
94.97
95.06
94.66
92.18
92.05
92.49
91.86
93.32
95.13
92.59
93.90
92.45
86.83
94.95
93.51
85.09
92.60
93.77
92.87
93.05
88.73
93.13
94.64
94.89
94.73
93.15
92.55
95.08
94.13
93.95
95.20
93.89
85.48
91.09
93.01
95.10
93.19
95.04
93.12
93.92
93.70
94.55
94.87
93.15
94.56
93.26
91.75
92.18
93.52
94.90
92.41
94.16
93.00
89.52
92.63
94.72
94.74
94.33
93.66
92.91
91.68
94.63
93.59
94.60
68.67
94.33
94.72
93.88
91.97
94.43
91.92
95.27
94.11
86.56
94.00
90.98
94.06
94.20
93.43
94.80
92.62
93.84
95.03
92.50
91.69
92.50
85.09
93.63
95.09
95.28
93.75
93.79
93.28
94.41
88.92
90.98
94.76
94.44
92.90
87.75
93.76
94.11
92.31
95.06
93.47
94.38
95.08
92.71
92.34
93.80
94.82
