98.25
97.91
97.92
98.15
97.86
98.00
98.32
98.30
97.19
98.18
98.02
98.12
98.42
98.24
98.34
97.93
98.13
98.03
98.21
97.15
98.18
98.29
97.95
98.57
98.28
98.04
97.76
97.83
98.18
98.13
98.03
97.63
98.14
98.30
98.49
97.78
97.62
97.94
97.98
98.35
97.12
97.94
97.19
97.90
98.05
97.75
97.71
98.24
97.54
98.17
97.21
98.17
96.66
97.18
98.48
97.99
98.28
98.15
97.66
97.07
98.03
98.39
97.80
98.09
98.42
98.33
98.54
97.83
98.15
97.93
98.16
97.52
98.37
98.27
98.11
98.40
98.16
97.99
97.51
98.30
98.21
97.60
98.31
97.84
97.35
98.19
97.29
97.90
98.25
97.62
97.46
98.39
97.97
98.19
97.58
97.76
98.26
96.59
97.55
97.97
98.32
98.29
98.00
98.18
98.19
98.26
98.31
98.13
98.20
98.21
98.05
98.05
98.20
98.46
98.20
98.27
97.87
98.13
98.45
98.34
97.92
96.98
97.93
98.06
98.50
98.33
96.99
97.89
97.92
97.85
97.95
98.29
98.23
98.20
96.04
97.97
98.16
98.18
97.42
98.05
97.87
98.20
98.24
98.11
98.25
97.81
96.84
98.29
97.45
98.07
98.41
98.40
97.90
96.84
98.30
97.58
98.12
98.27
97.82
97.68
97.61
98.19
98.38
98.35
98.07
98.03
98.39
97.86
97.95
97.84
98.22
97.59
98.26
98.10
98.32
97.97
98.23
96.94
97.96
98.49
98.18
98.40
98.38
98.24
97.72
98.20
97.25
97.50
97.83
97.96
98.37
98.29
98.34
97.99
97.79
98.31
97.72
97.88
97.08
98.45
98.32
98.37
96.98
98.38
98.10
97.81
96.92
97.87
98.10
97.74
97.71
97.81
98.02
98.08
98.10
98.32
98.24
98.14
97.92
97.59
98.06
97.86
97.02
96.95
97.81
98.28
98.33
98.10
98.40
98.27
98.46
97.94
96.16
98.05
98.30
97.43
98.17
98.32
97.58
97.60
97.30
98.16
98.10
98.29
97.19
98.47
97.91
98.14
98.39
98.03
98.41
98.13
96.95
97.39
98.06
97.05
97.88
97.92
98.33
98.04
98.35
97.05
98.32
98.22
98.47
97.78
98.38
97.94
98.12
98.08
97.56
98.26
98.24
98.48
98.34
97.07
97.86
98.11
98.26
97.99
98.14
97.67
98.31
97.86
98.03
98.20
96.88
98.08
97.95
96.76
97.42
98.26
98.24
98.22
97.08
97.93
98.25
98.20
97.17
98.31
98.34
98.11
98.33
98.22
97.59
98.09
98.26
97.98
96.18
98.38
97.91
97.32
96.58
98.15
97.65
97.60
97.04
97.72
97.10
97.69
97.67
98.22
97.39
98.09
95.98
97.00
98.38
98.04
98.35
98.19
97.78
97.73
98.33
98.03
98.34
98.09
98.29
98.12
97.01
98.02
98.34
98.38
98.01
98.52
98.44
98.08
98.31
98.27
98.13
98.29
98.52
97.91
97.81
96.93
98.08
98.07
98.45
98.17
98.47
98.17
98.52
98.00
98.16
98.32
98.15
97.85
98.13
95.57
97.84
98.38
98.23
97.75
98.00
98.18
97.97
98.31
97.12
97.49
98.29
98.00
97.67
97.76
98.17
97.84
97.43
98.11
98.42
97.83
98.06
98.17
98.12
96.77
96.51
97.94
98.37
98.17
98.51
97.98
97.71
98.09
98.34
98.49
98.14
96.85
98.10
98.33
97.73
97.91
98.37
98.13
98.01
97.85
98.05
98.38
96.33
98.28
98.36
98.09
98.42
98.09
97.68
97.71
98.19
97.54
97.37
96.84
98.41
97.88
98.50
98.09
98.27
98.36
97.32
98.13
98.37
97.78
97.91
98.32
98.35
97.52
98.13
97.56
98.53
98.19
97.93
98.10
98.05
96.24
98.22
98.22
98.01
97.71
97.96
97.89
98.27
98.47
98.38
97.88
96.75
98.21
96.94
97.84
97.70
98.49
98.32
98.14
98.10
98.24
97.87
98.36
98.12
98.24
98.31
98.47
98.33
97.43
98.41
97.44
97.86
96.72
97.68
98.59
98.05
96.89
96.71
98.55
97.97
96.23
98.00
98.40
98.13
98.55
98.41
96.60
97.73
97.80
97.78
98.42
97.92
97.97
98.17
97.85
98.30
98.08
97.64
97.77
97.96
98.23
98.21
98.13
97.91
98.09
97.88
97.95
96.86
98.14
97.15
96.37
97.85
98.45
97.97
98.23
98.33
97.93
96.87
98.03
98.38
98.25
96.54
97.69
97.84
98.23
98.36
98.10
98.40
97.23
97.69
97.85
98.36
97.78
97.76
97.84
97.57
98.26
96.12
98.17
95.72
97.65
98.13
98.41
98.12
98.26
98.49
98.10
97.99
98.11
98.06
98.07
98.31
97.05
98.38
98.14
98.30
97.61
97.65
97.37
98.36
98.49
98.27
98.45
98.22
97.46
98.35
97.04
98.16
97.79
98.27
98.09
97.86
98.39
98.30
97.10
98.15
97.48
95.90
98.39
97.66
98.47
98.30
98.34
98.24
97.62
97.78
96.84
96.97
98.26
98.44
98.30
98.02
97.95
95.16
97.60
97.54
98.25
96.85
98.03
97.81
97.87
98.19
97.78
97.16
97.61
98.05
98.47
98.09
98.39
98.02
98.13
98.35
98.07
97.96
97.83
97.85
98.17
95.68
98.16
97.51
98.27
98.22
98.19
97.86
97.97
98.19
97.70
98.25
98.04
98.41
98.38
98.25
98.12
97.47
98.54
98.15
98.02
98.50
98.49
97.85
98.29
98.34
97.67
97.48
97.82
98.06
98.40
98.39
98.53
98.02
98.30
97.75
93.67
98.10
97.66
98.37
98.29
95.51
97.73
98.48
98.05
98.03
98.23
98.29
98.39
98.29
97.27
95.53
97.99
98.23
97.74
96.92
98.10
98.36
98.27
97.96
98.28
96.89
98.49
96.84
97.97
98.19
98.25
97.87
98.14
98.10
98.33
98.21
97.95
98.20
98.21
97.85
97.94
96.38
98.29
98.16
96.73
96.88
97.24
98.37
97.18
97.48
97.94
97.30
96.76
97.84
98.13
98.17
97.76
96.83
97.29
97.98
98.37
97.74
96.96
97.42
98.33
97.91
98.22
98.23
97.70
97.98
98.32
98.26
97.71
97.97
97.81
98.27
98.08
98.65
98.09
94.33
98.38
98.55
98.27
97.34
98.12
97.51
98.43
98.06
94.95
96.76
98.11
98.11
97.38
98.13
97.72
97.68
98.45
97.96
97.94
98.21
98.22
97.65
97.62
97.99
98.25
98.06
98.29
98.22
97.65
98.42
98.05
97.82
98.31
98.31
97.51
98.20
98.39
98.55
98.38
96.66
97.60
97.83
98.32
96.91
98.41
98.25
97.32
97.51
97.91
98.03
98.06
98.16
97.97
98.14
98.10
98.11
98.11
97.42
98.32
98.19
98.12
98.07
97.69
98.45
97.33
98.02
98.40
98.14
98.38
97.71
97.92
97.73
97.57
98.46
98.27
98.28
97.98
98.03
97.80
98.05
98.22
98.16
98.19
98.13
97.27
97.69
98.02
98.44
96.93
98.10
97.94
98.32
98.54
98.21
97.46
98.22
97.44
98.12
97.66
98.13
97.80
98.10
98.03
97.73
98.07
98.09
97.65
98.07
98.10
98.12
97.95
97.89
96.46
97.89
98.01
97.63
98.28
97.56
96.02
98.26
98.33
98.24
98.31
98.17
98.11
97.94
98.19
98.37
98.22
98.00
98.22
98.21
97.83
97.91
97.82
98.24
98.40
97.73
97.83
98.23
98.35
98.01
98.23
97.71
98.27
97.76
98.15
98.33
98.31
98.14
97.56
98.49
98.41
97.16
97.96
98.19
98.31
98.09
98.07
98.18
96.82
97.98
97.68
98.33
97.91
97.90
98.45
98.56
98.27
96.61
97.98
98.35
97.42
97.91
98.11
98.20
98.25
98.28
98.22
98.30
98.35
98.34
97.75
98.46
98.02
98.30
97.65
97.80
97.68
97.57
98.20
98.30
98.12
97.43
98.09
97.82
98.04
98.32
97.95
98.41
96.61
97.79
98.43
96.97
97.96
98.01
98.16
97.27
98.14
98.19
97.32
98.47
98.06
98.44
97.31
98.28
98.23
98.14
98.18
98.17
98.34
98.20
97.96
98.41
98.45
97.41
98.06
97.24
98.20
98.15
98.13
97.90
98.21
97.64
98.09
98.13
97.85
97.83
97.86
98.02
97.33
97.98
98.40
98.38
98.41
96.36
97.92
97.97
98.14
98.05
97.82
98.44
98.05
98.14
97.14
97.97
96.84
98.34
97.61
98.36
98.11
