97.61
98.32
98.46
98.64
96.43
96.58
95.74
98.66
97.27
98.60
97.45
98.43
98.43
98.17
98.01
98.47
98.32
98.69
97.81
97.94
97.23
98.02
97.60
97.52
98.43
97.90
96.42
96.80
98.37
96.29
98.37
97.53
97.68
95.09
98.19
98.20
97.63
97.68
98.49
98.02
98.19
98.35
96.80
98.34
98.02
98.00
97.54
98.45
98.57
97.97
98.08
96.18
98.69
96.88
98.57
98.52
98.42
98.09
97.22
95.33
97.19
98.64
98.53
98.39
98.38
98.18
98.24
98.36
97.60
98.05
97.70
98.48
98.08
98.43
96.55
96.58
98.19
95.34
95.63
98.17
98.41
94.18
94.05
97.20
98.66
98.29
98.45
96.75
96.43
97.75
98.42
97.46
98.46
97.80
98.10
97.65
96.91
98.57
97.99
98.52
98.36
97.68
97.80
97.82
98.27
98.04
98.10
98.02
97.40
97.34
95.11
95.30
98.13
98.71
98.24
98.62
98.25
93.55
98.29
94.67
98.38
98.37
97.35
97.05
98.67
98.29
97.07
97.06
98.36
98.34
98.35
97.11
97.94
97.62
97.62
98.25
95.67
98.50
97.77
98.08
98.60
98.50
98.17
97.67
98.29
98.22
96.03
89.27
98.17
96.15
97.04
97.53
96.68
97.09
98.03
96.15
98.48
96.91
97.41
97.62
98.30
97.47
97.62
98.22
97.59
97.57
97.99
97.62
97.32
97.89
98.37
98.35
98.10
98.38
97.93
96.50
98.71
98.40
97.78
98.12
93.69
98.31
98.47
96.62
95.16
98.11
97.32
96.35
97.00
98.58
97.96
97.91
98.13
97.80
98.32
98.43
98.39
97.24
97.10
97.87
98.25
98.57
95.78
96.06
98.30
97.79
97.27
97.65
96.67
97.14
98.02
97.78
97.58
97.99
98.41
97.06
98.59
98.18
97.16
98.34
98.45
98.08
97.88
98.20
98.52
95.52
97.77
98.15
98.33
98.08
98.03
98.25
97.94
98.49
97.72
98.82
97.55
98.04
97.42
95.44
98.17
96.93
98.59
98.46
98.08
97.58
98.60
97.41
98.33
96.87
98.29
98.12
98.11
95.64
98.11
97.68
97.06
98.51
98.40
97.61
98.57
98.45
98.63
98.11
98.30
95.95
98.72
98.07
98.49
97.50
98.12
97.46
97.85
97.98
98.64
97.37
98.14
97.54
97.74
97.71
98.28
96.31
97.58
97.88
95.85
97.71
98.38
96.22
97.29
98.75
98.38
97.34
97.16
98.37
97.40
97.58
96.63
98.61
96.46
98.16
97.98
97.85
97.05
98.06
96.53
97.78
97.71
94.28
98.37
97.36
98.42
97.08
98.25
97.80
97.94
98.52
97.50
98.76
96.46
98.50
94.02
98.16
96.58
98.23
97.98
97.84
97.82
97.48
97.09
96.87
98.25
97.71
97.65
96.94
95.77
98.12
94.36
98.66
98.29
98.49
97.57
97.63
97.67
98.06
97.16
98.05
98.67
98.31
98.69
97.16
96.86
97.91
98.29
98.67
98.29
98.39
98.52
98.22
97.15
96.64
97.91
98.46
97.18
98.62
94.65
96.46
98.59
98.22
98.39
96.74
98.09
97.02
98.09
98.40
97.98
98.29
98.54
97.18
98.06
98.42
97.18
98.34
98.68
98.37
97.62
98.13
98.50
98.21
96.06
97.01
98.18
96.14
97.61
98.00
97.87
98.53
98.59
98.46
95.98
98.18
98.36
98.33
98.48
98.01
98.17
97.86
97.44
97.68
95.86
98.53
98.27
97.11
97.59
98.24
98.62
98.39
98.61
98.38
96.95
98.03
94.55
98.58
97.53
97.13
98.24
98.50
94.20
98.02
98.60
97.97
98.56
98.08
94.65
98.58
97.77
98.51
97.21
98.73
98.12
98.47
97.66
98.28
98.69
98.48
97.44
97.65
98.17
96.62
97.38
96.44
94.77
93.66
97.84
98.37
98.30
98.49
98.18
97.30
98.43
98.06
88.67
97.08
98.51
98.08
97.47
96.28
98.21
96.67
95.61
97.58
97.92
98.31
97.67
97.48
98.43
97.03
98.16
97.99
98.51
96.69
98.10
98.28
98.54
97.14
98.51
98.22
97.15
94.91
98.54
98.34
98.47
98.30
98.10
94.68
97.94
98.43
98.01
98.41
96.23
90.89
97.27
97.72
97.25
96.92
98.19
97.41
98.27
95.36
97.17
98.26
98.07
98.30
98.46
98.40
95.39
97.65
98.56
98.33
98.04
97.70
98.28
97.84
97.93
97.69
98.43
97.44
97.25
97.66
98.63
97.26
98.19
96.09
98.26
97.64
95.72
98.51
95.37
98.16
98.49
96.97
98.26
97.23
96.83
97.02
90.11
98.53
96.52
98.23
98.17
98.06
97.51
97.73
97.76
98.29
98.36
98.24
97.67
97.68
97.77
97.88
96.48
98.36
97.33
97.86
98.38
97.89
97.95
97.51
98.52
98.51
98.31
98.39
98.31
98.26
97.70
98.44
93.75
98.25
97.28
96.64
98.28
97.71
98.26
98.30
98.64
98.35
98.12
96.69
98.38
98.46
97.85
98.02
98.29
97.85
97.40
97.86
98.47
98.04
97.81
98.50
98.23
95.32
98.57
97.95
97.40
97.79
98.16
97.66
97.78
98.10
94.69
97.48
98.55
98.20
98.18
98.35
98.54
98.06
98.29
98.47
98.47
94.57
98.49
97.23
89.42
97.94
98.42
98.27
97.16
97.56
98.47
97.99
96.95
97.98
98.50
97.92
96.44
97.10
94.15
96.32
96.10
98.25
97.47
97.89
96.90
97.93
97.22
98.03
98.18
97.01
94.57
98.06
98.17
98.69
97.93
98.26
97.89
97.42
98.56
98.80
98.52
97.93
98.40
98.52
98.36
98.07
98.13
97.67
98.27
97.57
98.30
98.55
97.51
96.79
98.08
98.13
98.05
97.93
98.29
98.32
98.31
97.65
98.39
97.27
98.29
97.61
97.85
98.50
97.87
98.04
98.55
98.12
98.34
96.04
98.54
98.47
95.70
96.21
98.12
98.23
98.02
93.04
93.05
94.29
96.90
98.29
97.25
97.41
98.15
98.28
98.03
98.23
97.47
96.64
98.27
96.18
98.29
95.24
98.07
97.32
97.23
95.36
97.55
98.26
98.30
97.99
96.80
96.82
97.91
94.92
98.66
98.25
98.26
96.89
98.73
98.00
98.28
98.56
98.44
98.56
98.52
98.69
96.87
98.51
98.77
98.16
95.32
98.23
97.57
98.51
98.30
98.33
98.21
98.41
96.64
94.23
98.57
95.77
98.52
98.55
96.81
98.34
97.84
98.59
97.28
97.64
97.78
98.44
97.98
98.30
98.25
98.34
98.48
98.56
98.32
98.12
97.41
98.62
97.75
97.61
97.98
95.67
97.83
98.07
98.32
93.51
97.12
97.82
97.86
98.26
98.09
98.06
96.43
98.21
98.16
98.24
98.45
97.91
98.34
94.09
97.83
97.14
95.61
97.62
98.04
94.19
96.71
98.37
98.52
96.82
98.28
98.01
97.48
97.91
98.28
94.56
96.86
97.72
98.12
98.75
95.87
98.07
96.22
97.54
97.84
97.95
98.20
97.95
98.00
96.01
97.90
98.23
98.40
98.28
98.35
96.91
95.82
98.48
94.70
97.29
98.61
98.38
96.21
98.44
98.01
97.81
98.12
97.06
97.92
97.81
98.63
97.57
95.26
98.35
98.50
97.32
97.86
98.40
97.36
98.58
98.31
98.20
98.40
98.55
98.47
98.24
98.50
97.81
95.71
98.18
98.11
98.00
97.97
97.83
96.13
98.32
96.19
97.80
98.41
98.37
95.30
98.15
98.32
97.27
96.06
97.62
98.56
98.56
96.83
98.47
97.54
97.63
98.38
97.72
94.05
97.31
97.40
98.18
98.67
98.24
98.11
96.46
98.06
98.05
97.50
98.45
97.78
95.16
98.58
97.93
98.37
97.65
95.32
98.62
97.68
98.45
97.36
98.50
96.83
98.13
97.43
98.51
96.54
96.73
95.26
98.28
98.39
96.36
98.16
98.42
98.35
98.30
91.13
97.48
95.66
98.28
95.43
97.80
98.43
98.29
95.78
98.24
97.73
98.39
97.48
97.62
98.07
93.51
97.06
97.54
97.99
96.10
97.13
97.03
96.35
98.55
97.41
98.38
98.31
98.26
97.69
98.62
92.71
98.42
97.93
97.99
97.88
97.15
98.27
98.37
97.95
97.76
97.70
98.46
98.76
97.73
97.82
98.43
97.63
98.42
98.47
98.10
97.18
98.54
98.46
98.56
97.17
98.20
96.81
96.88
94.70
98.17
98.26
97.41
98.17
96.85
96.42
97.33
96.70
98.18
