84.88
93.95
81.24
91.49
81.11
88.07
90.53
89.27
89.37
91.52
87.77
85.18
93.89
73.90
89.24
90.02
93.22
87.51
90.11
86.68
81.22
86.20
71.97
73.38
91.94
90.71
90.42
91.56
75.56
84.42
76.24
70.20
91.50
84.76
90.76
40.42
94.78
85.72
87.01
92.40
76.95
88.80
85.64
84.18
81.70
91.59
73.96
90.29
78.27
89.89
77.85
87.99
88.32
90.48
91.86
94.22
89.70
76.65
92.19
91.94
78.47
81.75
89.86
85.78
93.66
84.77
92.37
89.50
89.78
65.54
71.91
83.31
92.12
90.19
90.20
81.66
81.57
87.26
87.69
87.22
87.95
94.90
89.97
84.82
89.63
89.76
91.75
87.09
84.78
90.93
92.77
80.02
86.71
84.46
87.63
89.11
85.66
80.21
86.28
90.32
87.37
92.22
88.10
88.24
90.40
88.34
79.02
91.26
77.39
81.92
94.16
87.42
83.04
88.08
92.93
69.99
79.69
91.40
92.97
78.65
91.96
88.55
87.31
87.91
90.14
90.24
67.39
87.58
86.70
88.45
75.27
86.59
90.56
86.56
87.50
84.02
92.44
81.66
87.84
88.98
95.00
91.73
93.38
92.02
84.12
92.60
89.31
85.89
86.04
75.88
74.42
92.95
85.69
78.47
89.43
89.27
86.85
78.74
89.44
79.14
85.96
89.83
82.12
86.72
94.95
87.50
91.61
77.63
84.13
89.38
93.59
87.83
84.31
83.50
76.97
89.78
88.91
91.77
93.71
79.81
88.05
90.71
73.44
93.39
92.33
85.32
77.76
81.19
69.63
82.25
88.77
91.05
87.92
77.71
92.63
75.53
77.57
84.29
87.98
75.33
71.40
91.05
90.34
88.13
89.22
77.25
92.87
75.12
73.30
90.66
85.61
80.49
83.28
82.69
70.63
78.82
91.98
70.64
83.57
90.54
81.08
89.62
88.14
87.20
85.57
92.19
81.13
85.04
76.89
87.00
73.46
85.56
81.02
82.57
90.87
92.25
74.95
71.95
88.70
92.54
89.39
80.08
80.39
87.67
88.30
86.09
90.22
89.31
75.33
91.72
84.39
74.88
89.06
90.15
78.45
89.10
89.77
89.57
92.87
68.46
75.06
77.28
86.34
90.59
77.95
89.46
89.45
87.24
81.81
87.36
91.58
85.54
88.53
83.45
80.27
85.32
84.31
88.84
86.97
90.59
77.95
89.67
83.67
93.38
87.91
85.27
91.97
88.49
91.23
89.57
68.16
75.99
91.22
86.98
83.94
90.09
84.49
85.37
91.74
88.58
86.07
77.87
82.69
94.47
91.28
83.21
74.77
84.54
71.27
91.23
88.43
88.54
51.94
76.89
80.62
74.72
82.76
91.42
81.36
80.91
85.52
82.49
82.94
89.83
77.54
85.58
83.13
84.25
87.66
92.03
79.67
91.14
85.61
91.49
89.86
88.28
86.53
81.51
89.40
93.18
92.73
79.80
66.85
93.16
91.44
89.16
93.71
83.64
86.82
87.25
78.44
80.29
88.11
81.00
88.08
85.90
85.81
86.54
82.32
88.96
88.02
70.75
75.56
87.83
93.09
85.86
74.50
80.50
80.59
86.44
86.96
74.82
79.19
88.66
84.03
87.48
84.38
90.35
89.22
87.07
69.15
78.90
87.73
92.20
92.53
87.94
93.13
88.96
85.68
91.50
90.56
89.37
71.34
88.15
72.94
87.30
73.24
77.17
93.70
86.67
87.69
90.25
77.69
92.11
75.42
81.62
93.35
93.90
89.07
90.65
91.17
83.54
86.24
89.76
85.50
87.23
63.46
94.43
85.79
91.12
72.97
89.67
72.44
89.52
94.52
86.86
76.39
68.29
90.15
91.91
76.83
88.96
85.98
90.97
88.52
75.91
69.67
92.17
89.51
79.04
92.05
88.28
79.17
90.78
49.21
89.27
89.61
85.76
82.27
89.21
90.44
93.15
92.58
85.06
92.28
70.85
77.56
89.71
88.40
90.75
93.27
78.08
88.66
91.63
90.59
85.96
82.42
87.10
91.96
88.65
84.69
88.49
84.73
91.85
92.47
87.32
83.43
89.99
87.81
86.66
89.74
91.02
89.92
86.53
74.85
80.18
77.96
77.17
72.71
89.58
74.17
90.86
87.01
86.46
89.30
85.34
88.28
91.50
90.77
90.93
90.63
89.42
83.47
89.05
92.24
94.70
93.81
87.35
81.77
81.64
81.71
88.38
80.72
92.82
91.69
94.35
92.72
93.68
90.29
69.03
88.81
67.68
82.32
89.90
85.66
81.95
87.68
75.40
86.17
85.98
87.63
91.59
92.49
90.49
80.38
89.45
85.99
80.91
79.44
88.70
89.74
90.17
91.65
86.81
88.29
89.23
92.50
94.63
84.84
87.82
82.77
92.63
86.17
82.89
82.60
85.43
78.74
88.75
76.43
85.78
79.34
81.49
86.16
85.79
89.16
91.35
77.99
89.83
85.75
95.59
91.24
72.04
90.66
87.00
90.59
91.19
36.75
88.61
89.86
81.49
93.93
92.36
90.54
83.16
88.76
74.85
92.75
82.18
76.36
82.43
78.48
85.37
65.40
91.94
92.27
76.59
86.66
86.14
93.38
90.76
82.60
79.25
76.20
85.89
85.70
88.82
90.84
81.68
68.82
81.49
90.47
56.33
66.42
92.95
80.71
79.40
91.80
92.59
94.01
89.75
84.71
92.70
80.00
76.83
79.18
87.53
93.91
89.23
52.59
81.55
82.74
87.58
87.14
80.55
77.23
92.60
74.43
83.34
88.18
78.30
81.37
77.65
72.33
86.02
91.55
93.59
88.57
95.13
90.45
90.88
85.78
90.32
88.58
92.08
89.75
89.91
86.52
81.38
77.93
85.20
84.94
86.65
81.29
77.20
87.97
85.96
71.92
90.52
81.39
90.62
92.27
83.11
88.91
90.32
79.13
90.32
84.92
80.56
70.31
83.73
84.25
86.36
88.53
80.05
89.90
93.71
84.76
84.46
91.60
89.86
94.13
92.14
91.67
88.36
87.14
67.70
92.82
79.92
88.95
88.13
82.02
86.14
87.76
92.15
84.32
93.02
83.17
88.66
89.28
86.22
92.23
87.40
91.70
79.01
89.32
87.67
90.66
76.42
90.08
84.86
76.42
62.06
88.75
71.57
70.07
92.55
70.54
87.14
77.88
88.91
88.67
90.57
79.88
85.42
81.99
87.26
83.54
92.18
84.33
76.86
67.81
91.99
91.43
88.62
86.54
91.18
72.45
86.91
81.09
79.66
92.43
90.36
89.90
67.77
81.99
91.38
91.57
83.69
87.55
86.31
80.70
85.90
87.17
89.39
91.54
88.65
84.98
87.19
80.79
89.83
88.98
86.10
83.05
78.17
92.80
77.58
90.39
85.96
85.76
89.53
80.05
92.39
88.44
91.74
93.78
93.89
91.67
84.72
84.41
93.16
73.93
87.11
87.46
90.86
94.07
89.08
73.57
89.63
83.37
74.43
85.39
88.56
87.66
89.20
90.05
82.95
87.40
84.75
86.88
92.97
73.67
85.61
88.91
89.04
90.72
79.77
89.85
78.33
83.40
93.08
93.93
87.86
73.42
89.35
89.41
87.45
85.90
88.59
78.37
90.44
81.12
92.31
92.32
90.12
93.96
79.71
70.31
88.37
87.16
87.79
90.32
82.72
83.00
70.15
89.21
89.94
93.22
83.32
86.95
47.25
90.80
84.33
88.02
80.72
91.20
85.25
89.44
90.27
76.78
80.17
82.16
92.47
94.52
88.15
73.91
74.81
91.62
85.50
89.89
93.33
75.44
94.57
93.78
80.68
94.34
92.40
78.89
88.94
83.24
81.42
91.58
61.00
93.23
92.62
90.28
89.43
70.20
81.59
81.18
79.79
80.39
86.01
49.07
84.43
87.99
91.60
80.44
73.55
94.11
92.05
91.31
84.89
85.04
92.50
91.92
81.24
89.78
86.35
71.55
93.70
86.45
85.28
83.75
89.19
88.08
77.33
91.56
86.33
54.59
86.27
86.20
88.57
80.26
76.24
89.06
86.32
72.16
85.32
91.46
89.52
94.00
92.87
90.69
94.07
91.42
81.59
93.94
91.67
80.97
85.75
83.11
89.27
90.95
89.31
80.35
81.86
86.66
79.62
87.57
91.96
81.87
88.23
87.89
89.79
88.04
92.64
85.30
86.38
87.81
88.12
72.57
87.02
64.16
85.15
93.77
83.44
89.53
78.68
91.70
88.83
87.25
87.24
91.03
69.57
92.63
92.27
86.40
89.38
86.73
77.08
90.94
75.52
74.02
90.12
82.22
76.73
79.94
77.73
89.34
91.28
83.62
86.00
88.50
92.07
83.20
88.70
89.25
90.87
90.57
89.16
