43.21
40.02
32.49
32.95
24.99
57.97
50.97
53.49
37.75
37.88
33.38
49.47
41.76
44.11
38.71
33.63
40.13
29.97
46.81
41.90
20.33
54.32
36.47
27.47
37.47
37.22
54.94
42.88
37.54
28.38
49.15
62.53
37.39
43.70
48.02
40.36
28.91
45.90
45.38
31.64
27.43
49.22
27.86
54.15
50.43
31.78
54.57
51.08
36.56
20.77
26.07
52.71
45.00
49.74
31.06
45.74
41.22
42.93
53.70
58.33
47.98
33.00
49.14
60.97
40.93
45.51
46.35
37.31
31.07
51.73
39.19
54.12
41.36
54.78
54.66
38.70
29.47
39.22
49.65
49.31
40.90
23.23
52.18
35.45
58.71
41.40
29.83
46.50
45.63
40.03
36.42
23.25
49.18
51.96
30.84
46.51
51.08
32.54
55.31
41.20
33.79
46.91
34.63
34.87
40.55
40.85
42.86
39.20
45.36
54.37
30.43
44.16
44.77
38.69
46.61
55.93
46.25
32.99
40.29
41.23
34.86
46.91
49.61
39.14
51.16
44.82
49.15
38.01
50.61
47.99
38.90
46.24
28.85
37.15
50.20
30.51
37.08
49.63
50.64
44.11
49.38
53.98
42.03
51.02
31.84
43.19
47.11
51.86
43.27
42.50
53.55
43.68
49.63
39.33
25.30
36.96
23.03
48.01
33.77
45.29
43.60
43.20
48.81
59.00
54.73
56.72
49.74
27.94
42.11
34.76
36.85
39.05
52.88
31.44
27.68
28.61
40.59
38.05
33.65
40.84
45.01
21.03
42.59
41.83
19.39
36.12
58.88
34.96
32.52
54.36
60.71
41.51
33.92
38.29
55.73
28.14
34.38
39.91
34.90
46.59
38.56
41.90
36.31
50.84
38.04
24.64
41.98
44.32
53.67
33.85
33.84
40.74
51.05
33.67
42.71
32.86
48.93
48.66
31.61
41.36
34.11
37.32
39.01
40.79
35.13
41.51
41.05
56.08
47.72
32.83
52.60
56.43
42.74
41.77
38.71
51.93
41.23
32.60
42.54
38.32
51.82
49.30
39.30
45.15
29.04
58.42
55.06
38.44
49.05
54.51
50.88
38.21
50.71
48.12
19.52
37.11
37.89
56.91
34.86
47.32
33.89
63.48
42.64
52.80
43.78
51.54
27.11
50.78
57.66
19.70
33.09
39.70
45.60
44.52
35.12
46.69
47.71
25.48
50.89
52.62
41.79
50.42
39.94
54.33
49.32
33.01
51.07
69.51
42.51
55.19
48.04
42.50
47.57
33.75
55.36
34.08
56.12
40.21
49.00
38.68
41.23
47.39
52.52
44.97
19.92
48.70
44.88
46.78
46.17
59.45
51.19
41.12
51.55
51.46
43.67
36.98
40.09
45.82
30.58
35.59
39.88
40.22
38.34
33.95
41.92
32.11
31.56
58.47
57.36
59.02
41.50
32.41
43.52
35.36
20.96
55.92
40.96
43.24
29.83
49.10
42.84
44.87
51.23
31.58
24.00
33.76
58.30
43.21
34.79
29.62
31.02
38.65
49.62
44.47
50.03
48.25
31.42
40.18
46.29
39.82
44.93
26.73
45.29
27.36
46.76
55.11
48.06
19.44
38.13
44.33
62.23
41.01
49.38
60.32
32.79
29.13
30.08
48.42
53.96
51.81
37.83
37.69
40.46
35.00
29.59
40.47
44.21
38.97
43.88
45.19
42.49
46.57
42.44
31.20
47.65
35.37
39.54
45.69
34.63
40.75
46.45
49.09
53.76
48.63
50.97
59.37
43.89
51.91
46.56
40.41
47.56
28.34
51.40
60.20
56.34
41.64
50.72
38.65
42.79
37.17
27.42
20.68
46.96
45.63
23.05
48.13
56.05
45.35
48.32
43.38
48.44
42.23
57.66
61.41
32.26
46.57
55.69
32.39
43.70
23.03
41.34
37.51
31.81
48.06
46.99
30.32
33.99
42.30
37.97
30.97
25.63
40.13
35.36
27.93
42.84
46.88
40.22
39.52
39.15
43.54
50.25
43.08
45.96
53.93
42.94
44.22
32.82
48.43
34.52
45.77
53.37
41.82
42.27
39.34
51.50
42.28
47.20
31.83
52.83
42.46
38.13
33.08
29.70
38.17
50.46
48.82
41.33
46.45
31.58
35.73
46.46
55.51
47.02
46.00
48.84
49.59
57.57
38.62
50.09
46.13
28.58
34.74
34.67
32.50
21.28
36.35
46.15
36.23
31.17
39.87
33.62
41.22
48.26
17.24
53.37
33.80
30.63
41.34
56.39
35.00
52.34
38.25
26.74
35.16
38.60
42.82
58.93
50.22
52.77
37.23
30.75
41.23
53.96
33.99
39.92
54.31
38.52
37.01
26.84
52.60
39.60
35.53
51.33
41.71
32.21
30.77
34.99
40.62
32.41
50.73
33.95
41.37
37.46
57.54
28.10
54.08
37.85
43.60
33.60
38.09
50.19
44.63
48.71
59.14
33.11
27.50
35.48
34.70
35.02
34.20
23.97
38.34
48.56
36.54
38.19
33.71
49.03
43.28
52.15
52.61
41.84
47.87
38.87
36.16
43.35
30.27
36.08
28.59
51.05
30.76
23.77
32.80
43.88
30.93
53.62
52.35
27.39
45.32
35.87
45.10
30.28
45.16
37.91
43.80
39.39
45.44
36.37
38.40
45.21
42.27
31.91
52.00
36.39
39.82
46.47
34.58
38.08
55.24
52.25
34.00
29.44
16.75
49.71
36.47
42.49
47.66
36.23
49.44
47.44
18.76
41.88
52.44
42.56
39.45
33.49
37.08
28.74
35.34
48.55
48.96
44.32
38.79
42.07
38.43
44.97
33.35
54.67
40.24
32.09
40.23
50.18
49.56
54.51
22.39
32.40
36.00
51.43
52.37
36.97
47.96
43.02
26.71
66.04
55.64
33.31
53.03
41.33
40.31
41.02
48.62
44.05
37.19
34.83
45.41
53.81
47.98
51.41
34.82
42.81
28.36
41.59
34.26
61.04
37.54
45.78
44.56
48.14
40.84
31.50
35.28
42.15
43.63
36.69
46.66
50.26
54.45
52.28
34.53
40.16
46.69
42.52
47.64
36.12
31.47
52.98
34.76
41.23
52.56
38.54
55.94
49.83
38.18
56.15
38.34
43.65
43.72
30.85
51.45
45.48
43.16
25.30
36.93
45.05
48.70
32.45
34.06
26.86
42.31
33.08
36.85
48.96
37.13
50.34
43.91
25.03
44.97
52.11
41.58
37.37
44.85
49.03
50.23
51.31
34.19
28.82
56.63
29.90
52.13
44.77
47.57
29.24
37.27
35.32
27.25
41.15
40.88
41.90
25.56
33.40
41.87
38.06
22.86
32.45
51.23
35.99
49.65
45.38
22.75
49.20
52.24
51.02
34.86
51.71
43.01
28.48
54.10
46.12
45.61
38.51
46.06
52.95
42.40
47.00
40.90
37.41
47.55
40.08
42.23
55.10
37.32
37.00
33.12
25.21
56.78
41.15
44.41
37.24
50.80
27.20
42.59
49.20
31.65
37.35
39.46
37.03
25.44
28.27
42.90
43.25
41.51
41.82
32.56
40.01
49.00
26.52
56.32
49.70
32.89
50.61
44.57
16.87
47.72
41.69
40.83
40.69
44.15
44.65
42.80
55.30
45.07
52.59
54.92
46.32
53.05
30.86
49.18
37.95
50.70
46.07
55.21
35.91
61.22
48.85
48.48
58.17
44.98
46.40
56.24
39.56
29.23
57.47
42.51
36.76
47.46
38.19
35.04
45.27
52.85
46.65
28.54
48.30
43.15
34.86
39.00
46.42
37.18
28.82
43.69
36.40
42.73
51.88
50.18
47.74
52.93
31.04
37.47
44.79
49.01
30.94
37.25
53.28
38.87
45.73
48.27
53.21
30.63
33.36
39.83
41.23
36.86
51.05
42.05
48.33
33.17
51.77
46.31
31.35
33.68
43.17
51.13
43.21
39.93
51.83
48.04
33.48
44.48
63.43
48.50
27.83
42.42
40.50
24.93
47.53
64.14
43.16
52.28
27.45
30.24
60.01
56.72
29.61
36.32
42.40
35.82
30.78
48.52
48.43
32.58
41.79
37.54
55.09
47.03
32.82
42.78
43.38
38.43
24.68
39.85
40.32
45.16
43.43
55.12
43.89
32.79
44.45
45.45
24.52
37.44
38.99
41.68
49.67
39.27
39.84
30.91
46.07
41.77
45.52
37.14
59.30
42.36
54.17
36.43
33.85
42.20
55.98
45.92
55.55
46.70
46.95
38.60
48.52
28.49
44.27
46.07
54.90
42.82
47.92
32.40
35.93
39.01
28.11
36.46
61.33
61.93
28.63
36.16
50.51
38.04
38.08
36.00
32.02
51.01
40.17
63.90
39.42
32.63
30.54
45.29
29.86
31.88
