93.46
90.47
88.60
88.03
89.25
89.65
86.19
91.67
83.19
82.86
84.61
86.35
81.60
52.66
87.68
91.83
84.73
87.66
91.43
90.51
87.97
91.56
77.25
92.97
77.50
86.74
91.78
93.37
92.68
79.41
88.39
85.63
86.34
89.70
89.45
93.35
91.98
90.34
88.70
76.79
81.22
88.06
89.58
75.63
88.05
82.76
87.76
76.01
90.21
89.26
71.29
83.88
87.48
83.46
82.94
86.39
93.10
79.58
90.55
87.74
73.57
91.87
92.23
89.85
91.57
72.56
89.58
92.48
86.12
57.19
89.09
76.70
91.82
88.52
93.36
91.76
89.63
64.97
54.27
93.36
82.32
79.71
89.26
84.70
73.22
91.01
86.41
85.01
86.02
93.73
88.03
92.49
80.49
74.17
85.38
91.37
92.29
81.08
91.83
92.83
77.85
87.74
93.61
83.06
76.05
91.43
86.15
75.66
91.75
84.96
81.84
80.02
87.09
88.37
82.58
85.01
88.09
88.08
88.80
91.38
87.97
92.95
90.44
87.73
83.68
88.67
88.77
92.91
91.13
90.82
64.13
86.67
88.96
84.61
91.87
89.80
78.22
91.55
58.23
84.84
93.45
88.83
79.85
89.60
81.97
90.03
89.61
91.35
86.37
92.18
76.48
85.44
90.73
92.57
85.48
87.52
91.08
91.26
90.14
83.86
86.42
85.07
87.09
84.72
76.86
90.25
89.12
83.64
85.32
87.68
93.11
75.38
86.35
80.40
85.87
90.70
89.28
94.25
89.40
87.85
83.76
83.25
90.05
86.12
89.42
86.41
90.58
92.73
89.64
67.73
81.42
89.86
90.59
92.81
85.73
75.03
83.87
87.18
88.53
92.95
82.51
85.65
69.84
83.35
86.25
76.51
91.21
92.26
93.27
90.54
91.51
81.80
91.26
93.22
87.03
81.98
85.17
94.49
89.30
91.04
93.26
92.48
85.60
87.35
90.40
90.93
59.13
85.13
90.86
92.03
92.17
95.57
88.81
89.26
91.01
87.34
87.24
74.35
90.14
88.05
91.30
83.32
91.38
92.21
88.16
86.70
90.60
14.11
85.36
84.23
83.01
83.41
90.28
87.89
70.48
86.05
88.74
90.29
75.64
93.30
92.07
69.94
83.95
76.47
91.53
89.00
92.38
86.52
85.15
83.50
83.20
87.11
91.39
90.71
92.86
86.37
90.57
93.04
74.11
87.81
69.50
71.82
85.94
93.83
90.65
89.75
87.57
92.53
94.54
94.11
88.46
85.80
92.97
89.75
89.05
90.20
85.31
88.62
81.82
89.52
87.34
87.76
90.91
90.96
50.83
88.53
89.84
92.97
87.51
87.66
93.36
93.94
46.46
80.63
92.40
84.12
92.02
88.12
86.46
86.44
78.12
92.54
90.97
59.71
78.58
86.68
90.67
87.51
92.28
82.12
91.95
77.61
85.42
59.74
89.61
87.71
92.53
91.72
72.12
88.11
89.25
83.76
76.59
84.98
86.28
81.65
90.87
88.43
93.18
79.05
72.28
86.90
89.07
85.65
84.88
90.60
92.03
87.79
88.38
83.80
88.78
89.25
93.21
90.24
92.80
92.30
90.00
31.45
93.71
92.61
92.64
95.01
88.03
91.41
85.21
91.99
81.52
88.76
77.58
86.49
88.70
88.36
92.01
94.83
93.01
86.83
87.18
87.21
82.05
79.03
72.96
85.97
90.73
80.79
88.39
92.48
87.82
91.73
89.07
89.10
94.20
85.10
83.80
78.04
93.14
94.31
89.03
82.74
90.60
91.76
90.96
91.08
90.13
63.57
88.38
89.03
88.27
91.63
90.65
86.04
94.80
84.09
90.62
75.14
91.23
88.78
89.84
82.60
92.21
65.92
92.99
82.65
87.06
92.12
82.28
86.65
93.27
89.40
91.46
88.57
89.52
69.58
89.06
85.70
91.78
91.80
90.16
88.95
93.48
78.50
94.39
92.56
75.98
86.56
85.67
92.24
76.04
91.25
85.97
84.69
45.46
93.74
85.13
75.61
86.78
85.01
90.15
88.72
88.66
91.48
89.98
45.02
85.71
75.93
88.10
86.16
82.84
85.70
91.05
78.60
80.25
85.99
80.77
91.24
78.64
91.29
88.49
84.89
88.90
90.93
85.26
94.02
80.22
84.64
91.76
76.65
90.16
82.80
82.31
83.13
81.95
85.52
89.68
70.09
86.21
77.35
82.06
73.97
94.59
87.33
88.92
91.71
88.30
92.67
82.42
87.39
87.71
77.56
83.47
81.50
76.96
92.67
85.45
83.76
91.04
91.77
89.88
82.95
86.22
86.23
86.87
88.08
88.82
93.33
39.42
74.34
93.82
71.26
80.25
91.01
88.25
80.76
89.83
93.09
76.84
78.29
94.25
85.84
89.85
86.89
89.64
87.03
92.71
89.88
92.50
85.58
86.08
90.41
93.90
81.26
84.28
92.52
90.05
84.58
85.63
93.45
89.11
91.30
81.91
91.95
90.51
88.60
90.05
92.91
89.43
89.74
93.79
88.56
92.27
89.72
82.87
90.00
86.43
85.53
81.35
69.02
93.06
84.68
91.44
89.41
76.64
89.25
83.63
88.29
86.66
84.34
83.88
92.24
80.44
85.20
87.30
92.93
91.54
91.76
90.98
68.48
86.66
90.85
89.82
91.58
94.31
90.44
80.00
64.33
92.62
88.75
77.15
92.14
90.96
69.10
93.14
87.68
86.24
91.40
83.69
91.26
91.19
89.16
84.60
90.43
89.70
85.75
90.02
89.08
88.20
92.31
90.74
92.47
92.95
89.52
89.67
88.30
91.81
91.67
91.73
88.88
86.07
83.93
84.71
92.98
89.78
81.08
92.46
88.59
87.19
93.51
91.15
81.97
93.26
91.22
77.37
86.95
89.35
86.50
91.40
79.55
90.92
86.13
82.71
93.92
87.36
89.52
79.30
85.69
88.39
86.47
89.98
89.57
86.60
90.63
88.33
91.20
89.53
84.19
90.48
86.96
84.36
92.30
80.09
87.81
87.27
92.86
89.07
82.93
84.03
78.71
90.34
92.23
91.32
92.30
93.92
77.49
86.89
80.70
91.58
92.32
85.44
90.74
90.37
88.36
90.50
90.39
81.28
90.27
88.71
87.56
58.87
85.52
84.69
85.85
89.26
77.17
91.41
86.62
77.01
76.64
86.37
93.12
91.30
93.97
81.34
93.07
72.20
83.88
91.02
87.97
92.30
84.06
74.45
82.63
85.70
87.41
93.93
86.91
91.49
88.21
91.90
90.22
41.76
92.42
83.45
85.62
87.54
88.62
94.16
89.10
84.39
81.28
62.49
87.48
86.27
81.60
87.02
87.51
87.65
70.55
93.38
83.31
78.29
91.91
72.56
82.89
89.89
93.86
90.25
90.32
74.01
78.73
92.67
88.77
72.29
90.93
84.28
91.11
93.18
85.51
78.26
81.97
85.93
92.98
85.35
85.42
93.34
79.57
89.68
85.15
87.75
91.26
88.74
76.53
94.52
85.14
76.00
86.03
56.29
91.21
89.45
70.68
88.20
90.32
91.15
91.89
92.49
89.55
86.25
83.03
82.31
83.37
94.02
57.20
93.61
87.57
79.83
84.83
92.49
74.83
88.59
89.41
95.15
89.99
88.77
82.89
90.24
91.11
80.96
77.35
93.06
92.86
80.30
85.45
83.65
72.16
91.79
88.90
89.83
90.47
88.58
84.10
94.12
83.66
86.50
90.98
80.70
86.92
90.41
91.61
93.97
76.94
87.21
91.28
87.56
91.69
92.38
88.60
86.35
91.50
84.65
83.96
91.41
77.12
85.35
84.83
84.71
39.72
91.40
92.13
87.82
92.31
88.86
77.24
88.91
87.52
86.35
90.08
88.91
90.67
85.13
87.65
93.14
83.37
82.59
90.05
87.35
91.60
82.49
85.55
84.08
85.00
84.51
92.06
90.90
73.23
92.24
91.17
87.14
92.29
89.13
90.66
86.04
92.71
91.33
94.01
91.47
86.28
71.06
88.02
89.84
76.49
90.50
83.20
81.04
76.48
93.22
87.49
90.48
82.50
92.19
90.24
79.49
92.84
73.42
87.10
87.78
85.22
65.99
87.06
81.39
84.87
52.29
90.79
85.27
83.43
91.63
93.81
92.26
85.63
86.37
92.98
93.71
78.00
70.14
89.72
66.00
86.50
86.87
90.20
86.85
82.25
86.34
93.08
90.62
90.75
87.43
86.59
90.33
78.38
82.01
75.95
85.28
85.52
87.98
88.18
92.78
93.30
84.03
89.65
93.74
86.07
86.24
85.37
92.63
78.16
83.82
86.18
88.77
92.17
85.30
84.49
89.45
88.35
89.34
84.09
81.26
47.99
85.55
85.65
94.14
80.85
91.75
91.55
