97.09
97.33
97.49
96.58
97.20
97.69
97.37
94.46
96.96
96.19
97.16
96.39
97.97
97.24
97.60
96.93
97.43
97.30
97.72
96.99
96.08
95.65
97.63
95.77
97.43
98.05
97.68
96.93
97.65
96.93
97.02
97.13
97.44
94.04
97.90
97.77
97.45
97.46
97.60
97.38
96.19
97.78
97.00
97.94
96.62
97.82
96.06
94.60
95.57
97.18
95.53
97.58
95.74
97.81
98.41
97.19
97.00
97.43
97.81
96.92
96.89
96.55
96.92
97.09
97.06
96.85
97.98
97.57
97.54
95.60
96.33
97.96
95.78
97.09
97.08
98.12
96.41
94.97
97.85
97.67
98.05
97.08
97.69
97.19
96.59
92.97
97.01
97.63
97.52
97.85
97.47
97.56
97.48
96.06
93.86
97.39
96.56
96.23
96.91
96.59
96.58
97.29
97.27
97.20
96.83
96.23
97.41
96.61
96.74
97.04
97.56
97.48
96.76
97.59
96.91
96.87
96.57
91.89
97.44
94.25
97.86
96.00
95.26
96.91
95.84
97.04
95.34
96.72
98.29
96.40
96.71
98.08
98.00
97.24
97.64
97.82
97.90
97.12
95.52
96.60
96.04
94.01
96.56
97.43
96.74
97.78
97.36
97.43
97.33
97.14
97.72
95.88
97.47
97.81
96.31
97.28
96.17
98.11
96.21
97.20
97.48
97.44
97.60
97.57
97.01
97.79
97.02
97.28
97.39
95.58
96.27
97.10
96.13
97.24
96.78
95.19
97.72
96.68
97.44
96.30
97.57
97.78
97.29
95.99
96.79
96.86
97.84
97.93
96.86
97.50
97.02
94.98
98.05
96.93
97.11
97.79
95.92
96.62
96.54
96.90
96.72
97.77
97.54
97.14
95.91
97.49
97.47
97.74
98.08
97.03
97.72
97.55
98.02
96.77
97.34
98.08
97.78
96.35
94.97
97.38
96.73
97.68
97.84
97.19
96.98
91.08
96.71
96.59
95.85
98.21
95.19
97.26
98.39
96.93
97.88
96.81
96.82
97.36
97.34
95.32
98.11
97.72
96.92
97.70
97.49
96.51
97.92
97.41
97.68
97.00
97.52
96.52
96.97
97.64
97.87
96.65
96.91
97.73
96.75
96.68
97.68
98.11
95.85
95.77
97.57
96.31
97.32
96.27
98.02
97.21
97.11
95.11
97.49
97.45
97.27
96.15
96.78
96.48
96.65
94.94
97.28
97.64
97.86
97.65
97.52
97.27
96.93
96.51
97.86
95.21
95.90
97.06
97.58
97.43
97.35
95.65
97.51
94.85
95.00
97.64
96.59
97.35
97.55
97.26
96.79
94.64
96.26
94.36
97.08
96.30
96.67
97.23
97.80
96.67
97.22
96.14
97.21
95.84
97.25
97.44
97.21
97.70
96.21
94.36
96.83
97.28
92.11
96.60
98.12
96.90
96.87
95.67
97.64
96.01
97.64
97.57
97.49
96.56
98.09
95.58
94.78
97.53
97.09
97.10
97.34
95.30
97.55
96.90
96.30
91.25
92.79
97.12
97.62
97.88
97.75
97.13
96.75
97.77
97.14
97.51
97.72
97.52
97.77
97.07
96.95
96.73
97.28
96.31
97.68
97.27
97.00
96.11
96.45
96.18
95.96
95.84
97.51
96.32
97.59
97.59
96.14
95.50
97.61
97.32
96.74
97.00
97.08
96.88
97.56
97.93
97.41
97.92
97.37
98.14
96.09
97.41
97.10
98.10
96.98
97.24
94.80
97.32
97.02
96.64
96.80
97.30
97.54
96.41
95.54
97.36
96.74
96.51
98.12
96.55
95.66
97.37
97.22
96.57
97.33
98.02
95.84
98.20
97.29
96.98
97.32
97.63
97.59
96.98
95.31
97.53
97.59
95.91
97.40
95.71
97.45
97.33
96.10
97.69
97.53
97.76
98.01
95.84
97.00
96.98
96.14
96.11
97.26
97.42
97.71
95.84
97.01
96.96
94.64
95.62
97.30
96.93
96.82
95.27
96.37
97.55
97.50
96.63
95.80
97.12
97.75
97.25
97.65
94.40
97.72
97.41
96.71
97.13
97.06
96.16
96.51
96.75
95.89
97.41
97.46
95.08
95.39
97.58
97.40
97.14
96.94
96.97
96.65
98.03
97.52
96.81
97.60
97.44
97.32
97.35
95.94
97.95
97.61
97.64
96.80
96.99
94.32
97.01
97.34
89.07
98.01
97.51
97.80
96.90
97.22
98.07
97.91
97.68
97.69
93.79
96.78
96.99
96.89
97.20
97.32
97.11
96.75
95.59
96.31
97.50
97.55
97.25
97.27
97.78
98.03
96.74
97.57
97.49
95.75
97.27
97.29
95.00
95.74
97.31
97.23
97.25
97.56
96.97
97.19
97.20
98.20
97.03
97.95
96.79
93.04
95.37
97.82
98.23
96.20
97.30
97.53
97.78
96.59
94.69
97.45
94.43
97.43
97.26
96.18
97.15
97.24
97.91
97.38
98.25
97.72
97.17
95.59
95.99
97.81
95.45
96.79
95.45
97.65
94.60
96.00
96.38
97.70
95.67
97.49
96.83
97.08
94.00
97.58
96.05
97.26
97.98
97.57
97.93
96.50
96.79
98.06
97.06
97.47
96.85
97.14
97.58
94.10
97.85
97.02
97.13
97.55
97.17
96.75
97.13
96.19
97.59
97.74
94.12
97.06
96.32
96.93
97.59
97.72
97.77
96.61
97.40
96.94
96.01
96.69
97.71
97.91
96.57
97.50
97.62
97.48
98.09
96.55
97.28
96.70
95.38
97.19
96.18
95.68
96.46
97.80
95.45
90.83
97.31
95.57
97.17
97.63
97.24
97.09
94.91
97.54
96.93
97.65
97.94
96.33
97.44
97.41
98.02
96.57
96.42
96.54
96.88
96.88
97.93
97.13
97.79
95.87
95.03
95.72
96.86
97.30
97.31
97.54
95.95
94.95
97.60
97.27
97.34
95.52
95.26
97.06
97.17
97.28
96.45
96.76
97.00
95.95
96.30
97.54
97.25
96.17
96.36
96.50
97.29
95.79
96.93
98.04
94.55
97.29
97.95
96.52
97.88
96.80
97.43
97.55
98.20
97.10
97.15
96.52
97.42
96.97
96.96
97.46
97.36
97.89
98.02
94.36
96.50
96.20
98.15
96.76
95.45
97.35
96.59
93.69
97.63
96.74
96.66
97.70
97.49
97.15
97.50
96.28
96.00
96.10
97.87
97.64
96.87
97.17
97.99
97.99
97.13
97.64
97.24
98.15
98.00
97.08
96.82
95.42
97.17
96.41
97.23
97.90
96.14
96.89
95.29
95.40
95.57
97.16
96.83
97.00
97.57
97.15
95.05
96.31
96.84
98.15
94.53
97.10
96.77
97.16
97.01
97.30
96.92
97.15
97.55
97.84
94.83
97.67
96.92
97.58
97.33
97.46
96.66
97.81
95.65
96.60
97.17
96.68
96.34
98.12
97.54
96.84
95.23
97.80
97.72
96.81
96.33
97.71
96.26
88.12
96.24
96.65
97.76
96.39
97.24
97.27
95.76
97.77
95.95
97.36
95.17
96.47
95.35
95.33
95.88
97.58
96.99
96.99
97.89
97.81
97.34
97.26
97.09
96.87
97.18
97.02
96.80
96.77
96.20
96.32
97.44
95.85
96.55
97.03
96.51
97.37
97.46
97.56
93.30
97.93
90.76
97.35
96.73
94.77
96.88
97.75
96.81
97.29
97.79
96.63
98.09
96.95
96.40
98.07
96.80
96.04
97.41
96.10
96.16
97.73
96.08
96.56
95.47
97.39
97.27
95.37
97.23
95.62
96.93
97.51
96.88
97.07
97.48
96.44
97.65
96.72
96.12
97.09
91.35
96.45
95.25
96.49
97.51
95.98
97.40
95.06
93.59
97.50
95.49
97.09
98.22
96.35
93.85
97.44
97.36
95.55
97.33
98.03
97.93
96.94
97.81
97.28
97.02
96.56
97.61
97.60
96.75
97.50
97.52
97.53
97.26
96.03
97.81
96.71
96.26
97.53
97.68
96.91
97.41
97.06
96.15
98.28
97.45
97.44
96.61
97.16
96.53
96.98
96.24
97.52
97.25
97.24
96.51
95.89
97.64
97.20
97.83
97.11
97.89
97.15
93.97
95.74
95.36
96.68
96.60
97.19
97.24
97.08
97.33
98.05
96.17
97.74
97.34
96.50
97.57
97.80
97.61
96.16
97.80
97.23
97.55
95.87
91.05
97.60
97.24
97.31
97.30
95.93
95.60
96.91
97.55
96.82
96.62
97.86
97.62
96.66
96.76
97.53
97.85
88.74
97.43
97.71
96.64
97.33
97.14
96.58
96.78
96.86
95.13
97.98
97.05
97.47
97.15
95.63
97.87
97.36
96.73
97.91
96.53
96.22
97.66
