82.88
84.80
79.91
81.29
61.71
80.20
83.05
90.42
90.01
83.99
84.52
76.44
92.72
82.44
83.08
74.29
88.27
87.18
86.74
83.63
90.42
92.59
84.22
90.99
75.50
86.49
86.36
76.15
91.47
80.15
86.33
74.24
81.43
76.64
84.71
88.92
87.07
85.19
81.65
85.43
78.42
79.15
90.86
87.07
85.66
82.79
87.75
88.81
86.74
80.72
87.49
85.29
81.22
78.99
63.61
79.21
86.40
82.92
91.05
83.53
85.65
89.33
82.13
85.66
60.68
85.80
83.07
62.72
87.48
87.36
86.44
87.09
79.92
75.87
83.35
82.63
87.90
74.72
87.45
89.81
69.57
84.53
82.24
90.58
91.91
72.00
92.13
80.30
84.96
72.90
84.30
90.14
87.11
90.85
93.38
82.88
86.35
65.90
89.11
71.65
85.40
89.18
82.18
82.10
90.65
83.05
79.52
89.52
89.71
80.08
78.27
90.47
90.82
79.96
87.65
80.87
90.06
91.39
85.99
88.52
85.46
86.08
89.51
84.52
91.90
80.19
88.19
89.84
89.75
87.51
89.87
87.28
76.85
82.92
86.74
92.08
88.78
91.01
83.90
85.07
87.61
67.62
90.66
83.69
86.99
85.53
74.86
82.93
88.95
76.62
85.02
83.53
85.92
91.28
85.13
92.79
92.53
87.20
80.45
81.14
76.01
87.34
81.51
81.47
93.43
75.35
59.95
82.20
82.93
84.81
82.71
91.66
87.09
79.27
88.70
74.33
88.43
84.40
86.02
84.21
91.46
87.07
87.45
77.65
91.70
84.70
92.68
89.03
88.50
91.11
89.34
85.61
87.97
90.99
78.83
83.46
85.66
92.32
78.81
88.72
83.80
74.78
87.42
84.26
78.95
78.52
80.13
82.92
91.57
83.85
81.55
79.09
88.42
80.27
87.22
88.53
90.90
78.96
77.00
80.31
81.09
88.78
89.99
70.05
84.91
78.63
84.86
87.29
85.86
88.50
89.68
78.76
86.51
91.39
80.67
80.80
87.35
85.75
88.98
89.55
83.66
81.18
87.36
83.42
88.36
93.02
73.85
83.80
86.03
84.25
89.81
64.31
90.67
74.31
89.09
84.39
87.58
88.16
90.26
84.55
81.37
81.30
87.28
88.55
82.44
91.05
79.98
70.82
77.49
87.19
93.13
84.75
83.91
92.71
88.25
83.96
86.87
87.90
89.34
91.49
89.67
88.63
86.13
71.89
87.02
75.75
83.66
74.45
88.99
90.45
87.56
84.51
86.85
91.60
78.02
90.70
75.80
82.11
88.57
73.87
83.76
89.28
81.59
86.39
88.63
84.57
85.99
85.79
94.32
89.57
91.12
81.23
90.08
83.08
83.21
82.57
86.08
88.17
87.49
83.64
79.97
85.58
86.86
82.26
85.36
89.74
91.24
86.12
84.90
67.69
75.10
92.08
75.89
85.81
86.21
83.05
81.13
90.89
87.74
86.10
91.16
87.57
89.38
76.69
92.09
91.66
86.56
87.86
77.83
73.35
89.83
81.84
85.96
85.99
78.57
86.59
85.63
76.24
90.38
89.80
85.12
87.26
90.66
70.09
85.92
84.93
85.02
87.18
83.80
70.01
85.67
85.88
63.43
88.76
84.63
93.20
74.23
81.14
87.35
86.33
84.59
84.24
86.45
82.41
89.95
88.75
89.50
86.66
85.55
83.23
87.63
76.89
92.02
73.10
85.14
85.64
69.02
80.25
88.48
78.58
84.23
78.77
86.78
80.16
89.69
88.06
82.90
74.13
87.35
77.60
91.93
94.23
86.81
90.00
91.37
79.36
78.21
85.17
89.50
89.84
86.42
88.66
79.12
81.68
77.67
90.07
92.35
78.59
88.71
81.20
87.76
89.69
84.82
86.70
89.77
88.55
89.57
79.90
87.20
76.26
85.20
76.40
87.01
82.66
86.71
86.87
73.29
94.01
69.58
79.61
63.30
83.08
84.11
85.88
85.56
77.96
89.81
88.02
83.61
93.10
82.11
86.72
74.95
79.08
88.35
87.02
83.34
88.54
85.95
80.50
85.21
87.00
91.45
88.97
73.94
87.21
87.16
80.44
89.78
73.81
84.65
94.00
67.26
79.32
87.90
89.73
75.17
93.22
89.21
87.41
81.97
92.65
73.27
90.81
84.98
82.23
86.03
78.27
87.90
89.95
91.72
77.04
89.00
82.23
88.30
82.88
85.35
88.11
89.53
90.04
86.53
62.61
84.17
89.99
88.75
73.93
86.82
75.23
87.67
88.23
86.93
87.71
86.54
89.70
80.95
89.27
80.34
90.62
85.05
79.10
83.42
81.61
90.32
88.49
79.69
77.94
83.52
87.20
76.57
67.54
87.33
87.61
73.12
76.60
81.92
86.53
84.18
83.88
66.68
80.34
87.45
90.80
72.04
90.37
81.92
86.16
84.15
90.48
86.56
90.61
86.51
88.47
86.92
74.33
88.69
86.95
77.34
86.98
75.21
83.60
77.80
78.88
85.55
88.23
86.98
79.12
64.90
83.97
86.90
80.92
74.20
87.73
88.54
91.80
75.38
82.92
91.80
75.80
80.69
75.98
90.72
84.93
92.19
83.30
88.28
85.66
77.53
90.01
90.53
86.28
72.42
82.63
85.62
90.72
78.50
87.11
83.78
80.70
87.38
91.32
80.86
91.08
87.23
82.23
83.17
76.65
87.85
90.37
90.35
70.17
90.27
90.53
91.00
84.82
91.72
87.63
82.05
87.25
81.72
87.55
83.69
91.19
84.22
84.79
89.64
87.64
83.16
84.15
92.15
83.52
85.14
87.87
90.00
81.63
90.34
83.96
80.90
86.31
84.58
90.11
86.85
84.90
90.08
88.42
77.24
91.11
88.77
81.49
83.95
73.54
69.58
90.97
84.77
80.97
69.60
78.92
88.95
90.05
78.90
87.04
91.35
85.85
79.15
80.90
89.92
88.67
85.23
82.02
82.68
78.36
82.50
80.98
75.04
63.65
87.51
88.14
71.26
89.42
85.60
85.11
85.01
83.87
84.69
85.30
88.75
80.61
82.14
87.75
90.08
87.28
71.19
91.07
82.99
85.54
75.87
69.26
92.83
87.43
77.94
88.12
93.07
90.54
80.19
86.19
84.14
80.78
87.99
92.58
86.65
76.31
80.76
90.50
87.21
81.01
77.25
80.16
82.56
77.03
90.04
86.28
87.03
88.11
91.45
89.14
78.71
80.41
82.43
88.75
69.42
81.39
69.79
68.44
90.55
75.94
83.21
77.20
88.44
81.05
80.21
74.58
76.43
90.71
88.75
86.90
86.17
83.90
77.31
88.03
89.32
81.78
84.01
88.95
89.75
79.82
82.39
76.68
91.76
85.27
88.70
73.23
84.50
79.83
87.43
87.37
86.96
88.52
80.98
78.96
90.05
89.73
77.43
81.91
84.42
88.63
86.92
80.60
83.58
82.76
86.06
74.05
82.34
84.45
84.94
81.29
87.58
87.81
81.45
80.79
84.73
81.38
80.63
84.08
69.56
88.92
85.80
79.09
92.45
79.69
87.24
83.66
88.00
81.09
80.30
72.40
81.31
88.30
86.67
87.42
87.26
88.34
81.49
87.32
91.34
90.95
74.45
79.02
91.22
91.24
92.00
81.99
93.32
91.17
71.50
83.93
86.15
81.06
86.29
85.18
74.78
82.72
79.74
85.02
87.05
87.01
86.42
88.18
81.77
91.37
89.31
78.86
81.19
89.92
88.72
82.00
74.21
82.37
83.11
84.14
86.45
88.58
63.47
86.19
83.51
87.48
88.23
89.33
83.50
91.03
72.72
82.26
89.45
91.55
87.82
85.41
76.47
87.94
77.10
82.87
86.00
84.23
80.24
92.48
83.78
85.32
92.10
70.98
89.29
83.74
87.42
89.83
76.30
86.55
84.58
78.58
89.24
83.49
88.34
79.23
82.24
87.54
79.90
80.64
88.75
82.44
88.28
78.01
75.82
71.62
83.19
88.56
79.43
90.72
90.07
88.55
75.22
67.04
84.82
76.90
71.97
90.83
85.64
86.26
84.00
77.56
76.80
89.10
82.04
90.88
89.59
85.55
82.25
89.84
77.38
79.91
83.85
91.66
83.78
93.55
90.11
85.79
89.18
89.58
87.12
82.07
89.82
74.32
80.02
85.08
89.55
77.79
85.42
88.30
89.14
76.05
81.15
87.45
84.00
90.33
83.67
73.31
89.10
88.79
78.09
84.05
84.06
75.18
92.07
79.91
87.87
83.42
86.14
87.07
84.27
86.89
82.38
83.73
91.93
76.48
87.66
81.10
76.96
84.68
90.01
88.38
84.11
81.41
84.23
76.90
88.98
89.59
76.06
91.88
85.10
76.63
86.31
88.29
81.78
69.08
81.75
85.51
