94.34
93.08
93.22
94.56
93.64
95.43
92.63
89.58
91.73
94.27
96.40
93.74
92.72
95.75
96.11
89.89
87.24
96.87
92.14
94.51
95.13
94.79
93.86
96.24
89.48
94.55
95.18
91.18
92.94
75.23
96.42
95.97
87.53
95.37
93.36
92.24
87.62
95.68
96.88
93.21
90.06
92.51
93.82
92.82
90.41
95.97
93.97
89.61
95.23
96.23
94.68
93.91
91.03
84.31
94.68
92.78
86.82
96.42
97.21
84.24
94.90
93.56
94.50
95.58
65.16
87.88
94.44
94.49
92.47
94.65
95.11
93.98
90.38
95.79
93.13
94.27
95.98
95.51
80.87
68.20
93.59
80.09
86.27
74.18
91.43
94.18
93.05
95.52
94.92
83.76
90.70
83.24
86.33
93.00
86.73
87.14
96.86
93.02
94.25
92.69
96.35
94.87
96.67
64.23
93.39
93.63
90.42
94.52
95.10
95.98
90.43
91.70
95.63
90.01
81.07
96.09
93.55
91.04
95.16
91.13
92.33
94.33
94.02
92.35
95.25
93.90
92.08
91.54
91.31
94.36
95.20
94.72
97.02
94.68
94.24
85.55
92.07
88.88
95.69
89.76
95.87
93.61
92.73
91.21
91.53
85.73
90.75
91.10
84.72
90.06
95.73
94.82
95.87
93.35
90.08
94.93
89.84
88.66
95.26
88.95
97.00
82.34
93.74
92.92
92.14
93.65
95.99
96.18
95.03
94.34
94.52
96.17
88.18
95.52
95.86
93.97
94.81
96.83
94.07
90.42
96.39
92.39
88.26
93.70
92.60
85.51
93.81
88.64
94.36
93.58
94.53
93.19
95.44
96.51
96.36
94.65
95.57
94.12
95.10
69.84
92.79
90.70
96.99
93.80
94.53
87.72
91.88
95.23
94.33
94.35
95.17
96.92
90.87
77.24
96.23
83.12
88.61
88.51
94.40
93.32
93.17
97.23
96.33
88.99
93.42
94.21
86.14
76.11
86.72
92.19
90.55
94.91
92.30
97.07
95.46
92.61
86.16
91.05
95.71
91.94
94.56
94.76
92.71
85.55
95.40
94.11
95.12
90.71
92.55
93.38
95.93
95.29
88.52
94.87
88.58
96.26
93.84
94.22
94.28
94.24
94.23
89.65
90.82
94.44
96.22
94.50
85.12
86.54
94.76
87.53
92.66
87.12
95.57
93.35
95.71
94.21
92.52
93.53
94.01
93.87
93.65
96.05
95.71
85.40
90.53
96.73
88.27
89.46
93.43
96.00
85.95
84.08
92.26
96.08
93.26
93.07
95.31
92.35
81.10
91.65
96.76
81.54
86.31
95.42
94.56
96.22
96.41
95.61
95.34
95.58
88.97
87.10
92.56
95.51
94.76
94.73
92.30
82.26
95.38
95.45
94.36
95.64
94.96
92.45
94.91
94.69
94.24
95.41
96.27
96.54
93.93
94.50
95.55
89.90
86.58
92.52
93.87
94.64
92.03
93.28
88.57
95.43
93.09
94.10
95.35
93.42
87.67
92.88
70.66
94.28
95.48
91.38
92.18
94.20
87.90
90.79
87.73
96.12
84.72
91.71
91.14
95.78
89.95
90.40
93.16
94.66
92.04
94.67
93.72
93.03
91.44
91.54
92.14
92.03
95.87
91.67
96.22
89.06
92.44
92.15
95.21
94.13
94.36
92.28
94.86
88.43
95.29
93.87
95.81
94.84
92.86
93.36
89.36
91.95
96.86
94.74
94.57
94.19
94.26
93.98
94.94
94.93
92.36
91.46
94.84
77.44
90.19
94.25
97.08
96.38
96.47
94.06
88.89
94.65
96.30
90.82
85.46
94.86
95.77
93.84
93.07
94.36
93.00
95.56
86.90
90.13
90.58
87.77
92.88
89.52
95.12
93.80
84.16
95.48
93.55
96.30
85.77
88.98
95.40
95.74
90.97
95.07
94.49
79.61
96.41
94.49
94.22
94.01
92.04
95.14
94.70
94.03
92.53
92.39
92.74
83.47
95.72
95.52
94.08
91.97
95.80
75.94
94.44
90.09
93.10
83.86
95.21
94.11
94.58
95.11
86.05
95.28
93.58
92.12
93.68
94.81
94.28
93.93
93.42
96.44
94.61
93.95
96.24
96.21
93.30
96.74
93.73
96.10
94.91
94.90
90.99
95.58
95.67
91.11
92.69
84.29
95.01
91.45
90.45
95.81
92.99
90.57
96.97
95.16
94.07
96.71
89.28
86.82
90.69
93.04
92.66
94.95
88.24
94.85
85.02
94.59
93.27
88.54
92.51
91.90
88.55
91.72
71.43
94.97
93.40
90.61
93.98
95.13
95.21
93.11
90.05
88.90
84.23
89.39
91.93
95.12
94.29
96.15
92.03
95.92
85.52
93.29
93.78
94.63
93.61
96.39
92.15
70.45
88.07
95.20
95.15
93.64
94.94
96.53
71.35
95.65
91.83
89.43
88.83
95.99
95.66
93.38
95.68
81.34
87.84
86.23
86.51
87.25
93.20
93.50
95.38
93.21
92.57
89.87
96.27
97.26
92.40
94.19
92.18
94.98
94.87
91.13
93.89
96.07
91.33
92.95
91.46
94.76
91.50
95.56
96.02
94.32
92.36
91.09
91.59
95.17
88.06
88.06
89.84
94.23
90.51
74.74
95.20
93.37
80.28
89.56
92.02
91.82
89.18
80.46
94.21
94.86
93.95
89.48
91.90
83.05
92.67
93.48
91.50
95.83
72.38
92.57
94.37
94.96
91.83
95.87
93.20
92.97
94.84
84.03
96.14
91.66
93.05
94.76
95.22
92.71
94.28
95.20
94.76
90.17
85.12
90.21
92.37
94.18
93.38
92.13
88.49
91.00
94.42
94.07
91.70
94.26
96.05
91.73
95.40
92.49
95.89
88.62
93.87
94.24
93.31
89.47
93.51
95.23
94.17
93.18
90.74
95.76
94.74
91.54
94.79
93.47
88.13
95.61
94.73
94.33
82.38
95.15
93.82
75.09
88.50
95.96
92.22
95.41
95.70
94.22
94.22
94.04
95.77
95.16
94.50
94.02
95.64
95.19
88.34
94.07
94.63
93.90
92.80
86.94
96.37
94.37
91.75
91.78
94.63
96.79
94.50
94.67
88.18
89.79
93.57
87.04
96.05
96.34
96.34
95.10
96.42
92.79
93.44
87.39
92.45
95.41
89.18
92.24
94.86
86.78
93.30
91.73
91.80
93.67
95.56
95.67
92.72
96.26
95.82
92.68
88.65
94.20
91.25
93.20
95.73
93.79
94.08
90.12
94.45
92.47
95.28
95.25
92.08
91.61
94.54
94.56
96.35
91.19
91.00
92.32
92.36
73.82
86.90
90.96
93.49
92.06
95.44
94.32
94.31
89.15
96.03
86.74
85.74
95.24
96.64
95.20
86.66
91.01
93.41
93.99
87.79
95.07
69.03
94.11
92.15
96.01
90.33
79.45
94.52
78.07
94.24
58.79
92.61
89.96
96.18
94.81
88.53
92.53
91.91
91.87
93.62
94.25
92.96
89.94
90.98
96.14
94.47
89.51
95.77
95.99
85.76
88.92
89.39
94.60
92.05
96.78
93.54
89.20
92.29
96.38
94.51
84.84
69.26
82.91
89.50
65.45
93.34
96.83
91.46
90.87
91.11
83.02
81.20
93.26
95.17
88.27
91.19
94.51
86.52
87.06
93.65
91.28
96.03
93.07
89.06
94.51
95.33
93.75
86.91
87.87
90.82
90.36
94.25
92.42
90.70
85.84
95.17
93.34
92.69
94.14
94.88
95.98
88.15
94.80
92.67
89.91
95.99
91.64
95.05
94.37
93.18
95.25
91.44
94.84
94.35
75.97
88.80
94.93
95.12
92.29
94.66
93.33
85.55
93.63
89.10
92.45
95.66
94.92
94.93
87.11
85.85
91.66
93.73
86.97
93.95
87.19
84.52
92.99
96.32
88.18
94.74
94.13
87.53
80.78
94.59
91.27
94.07
85.43
87.47
94.17
95.18
90.36
92.50
91.68
90.75
95.79
90.37
92.96
89.32
91.72
95.38
88.58
96.03
95.61
93.64
90.13
94.65
96.41
93.23
95.96
91.42
96.64
93.75
86.65
94.22
95.86
93.73
95.82
90.20
93.52
94.90
89.54
90.24
95.77
95.40
92.11
95.61
91.47
94.84
95.17
87.15
87.37
95.99
93.57
92.35
96.29
93.80
87.12
96.64
94.25
93.02
92.87
93.27
83.94
96.19
77.34
95.75
91.86
93.55
92.14
94.78
88.77
95.05
87.29
89.44
93.30
93.65
96.27
90.49
91.80
95.73
96.63
94.79
92.62
88.40
94.46
95.07
63.05
89.28
93.64
90.66
95.51
76.04
88.54
94.80
91.58
95.31
94.28
94.97
92.55
90.43
85.42
95.69
95.22
