43.64
43.68
43.70
43.69
43.71
43.74
43.74
43.72
43.72
43.71
43.71
43.73
43.70
43.74
43.73
43.72
43.72
43.71
43.69
43.68
43.67
43.67
43.67
43.66
43.65
43.65
43.63
43.62
43.62
43.63
43.63
43.61
43.64
43.65
43.63
43.62
43.62
43.65
43.66
43.68
43.65
43.63
43.63
43.62
43.63
43.61
43.64
43.61
43.62
43.63
43.65
43.66
43.65
43.66
43.63
43.61
43.63
43.61
43.63
43.62
43.62
43.64
43.67
43.67
43.69
43.70
43.68
43.68
43.69
43.67
43.67
43.69
43.67
43.65
43.64
43.62
43.62
43.63
43.62
43.63
43.63
43.63
43.64
43.62
43.65
43.62
43.60
43.61
43.65
43.63
43.65
43.63
43.63
43.64
43.62
43.60
43.60
43.58
43.59
43.56
43.55
43.55
43.55
43.52
43.52
43.52
43.55
43.56
43.55
43.53
43.53
43.52
43.50
43.51
43.51
43.50
43.49
43.47
43.47
43.44
43.42
43.41
43.38
43.40
43.40
43.41
43.41
43.39
43.37
43.38
43.38
43.38
43.39
43.41
43.38
43.40
43.38
43.41
43.42
43.43
43.44
43.45
43.46
43.44
43.46
43.47
43.46
43.44
43.45
43.46
43.49
43.48
43.49
43.51
43.53
43.54
43.55
43.52
43.51
43.50
43.51
43.52
43.56
43.56
43.55
43.56
43.56
43.59
43.58
43.58
43.58
43.57
43.56
43.55
43.56
43.55
43.54
43.51
43.50
43.49
43.49
43.48
43.50
43.48
43.48
43.46
43.44
43.43
43.43
43.42
43.41
43.45
43.43
43.46
43.45
43.45
43.45
43.44
43.46
43.43
43.41
43.42
43.41
43.41
43.44
43.41
43.41
43.41
43.39
43.40
43.40
43.40
43.40
43.40
43.40
43.39
43.39
43.38
43.40
43.39
43.40
43.39
43.39
43.40
43.41
43.45
43.43
43.44
43.43
43.44
43.44
43.43
43.41
43.42
43.43
43.45
43.45
43.48
43.46
43.47
43.45
43.47
43.48
43.46
43.45
43.44
43.43
43.46
43.47
43.46
43.46
43.46
43.48
43.48
43.51
43.52
43.52
43.50
43.50
43.50
43.49
43.48
43.48
43.47
43.46
43.46
43.48
43.49
43.49
43.48
43.49
43.49
43.48
43.47
43.47
43.45
43.44
43.43
43.43
43.41
43.43
43.44
43.44
43.44
43.44
43.42
43.42
43.42
43.40
43.39
43.41
43.41
43.40
43.39
43.36
43.35
43.35
43.34
43.36
43.37
43.36
43.36
43.39
43.41
43.39
43.39
43.38
43.36
43.35
43.36
43.35
43.37
43.37
43.36
43.37
43.37
43.38
43.38
43.36
43.35
43.34
43.36
43.37
43.35
43.35
43.34
43.35
43.33
43.34
43.35
43.35
43.36
43.35
43.37
43.40
43.42
43.41
43.43
43.42
43.42
43.41
43.40
43.38
43.37
43.40
43.39
43.40
43.39
43.42
43.44
43.46
43.47
43.45
43.44
43.43
43.43
43.44
43.46
43.44
43.42
43.41
43.42
43.44
43.45
43.45
43.45
43.48
43.47
43.48
43.47
43.47
43.47
43.47
43.47
43.50
43.49
43.48
43.50
43.52
43.53
43.52
43.53
43.51
43.53
43.53
43.57
43.56
43.57
43.58
43.57
43.56
43.57
43.59
43.58
43.57
43.59
43.57
43.57
43.58
43.57
43.55
43.56
43.53
43.54
43.53
43.54
43.55
43.53
43.54
43.56
43.55
43.56
43.55
43.54
43.57
43.57
43.57
43.60
43.59
43.57
43.56
43.57
43.56
43.59
43.58
43.57
43.57
43.57
43.56
43.56
43.55
43.59
43.59
43.58
43.59
43.61
43.60
43.59
43.59
43.62
43.63
43.63
43.62
43.61
43.60
43.60
43.59
43.58
43.59
43.58
43.57
43.55
43.55
43.55
43.53
43.54
43.53
43.51
43.51
43.49
43.47
43.45
43.45
43.43
43.45
43.44
43.44
43.43
43.43
43.44
43.43
43.45
43.47
43.47
43.47
43.45
43.45
43.43
43.44
43.45
43.47
43.49
43.49
43.49
43.48
43.47
43.47
43.48
43.49
43.49
43.50
43.50
43.49
43.48
43.50
43.49
43.48
43.46
43.48
43.48
43.48
43.48
43.48
43.48
43.46
43.44
43.45
43.43
43.44
43.43
43.42
43.41
43.42
43.42
43.42
43.43
43.41
43.40
43.40
43.39
43.39
43.39
43.42
43.40
43.40
43.39
43.38
43.37
43.37
43.36
43.36
43.34
43.32
43.30
43.28
43.30
43.32
43.32
43.32
43.32
43.30
43.30
43.29
43.28
43.30
43.32
43.32
43.32
43.33
43.32
43.30
43.29
43.28
43.27
43.27
43.28
43.27
43.27
43.27
43.28
43.27
43.26
43.27
43.28
43.28
43.29
43.30
43.29
43.29
43.31
43.32
43.31
43.31
43.32
43.34
43.35
43.35
43.36
43.35
43.35
43.36
43.34
43.35
43.34
43.36
43.35
43.36
43.35
43.33
43.33
43.32
43.31
43.31
43.31
43.32
43.31
43.30
43.33
43.34
43.35
43.35
43.38
43.39
43.39
43.38
43.37
43.39
43.38
43.37
43.38
43.37
43.37
43.38
43.38
43.39
43.38
43.37
43.37
43.39
43.40
43.41
43.40
43.39
43.39
43.39
43.40
43.40
43.40
43.39
43.38
43.36
43.36
43.38
43.38
43.39
43.40
43.39
43.41
43.41
43.41
43.40
43.41
43.40
43.39
43.40
43.41
43.43
43.43
43.44
43.44
43.45
43.43
43.45
43.45
43.44
43.46
43.45
43.45
43.44
43.45
43.44
43.42
43.42
43.42
43.41
43.41
43.40
43.41
43.41
43.43
43.43
43.44
43.44
43.44
43.43
43.44
43.44
43.43
43.43
43.43
43.42
43.40
43.40
43.40
43.39
43.40
43.42
43.43
43.44
43.43
43.43
43.44
43.43
43.42
43.43
43.44
43.42
43.41
43.41
43.40
43.40
43.40
43.41
43.41
43.42
43.43
43.43
43.43
43.44
43.42
43.42
43.41
43.41
43.41
43.41
43.40
43.42
43.42
43.41
43.41
43.39
43.40
43.38
43.39
43.39
43.40
43.39
43.39
43.39
43.39
43.38
43.39
43.42
43.41
43.41
43.42
43.43
43.42
43.41
43.40
43.40
43.41
43.40
43.40
43.39
43.40
43.41
43.41
43.42
43.41
43.41
43.41
43.41
43.40
43.40
43.41
43.43
43.44
43.43
43.42
43.43
43.45
43.46
43.46
43.46
43.47
43.46
43.47
43.47
43.48
43.48
43.49
43.49
43.49
43.48
43.49
43.50
43.50
43.49
43.49
43.49
43.48
43.48
43.47
43.47
43.47
43.47
43.48
43.46
43.46
43.46
43.45
43.45
43.45
43.47
43.45
43.46
43.46
43.47
43.47
43.47
43.48
43.47
43.47
43.45
43.44
43.43
43.43
43.42
43.42
43.42
43.41
43.41
43.41
43.42
43.42
43.45
43.45
43.45
43.45
43.44
43.44
43.45
43.47
43.46
43.46
43.46
43.47
43.47
43.47
43.46
43.47
43.47
43.48
43.46
43.46
43.46
43.47
43.46
43.45
43.44
43.43
43.42
43.42
43.42
43.41
43.41
43.41
43.42
43.41
43.42
43.41
43.41
43.40
43.40
43.39
43.39
43.40
43.39
43.38
43.40
43.39
43.39
43.39
43.39
43.38
43.38
43.39
43.40
43.40
43.39
43.40
43.40
43.40
43.40
43.40
43.40
43.41
43.42
43.42
43.42
43.41
43.41
43.41
43.40
43.39
43.39
43.38
43.38
43.37
43.36
43.35
43.35
43.34
43.33
43.35
43.35
43.34
43.35
43.35
43.34
43.34
43.33
43.32
43.32
43.31
43.31
43.31
43.31
43.32
43.32
43.32
43.31
43.31
43.33
43.32
43.31
43.30
43.29
43.28
43.28
43.28
43.28
43.28
43.30
43.28
43.29
43.28
43.27
43.27
43.27
43.28
43.29
43.27
43.27
43.28
43.29
43.28
43.28
43.29
43.29
43.31
43.32
43.31
43.33
43.33
43.33
43.34
43.35
43.35
43.35
43.36
43.35
43.36
43.37
43.36
43.34
43.33
43.33
43.32
43.32
43.33
43.32
43.32
43.33
43.33
43.34
43.34
43.34
43.35
43.35
43.35
43.35
43.34
43.33
43.32
43.31
43.32
43.33
43.33
43.34
43.35
43.35
43.35
43.35
43.35
43.34
43.34
43.34
43.35
43.34
43.35
43.35
43.34
43.33
43.33
43.33
43.32
43.32
43.33
