45.66
45.68
45.68
45.68
45.67
45.67
45.68
45.68
45.68
45.67
45.69
45.68
45.68
45.66
45.66
45.65
45.66
45.67
45.67
45.68
45.68
45.68
45.67
45.67
45.66
45.65
45.65
45.66
45.66
45.67
45.67
45.66
45.66
45.66
45.65
45.64
45.65
45.65
45.65
45.64
45.64
45.62
45.62
45.61
45.63
45.62
45.63
45.63
45.62
45.61
45.61
45.61
45.62
45.60
45.60
45.60
45.60
45.61
45.63
45.63
45.63
45.62
45.63
45.62
45.63
45.62
45.61
45.61
45.61
45.61
45.60
45.60
45.60
45.61
45.62
45.62
45.62
45.63
45.64
45.65
45.65
45.65
45.65
45.65
45.64
45.62
45.63
45.63
45.63
45.62
45.61
45.61
45.62
45.64
45.64
45.63
45.62
45.62
45.63
45.63
45.63
45.64
45.63
45.62
45.62
45.62
45.61
45.62
45.62
45.63
45.63
45.63
45.63
45.64
45.65
45.65
45.65
45.64
45.65
45.65
45.66
45.68
45.68
45.69
45.68
45.67
45.67
45.68
45.68
45.67
45.68
45.68
45.68
45.67
45.66
45.67
45.66
45.66
45.67
45.66
45.66
45.66
45.66
45.66
45.67
45.69
45.69
45.69
45.69
45.69
45.70
45.69
45.71
45.70
45.70
45.69
45.68
45.67
45.68
45.67
45.66
45.65
45.64
45.63
45.63
45.63
45.62
45.63
45.62
45.62
45.63
45.65
45.66
45.68
45.69
45.67
45.67
45.66
45.66
45.66
45.66
45.66
45.67
45.68
45.68
45.67
45.67
45.67
45.66
45.66
45.66
45.67
45.68
45.67
45.67
45.68
45.69
45.70
45.69
45.69
45.68
45.68
45.68
45.67
45.67
45.67
45.67
45.68
45.67
45.66
45.66
45.66
45.66
45.65
45.65
45.63
45.64
45.63
45.64
45.64
45.64
45.64
45.65
45.66
45.66
45.66
45.67
45.67
45.66
45.66
45.66
45.67
45.67
45.67
45.68
45.67
45.66
45.66
45.65
45.65
45.64
45.64
45.66
45.66
45.66
45.66
45.65
45.64
45.65
45.66
45.65
45.66
45.66
45.65
45.65
45.65
45.65
45.65
45.66
45.65
45.65
45.66
45.67
45.67
45.67
45.67
45.67
45.69
45.68
45.68
45.67
45.67
45.67
45.67
45.67
45.67
45.67
45.66
45.65
45.67
45.66
45.67
45.67
45.66
45.65
45.66
45.66
45.66
45.68
45.67
45.68
45.69
45.69
45.70
45.70
45.70
45.69
45.68
45.68
45.69
45.69
45.69
45.67
45.68
45.69
45.70
45.69
45.70
45.70
45.70
45.70
45.69
45.70
45.69
45.69
45.69
45.68
45.68
45.67
45.67
45.66
45.66
45.67
45.66
45.64
45.64
45.64
45.64
45.64
45.66
45.65
45.66
45.67
45.66
45.65
45.64
45.65
45.65
45.66
45.67
45.67
45.67
45.67
45.66
45.66
45.65
45.65
45.66
45.66
45.66
45.66
45.65
45.66
45.67
45.66
45.67
45.66
45.67
45.67
45.67
45.66
45.68
45.68
45.67
45.66
45.65
45.65
45.65
45.64
45.64
45.65
45.67
45.66
45.66
45.66
45.66
45.66
45.66
45.66
45.66
45.65
45.66
45.65
45.65
45.65
45.65
45.66
45.66
45.67
45.67
45.66
45.65
45.66
45.65
45.65
45.65
45.64
45.64
45.64
45.66
45.66
45.65
45.65
45.65
45.66
45.66
45.65
45.65
45.66
45.67
45.66
45.65
45.65
45.65
45.65
45.66
45.66
45.66
45.65
45.64
45.64
45.64
45.64
45.65
45.65
45.66
45.66
45.67
45.67
45.69
45.69
45.69
45.70
45.70
45.69
45.69
45.70
45.71
45.72
45.72
45.73
45.72
45.72
45.71
45.71
45.71
45.70
45.70
45.71
45.71
45.71
45.71
45.71
45.72
45.72
45.72
45.72
45.71
45.71
45.71
45.72
45.73
45.73
45.73
45.73
45.73
45.73
45.73
45.72
45.71
45.71
45.71
45.71
45.72
45.73
45.73
45.72
45.71
45.71
45.71
45.72
45.72
45.71
45.71
45.72
45.72
45.72
45.72
45.72
45.71
45.71
45.71
45.72
45.73
45.73
45.72
45.72
45.72
45.72
45.72
45.72
45.71
45.71
45.72
45.71
45.71
45.71
45.70
45.70
45.69
45.69
45.69
45.69
45.70
45.69
45.69
45.70
45.71
45.69
45.70
45.69
45.68
45.68
45.68
45.68
45.69
45.70
45.70
45.70
45.70
45.70
45.68
45.68
45.67
45.68
45.67
45.66
45.67
45.66
45.65
45.65
45.64
45.64
45.64
45.65
45.64
45.64
45.63
45.64
45.64
45.64
45.63
45.63
45.63
45.63
45.64
45.64
45.64
45.64
45.63
45.64
45.64
45.65
45.65
45.65
45.65
45.65
45.65
45.65
45.65
45.64
45.64
45.65
45.65
45.65
45.65
45.66
45.67
45.66
45.67
45.68
45.69
45.69
45.68
45.68
45.68
45.67
45.67
45.67
45.67
45.67
45.67
45.66
45.66
45.65
45.64
45.64
45.63
45.62
45.62
45.62
45.63
45.64
45.64
45.64
45.65
45.64
45.65
45.65
45.65
45.65
45.66
45.65
45.66
45.65
45.65
45.65
45.64
45.64
45.64
45.64
45.64
45.63
45.63
45.64
45.64
45.64
45.64
45.64
45.64
45.64
45.64
45.63
45.63
45.63
45.62
45.61
45.62
45.62
45.62
45.64
45.63
45.62
45.62
45.63
45.64
45.63
45.64
45.64
45.63
45.64
45.64
45.63
45.63
45.63
45.62
45.62
45.62
45.63
45.62
45.62
45.63
45.64
45.63
45.63
45.63
45.64
45.65
45.65
45.65
45.66
45.67
45.66
45.66
45.67
45.68
45.67
45.67
45.67
45.66
45.67
45.67
45.66
45.66
45.67
45.67
45.68
45.68
45.68
45.67
45.68
45.68
45.68
45.67
45.67
45.68
45.67
45.68
45.69
45.69
45.70
45.70
45.71
45.71
45.71
45.71
45.70
45.70
45.70
45.71
45.70
45.69
45.69
45.69
45.69
45.69
45.69
45.69
45.68
45.69
45.69
45.68
45.68
45.68
45.67
45.67
45.67
45.66
45.66
45.66
45.65
45.65
45.65
45.65
45.66
45.66
45.65
45.65
45.65
45.65
45.65
45.65
45.66
45.66
45.65
45.65
45.65
45.65
45.65
45.65
45.64
45.63
45.62
45.62
45.61
45.61
45.63
45.63
45.64
45.63
45.63
45.63
45.62
45.62
45.62
45.63
45.63
45.63
45.63
45.63
45.63
45.63
45.63
45.63
45.62
45.62
45.61
45.61
45.62
45.63
45.62
45.63
45.63
45.63
45.62
45.63
45.63
45.64
45.64
45.64
45.64
45.65
45.64
45.64
45.65
45.64
45.65
45.65
45.66
45.66
45.67
45.67
45.67
45.66
45.66
45.66
45.66
45.67
45.67
45.68
45.68
45.68
45.69
45.68
45.69
45.68
45.68
45.68
45.67
45.66
45.67
45.67
45.66
45.66
45.66
45.66
45.66
45.66
45.67
45.66
45.66
45.66
45.65
45.66
45.66
45.67
45.67
45.67
45.68
45.67
45.68
45.67
45.66
45.67
45.66
45.66
45.67
45.68
45.69
45.69
45.69
45.69
45.69
45.68
45.70
45.69
45.70
45.71
45.71
45.70
45.72
45.71
45.70
45.70
45.71
45.71
45.70
45.70
45.70
45.69
45.69
45.68
45.69
45.70
45.70
45.71
45.72
45.72
45.72
45.71
45.71
45.72
45.71
45.72
45.71
45.71
45.71
45.71
45.70
45.70
45.70
45.70
45.69
45.70
45.69
45.68
45.68
45.67
45.67
45.68
45.68
45.68
45.67
45.66
45.65
45.65
45.65
45.65
45.66
45.65
45.66
45.67
45.67
45.68
45.69
45.69
45.70
45.70
45.69
45.69
45.69
45.68
45.67
45.68
45.69
45.69
45.69
45.70
45.69
45.70
45.70
45.70
45.70
45.70
45.70
45.71
45.71
45.71
45.72
45.71
45.71
45.70
45.70
45.70
45.69
45.70
45.70
45.71
45.71
45.72
45.73
45.73
45.72
45.72
45.73
45.72
45.73
45.73
45.72
45.73
45.74
45.73
45.73
45.74
45.75
45.76
45.76
45.75
45.75
45.74
45.74
45.75
45.75
45.75
45.75
45.75
45.74
45.74
45.74
45.75
45.75
45.76
45.75
45.75
45.75
45.75
45.76
45.77
45.77
45.77
45.78
45.78
45.79
45.80
45.81
45.81
45.80
45.81
45.80
45.80
