36.95
39.14
40.47
44.97
48.23
45.76
45.03
46.39
46.92
45.97
45.99
46.02
46.02
44.11
44.26
43.58
44.28
43.73
44.34
45.19
45.28
45.71
45.36
44.49
44.19
43.58
43.62
43.12
43.27
43.44
43.57
43.66
43.86
43.93
43.79
43.41
43.85
44.39
44.53
44.21
43.58
44.24
44.54
44.86
44.57
44.47
44.57
44.22
44.26
44.33
44.40
44.11
43.89
43.80
43.50
43.28
43.10
43.14
43.26
43.47
43.61
43.57
43.47
43.81
43.62
43.53
43.82
43.65
43.95
43.84
44.04
43.90
44.05
43.81
43.82
44.15
44.00
43.74
43.78
43.89
43.83
43.75
43.83
43.82
43.63
43.54
43.41
43.76
43.60
43.77
43.69
43.80
43.97
44.18
44.37
44.29
44.20
44.06
44.25
44.10
43.97
43.95
44.02
43.92
43.82
43.63
43.65
43.73
43.72
43.62
43.49
43.47
43.72
43.64
43.68
43.57
43.66
43.69
43.61
43.56
43.49
43.47
43.56
43.58
43.70
43.77
43.63
43.51
43.42
43.37
43.37
43.43
43.47
43.53
43.59
43.74
43.76
43.70
43.69
43.65
43.57
43.44
43.40
43.32
43.23
43.15
43.14
43.21
43.26
43.12
43.11
43.07
43.02
43.11
43.15
43.08
43.10
43.15
43.18
43.06
43.04
42.97
42.98
42.92
43.00
42.99
42.85
42.76
42.69
42.69
42.59
42.63
42.77
42.83
42.84
42.77
42.84
42.82
42.82
42.87
42.85
42.92
42.89
42.75
42.76
42.86
42.79
42.73
42.76
42.69
42.74
42.65
42.67
42.70
42.67
42.61
42.76
42.82
42.74
42.70
42.70
42.79
42.68
42.64
42.58
42.64
42.64
42.60
42.55
42.67
42.73
42.75
42.75
42.73
42.66
42.74
42.81
42.71
42.72
42.67
42.74
42.68
42.69
42.63
42.65
42.70
42.67
42.59
42.61
42.59
42.61
42.77
42.80
42.77
42.83
42.81
42.85
42.81
42.82
42.80
42.74
42.75
42.68
42.68
42.71
42.67
42.63
42.58
42.54
42.60
42.54
42.44
42.42
42.33
42.40
42.39
42.39
42.38
42.34
42.28
42.24
42.31
42.30
42.23
42.22
42.30
42.33
42.26
42.19
42.18
42.20
42.16
42.29
42.29
42.30
42.27
42.22
42.23
42.20
42.24
42.27
42.28
42.31
42.25
42.24
42.25
42.22
42.26
42.23
42.22
42.20
42.29
42.37
42.37
42.30
42.30
42.39
42.46
42.45
42.47
42.46
42.47
42.47
42.50
42.54
42.57
42.65
42.59
42.54
42.51
42.47
42.46
42.38
42.31
42.39
42.32
42.26
42.25
42.23
42.28
42.33
42.32
42.32
42.35
42.41
42.36
42.35
42.37
42.33
42.33
42.36
42.33
42.33
42.34
42.42
42.49
42.47
42.43
42.43
42.45
42.46
42.46
42.51
42.56
42.57
42.62
42.64
42.67
42.63
42.64
42.68
42.66
42.69
42.72
42.76
42.83
42.81
42.76
42.77
42.74
42.76
42.79
42.80
42.86
42.88
42.94
43.01
43.01
43.06
43.00
43.00
43.00
43.05
43.09
43.14
43.15
43.14
43.08
43.06
43.14
43.12
43.13
43.12
43.09
43.11
43.10
43.11
43.08
43.05
43.07
43.05
43.03
43.05
43.05
43.06
43.06
43.02
43.03
43.09
43.05
43.02
42.99
42.98
42.97
42.99
42.98
42.94
42.96
42.94
42.94
42.97
43.03
43.00
43.00
42.99
43.02
43.02
43.05
43.06
43.05
43.02
43.03
43.06
43.03
43.04
43.02
43.03
43.06
43.03
43.01
43.02
42.98
42.98
42.95
42.98
43.03
43.00
43.07
43.05
43.02
43.01
43.01
42.98
42.96
42.98
43.05
43.04
43.06
43.06
43.08
43.06
43.09
43.13
43.07
43.03
42.97
42.99
43.04
43.03
43.06
43.09
43.12
43.08
43.06
43.07
43.11
43.16
43.18
43.20
43.19
43.16
43.12
43.16
43.14
43.19
43.18
43.24
43.21
43.20
43.22
43.21
43.20
43.26
43.23
43.20
43.26
43.30
43.31
43.33
43.36
43.37
43.39
43.39
43.37
43.35
43.36
43.34
43.31
43.32
43.32
43.33
43.30
43.30
43.27
43.26
43.31
43.28
43.25
43.25
43.27
43.28
43.22
43.24
43.26
43.24
43.21
43.20
43.24
43.25
43.28
43.30
43.30
43.27
43.29
43.29
43.30
43.26
43.25
43.28
43.26
43.28
43.32
43.29
43.26
43.28
43.27
43.24
43.23
43.24
43.23
43.24
43.28
43.26
43.26
43.28
43.26
43.27
43.28
43.27
43.24
43.26
43.31
43.29
43.28
43.28
43.31
43.33
43.33
43.34
43.32
43.29
43.26
43.29
43.30
43.30
43.29
43.30
43.33
43.34
43.36
43.35
43.36
43.34
43.31
43.33
43.35
43.34
43.31
43.32
43.31
43.32
43.33
43.30
43.28
43.29
43.31
43.32
43.30
43.28
43.27
43.26
43.22
43.23
43.21
43.24
43.21
43.22
43.21
43.23
43.25
43.28
43.28
43.31
43.29
43.31
43.30
43.28
43.27
43.25
43.27
43.27
43.28
43.28
43.30
43.29
43.29
43.27
43.29
43.26
43.29
43.30
43.29
43.28
43.30
43.30
43.29
43.34
43.32
43.29
43.29
43.29
43.32
43.29
43.30
43.29
43.30
43.29
43.26
43.25
43.26
43.26
43.26
43.29
43.28
43.28
43.27
43.24
43.22
43.23
43.23
43.24
43.23
43.21
43.22
43.23
43.24
43.22
43.24
43.26
43.27
43.26
43.28
43.28
43.28
43.30
43.29
43.32
43.32
43.33
43.36
43.35
43.32
43.33
43.31
43.31
43.34
43.33
43.37
43.38
43.37
43.39
43.39
43.38
43.38
43.35
43.35
43.38
43.38
43.39
43.39
43.40
43.38
43.34
43.34
43.34
43.31
43.31
43.30
43.30
43.33
43.32
43.31
43.31
43.33
43.35
43.36
43.36
43.37
43.34
43.35
43.35
43.36
43.35
43.38
43.42
43.43
43.45
43.46
43.45
43.47
43.47
43.47
43.48
43.45
43.48
43.46
43.48
43.48
43.51
43.48
43.51
43.53
43.53
43.56
43.52
43.53
43.55
43.54
43.55
43.55
43.56
43.57
43.58
43.55
43.53
43.50
43.54
43.52
43.51
43.52
43.52
43.50
43.50
43.51
43.53
43.53
43.50
43.52
43.55
43.53
43.54
43.52
43.52
43.50
43.50
43.47
43.46
43.49
43.50
43.50
43.53
43.53
43.57
43.58
43.60
43.60
43.65
43.64
43.65
43.64
43.64
43.65
43.65
43.63
43.62
43.65
43.65
43.67
43.66
43.67
43.66
43.65
43.65
43.64
43.64
43.63
43.62
43.62
43.60
43.62
43.60
43.57
43.56
43.54
43.53
43.51
43.50
43.53
43.53
43.54
43.56
43.55
43.56
43.55
43.52
43.51
43.51
43.50
43.51
43.49
43.51
43.50
43.52
43.51
43.52
43.52
43.50
43.49
43.48
43.47
43.48
43.48
43.47
43.48
43.45
43.48
43.47
43.45
43.46
43.46
43.45
43.48
43.49
43.47
43.48
43.48
43.48
43.48
43.48
43.47
43.49
43.47
43.48
43.49
43.53
43.51
43.51
43.52
43.51
43.52
43.51
43.52
43.52
43.49
43.51
43.52
43.53
43.51
43.51
43.51
43.53
43.53
43.53
43.54
43.55
43.55
43.57
43.57
43.58
43.56
43.59
43.61
43.60
43.61
43.59
43.58
43.58
43.59
43.58
43.57
43.57
43.56
43.56
43.53
43.53
43.52
43.55
43.52
43.55
43.55
43.57
43.55
43.55
43.54
43.54
43.58
43.61
43.64
43.62
43.60
43.60
43.60
43.59
43.63
43.63
43.62
43.64
43.65
43.64
43.64
43.64
43.66
43.67
43.68
43.70
43.72
43.72
43.71
43.73
43.75
43.74
43.75
43.74
43.72
43.72
43.74
43.74
43.73
43.72
43.75
43.72
43.73
43.71
43.69
43.69
43.71
43.70
43.69
43.68
43.67
43.67
43.70
43.69
43.69
43.69
43.69
43.69
43.67
43.66
43.67
43.68
43.67
43.66
43.64
43.63
43.62
43.62
43.60
43.59
43.58
43.57
43.58
43.58
43.57
43.56
43.55
43.58
43.55
43.56
43.57
43.54
43.53
43.53
43.55
43.56
43.55
43.55
43.55
43.58
43.59
43.58
43.60
43.60
43.61
43.63
43.62
43.61
43.62
43.63
43.63
