43.34
43.35
43.37
43.37
43.35
43.34
43.34
43.34
43.32
43.31
43.30
43.30
43.30
43.30
43.29
43.27
43.27
43.26
43.27
43.26
43.26
43.26
43.25
43.24
43.23
43.23
43.24
43.24
43.23
43.22
43.23
43.22
43.21
43.22
43.22
43.23
43.23
43.24
43.23
43.22
43.21
43.22
43.22
43.23
43.24
43.24
43.23
43.23
43.25
43.24
43.22
43.22
43.21
43.21
43.22
43.22
43.22
43.22
43.20
43.20
43.19
43.18
43.17
43.18
43.19
43.19
43.21
43.22
43.22
43.23
43.22
43.21
43.21
43.23
43.22
43.22
43.21
43.20
43.22
43.21
43.21
43.20
43.21
43.21
43.22
43.23
43.21
43.20
43.20
43.21
43.20
43.18
43.18
43.18
43.19
43.18
43.18
43.18
43.18
43.19
43.18
43.18
43.18
43.19
43.19
43.18
43.18
43.19
43.18
43.18
43.16
43.16
43.15
43.15
43.17
43.16
43.17
43.18
43.18
43.20
43.21
43.20
43.19
43.19
43.19
43.19
43.19
43.19
43.19
43.21
43.22
43.24
43.23
43.23
43.24
43.24
43.25
43.25
43.26
43.25
43.25
43.26
43.27
43.26
43.28
43.27
43.26
43.26
43.26
43.26
43.26
43.26
43.27
43.25
43.24
43.25
43.24
43.24
43.23
43.24
43.25
43.26
43.26
43.26
43.26
43.25
43.27
43.27
43.26
43.24
43.24
43.24
43.24
43.23
43.23
43.21
43.22
43.22
43.21
43.21
43.21
43.20
43.21
43.21
43.22
43.24
43.24
43.22
43.23
43.24
43.24
43.24
43.22
43.23
43.23
43.24
43.23
43.23
43.21
43.21
43.22
43.21
43.21
43.21
43.20
43.20
43.19
43.18
43.18
43.19
43.17
43.18
43.18
43.17
43.16
43.16
43.16
43.16
43.15
43.16
43.15
43.14
43.15
43.14
43.15
43.17
43.16
43.16
43.17
43.18
43.18
43.17
43.17
43.18
43.18
43.17
43.17
43.18
43.18
43.17
43.17
43.17
43.16
43.16
43.15
43.15
43.15
43.15
43.16
43.17
43.17
43.18
43.18
43.18
43.18
43.17
43.16
43.16
43.16
43.16
43.17
43.17
43.17
43.18
43.17
43.17
43.17
43.17
43.17
43.16
43.16
43.18
43.19
43.19
43.18
43.19
43.18
43.17
43.18
43.19
43.21
43.21
43.23
43.23
43.24
43.22
43.23
43.25
43.26
43.26
43.26
43.26
43.27
43.27
43.27
43.27
43.28
43.28
43.29
43.29
43.29
43.27
43.27
43.26
43.25
43.25
43.25
43.26
43.28
43.28
43.27
43.28
43.28
43.30
43.28
43.28
43.29
43.30
43.32
43.32
43.33
43.33
43.33
43.32
43.32
43.32
43.33
43.32
43.32
43.32
43.32
43.33
43.33
43.34
43.34
43.34
43.35
43.35
43.36
43.35
43.36
43.36
43.36
43.38
43.38
43.39
43.39
43.39
43.37
43.37
43.39
43.39
43.40
43.40
43.41
43.42
43.42
43.44
43.43
43.43
43.45
43.44
43.44
43.45
43.45
43.44
43.44
43.43
43.44
43.43
43.42
43.42
43.42
43.43
43.42
43.44
43.43
43.42
43.43
43.44
43.43
43.44
43.43
43.43
43.42
43.43
43.43
43.43
43.43
43.44
43.43
43.44
43.45
43.45
43.45
43.44
43.45
43.45
43.44
43.43
43.44
43.44
43.43
43.43
43.45
43.45
43.45
43.46
43.46
43.45
43.45
43.44
43.44
43.43
43.44
43.45
43.44
43.44
43.44
43.44
43.45
43.44
43.44
43.44
43.43
43.43
43.43
43.44
43.43
43.43
43.43
43.44
43.44
43.44
43.45
43.45
43.46
43.45
43.44
43.44
43.43
43.44
43.46
43.47
43.47
43.46
43.47
43.47
43.46
43.46
43.48
43.47
43.47
43.46
43.45
43.47
43.47
43.48
43.48
43.49
43.48
43.47
43.46
43.46
43.48
43.48
43.47
43.47
43.48
43.50
43.49
43.48
43.49
43.51
43.50
43.49
43.49
43.49
43.48
43.48
43.50
43.50
43.51
43.50
43.51
43.52
43.51
43.51
43.50
43.49
43.49
43.49
43.50
43.51
43.50
43.50
43.49
43.49
43.48
43.49
43.48
43.48
43.49
43.49
43.48
43.49
43.49
43.49
43.49
43.48
43.47
43.48
43.49
43.48
43.48
43.47
43.48
43.47
43.47
43.48
43.47
43.47
43.47
43.46
43.47
43.46
43.46
43.46
43.48
43.48
43.48
43.49
43.50
43.49
43.50
43.51
43.50
43.52
43.52
43.52
43.52
43.54
43.53
43.54
43.53
43.54
43.54
43.54
43.53
43.52
43.51
43.52
43.51
43.52
43.53
43.53
43.54
43.55
43.55
43.54
43.52
43.51
43.52
43.52
43.51
43.50
43.51
43.50
43.49
43.48
43.48
43.49
43.49
43.50
43.49
43.49
43.51
43.50
43.50
43.50
43.51
43.51
43.50
43.51
43.52
43.52
43.53
43.53
43.54
43.55
43.54
43.54
43.55
43.55
43.56
43.56
43.57
43.56
43.56
43.55
43.55
43.55
43.57
43.57
43.56
43.56
43.55
43.54
43.54
43.56
43.56
43.57
43.58
43.58
43.57
43.58
43.58
43.58
43.59
43.58
43.57
43.56
43.56
43.55
43.54
43.55
43.54
43.55
43.55
43.56
43.56
43.56
43.56
43.55
43.57
43.56
43.56
43.55
43.55
43.55
43.55
43.56
43.57
43.56
43.55
43.55
43.55
43.55
43.54
43.55
43.54
43.54
43.55
43.54
43.54
43.55
43.55
43.55
43.55
43.55
43.55
43.56
43.56
43.57
43.57
43.57
43.57
43.58
43.57
43.57
43.56
43.55
43.54
43.54
43.53
43.53
43.54
43.53
43.53
43.52
43.53
43.53
43.54
43.55
43.55
43.55
43.54
43.54
43.55
43.54
43.55
43.54
43.53
43.53
43.54
43.54
43.54
43.54
43.55
43.55
43.55
43.56
43.56
43.55
43.55
43.56
43.55
43.55
43.54
43.55
43.54
43.54
43.54
43.53
43.55
43.55
43.55
43.55
43.56
43.56
43.54
43.54
43.55
43.56
43.55
43.54
43.55
43.55
43.55
43.55
43.53
43.54
43.54
43.55
43.54
43.55
43.54
43.55
43.54
43.56
43.55
43.55
43.55
43.55
43.54
43.54
43.53
43.52
43.53
43.52
43.51
43.52
43.51
43.50
43.49
43.49
43.49
43.49
43.50
43.49
43.51
43.50
43.50
43.50
43.51
43.52
43.52
43.52
43.52
43.52
43.52
43.52
43.53
43.53
43.53
43.53
43.53
43.54
43.53
43.54
43.55
43.55
43.55
43.56
43.55
43.56
43.56
43.57
43.58
43.57
43.56
43.55
43.56
43.56
43.56
43.57
43.58
43.57
43.56
43.56
43.56
43.55
43.56
43.56
43.55
43.54
43.54
43.54
43.53
43.52
43.51
43.51
43.53
43.53
43.55
43.55
43.55
43.54
43.53
43.54
43.54
43.55
43.56
43.57
43.58
43.57
43.57
43.57
43.57
43.57
43.56
43.57
43.56
43.56
43.56
43.57
43.57
43.57
43.57
43.56
43.56
43.56
43.57
43.57
43.58
43.59
43.58
43.58
43.57
43.58
43.59
43.58
43.58
43.58
43.58
43.58
43.57
43.57
43.57
43.56
43.55
43.55
43.55
43.54
43.55
43.54
43.54
43.54
43.55
43.54
43.55
43.55
43.56
43.57
43.59
43.59
43.60
43.61
43.61
43.61
43.61
43.61
43.61
43.62
43.62
43.62
43.63
43.64
43.64
43.63
43.64
43.65
43.64
43.64
43.65
43.65
43.64
43.64
43.65
43.65
43.65
43.65
43.66
43.66
43.67
43.67
43.68
43.68
43.67
43.68
43.67
43.66
43.67
43.67
43.67
43.66
43.66
43.66
43.67
43.67
43.68
43.68
43.68
43.68
43.67
43.68
43.68
43.68
43.68
43.69
43.69
43.69
43.68
43.69
43.70
43.71
43.69
43.69
43.69
43.69
43.68
43.68
43.68
43.67
43.66
43.67
43.66
43.68
43.68
43.68
43.68
43.68
43.68
43.67
43.67
43.68
43.68
43.68
43.68
43.68
43.68
43.69
43.69
43.69
43.70
43.68
43.68
43.69
43.69
43.68
43.68
43.67
43.68
43.69
43.68
43.69
43.69
43.69
43.70
43.70
43.69
43.70
43.70
43.70
43.69
43.69
43.70
43.70
43.69
43.68
43.68
43.68
43.68
43.68
43.68
43.67
43.67
43.67
43.67
43.66
