45.80
45.80
45.80
45.80
45.79
45.78
45.78
45.77
45.78
45.78
45.78
45.78
45.78
45.78
45.77
45.77
45.77
45.77
45.77
45.77
45.76
45.76
45.76
45.75
45.75
45.75
45.75
45.75
45.75
45.74
45.74
45.74
45.74
45.73
45.73
45.73
45.73
45.74
45.73
45.73
45.73
45.73
45.72
45.72
45.72
45.71
45.71
45.71
45.71
45.70
45.70
45.70
45.70
45.69
45.69
45.69
45.69
45.69
45.69
45.69
45.69
45.69
45.68
45.69
45.68
45.68
45.68
45.67
45.67
45.67
45.67
45.66
45.66
45.67
45.66
45.66
45.65
45.65
45.65
45.64
45.64
45.64
45.64
45.64
45.63
45.63
45.63
45.63
45.63
45.63
45.63
45.63
45.63
45.62
45.62
45.62
45.62
45.63
45.63
45.62
45.62
45.62
45.61
45.61
45.61
45.61
45.61
45.61
45.61
45.61
45.60
45.60
45.60
45.59
45.59
45.59
45.59
45.58
45.58
45.57
45.58
45.58
45.58
45.57
45.57
45.57
45.57
45.57
45.57
45.56
45.56
45.56
45.56
45.56
45.55
45.56
45.56
45.56
45.56
45.55
45.55
45.56
45.55
45.55
45.55
45.55
45.55
45.55
45.55
45.55
45.54
45.54
45.54
45.54
45.54
45.54
45.53
45.53
45.53
45.53
45.52
45.52
45.52
45.52
45.51
45.51
45.51
45.51
45.51
45.52
45.51
45.52
45.52
45.52
45.52
45.52
45.51
45.52
45.51
45.52
45.52
45.51
45.51
45.51
45.52
45.51
45.51
45.51
45.51
45.50
45.50
45.50
45.50
45.50
45.49
45.49
45.49
45.49
45.49
45.48
45.48
45.47
45.48
45.48
45.47
45.47
45.47
45.47
45.47
45.46
45.46
45.46
45.46
45.46
45.46
45.45
45.45
45.45
45.45
45.45
45.45
45.44
45.44
45.44
45.44
45.43
45.43
45.43
45.43
45.43
45.42
45.42
45.42
45.41
45.41
45.41
45.41
45.41
45.40
45.40
45.40
45.40
45.40
45.40
45.39
45.39
45.39
45.40
45.39
45.39
45.39
45.39
45.39
45.38
45.38
45.39
45.38
45.38
45.37
45.37
45.37
45.37
45.37
45.37
45.37
45.36
45.36
45.36
45.36
45.36
45.37
45.36
45.36
45.36
45.36
45.35
45.35
45.36
45.35
45.35
45.36
45.35
45.35
45.34
45.34
45.34
45.33
45.33
45.33
45.33
45.33
45.33
45.33
45.33
45.33
45.34
45.33
45.33
45.33
45.32
45.32
45.32
45.32
45.32
45.31
45.31
45.31
45.30
45.31
45.31
45.30
45.30
45.30
45.30
45.29
45.29
45.29
45.29
45.29
45.29
45.28
45.28
45.29
45.29
45.29
45.29
45.28
45.28
45.28
45.28
45.28
45.29
45.28
45.29
45.28
45.28
45.28
45.28
45.28
45.28
45.28
45.28
45.28
45.27
45.27
45.27
45.26
45.26
45.26
45.26
45.26
45.26
45.26
45.25
45.25
45.25
45.25
45.25
45.25
45.25
45.24
45.24
45.24
45.24
45.24
45.24
45.24
45.24
45.23
45.22
45.22
45.22
45.22
45.22
45.22
45.22
45.22
45.22
45.22
45.22
45.22
45.21
45.22
45.21
45.21
45.21
45.20
45.20
45.20
45.19
45.19
45.19
45.19
45.18
45.18
45.18
45.18
45.17
45.17
45.17
45.17
45.18
45.18
45.18
45.18
45.18
45.18
45.18
45.18
45.17
45.17
45.17
45.17
45.17
45.17
45.17
45.17
45.16
45.16
45.16
45.16
45.16
45.16
45.15
45.15
45.14
45.14
45.14
45.13
45.13
45.13
45.13
45.13
45.13
45.13
45.12
45.12
45.12
45.12
45.12
45.12
45.11
45.11
45.11
45.11
45.10
45.10
45.10
45.10
45.10
45.10
45.10
45.10
45.10
45.10
45.09
45.09
45.09
45.09
45.09
45.09
45.08
45.08
45.08
45.07
45.07
45.07
45.07
45.07
45.06
45.06
45.06
45.05
45.05
45.05
45.04
45.04
45.04
45.04
45.03
45.03
45.03
45.03
45.03
45.02
45.02
45.02
45.02
45.01
45.01
45.01
45.01
45.01
45.01
45.01
45.01
45.01
45.00
45.00
44.99
44.99
44.99
44.99
44.99
44.99
44.99
44.98
44.98
44.98
44.98
44.98
44.98
44.97
44.97
44.97
44.97
44.97
44.97
44.97
44.97
44.97
44.97
44.97
44.97
44.97
44.97
44.96
44.96
44.96
44.96
44.96
44.96
44.96
44.95
44.95
44.95
44.95
44.94
44.94
44.94
44.94
44.94
44.94
44.94
44.93
44.93
44.93
44.94
44.93
44.94
44.93
44.93
44.93
44.93
44.93
44.93
44.92
44.93
44.93
44.93
44.92
44.92
44.92
44.92
44.92
44.91
44.91
44.91
44.91
44.91
44.91
44.91
44.90
44.90
44.90
44.90
44.90
44.90
44.90
44.90
44.90
44.90
44.90
44.90
44.90
44.90
44.89
44.89
44.89
44.89
44.89
44.89
44.89
44.89
44.89
44.89
44.88
44.89
44.89
44.89
44.88
44.88
44.88
44.88
44.88
44.88
44.88
44.88
44.88
44.88
44.87
44.87
44.87
44.87
44.87
44.87
44.87
44.87
44.87
44.87
44.87
44.87
44.87
44.87
44.87
44.87
44.87
44.86
44.86
44.86
44.86
44.86
44.85
44.85
44.85
44.86
44.86
44.85
44.85
44.85
44.84
44.84
44.84
44.84
44.84
44.84
44.83
44.83
44.83
44.84
44.83
44.83
44.83
44.83
44.83
44.82
44.82
44.82
44.82
44.82
44.82
44.81
44.81
44.81
44.80
44.80
44.80
44.80
44.79
44.79
44.78
44.79
44.78
44.78
44.77
44.77
44.77
44.77
44.77
44.76
44.76
44.76
44.76
44.76
44.76
44.76
44.75
44.75
44.75
44.75
44.75
44.75
44.75
44.74
44.75
44.74
44.75
44.74
44.74
44.74
44.75
44.75
44.74
44.74
44.74
44.73
44.74
44.73
44.73
44.73
44.72
44.72
44.72
44.72
44.72
44.71
44.71
44.71
44.71
44.71
44.71
44.71
44.71
44.71
44.71
44.71
44.71
44.71
44.71
44.70
44.70
44.70
44.70
44.70
44.70
44.70
44.70
44.69
44.69
44.69
44.69
44.68
44.68
44.68
44.68
44.68
44.68
44.68
44.68
44.68
44.68
44.68
44.68
44.68
44.68
44.68
44.68
44.68
44.68
44.67
44.67
44.67
44.67
44.67
44.67
44.67
44.67
44.67
44.67
44.67
44.67
44.67
44.67
44.66
44.66
44.67
44.66
44.66
44.66
44.66
44.66
44.66
44.66
44.66
44.66
44.66
44.65
44.65
44.65
44.65
44.65
44.65
44.65
44.65
44.65
44.65
44.65
44.65
44.65
44.64
44.64
44.64
44.64
44.64
44.63
44.63
44.63
44.63
44.63
44.62
44.62
44.62
44.62
44.62
44.62
44.61
44.61
44.61
44.60
44.61
44.60
44.60
44.60
44.60
44.60
44.60
44.59
44.59
44.59
44.59
44.59
44.59
44.59
44.58
44.58
44.58
44.57
44.57
44.57
44.57
44.57
44.57
44.57
44.57
44.57
44.56
44.57
44.57
44.56
44.56
44.56
44.56
44.56
44.55
44.56
44.56
44.56
44.56
44.56
44.56
44.56
44.56
44.55
44.55
44.55
44.55
44.54
44.54
44.54
44.54
44.54
44.53
44.53
44.53
44.53
44.53
44.52
44.52
44.51
44.51
44.51
44.51
44.51
44.50
44.50
44.50
44.50
44.50
44.50
44.49
44.49
44.49
44.49
44.49
44.49
44.49
44.49
44.49
44.49
44.48
44.49
44.48
44.48
44.48
44.48
44.48
44.48
44.48
44.47
44.47
44.47
44.47
44.47
44.47
44.47
44.47
44.46
44.46
44.46
44.46
44.46
44.45
44.45
44.45
44.45
44.45
44.45
44.45
44.45
44.45
44.45
44.45
44.44
44.44
44.44
44.44
44.44
44.44
44.44
44.43
44.43
44.43
44.43
44.43
44.43
44.43
44.43
44.43
44.42
44.42
44.42
44.42
44.42
44.42
44.42
44.42
44.42
44.42
44.42
44.42
44.42
44.42
44.42
44.42
44.42
44.42
44.42
44.42
44.42
44.42
44.42
44.42
44.42
44.42
44.42
44.42
44.42
44.42
44.41
44.41
44.41
44.41
44.41
44.41
44.40
44.40
44.40
44.39
44.39
44.39
44.39
44.39
44.39
44.39
44.39
44.39
44.39
44.38
44.38
44.38
