60.6000
67.9600
80.2800
46.8500
49.0900
48.6800
57.9300
47.0800
73.2400
68.2500
55.1200
71.8300
57.8400
64.2500
47.5900
71.0300
53.3200
79.8600
61.8300
71.0400
57.7100
54.5200
39.8100
35.9900
75.0400
59.2100
87.8700
54.2600
53.4300
59.7000
83.2300
29.3200
51.6500
66.6100
71.2300
39.5000
70.4200
68.4100
75.9400
38.7400
55.9800
64.4700
45.9200
70.6000
71.0500
76.5200
59.1800
51.9900
42.0100
71.4200
67.9900
51.9400
75.8900
61.9300
76.6000
46.2700
41.7200
85.0900
64.2400
75.8300
59.4900
49.0800
76.5400
60.4400
69.0600
69.1600
49.6700
63.0800
49.0200
52.3800
51.6200
62.0200
52.2700
79.2600
76.7600
61.5400
36.5700
57.7300
68.4900
65.6800
81.7400
80.2600
58.7600
52.2600
69.0600
62.2600
52.3000
79.6600
70.3400
54.5000
64.4100
59.7000
66.0000
62.1900
44.5000
63.3600
43.0800
73.3400
55.0300
46.7100
