77.2800
81.2500
55.1500
74.4900
91.1400
77.0700
77.4500
95.8700
90.4700
88.6300
95.0100
81.2500
91.0000
88.6300
84.1900
95.8900
86.6400
92.7300
96.7400
93.1500
89.8200
85.0800
89.2400
97.3100
75.7500
71.1500
91.8300
82.5700
94.9900
91.2600
93.8800
66.3100
82.8200
78.6400
92.1900
94.8100
78.7600
91.0100
92.6000
79.9400
91.4900
76.7500
83.2700
85.1100
74.9100
86.4900
89.7500
80.2600
73.4500
95.3400
93.9000
87.5700
91.2500
88.6100
94.2700
92.4500
88.6400
92.9200
80.7300
81.4000
90.5500
83.2000
80.1400
88.4200
87.5400
57.5100
95.7100
86.8400
89.2000
85.2300
74.6000
87.7400
97.0900
86.5900
84.6600
51.8000
96.3100
81.4300
84.6900
72.4800
94.2600
65.5200
89.0900
92.6400
89.4500
90.5300
82.2700
46.9700
91.6100
82.1200
90.3600
83.0100
92.7600
92.5500
84.1400
91.4900
80.6700
82.6900
82.4100
90.7000
