20.4100
33.8800
35.9200
41.5800
24.4500
36.6700
39.8900
23.7100
37.8500
32.2800
42.0900
35.8900
29.4800
31.1700
38.9200
32.5200
18.5800
33.7000
27.0800
23.8300
15.6600
39.1700
23.3400
19.8300
41.6900
33.9300
40.5500
35.0800
35.8700
53.5300
14.9100
22.0000
25.6700
47.2400
40.0000
25.7500
37.8900
27.8800
16.8100
35.1000
31.8200
29.6100
34.2200
21.8300
30.3700
25.6900
40.3800
19.3900
40.3200
28.4100
14.1900
29.5400
18.7900
23.7700
42.2200
26.6600
23.1000
21.1100
37.6900
31.7400
30.5100
20.9800
24.2200
39.9800
22.6500
30.9700
18.3300
37.8100
21.2500
30.3600
49.6800
33.0200
26.0600
40.4400
31.0800
12.4500
35.1600
37.6700
26.5000
58.6600
25.9100
41.0900
25.8200
29.8900
39.6500
27.8100
14.3400
28.1900
33.9700
19.9100
28.8900
26.9500
45.6400
14.2500
40.8100
43.1100
22.8300
29.6200
26.7900
28.0200
