24.8900
24.6700
53.0100
51.0500
53.2900
48.4000
59.9900
23.6100
50.5800
38.5200
63.1100
41.6200
39.7000
55.3900
40.8100
56.7500
53.0900
47.8000
24.0300
56.8700
30.2500
18.8900
56.0900
60.3900
61.5100
43.3600
38.0700
25.4800
48.6700
39.3200
33.5300
43.4400
61.3200
58.5500
45.1800
56.8200
40.3100
42.3100
41.7800
30.7900
61.0900
64.1500
57.2900
46.0900
44.1700
57.8600
70.7400
61.0400
53.6900
34.7800
43.4900
42.8300
34.8100
48.9200
31.9800
58.8700
58.1700
20.8400
65.5500
47.6700
28.5500
60.2100
51.3300
71.0900
51.6800
38.9700
57.8000
47.4800
44.9000
48.6300
38.9200
38.3400
42.8600
50.1400
39.3600
45.4300
43.7100
55.0800
49.0900
50.3100
42.7900
38.7300
32.2900
50.2500
34.7100
54.0700
56.9000
54.1700
70.6100
32.1500
24.2900
37.2700
30.8900
44.8000
53.3000
33.3200
37.3300
73.3800
47.3500
38.1600
