23.5100
55.2900
26.5700
47.2900
50.7900
52.8700
65.1100
69.9200
55.4100
57.1400
33.7800
81.7800
51.6700
67.6700
58.7200
58.4700
62.2700
29.9500
44.3300
58.4400
28.7900
54.9400
67.5100
32.7800
34.2600
69.7100
63.3800
68.1800
55.3600
64.2000
57.8300
45.2200
46.3300
52.3100
74.0100
76.6100
60.4400
30.8400
44.4900
81.8300
45.8000
79.7200
58.5800
49.8000
66.4500
55.7500
52.6500
26.7100
74.8300
53.3400
53.9900
36.7100
53.6700
49.6200
55.7600
28.3200
26.8400
74.6500
64.2900
26.2900
46.2000
62.8900
65.3600
67.0100
58.1900
48.4100
70.9300
72.7200
58.1800
57.7500
69.3500
53.4500
45.6800
68.2400
54.0000
64.8300
36.5600
65.3900
67.9700
56.0000
48.8500
40.3800
18.3600
49.8700
55.9500
61.7300
52.0000
59.4000
50.8500
71.3900
75.4500
60.3000
70.0600
69.2000
21.8700
60.4100
33.7700
65.7800
60.7700
66.0400
