82.8800
92.2500
92.6100
92.0600
89.7100
94.5400
85.9700
76.4600
84.2800
89.0200
87.2600
83.7500
82.9100
89.1400
80.7500
67.7300
89.7500
87.6500
46.0800
91.8900
95.0000
88.7700
98.0600
87.4200
71.3900
68.5600
79.1800
87.3000
84.6000
93.2900
94.1500
93.8400
92.7900
95.3000
82.5000
85.0700
70.9200
93.2500
93.9400
95.0800
82.2000
93.2800
72.0600
75.1900
54.7700
71.7800
90.9200
60.6200
85.9500
95.3100
86.9400
87.2700
69.3000
94.2400
88.3700
82.2100
73.3000
97.3800
93.7500
78.4300
94.1300
95.4100
88.0100
88.9200
90.2900
94.2500
63.7300
88.2000
96.6500
85.7500
90.0100
88.6600
91.4300
79.2500
88.4200
90.2000
95.8000
75.8800
91.5900
86.1800
91.7300
93.1300
83.6900
95.4700
81.7400
65.9600
93.8900
89.8000
89.5600
94.5100
66.5400
95.0800
89.1500
93.3700
92.7000
84.8200
93.0300
53.4500
92.5100
85.3800
