97.69
97.72
97.68
97.87
97.75
97.70
97.64
97.63
97.59
97.62
97.56
97.70
97.65
97.52
97.57
97.59
97.76
97.88
97.92
97.62
97.62
97.76
97.69
97.63
97.39
97.63
97.60
97.79
97.72
97.63
97.79
97.71
97.71
97.68
97.90
97.72
97.51
97.82
97.80
97.56
97.75
97.37
97.66
97.51
97.62
97.45
97.70
97.68
97.48
97.50
97.27
97.71
97.53
97.77
97.72
97.53
97.55
97.51
97.65
97.86
97.33
97.60
97.73
97.75
97.59
97.62
97.61
97.81
97.32
97.72
97.55
97.55
97.80
97.55
97.79
97.51
97.54
97.49
97.72
97.53
97.56
97.65
97.73
97.52
97.49
97.76
97.65
97.68
97.82
97.65
97.47
97.44
97.84
97.68
97.57
97.70
97.39
97.52
97.54
97.76
97.58
97.72
97.60
97.64
97.62
97.58
97.60
97.69
97.68
97.51
97.84
97.71
97.49
97.80
97.66
97.63
97.62
97.64
97.49
97.65
97.63
97.70
97.74
97.30
97.76
97.55
97.57
97.55
97.71
97.65
97.70
97.53
97.77
97.47
97.89
97.78
97.58
97.72
97.63
97.53
97.73
97.50
97.77
97.48
97.54
97.58
97.60
97.65
97.38
97.60
97.57
97.64
97.72
97.81
97.70
97.79
97.45
97.63
97.66
97.51
97.43
97.63
97.69
97.90
97.79
97.72
97.61
97.61
97.77
97.41
97.57
97.68
97.94
97.61
97.64
97.82
97.73
97.56
97.62
97.79
97.81
97.59
97.67
97.81
97.62
97.62
97.81
97.76
97.50
97.80
97.54
97.51
97.69
97.62
97.62
97.75
97.67
97.78
97.75
97.75
97.45
97.57
97.62
97.76
97.59
97.38
97.61
97.74
97.50
97.50
97.27
97.41
97.62
97.49
97.75
97.66
97.66
97.56
97.67
97.50
97.55
97.70
97.47
97.44
97.55
97.62
97.76
97.54
97.61
97.68
97.62
97.68
97.65
97.80
97.67
97.69
97.63
97.68
97.66
97.63
97.75
97.64
97.70
97.76
97.78
97.53
97.57
97.75
97.68
97.47
97.65
97.61
97.61
97.52
97.65
97.58
97.72
97.73
97.74
97.59
97.59
97.71
97.57
97.72
97.79
97.65
97.36
97.84
97.60
97.53
97.47
97.62
97.68
97.76
97.58
97.56
97.83
97.70
97.66
97.55
97.70
97.73
97.56
97.46
97.37
97.71
97.61
97.62
97.81
97.64
97.59
97.66
97.73
97.79
97.76
97.51
97.66
97.58
97.72
97.50
97.62
97.59
97.67
97.54
97.39
97.70
97.69
97.76
97.54
97.72
97.59
97.63
97.51
97.49
97.66
97.77
97.68
97.75
97.64
97.65
97.80
97.45
97.63
97.66
97.72
97.69
97.61
97.58
97.68
97.61
97.72
97.48
97.55
97.73
97.49
97.81
97.68
97.66
97.59
97.56
97.49
97.49
97.85
97.82
97.38
97.67
97.38
97.74
97.57
97.76
97.60
97.57
97.66
97.63
97.45
97.78
97.60
97.76
97.71
97.69
97.54
97.55
97.58
97.63
97.60
97.60
97.70
97.73
97.62
97.60
97.80
97.92
97.70
97.72
97.67
97.79
97.75
97.56
97.66
97.71
97.58
97.78
97.61
97.64
97.56
97.59
97.89
97.76
97.71
97.72
97.66
97.65
97.61
97.55
97.80
97.77
97.75
97.62
97.68
97.56
97.62
97.65
97.54
97.76
97.71
97.98
97.68
97.73
97.68
97.58
97.66
97.54
97.78
97.68
97.71
97.64
97.70
97.72
97.53
97.56
97.77
97.52
97.70
97.47
97.65
97.50
97.63
97.51
97.79
97.64
97.67
97.52
97.67
97.68
97.45
97.70
97.70
97.62
97.63
97.74
97.65
97.76
97.73
97.83
97.44
97.58
97.88
97.59
97.65
97.68
97.56
97.70
97.53
97.73
97.72
97.64
97.64
97.62
97.39
97.53
97.58
97.37
97.74
97.67
97.79
97.81
97.59
97.52
97.65
97.56
97.39
97.85
97.52
97.40
97.61
97.70
97.49
97.70
97.61
97.51
97.60
97.67
97.74
97.73
97.72
97.68
97.57
97.55
97.67
97.61
97.57
97.57
97.62
97.65
97.44
97.74
97.78
97.72
97.80
97.66
97.63
97.49
97.48
97.68
97.67
97.39
97.68
97.76
97.70
97.60
97.61
97.51
97.48
97.52
97.77
97.57
97.70
97.54
97.58
97.60
97.56
97.74
97.65
97.68
97.79
97.72
97.86
97.83
97.55
97.74
97.60
97.78
97.58
97.60
97.55
97.59
97.85
97.60
97.74
97.33
97.52
97.73
97.47
97.66
97.62
97.66
97.54
97.72
97.80
97.76
97.70
97.83
97.71
97.81
97.97
97.73
97.86
97.68
97.66
97.67
97.66
97.67
97.81
97.71
97.43
97.69
97.59
97.64
97.76
97.67
97.51
97.38
97.70
97.79
97.66
97.67
97.78
97.78
97.58
97.67
97.76
97.70
97.80
97.74
97.78
97.53
97.57
97.64
97.58
97.73
97.73
97.74
97.84
97.50
97.78
97.72
97.77
97.36
97.57
97.66
97.57
97.66
97.72
97.48
97.53
97.43
97.34
97.21
97.40
97.69
97.81
97.58
97.65
97.44
97.51
97.57
97.78
97.47
97.65
97.71
97.70
97.76
97.54
97.56
97.61
97.39
97.67
97.78
97.63
97.59
97.52
97.70
97.67
97.62
97.51
97.48
97.62
97.66
97.73
97.57
97.75
97.71
97.63
97.52
97.67
97.68
97.76
97.51
97.53
97.71
97.67
97.50
97.64
97.76
97.64
97.73
97.57
97.84
97.71
97.75
97.80
97.59
97.63
97.48
97.70
97.83
97.69
97.65
97.67
97.54
97.55
97.59
97.70
97.50
97.86
97.82
97.48
97.58
97.53
97.66
97.75
97.71
97.92
97.68
97.60
97.75
97.74
97.88
97.77
97.54
97.52
97.59
97.65
97.78
97.45
97.71
97.68
97.73
97.69
97.79
97.52
97.71
97.64
97.90
97.74
97.81
97.43
97.65
97.40
97.61
97.69
97.77
97.63
97.44
97.62
97.67
97.75
97.73
97.43
97.63
97.48
97.78
97.67
97.64
97.70
97.86
97.73
97.75
97.65
97.64
97.56
97.84
97.53
97.64
97.71
97.66
97.54
97.69
97.71
97.66
97.66
97.77
97.64
97.75
97.69
97.77
97.86
97.48
97.81
97.62
97.57
97.75
97.59
97.62
97.79
97.81
97.71
97.33
97.75
97.64
97.70
97.67
97.33
97.56
97.55
97.67
97.66
97.57
97.55
97.78
97.66
97.42
97.85
97.52
97.75
97.83
97.62
97.76
97.67
97.60
97.72
97.65
97.83
97.72
97.63
97.64
97.81
97.75
97.76
98.00
97.64
97.53
97.62
97.80
97.72
97.64
97.71
97.75
97.30
97.76
97.23
97.59
97.75
97.78
97.73
97.65
97.70
97.60
97.37
97.68
97.59
97.68
97.60
97.64
97.62
97.53
97.77
97.78
97.57
97.72
97.79
97.70
97.65
97.57
97.68
97.80
97.83
97.55
97.72
97.70
97.59
97.70
97.56
97.57
97.56
97.86
97.75
97.57
97.58
97.72
97.70
97.71
97.79
97.73
97.62
97.68
97.50
97.80
97.74
97.74
97.69
97.88
97.36
97.76
97.73
97.75
97.55
97.47
97.54
97.63
97.66
97.62
97.69
97.54
97.55
97.54
97.61
97.60
97.58
97.81
97.74
97.59
97.58
97.63
97.85
97.86
97.64
97.56
97.45
97.87
97.77
97.61
97.62
97.61
97.73
97.86
97.55
97.77
97.58
97.67
97.85
97.58
97.71
97.59
97.80
97.73
97.51
97.76
97.77
97.73
97.61
97.72
97.68
97.66
97.79
97.62
97.44
97.66
97.53
97.84
97.62
97.68
97.46
97.80
97.52
97.52
97.68
97.75
97.62
97.70
97.57
97.66
97.56
97.83
97.53
97.79
97.56
97.84
97.39
97.61
97.58
97.62
97.65
97.55
97.72
97.55
97.65
97.88
97.29
97.50
97.68
97.40
97.63
97.71
97.49
97.58
97.63
97.64
97.91
97.59
97.73
97.41
97.71
97.52
97.64
97.56
97.73
97.67
97.63
97.40
97.58
97.67
97.68
97.77
97.71
97.60
97.47
97.61
97.63
97.46
97.59
97.61
97.61
97.75
97.75
97.74
97.70
97.73
97.60
97.68
97.76
97.72
97.56
97.50
97.43
97.46
97.91
97.64
97.50
97.52
97.56
97.60
97.88
97.68
97.62
97.75
97.67
97.92
97.66
97.77
