96.40
96.48
96.21
96.41
96.51
96.57
96.69
96.60
96.81
96.50
96.44
96.59
96.70
96.78
96.57
96.72
96.25
96.39
96.47
96.41
96.43
96.22
96.68
96.63
96.58
96.36
96.71
96.49
96.63
96.61
96.65
96.41
96.52
96.25
96.22
96.43
96.55
96.53
96.24
96.37
96.08
96.55
96.38
96.35
96.22
96.26
96.42
96.22
96.33
96.30
96.38
96.68
96.36
96.56
96.55
96.35
96.39
96.59
96.52
96.53
96.73
96.66
96.28
96.34
96.35
96.51
96.46
96.65
96.42
96.55
96.14
96.21
96.59
96.39
96.49
96.46
96.50
96.41
96.27
96.44
96.70
96.32
96.49
96.24
96.42
96.72
96.04
96.58
96.74
96.58
96.40
96.38
96.54
96.46
96.54
96.46
96.49
96.43
96.32
96.12
96.41
96.71
96.57
96.50
96.47
96.33
96.24
96.32
96.23
95.98
96.37
96.62
96.69
96.56
96.34
96.19
96.56
96.62
96.38
96.39
96.37
95.95
96.32
96.63
96.49
96.60
96.45
96.51
96.68
96.33
96.47
96.27
96.14
96.33
96.47
96.33
96.53
96.47
96.32
96.53
96.42
96.46
96.46
96.30
96.35
96.46
96.45
96.42
96.30
96.18
96.37
96.28
96.36
96.44
96.36
96.52
96.41
96.43
96.71
96.31
96.62
96.57
96.56
96.21
96.57
96.20
96.50
96.38
96.64
96.61
96.41
96.46
96.51
96.54
96.73
96.63
96.60
96.04
96.16
96.35
96.65
96.67
96.17
96.52
96.36
96.52
96.25
96.25
96.31
96.31
96.23
96.08
96.28
96.67
96.65
96.62
95.93
96.35
96.43
96.49
96.36
96.33
96.29
96.49
96.46
96.50
96.51
96.15
96.22
96.40
96.38
96.05
96.33
96.54
96.52
96.39
96.44
96.36
96.55
96.39
96.43
96.21
96.33
96.37
96.41
96.61
96.58
96.77
96.37
96.19
96.49
96.42
96.60
96.50
96.62
96.29
96.51
96.24
96.65
96.57
96.28
96.37
96.57
96.25
96.57
96.53
96.52
96.62
96.51
96.60
96.50
96.19
96.59
96.58
96.45
96.29
96.27
96.51
96.44
96.33
96.54
96.59
96.46
96.64
96.44
96.08
96.53
96.59
96.39
96.22
96.46
96.35
96.62
96.70
96.47
96.30
96.60
96.34
96.60
96.36
96.25
96.39
96.42
96.61
96.59
96.40
96.62
96.24
96.55
96.62
96.54
96.30
96.39
96.80
96.07
96.33
96.38
96.64
96.84
96.28
96.28
96.36
96.51
96.53
96.65
96.30
96.42
96.50
96.54
96.44
96.69
96.44
96.46
96.05
96.32
96.43
96.46
96.55
96.62
96.49
96.38
96.50
96.53
96.56
96.33
96.62
96.42
96.65
96.55
96.18
96.46
96.44
96.39
96.36
96.61
96.58
96.32
96.26
96.31
96.34
96.55
96.68
96.48
96.43
96.71
96.03
96.31
96.63
96.48
96.69
96.53
96.07
96.30
96.54
96.61
96.64
96.54
96.41
96.41
96.22
96.38
96.44
95.66
96.36
96.64
96.52
96.66
96.57
96.60
96.54
96.50
96.45
96.59
96.26
96.42
96.40
96.43
96.29
96.42
95.96
96.16
96.62
96.47
96.40
96.46
96.36
96.53
96.72
96.63
96.44
96.71
96.47
96.75
96.40
96.17
96.75
96.32
96.20
96.61
96.61
96.56
96.56
96.31
96.45
96.26
96.56
96.22
96.42
96.38
96.49
96.42
96.38
96.27
96.70
96.56
96.52
96.48
96.27
96.33
96.34
96.58
96.39
96.41
96.64
96.37
96.23
96.42
96.41
96.44
96.47
96.17
95.92
96.56
96.75
96.48
96.64
96.58
96.54
96.45
96.77
96.56
96.35
96.33
96.34
96.40
96.38
96.46
96.37
96.25
96.53
96.45
96.56
96.50
96.45
96.32
96.46
96.47
96.42
95.82
96.38
96.55
96.45
96.58
96.59
96.67
96.19
96.54
96.56
96.29
96.76
96.73
96.39
96.58
96.69
96.52
96.37
96.53
96.18
96.17
95.91
96.36
96.31
96.42
96.53
96.63
96.62
96.23
96.29
96.51
96.52
96.30
96.20
96.53
96.40
96.34
96.62
96.46
96.50
96.54
96.51
96.28
96.16
96.18
96.30
96.50
96.24
96.28
96.47
96.40
96.40
96.58
96.59
96.35
96.55
96.18
96.66
96.39
96.33
96.37
96.68
96.49
96.66
96.63
96.00
96.45
96.68
96.26
96.19
96.40
96.59
96.51
96.31
96.50
96.42
96.25
96.73
96.42
96.89
96.41
96.41
96.60
96.14
96.49
96.17
96.65
96.36
96.44
96.47
96.23
96.50
96.19
96.74
96.45
96.38
96.33
96.51
96.69
96.37
96.36
96.50
96.18
96.28
96.18
96.58
96.55
96.44
96.70
96.32
96.34
96.55
96.11
96.27
96.57
96.63
96.73
96.52
96.45
96.75
96.18
96.42
96.66
96.56
96.45
96.54
96.36
96.45
96.46
96.58
96.28
96.57
96.40
96.55
96.38
96.14
96.56
96.54
96.45
96.76
96.26
96.43
96.44
96.25
96.42
96.50
96.52
96.47
96.70
96.56
96.62
96.55
96.54
96.85
96.33
96.27
96.12
96.44
96.33
96.44
96.38
96.72
96.52
96.60
96.63
96.50
95.87
96.41
96.59
96.56
96.54
96.58
96.31
96.66
96.34
96.39
96.52
96.33
96.50
96.55
96.61
96.48
96.22
96.46
96.54
96.68
96.23
96.56
96.72
96.62
96.35
96.52
96.71
96.71
96.47
96.72
96.40
96.41
96.45
96.61
96.65
96.36
96.47
96.30
96.20
96.66
96.55
96.47
96.45
96.05
96.60
96.52
96.59
96.47
96.08
96.07
96.36
96.35
96.64
96.61
96.52
96.56
96.32
96.38
96.45
96.68
96.55
96.35
96.51
96.56
96.65
96.46
96.37
96.65
96.66
96.53
96.21
96.40
96.15
96.67
96.24
96.51
96.41
96.43
96.60
96.59
96.47
96.43
96.48
96.31
96.56
96.19
96.33
96.13
96.67
96.56
96.47
96.97
96.73
96.29
96.45
96.59
96.48
96.37
96.54
96.61
96.38
96.32
96.36
96.33
96.15
96.69
96.68
96.36
96.58
96.19
96.61
96.49
96.76
96.35
96.46
96.49
96.49
96.71
96.04
96.68
96.56
96.25
96.63
96.25
96.46
96.44
96.34
96.28
96.36
96.47
96.57
95.96
96.45
96.27
96.47
96.67
96.25
96.09
96.37
96.49
96.52
96.52
96.46
96.45
96.13
96.37
96.77
96.56
96.57
96.77
96.19
96.34
96.50
96.53
96.30
96.60
96.55
96.48
96.34
96.52
95.89
96.33
96.49
96.37
96.67
96.33
96.54
96.53
96.44
96.30
96.57
96.41
96.40
95.97
96.48
96.33
96.53
96.41
96.45
96.20
96.43
96.53
96.55
96.37
96.28
96.52
96.39
96.25
96.59
96.42
96.47
96.75
96.61
96.47
96.37
95.98
96.19
96.30
96.58
96.32
96.17
96.28
96.48
96.55
96.55
96.37
96.28
96.35
96.41
96.49
96.47
96.40
96.29
96.42
96.63
96.36
96.44
96.28
96.60
96.50
96.61
96.56
96.73
96.35
96.47
96.53
96.35
96.42
96.27
96.59
96.38
96.33
96.43
96.73
96.50
96.29
96.28
96.37
96.36
96.33
96.57
96.69
96.55
96.45
96.63
96.56
96.89
96.16
96.49
96.42
96.51
96.16
96.52
96.61
96.53
96.42
96.35
96.16
96.21
96.21
96.39
96.29
96.55
96.58
96.34
96.66
96.54
96.52
96.57
96.61
96.14
96.28
96.33
96.48
96.51
96.30
96.77
96.21
96.54
96.64
96.31
96.48
96.20
96.49
96.39
96.69
96.61
96.35
96.71
96.46
96.32
96.05
96.59
96.11
96.58
96.61
96.53
96.49
96.54
96.64
96.29
96.34
96.49
96.62
96.48
96.59
96.19
96.49
96.66
96.23
96.66
96.61
96.18
96.44
96.27
95.97
96.31
96.61
96.35
96.62
96.13
96.64
96.36
96.11
96.44
96.24
96.39
96.55
96.42
96.30
96.33
96.28
96.44
96.36
96.57
96.49
96.74
96.37
96.30
96.57
96.60
96.51
96.45
96.48
96.56
96.32
96.06
96.54
96.55
96.64
96.56
96.37
96.52
96.53
96.34
96.52
96.66
96.11
96.41
96.63
96.61
96.27
96.47
96.22
96.51
96.27
96.51
96.73
96.36
96.37
96.72
96.27
96.45
96.65
96.61
96.63
