84.76
86.91
85.90
83.61
86.26
85.10
89.02
84.81
88.94
83.55
78.60
88.50
86.49
85.12
87.61
87.68
85.31
85.03
87.35
85.38
87.24
84.15
84.92
83.01
85.32
87.38
87.53
84.00
86.59
84.76
86.19
87.14
85.31
87.94
81.17
84.22
83.90
87.37
86.77
85.87
87.42
82.95
87.48
85.04
83.50
84.71
89.59
84.67
85.70
88.20
87.18
85.59
86.90
84.51
85.49
87.39
83.26
86.11
85.56
83.64
86.97
82.94
87.50
82.38
86.30
86.08
86.36
84.24
86.68
88.22
84.06
85.31
83.71
85.41
85.85
86.03
87.90
83.01
82.73
83.37
88.54
80.49
84.51
85.26
83.04
87.42
88.61
83.43
88.37
82.93
84.89
87.11
85.80
85.61
82.51
85.30
88.32
81.14
85.24
88.68
86.64
87.97
88.14
84.15
83.58
87.77
87.15
82.63
85.71
84.82
87.87
85.63
85.04
87.82
81.43
83.98
86.56
85.53
88.96
84.86
87.75
86.64
86.53
86.06
84.02
83.90
83.23
88.42
83.14
87.14
85.31
86.02
88.27
83.28
82.01
86.95
87.14
79.58
87.31
86.58
84.14
85.94
87.30
86.20
89.04
86.51
87.66
85.92
88.14
89.49
86.04
83.89
85.91
84.42
85.88
86.63
86.48
87.00
85.46
84.92
90.18
87.36
86.46
84.13
82.88
78.65
85.76
82.68
86.47
86.13
88.09
86.97
85.85
86.90
87.53
84.49
89.83
88.90
88.20
84.39
85.58
86.52
86.07
87.39
87.78
85.41
86.63
83.99
84.32
82.31
86.88
87.76
85.63
83.80
83.72
84.73
84.32
85.95
86.62
86.43
87.49
86.11
84.97
84.96
86.37
87.47
86.73
85.68
88.28
86.69
87.96
86.43
83.95
85.95
87.48
86.31
88.00
81.48
87.85
88.86
80.68
86.71
87.43
81.07
81.70
85.82
85.22
87.70
89.37
89.32
87.68
82.07
84.75
85.76
86.09
84.47
75.57
84.33
87.22
87.03
84.46
88.87
87.69
85.67
86.10
84.29
86.28
85.66
84.37
88.42
87.12
84.54
85.55
87.03
83.28
84.12
87.98
87.96
87.42
86.46
84.15
83.67
86.57
84.71
83.89
82.32
85.17
86.81
86.20
87.02
86.23
85.54
87.07
86.15
87.08
84.68
84.06
87.43
84.60
85.48
85.92
86.03
86.45
83.13
87.35
81.82
82.77
86.14
87.06
85.71
86.89
84.45
87.75
85.00
86.12
79.57
85.88
85.98
85.49
85.30
85.04
85.37
86.23
88.19
84.89
86.14
88.09
86.50
86.52
85.76
84.46
87.32
85.91
85.36
80.05
86.20
86.53
87.38
86.17
84.78
83.31
85.93
79.14
81.83
86.36
84.71
86.02
84.67
87.70
86.14
87.36
87.00
82.86
88.03
86.18
86.12
88.86
85.18
86.49
89.34
86.01
85.63
85.97
88.13
86.59
88.26
85.06
87.49
85.94
86.17
88.80
85.09
85.21
79.93
86.54
87.65
85.04
87.97
85.68
83.81
83.08
85.21
85.54
85.59
88.22
87.53
83.82
88.84
87.98
86.44
86.26
86.66
82.94
88.23
89.22
84.42
86.80
86.76
85.17
85.11
86.07
87.37
87.27
84.94
87.50
85.88
89.79
87.79
83.72
87.49
86.85
87.06
88.04
83.89
85.73
89.61
87.87
85.36
81.62
86.52
85.46
85.36
85.65
81.57
88.96
84.59
87.48
85.88
87.10
85.65
86.87
86.87
87.82
85.41
86.61
87.06
85.06
85.10
87.54
84.67
85.39
85.99
86.89
85.29
84.54
87.23
87.63
88.79
86.35
87.66
87.21
83.53
87.77
85.20
88.43
87.44
85.57
84.34
85.54
87.17
86.99
83.18
86.57
86.65
85.37
87.82
84.70
87.12
87.80
88.69
86.23
89.03
87.84
86.34
86.60
85.92
85.55
85.31
86.71
87.45
85.71
86.21
89.39
83.65
82.02
88.39
86.77
86.95
85.80
85.10
85.22
85.90
81.32
76.22
88.85
82.96
87.77
86.08
88.89
87.25
83.60
82.43
86.82
86.64
84.17
84.60
83.71
82.94
86.84
89.29
85.65
86.60
82.65
88.39
82.94
86.34
86.67
84.87
82.27
88.02
86.94
86.67
88.24
87.23
87.01
84.32
86.23
87.97
86.95
87.63
82.94
83.28
87.26
81.45
85.27
83.99
86.17
87.34
84.07
83.88
82.46
84.26
83.42
87.68
86.07
84.81
87.68
84.52
87.78
86.36
87.37
87.40
86.81
85.13
82.27
84.19
87.07
86.98
86.45
83.61
87.40
86.25
85.64
88.23
87.35
84.85
88.06
79.96
86.48
86.52
85.20
85.98
83.15
87.11
88.16
84.06
87.77
88.08
88.15
88.12
78.44
82.51
86.06
84.99
86.53
83.07
87.43
82.72
82.58
84.10
86.91
85.96
87.37
84.44
88.52
83.03
87.44
87.70
83.88
88.05
84.90
87.80
85.85
87.65
88.13
88.08
85.79
86.64
85.97
87.53
85.60
84.79
84.88
86.14
86.63
85.39
85.42
82.35
85.04
87.85
83.49
87.18
88.84
88.40
85.32
86.12
84.71
86.71
86.41
81.75
88.90
86.86
86.03
83.90
87.95
87.27
86.22
84.64
81.48
86.63
86.99
88.23
85.90
86.20
86.52
86.93
86.00
86.09
88.53
85.16
86.56
84.10
88.26
87.24
86.97
88.68
85.49
85.15
85.50
84.43
88.16
80.97
88.31
82.58
86.85
81.82
87.06
84.61
84.28
84.71
85.97
85.59
82.91
87.48
83.65
88.37
80.70
85.73
83.96
85.16
86.27
85.94
85.80
86.12
87.67
87.57
85.84
84.74
86.19
85.93
84.47
78.12
84.80
84.95
87.91
88.05
84.91
81.31
87.29
88.89
82.96
88.45
84.38
88.31
85.93
82.95
84.88
87.21
86.86
87.35
87.16
86.71
80.45
87.85
87.44
83.24
86.69
85.54
85.38
82.97
85.70
85.90
87.41
84.17
88.28
84.31
88.51
85.57
86.57
89.10
85.94
85.07
86.13
85.71
87.31
82.02
82.70
88.85
86.48
87.21
84.34
86.12
86.49
87.68
85.52
89.18
88.79
84.34
83.71
87.68
87.77
85.60
85.01
83.37
83.43
87.52
86.34
88.05
85.20
85.88
86.36
81.19
83.59
88.72
87.75
88.93
82.96
87.06
81.43
85.17
83.05
88.51
86.95
82.32
83.12
84.47
81.70
87.03
87.81
85.09
86.81
89.52
87.71
80.64
86.00
88.20
86.12
84.82
86.89
85.29
86.96
86.92
88.24
84.48
86.85
87.86
85.40
84.71
86.14
87.04
87.12
86.28
85.91
86.93
87.16
85.19
86.51
86.93
87.35
84.07
88.36
87.58
85.96
85.41
85.43
74.68
85.93
83.63
85.85
87.41
85.52
86.09
84.27
83.69
89.92
85.08
83.36
84.07
86.90
84.85
85.40
87.79
87.45
86.40
85.72
82.64
87.47
87.37
83.59
83.59
84.64
85.75
85.27
84.30
84.22
87.94
87.50
84.56
82.02
87.06
88.37
79.01
87.82
86.59
88.47
81.41
87.93
83.31
84.80
87.87
83.05
83.06
86.15
87.78
86.10
87.91
84.99
86.04
85.73
88.41
86.71
88.59
82.48
86.56
85.78
86.45
83.70
86.87
88.32
83.98
87.99
84.37
82.60
86.52
88.11
85.30
88.05
84.96
80.68
87.41
80.29
87.89
86.89
85.54
84.98
84.02
88.62
85.42
85.27
87.35
84.38
85.86
85.66
86.00
89.21
87.36
87.42
87.97
87.49
82.07
86.09
85.42
84.93
83.79
87.54
87.32
78.84
82.87
84.75
85.30
86.21
87.15
88.44
87.36
85.69
86.00
84.65
86.10
83.01
88.25
86.95
86.62
83.40
82.07
87.02
88.95
82.59
86.69
87.39
83.49
84.50
84.60
86.46
84.41
86.14
88.05
86.40
86.72
86.49
86.40
87.08
86.75
82.19
84.10
86.55
85.55
81.43
83.74
85.81
86.88
82.47
88.20
85.12
83.34
83.29
88.04
78.65
85.78
85.74
89.10
87.04
88.33
83.48
87.49
87.00
87.58
84.08
88.75
88.97
88.59
87.12
87.69
85.74
89.75
83.63
82.05
86.73
87.58
87.33
85.60
86.56
82.50
84.49
85.00
83.84
87.03
86.99
87.94
86.23
86.82
85.25
85.25
88.39
84.91
81.93
87.99
84.14
83.40
85.31
81.56
80.75
81.25
89.11
88.20
83.33
78.88
88.21
87.62
84.83
84.85
