85.08
84.60
85.10
85.03
85.50
83.35
87.29
81.29
85.48
77.94
81.95
86.64
84.39
83.59
81.85
84.59
83.94
85.00
86.69
81.96
81.97
84.18
81.40
82.18
85.20
84.39
81.10
84.18
84.87
84.72
85.91
82.51
83.57
82.55
80.90
82.40
83.98
84.46
85.47
87.34
82.51
83.09
86.11
79.86
85.16
83.95
86.40
84.76
82.48
87.28
82.71
85.37
85.81
81.17
85.20
82.64
86.93
85.55
84.99
84.73
86.35
85.84
78.07
82.52
87.19
85.64
86.40
86.00
84.21
83.50
85.50
86.96
79.69
85.10
81.43
80.67
86.40
85.16
83.41
83.28
85.98
82.30
83.31
81.25
76.58
85.80
86.21
83.92
81.80
86.27
86.45
83.88
85.26
85.62
84.25
82.46
84.32
81.69
87.40
81.40
84.78
84.85
84.72
82.31
86.34
87.18
84.57
84.86
81.15
84.46
85.95
85.26
86.78
86.16
86.54
86.05
86.80
85.93
83.30
85.39
82.15
85.53
79.88
85.71
83.32
85.87
79.39
85.13
78.62
83.82
87.10
86.74
87.82
86.22
84.76
82.56
85.93
82.49
87.47
85.16
86.46
84.87
87.56
83.84
83.24
84.75
86.35
87.00
82.79
86.48
80.24
86.04
84.98
87.68
81.94
83.68
84.02
80.80
86.59
81.88
82.47
82.79
84.53
85.06
85.59
87.25
82.93
83.44
83.52
81.69
84.74
81.91
79.78
84.48
84.98
82.86
85.26
82.36
85.79
83.80
83.45
82.93
83.73
86.82
83.93
87.76
81.15
81.69
87.40
84.22
81.58
86.84
85.57
84.54
86.02
86.91
85.02
85.46
85.89
83.20
83.06
87.02
84.56
83.96
78.60
83.29
84.91
81.87
86.11
87.06
83.20
83.41
84.13
80.59
84.04
87.21
85.15
83.05
86.33
87.91
82.29
84.07
82.43
86.68
82.81
83.56
85.54
85.94
82.53
85.05
84.35
79.91
80.78
83.40
86.68
85.62
84.70
79.23
85.56
82.40
80.18
80.60
85.78
82.11
85.28
82.13
85.39
83.61
83.56
81.69
88.14
82.53
86.17
85.55
84.86
83.97
83.69
82.62
84.21
85.74
85.46
81.59
82.19
86.80
86.80
82.56
75.13
86.71
83.85
78.19
81.31
79.42
86.97
82.33
80.43
83.76
84.90
85.84
83.34
86.92
84.64
86.92
84.25
82.45
83.01
82.09
85.62
85.58
87.33
84.91
84.94
87.37
81.49
82.70
85.09
84.94
85.82
84.80
84.12
87.02
82.30
84.53
85.85
84.66
86.87
85.42
83.99
83.28
85.98
84.69
87.62
85.95
82.13
83.45
85.93
82.55
82.73
86.54
79.56
79.88
85.91
83.05
84.76
80.63
82.48
80.94
79.01
85.93
83.31
83.89
85.94
88.14
84.34
82.74
87.56
88.10
83.63
81.12
83.97
79.25
85.84
80.14
83.73
83.66
82.48
80.72
87.70
83.98
85.04
85.62
83.32
85.37
83.87
82.07
84.42
86.85
85.79
85.09
78.70
85.97
87.74
83.86
84.38
82.56
83.68
81.38
86.43
84.63
83.93
83.21
87.71
81.93
85.84
82.13
81.72
84.17
82.74
84.74
86.97
82.12
83.16
82.65
77.23
86.43
86.43
86.02
83.49
84.56
79.99
82.45
86.66
84.86
86.09
84.23
83.55
83.11
82.32
85.34
83.35
86.16
83.35
86.28
84.06
84.05
86.52
82.94
84.03
86.65
87.42
80.12
86.09
79.54
80.96
81.98
85.20
86.21
84.47
84.93
87.58
84.12
85.02
85.47
84.27
81.18
86.53
83.94
81.67
88.93
83.93
79.77
85.11
85.49
84.07
83.45
84.18
84.22
82.62
85.65
84.45
80.09
84.66
88.78
84.22
86.68
86.25
85.21
81.93
85.98
86.49
84.86
83.07
87.71
85.32
86.16
85.05
88.44
83.80
84.59
87.43
83.09
85.77
85.72
86.44
84.98
85.52
86.10
83.47
83.36
86.51
84.67
83.46
83.08
84.89
82.07
85.65
86.08
86.50
82.15
84.67
84.81
83.18
78.33
81.94
85.89
84.03
85.17
89.02
84.47
84.57
85.36
83.07
79.96
84.62
84.55
85.79
85.18
86.39
88.35
81.92
83.91
83.91
86.33
82.02
80.01
86.22
85.54
84.90
86.26
80.02
83.61
85.65
87.86
80.46
83.72
82.80
85.65
81.93
84.18
86.68
87.24
86.18
83.23
84.62
83.00
86.05
80.94
84.68
84.15
85.50
84.14
83.03
86.72
82.28
86.21
85.59
86.70
85.37
84.56
85.30
80.57
84.64
86.67
84.76
85.24
84.29
87.34
83.04
82.40
85.65
82.81
86.92
81.49
82.96
83.22
83.54
81.30
85.87
87.13
82.21
84.95
80.17
85.25
82.34
83.82
83.06
84.92
82.40
84.84
87.68
84.22
81.63
80.26
83.64
83.10
84.81
85.01
84.34
83.57
85.31
85.73
85.57
84.93
86.65
84.11
81.10
86.49
88.29
84.85
81.70
82.88
85.95
86.23
82.39
84.29
86.24
84.45
83.87
85.69
85.51
83.02
87.56
86.14
87.21
85.42
83.40
82.51
82.08
84.95
83.03
84.95
86.22
78.78
85.20
85.37
85.06
82.63
86.66
84.75
80.48
82.96
81.74
84.96
78.44
83.89
88.64
82.74
83.14
82.32
84.04
84.24
85.46
86.96
79.61
85.08
84.23
84.18
84.71
84.97
82.49
84.97
86.81
83.68
87.21
84.30
84.47
85.23
84.41
84.61
82.40
83.95
86.75
83.80
87.08
87.76
83.81
87.74
86.09
81.17
81.75
83.63
85.49
83.48
79.29
82.39
80.03
86.04
84.10
84.90
84.71
87.04
82.24
86.38
85.58
83.51
86.76
84.64
85.41
78.55
82.12
88.50
85.43
84.89
81.75
82.66
81.79
86.61
85.07
85.92
86.34
81.99
80.80
86.09
84.38
80.23
85.11
85.56
82.78
86.55
82.91
86.67
85.22
88.11
86.32
82.38
84.33
82.84
86.36
84.81
85.92
85.75
85.14
83.03
84.88
85.46
84.93
83.18
81.90
86.70
82.44
85.38
78.99
82.68
85.33
86.06
84.81
83.49
81.89
85.54
84.73
87.79
84.38
82.76
87.44
85.78
86.44
82.02
86.90
80.32
85.54
88.51
85.51
85.20
88.70
82.67
82.66
85.74
83.64
79.66
83.48
80.89
86.23
82.56
83.50
87.80
82.45
86.44
80.86
84.20
80.47
83.56
80.25
86.69
85.21
85.62
86.10
83.47
85.12
84.42
84.74
85.76
85.26
86.77
81.67
87.62
82.62
83.83
87.09
86.45
86.10
86.92
86.31
86.51
85.75
85.16
84.78
84.98
82.16
84.34
81.80
84.51
85.60
83.66
86.61
84.10
77.88
84.89
83.67
86.88
85.71
85.04
82.66
84.15
83.92
85.32
86.68
82.47
83.92
85.22
81.60
85.38
85.93
83.71
87.14
84.49
83.54
84.66
80.47
84.77
85.23
85.07
80.45
83.53
85.91
86.15
86.02
84.93
84.19
82.48
84.84
86.28
84.31
87.27
80.73
85.81
85.98
83.98
83.24
89.11
84.81
82.53
82.08
84.79
86.96
87.16
86.29
85.68
83.20
83.88
86.66
87.08
85.89
86.75
84.14
85.43
83.58
84.27
85.00
84.88
84.40
82.35
83.77
83.07
83.40
81.52
86.16
85.90
84.46
80.55
86.34
85.63
84.34
86.05
86.05
81.63
83.86
86.40
85.88
83.45
78.95
86.13
84.54
81.58
86.58
86.73
84.50
82.95
87.77
85.89
85.59
85.63
84.66
88.33
83.20
85.20
83.53
86.13
86.75
84.14
86.02
85.13
86.38
85.81
84.94
85.28
83.09
82.99
83.91
81.88
83.04
85.05
82.69
86.83
88.05
83.10
84.81
87.92
83.91
82.57
84.42
81.60
82.87
84.40
80.59
82.36
80.27
84.55
86.97
87.74
86.16
84.43
86.58
84.46
85.05
85.55
84.57
82.73
85.31
85.78
82.01
82.61
84.85
83.61
85.45
83.74
80.33
83.88
83.77
84.49
85.61
83.57
83.54
85.44
86.46
82.99
82.76
84.03
86.28
82.25
81.64
84.08
86.80
84.85
86.62
85.72
83.05
86.01
85.95
82.43
82.44
80.21
78.12
81.44
84.44
84.13
83.72
82.11
80.00
87.38
81.68
86.11
84.70
85.65
85.28
82.97
84.52
86.43
78.90
87.26
86.89
86.99
84.25
84.34
84.59
82.78
85.51
86.33
85.26
84.20
81.56
85.50
