93.47
93.63
91.02
93.77
92.08
93.79
94.51
92.32
91.16
92.17
91.59
92.80
92.01
90.83
92.08
90.07
92.54
93.26
93.62
93.03
92.71
89.69
90.92
91.59
93.81
92.63
92.29
93.80
92.48
90.83
91.89
93.25
92.93
92.85
91.95
93.70
92.20
92.97
92.79
92.35
90.34
93.54
92.09
90.13
91.94
92.53
92.54
92.51
92.78
93.18
92.42
93.25
91.55
92.63
92.53
93.37
91.19
93.03
93.35
90.06
92.31
89.88
91.10
93.18
92.36
91.97
92.41
93.22
92.55
90.86
92.82
92.76
93.84
93.23
93.65
93.07
88.82
92.70
91.72
93.57
93.78
92.44
93.36
93.33
92.82
92.80
93.06
92.30
92.67
92.72
92.76
91.57
91.45
91.34
93.67
92.08
93.37
90.90
92.70
94.03
92.07
92.06
91.91
93.32
93.02
92.74
93.10
90.36
92.55
93.03
94.10
94.16
93.65
92.34
91.79
90.50
92.28
92.02
92.21
93.82
91.02
93.34
93.11
93.51
92.05
93.06
92.53
91.72
92.98
93.45
92.88
93.77
93.36
92.90
93.20
92.34
93.84
91.08
92.58
92.57
91.94
92.10
89.32
94.17
91.87
92.97
92.87
90.74
93.70
93.78
92.46
93.50
89.94
91.46
92.58
91.02
91.76
91.68
91.96
92.20
93.35
88.29
92.22
92.85
93.19
92.92
91.60
93.90
92.70
93.55
93.58
93.45
92.99
92.87
91.50
93.33
91.92
93.86
94.03
92.67
93.37
91.51
92.51
93.38
93.09
92.83
93.63
93.26
92.48
92.27
93.05
93.49
92.25
94.13
92.43
92.44
93.48
91.15
92.26
93.17
93.61
93.14
93.07
92.06
91.99
93.80
93.19
92.03
93.01
93.17
93.93
89.49
92.19
93.21
93.60
93.59
90.05
92.21
92.05
91.96
92.39
93.57
92.22
92.69
91.91
90.87
91.08
91.81
93.51
91.95
91.39
92.98
92.21
92.95
93.10
92.47
92.38
91.98
94.26
93.22
92.73
91.79
91.77
92.27
93.32
90.23
92.04
93.44
92.41
92.73
94.13
92.00
92.68
91.61
92.99
93.64
92.79
93.60
91.47
93.83
91.47
92.71
89.30
92.51
91.93
93.32
92.86
90.76
93.20
92.79
93.57
92.31
92.10
92.67
93.46
90.52
92.88
92.22
92.93
92.14
93.16
93.84
90.80
93.39
91.65
93.02
93.28
92.87
91.24
91.16
93.66
92.61
91.72
93.42
93.39
93.14
93.38
93.00
93.98
92.25
93.00
92.37
88.05
93.37
91.09
92.50
92.81
93.69
93.79
93.74
92.00
92.09
93.98
93.38
91.99
90.66
92.65
92.70
89.80
91.72
92.84
92.82
92.47
93.06
92.99
91.55
92.00
93.46
91.62
93.56
93.37
93.20
87.50
93.03
93.36
92.06
93.37
93.25
93.76
90.76
92.73
93.10
91.51
93.98
94.50
92.65
92.28
92.33
91.37
93.07
91.92
91.93
91.85
90.76
94.05
92.91
92.54
93.38
94.01
91.24
93.57
91.80
94.02
93.17
92.95
93.51
91.34
92.68
92.55
92.91
91.45
88.91
90.50
91.97
93.65
93.42
92.27
92.49
89.38
91.60
91.19
92.40
91.71
92.44
91.55
91.23
93.21
91.22
93.01
91.73
91.54
90.36
92.39
90.25
88.44
92.83
92.21
92.82
93.40
92.55
92.39
92.24
93.00
92.11
90.77
93.25
91.01
89.50
94.24
93.13
93.51
93.01
91.95
90.15
92.32
93.31
93.16
92.93
93.86
90.59
92.52
92.47
93.73
91.89
91.20
92.86
88.09
92.37
92.30
93.48
91.62
92.52
92.92
93.02
93.53
92.39
93.19
93.50
92.24
93.10
93.45
93.35
93.99
92.54
93.18
91.93
90.84
92.62
92.89
90.02
93.07
91.78
92.30
91.81
93.16
92.89
92.19
92.78
93.99
92.58
91.57
93.52
93.15
92.84
92.91
93.06
91.72
93.97
93.56
92.32
93.85
91.39
93.10
91.54
92.39
93.49
92.43
93.55
93.03
90.52
92.02
92.47
93.01
91.75
91.19
91.91
94.28
88.30
92.55
93.41
93.70
93.89
91.75
91.31
91.77
93.37
93.60
91.87
91.36
92.80
92.61
92.31
94.24
93.29
92.84
93.37
93.76
92.53
93.68
91.55
91.84
93.94
91.03
92.56
85.82
93.07
94.15
93.02
91.84
90.49
92.76
92.53
94.14
93.08
92.06
93.06
93.01
93.59
89.97
93.34
92.21
92.56
93.46
91.57
90.17
94.02
94.10
93.62
93.29
93.54
91.17
92.17
92.78
93.22
91.85
93.77
92.37
92.37
93.68
93.05
93.23
92.45
92.68
93.44
92.96
93.46
91.80
94.03
93.43
87.24
92.86
92.83
92.43
93.05
93.09
91.29
93.32
92.91
92.05
92.38
90.70
93.06
92.88
92.85
91.99
93.43
93.54
92.82
92.90
89.96
93.99
93.22
92.94
92.60
93.49
92.82
91.65
93.16
93.02
93.52
90.90
92.52
92.00
93.74
93.31
91.76
91.25
93.15
93.33
90.66
93.43
88.91
91.09
92.53
94.12
93.07
92.58
91.48
92.49
93.53
91.04
89.59
93.77
92.33
92.79
92.82
92.07
94.01
92.82
91.95
94.04
93.43
93.14
92.25
92.78
92.63
94.00
94.40
93.34
92.44
91.37
91.68
92.34
91.96
92.63
92.50
93.64
92.70
92.97
93.64
93.40
93.45
93.29
92.88
92.50
93.25
91.56
92.13
93.34
92.39
93.65
93.60
94.59
90.99
92.69
93.19
93.81
93.69
91.75
94.20
93.52
92.49
91.43
93.15
90.70
92.77
91.64
92.57
92.81
93.18
92.78
93.57
91.42
91.76
93.63
92.87
92.45
92.79
93.22
90.51
93.09
92.81
91.32
92.20
90.72
92.71
92.92
92.12
91.22
91.61
92.40
94.31
94.19
92.47
93.33
93.17
91.51
92.41
92.47
93.09
93.19
91.92
92.86
92.07
94.18
89.91
91.41
92.69
91.34
92.32
93.70
92.84
92.20
91.55
93.60
93.60
93.21
92.53
92.66
92.75
88.77
91.41
93.21
92.39
91.80
93.20
92.22
92.42
93.01
92.19
93.42
93.58
93.85
92.32
93.11
93.16
92.54
92.33
93.68
91.99
93.74
93.88
92.81
92.77
90.93
92.57
93.40
94.41
93.97
93.24
93.56
91.70
92.61
91.25
93.40
92.78
92.48
93.32
92.43
91.82
92.60
93.35
92.54
92.04
92.33
93.96
89.77
92.64
93.74
92.95
91.09
93.30
92.75
92.67
93.31
89.32
93.08
93.16
93.41
93.59
93.62
92.92
93.05
92.60
90.42
92.17
92.99
93.70
92.16
94.17
93.29
90.82
93.07
93.09
92.92
91.15
92.81
91.51
93.04
93.37
92.45
93.82
92.95
91.38
92.29
92.84
92.71
93.20
91.96
92.47
92.48
91.05
92.97
90.42
92.26
93.15
92.37
92.97
92.76
92.23
94.39
92.66
92.82
92.66
92.31
92.71
92.93
92.72
93.09
93.14
93.77
92.66
92.74
93.12
92.03
93.05
93.48
93.29
91.63
91.98
93.19
92.79
91.48
93.85
90.14
93.96
91.52
93.78
94.13
93.54
93.21
92.62
88.45
93.13
91.03
93.18
94.38
90.67
92.67
89.90
93.12
93.75
90.55
93.20
91.87
93.08
92.25
93.25
93.28
92.91
92.16
92.89
90.71
93.88
92.97
90.94
92.12
92.36
92.06
93.55
93.59
94.13
93.40
91.58
92.29
93.25
92.93
94.25
93.77
91.30
93.23
93.20
92.03
93.18
92.51
89.71
93.87
91.72
94.66
92.04
92.35
92.34
92.65
92.03
91.87
92.21
93.17
93.95
91.59
92.17
93.18
92.33
91.86
93.71
92.51
93.61
93.19
92.28
93.00
92.68
91.44
92.85
93.42
90.17
92.58
90.71
92.47
92.33
91.63
90.62
92.93
90.75
88.62
93.50
92.85
91.87
93.94
92.10
92.86
90.33
92.30
92.73
93.39
91.94
88.95
92.23
90.63
92.83
93.35
93.16
92.99
92.95
92.18
91.96
94.13
93.64
93.78
91.39
93.05
91.83
91.83
91.80
92.87
91.96
92.37
93.44
93.51
91.82
89.46
91.89
92.74
92.53
93.73
90.43
93.28
92.75
92.81
89.84
93.96
93.98
91.41
93.23
93.52
92.95
91.95
90.57
90.94
92.52
90.32
92.21
92.86
92.73
92.87
93.14
92.17
93.08
93.00
93.22
92.54
92.25
