93.51
93.10
93.52
93.50
93.46
93.45
93.67
93.38
93.59
93.60
93.99
93.46
92.90
93.14
92.92
94.11
93.45
93.92
93.65
93.60
92.63
94.04
93.65
94.02
93.41
93.77
93.52
93.64
94.02
93.56
93.52
93.65
93.39
94.09
93.49
93.10
92.96
93.32
94.04
93.80
93.58
93.70
94.06
94.04
94.05
93.58
93.68
94.24
94.14
94.11
94.10
93.32
93.71
92.94
93.09
93.47
93.85
93.75
93.92
93.87
94.02
93.45
94.15
93.99
94.08
93.91
93.89
93.92
93.57
93.74
93.41
93.02
92.93
93.78
92.77
92.94
93.69
93.97
92.99
93.67
93.54
94.04
93.04
93.41
93.66
93.60
93.78
93.89
93.50
93.93
93.48
93.97
93.73
92.67
93.67
93.29
93.83
93.57
94.10
92.51
94.20
93.63
93.56
93.38
93.87
93.62
94.05
93.85
93.77
93.12
94.05
94.30
93.76
93.52
93.62
93.76
92.96
93.30
94.00
93.37
93.75
93.27
93.44
93.63
92.86
93.91
93.60
93.05
94.05
93.15
93.91
93.38
93.28
93.94
93.11
93.96
93.82
93.24
93.32
93.45
93.88
93.83
93.43
93.21
93.24
93.65
93.67
93.68
93.70
93.47
93.72
93.20
93.46
94.01
93.66
92.87
93.70
92.90
93.43
93.41
93.58
93.61
93.28
93.74
94.17
94.08
93.11
93.55
93.46
94.23
93.53
93.90
93.35
93.92
93.98
93.87
93.71
93.40
93.62
93.39
92.65
93.58
93.61
93.72
93.78
93.95
93.03
93.25
93.99
93.54
92.97
94.35
93.46
93.71
93.23
94.35
93.04
93.56
93.40
92.77
93.92
93.68
93.23
93.23
93.82
93.94
93.97
93.96
92.86
93.16
93.79
93.92
93.53
93.70
93.57
93.17
94.42
93.71
94.67
93.62
93.94
93.02
93.95
93.25
93.22
94.15
93.31
94.09
94.10
93.04
93.17
92.40
93.47
94.08
93.48
93.22
93.54
93.39
93.83
93.38
93.75
93.32
93.63
93.94
93.29
93.64
93.52
93.94
93.51
93.33
93.98
93.30
93.19
93.36
93.89
93.97
93.91
93.71
93.55
93.62
93.53
93.25
93.53
93.67
93.72
93.67
92.95
94.07
93.69
93.47
93.86
93.87
93.40
93.64
93.62
93.79
93.87
93.94
93.42
93.15
93.97
93.73
93.74
93.88
93.48
93.84
93.31
93.41
93.54
90.93
94.05
93.97
93.14
91.76
93.67
93.46
92.58
93.67
93.56
93.64
93.31
94.07
93.89
93.44
93.42
93.48
92.91
93.21
93.46
93.29
93.82
93.58
93.54
93.83
94.00
94.04
93.85
92.97
94.27
93.20
93.89
93.00
93.67
91.84
93.42
94.03
93.41
93.97
93.16
94.20
93.87
93.76
94.09
93.80
94.00
93.31
93.16
93.42
93.44
93.87
93.40
92.86
93.73
93.08
93.81
93.87
93.84
93.64
93.71
93.78
92.47
93.73
93.90
93.56
94.04
94.06
93.45
94.00
93.60
93.85
93.71
93.70
93.80
94.39
93.68
93.53
92.77
93.33
93.13
93.29
94.10
93.80
93.20
93.37
93.25
93.81
92.86
92.99
93.11
93.63
93.80
93.53
93.64
93.33
93.88
94.03
94.04
93.26
92.84
94.01
93.52
92.97
93.26
93.59
93.83
92.97
93.62
94.13
93.95
93.39
93.99
93.82
94.01
92.89
94.23
93.52
93.77
93.99
93.40
93.66
93.42
93.97
93.47
94.22
93.72
93.27
93.74
93.24
93.97
93.62
93.62
93.96
93.02
93.75
93.98
92.45
93.66
93.12
93.94
93.73
92.93
94.04
94.10
92.84
93.73
93.12
93.16
93.63
93.83
93.83
93.74
93.91
92.46
93.76
93.45
93.18
93.83
93.85
93.89
92.95
93.37
93.22
93.81
93.68
93.58
92.87
93.12
93.83
93.56
93.65
93.52
93.80
93.49
93.72
93.69
93.88
93.25
93.59
93.75
92.66
93.84
93.05
92.35
93.24
93.70
93.49
93.46
93.31
93.37
93.87
93.15
94.50
93.68
93.01
93.56
93.14
93.09
93.34
92.96
93.78
93.10
92.57
94.08
92.34
93.76
93.59
93.48
93.36
93.61
93.37
93.46
93.63
93.53
92.68
93.23
93.92
93.59
93.83
92.59
93.71
93.41
92.59
93.73
93.70
93.02
93.47
94.12
93.39
92.77
93.95
93.44
93.58
93.83
92.80
93.89
93.64
93.63
93.50
93.72
93.61
94.16
93.69
93.88
93.10
92.50
93.67
93.56
93.80
93.63
94.14
93.89
92.95
93.97
93.33
94.01
94.25
93.74
93.64
93.65
94.04
93.29
94.19
93.82
93.49
92.94
93.62
94.06
93.90
93.52
93.34
93.29
93.48
93.57
93.71
93.98
93.79
92.88
93.01
93.03
93.80
94.03
93.37
93.44
93.60
93.73
93.03
93.54
93.95
94.34
93.92
93.68
93.49
93.60
94.01
93.56
93.81
93.06
93.91
94.07
93.06
93.91
93.45
93.86
93.91
93.52
93.25
93.83
93.43
93.74
93.86
93.59
94.00
93.41
93.79
93.96
93.91
93.73
93.88
92.59
93.89
93.40
93.73
93.75
93.20
93.81
92.74
93.78
93.53
93.54
93.13
93.45
93.73
93.84
93.32
93.81
93.07
93.73
93.60
93.65
93.90
93.89
92.61
93.38
93.43
93.58
94.30
93.23
92.65
93.60
93.83
93.81
92.80
92.75
93.19
94.06
93.11
94.07
93.18
93.36
93.62
93.08
93.48
93.16
94.06
94.14
93.54
93.88
93.75
92.33
93.70
94.10
94.02
93.97
92.95
93.61
93.16
93.62
93.27
93.56
93.71
93.68
93.66
93.39
94.01
94.19
93.66
93.47
93.83
93.50
93.05
94.05
93.99
92.54
93.85
94.02
92.42
93.39
94.22
93.53
93.71
92.91
93.67
92.91
93.27
93.43
93.46
93.47
93.15
93.45
94.10
93.66
93.66
93.69
93.70
93.78
93.35
93.73
93.64
93.60
93.34
93.97
94.24
93.86
93.70
94.12
93.85
94.14
93.71
93.74
93.43
93.73
93.49
93.86
93.76
93.51
93.51
93.89
93.76
93.34
93.73
94.13
93.97
93.23
93.94
93.81
93.57
93.95
93.97
93.64
93.41
93.22
93.53
93.29
93.83
92.71
93.85
93.68
93.98
91.92
94.14
93.48
93.52
93.86
93.42
93.41
93.92
93.99
92.86
93.77
93.88
93.57
93.79
93.79
93.51
93.18
93.66
93.59
93.03
93.87
94.30
93.70
94.09
93.89
93.58
93.63
93.45
93.79
92.67
93.44
93.72
94.28
93.82
93.85
93.06
93.82
93.04
93.61
93.70
92.21
93.80
93.17
93.89
93.83
93.83
94.39
93.91
93.37
93.29
93.61
93.83
93.55
93.66
93.47
94.01
93.43
93.59
93.74
93.78
93.54
93.66
93.28
93.98
93.90
93.77
93.17
93.37
93.64
93.59
93.36
93.91
93.84
93.20
94.61
93.92
93.29
93.87
93.39
93.80
91.87
92.60
93.02
93.41
93.75
94.01
93.84
94.33
93.39
93.57
93.54
94.03
93.42
93.82
93.81
94.10
92.85
93.56
94.05
93.34
93.03
93.48
93.29
94.20
93.22
93.36
93.65
92.79
93.72
93.82
93.51
94.01
92.82
93.96
93.04
94.11
94.14
93.47
93.52
93.85
93.68
94.11
93.74
93.07
93.19
93.86
93.59
93.39
93.07
93.30
93.87
93.21
93.16
93.61
93.32
93.11
93.35
94.08
94.19
93.30
94.01
93.85
94.00
93.57
93.82
93.55
93.52
93.56
93.86
92.81
92.86
93.84
93.83
93.80
93.86
92.91
93.45
93.94
93.22
93.95
93.93
93.39
93.63
92.53
92.88
93.06
93.73
93.95
93.96
93.82
93.64
92.91
93.73
93.35
93.76
93.83
93.97
93.21
93.21
93.81
92.77
94.22
93.58
93.61
93.74
93.36
93.35
93.59
94.40
93.92
93.78
93.75
93.96
93.63
93.02
93.50
92.32
93.99
93.74
93.64
93.74
93.82
93.11
93.53
93.88
93.34
92.96
93.55
93.39
93.75
93.73
93.68
93.72
93.83
93.48
93.60
94.02
94.08
92.99
92.85
94.24
93.46
93.16
92.98
93.43
94.10
93.65
94.13
93.16
93.23
93.06
92.41
93.57
93.77
93.51
94.01
93.57
93.35
93.22
93.33
92.98
93.35
93.61
93.80
93.43
93.13
93.92
93.92
93.06
94.02
93.50
94.02
