88.63
86.21
87.57
86.19
85.23
85.72
87.59
86.20
88.63
86.16
87.37
88.27
86.40
86.29
82.23
85.27
86.21
82.64
88.96
87.30
85.54
83.75
77.82
85.25
87.72
88.29
83.55
87.36
86.82
84.91
88.67
87.15
88.47
83.96
84.99
88.18
85.76
88.56
88.82
87.38
87.03
88.73
87.68
88.52
88.41
86.13
82.11
87.13
85.55
89.13
87.22
86.73
86.88
81.62
84.72
78.02
85.59
89.71
83.18
82.91
87.08
86.95
85.21
87.27
84.06
83.43
87.65
81.26
86.05
82.02
86.30
85.74
85.73
88.96
87.10
88.96
79.20
84.43
85.75
82.61
89.68
85.00
88.79
83.99
85.24
82.81
88.86
84.33
88.80
83.97
84.42
85.93
86.04
86.90
86.07
87.32
85.20
84.01
85.28
83.63
88.32
87.44
88.17
81.29
84.10
86.17
81.93
85.04
83.91
84.88
86.40
84.24
83.25
84.08
88.66
84.17
84.36
88.37
85.96
88.72
88.30
82.54
87.04
88.36
85.95
85.98
87.89
80.49
87.11
86.44
85.05
89.20
84.68
87.69
83.79
84.68
86.50
78.36
83.32
82.81
85.39
86.12
86.40
85.81
88.86
87.51
82.15
82.26
77.14
84.82
81.61
87.37
83.95
86.33
82.33
89.62
82.41
85.02
87.10
90.28
88.31
86.39
86.65
83.23
85.94
80.88
80.09
83.49
80.77
73.16
85.20
89.00
84.63
86.60
88.75
83.17
88.20
87.41
87.36
87.12
87.05
85.03
87.55
86.95
85.74
87.67
87.05
87.18
87.74
83.91
87.00
84.74
79.94
86.77
87.87
87.03
84.49
88.31
85.62
88.97
86.01
87.09
88.16
84.75
86.87
78.77
87.50
83.32
84.21
86.08
88.71
81.24
84.51
86.68
86.38
85.22
83.28
87.18
86.75
86.85
83.21
86.32
78.95
82.74
86.57
78.81
84.33
83.84
85.57
85.44
85.79
87.36
87.96
74.77
82.05
87.99
87.03
86.89
89.40
87.37
81.55
84.94
89.15
87.05
82.81
84.67
87.76
85.65
83.64
84.47
86.82
88.17
86.48
85.80
83.80
85.19
87.72
85.53
80.27
86.87
88.03
86.22
86.47
84.13
87.56
84.68
85.12
85.55
86.32
87.45
84.56
85.89
86.17
83.04
87.22
86.55
77.51
80.42
86.93
87.92
88.20
88.71
86.20
82.56
88.30
83.03
85.56
87.19
85.34
88.47
84.59
83.44
86.93
86.79
83.05
83.90
87.30
87.73
85.36
84.55
84.70
81.70
85.51
86.27
86.50
85.09
86.20
83.12
87.04
78.98
86.40
87.58
87.33
86.83
85.99
84.67
88.01
83.83
83.29
81.10
89.29
85.89
85.94
86.80
87.52
86.38
82.96
84.15
88.57
87.08
85.85
84.93
85.65
82.69
86.85
84.67
82.57
86.02
86.79
86.51
85.57
85.84
88.76
86.85
87.07
86.71
85.70
87.26
86.35
88.18
85.49
88.50
89.01
87.99
78.75
84.31
89.12
86.82
86.15
88.37
85.65
87.90
86.37
87.50
86.87
84.88
85.07
88.24
88.38
80.05
80.36
86.37
83.26
81.46
88.93
86.61
88.07
79.24
90.11
86.13
87.27
85.87
85.99
86.96
83.68
86.79
88.54
86.59
85.65
85.04
87.70
89.45
88.44
88.60
79.96
84.43
86.69
77.64
87.27
76.83
83.02
87.02
82.92
85.39
86.57
89.16
85.97
88.24
87.65
79.89
88.09
84.76
87.14
87.51
84.69
82.17
83.29
87.39
88.42
86.98
88.53
88.56
80.75
86.88
83.86
89.56
85.51
82.05
87.52
79.61
85.99
80.80
81.16
85.22
89.79
85.89
88.33
84.21
82.45
83.87
84.84
86.89
85.56
85.67
84.47
81.81
88.82
88.26
83.17
88.11
86.70
83.43
87.09
84.37
84.18
86.00
77.81
80.71
83.63
86.89
89.53
87.33
87.30
87.46
87.27
89.77
86.33
87.59
88.77
86.55
85.53
87.84
87.57
87.93
85.00
81.95
85.42
82.18
83.70
86.57
87.00
86.80
86.52
87.28
85.14
85.06
87.51
81.81
87.47
87.30
83.42
86.83
86.43
87.31
86.64
79.37
86.68
83.11
86.19
87.35
87.51
84.09
88.27
82.30
87.85
86.43
84.61
86.79
86.39
82.17
83.51
82.40
88.90
83.34
88.15
87.15
85.14
86.33
85.67
84.18
86.58
87.30
89.17
88.42
85.63
81.79
87.54
85.89
84.60
87.78
84.67
82.58
88.74
85.99
86.32
89.07
87.57
86.34
87.02
87.58
87.14
88.67
90.33
85.71
88.91
84.99
86.29
86.75
80.73
89.13
88.45
81.98
85.32
86.92
89.29
82.87
88.01
88.05
85.78
85.49
84.83
80.03
84.00
87.72
84.70
81.43
84.75
84.53
89.03
88.36
84.25
86.00
82.47
86.92
82.20
85.48
85.24
87.25
82.87
81.87
88.69
87.95
87.64
86.09
84.73
81.47
79.30
87.92
85.80
81.57
85.20
86.89
79.91
88.07
81.51
80.75
87.90
86.96
86.91
85.24
82.32
85.08
86.54
88.94
85.58
85.25
84.19
86.63
88.56
88.27
84.41
84.57
87.82
84.95
84.58
82.84
85.02
87.29
82.39
82.13
88.30
84.03
88.16
86.83
86.51
88.32
87.25
87.90
87.82
85.91
88.85
88.27
88.71
84.33
86.71
86.89
87.97
88.17
86.99
84.63
85.72
87.08
86.89
89.85
87.71
83.55
88.09
79.68
85.77
87.20
85.76
80.27
82.62
83.83
86.06
86.37
83.74
85.42
79.33
87.37
85.68
86.36
86.21
83.73
88.11
86.81
84.80
88.06
86.75
80.67
87.26
84.60
84.93
86.60
86.83
85.89
88.11
85.22
83.81
86.84
84.37
89.10
85.53
87.09
86.30
83.94
87.63
85.76
85.49
83.27
83.24
83.03
86.30
85.21
86.66
88.68
86.04
85.41
86.33
83.63
88.03
87.50
88.58
87.88
85.71
86.63
87.73
86.68
89.08
86.42
83.90
86.81
85.76
85.88
86.50
88.09
86.15
84.04
86.57
85.88
84.58
88.60
90.11
87.97
90.30
82.75
85.78
80.28
83.82
89.35
88.14
84.22
85.95
84.77
87.36
86.17
87.49
88.55
88.22
88.46
87.01
84.99
85.82
86.40
86.84
82.46
81.91
89.20
81.36
82.40
80.77
87.07
80.18
84.57
88.80
85.60
87.18
86.90
86.41
82.70
84.41
86.69
88.39
87.52
87.69
80.04
86.07
85.88
78.56
85.64
85.98
85.02
86.82
85.31
88.70
86.49
82.91
87.14
87.65
86.03
87.65
83.25
77.39
85.53
83.58
83.58
86.41
88.55
87.64
87.25
85.79
86.09
87.03
84.71
87.07
87.26
86.87
86.56
84.97
80.36
89.25
82.61
88.93
88.39
83.61
87.23
84.48
83.26
85.89
88.58
84.07
88.77
88.57
89.18
83.62
86.58
86.65
88.44
87.12
88.03
85.74
86.53
86.47
86.79
82.51
84.16
85.75
89.08
85.17
86.24
85.24
86.48
85.93
86.21
85.06
89.26
86.80
86.19
77.77
85.74
83.45
85.46
84.80
81.84
89.94
86.73
87.88
87.03
84.47
89.02
85.07
80.25
82.43
88.93
88.35
84.65
87.35
83.57
83.57
85.66
85.70
87.55
85.76
88.08
85.45
86.64
86.83
82.11
86.42
86.32
86.80
86.44
86.38
87.61
88.40
87.77
86.47
86.82
82.76
85.86
76.51
85.19
85.40
82.83
88.19
88.52
85.62
85.84
87.84
86.17
85.43
87.82
87.50
90.12
85.92
85.49
86.60
88.45
85.99
84.61
88.30
82.28
85.70
80.05
84.46
86.87
87.60
84.91
86.92
85.75
86.36
87.70
86.45
86.62
83.74
85.11
87.64
89.51
87.82
79.48
86.03
82.78
87.01
86.41
87.92
87.40
85.19
84.13
85.69
87.35
83.05
83.64
84.69
86.65
86.31
85.38
87.71
83.05
82.76
85.65
87.46
88.65
85.48
89.10
86.70
86.86
87.99
85.59
86.62
89.24
89.86
89.00
86.47
73.97
86.38
85.94
84.02
85.28
86.18
87.11
85.87
87.96
83.58
82.60
87.57
87.51
80.04
87.84
86.08
85.82
86.80
83.55
84.25
81.55
88.36
83.48
87.66
84.70
82.43
83.40
87.49
86.18
85.81
83.94
87.76
87.05
86.28
82.41
83.97
86.86
87.85
86.79
87.34
82.23
86.90
83.84
86.13
86.30
87.13
78.32
