86.23
91.02
89.52
90.83
89.50
89.99
89.37
90.15
87.83
85.92
90.03
90.90
89.47
90.08
89.40
89.37
91.59
89.77
90.40
88.95
89.03
89.83
90.95
90.12
89.46
91.86
91.58
88.47
89.87
89.02
89.80
89.59
90.68
90.97
89.24
89.86
88.15
89.91
89.30
88.61
85.15
87.76
89.05
88.59
90.95
87.97
90.43
88.78
89.79
87.12
89.65
87.39
90.84
90.73
87.08
90.72
91.22
91.51
87.87
92.15
89.50
87.20
88.84
90.05
90.70
85.65
88.94
88.61
90.79
89.53
89.72
90.23
90.03
91.04
87.95
89.88
88.61
90.31
86.78
90.42
88.07
89.74
90.56
89.94
89.60
89.70
91.55
90.30
87.02
88.81
90.99
90.16
91.85
91.30
88.94
90.83
89.91
90.51
89.16
90.41
90.26
88.05
91.41
91.38
90.13
85.94
91.27
89.57
87.70
91.00
88.48
89.67
85.32
89.63
90.26
88.90
84.68
89.32
88.95
89.29
90.32
85.23
87.73
88.49
90.68
90.29
89.68
91.15
88.10
88.61
90.32
90.12
88.26
88.80
88.65
91.81
89.88
91.70
89.23
90.07
90.17
90.73
89.20
91.62
89.40
91.17
90.98
90.67
90.86
90.76
90.33
89.51
88.11
87.04
90.75
91.38
90.25
89.83
90.93
91.72
87.96
88.71
89.92
89.03
89.13
89.73
87.69
90.77
90.22
88.43
91.69
85.68
88.27
87.59
89.25
87.26
90.81
89.30
91.44
90.30
88.42
83.84
87.85
90.90
90.74
89.93
87.02
87.93
89.17
89.05
84.89
90.35
89.46
89.83
90.04
91.69
88.81
89.47
89.18
89.60
90.37
89.31
88.20
88.87
89.15
90.11
89.10
89.36
91.06
89.69
88.21
90.93
90.10
90.19
89.27
91.08
90.43
87.53
89.86
89.49
88.01
87.49
90.05
91.28
87.72
88.52
89.16
90.61
89.85
88.82
89.28
90.38
91.50
89.24
90.65
89.53
88.51
87.23
91.38
88.58
91.67
86.19
90.71
92.32
88.29
91.40
91.40
90.66
87.82
89.77
87.56
89.61
90.65
90.82
88.37
91.32
86.14
90.04
89.70
89.49
87.55
88.58
88.68
90.13
89.57
90.14
89.76
90.38
89.86
88.70
90.24
90.74
91.14
91.22
87.60
90.10
87.61
89.99
89.55
90.53
91.05
85.93
88.13
88.87
89.24
86.43
90.08
90.96
89.43
90.02
88.85
90.88
90.79
90.13
89.92
91.05
89.88
89.13
91.53
90.15
90.06
89.24
90.77
89.35
88.87
88.28
90.09
89.76
91.87
88.50
88.34
87.84
90.28
89.26
86.80
87.91
89.00
90.49
91.12
90.33
90.62
90.63
90.30
88.60
89.46
89.26
89.30
87.23
88.16
89.49
90.05
88.52
88.03
89.53
88.14
89.48
88.81
89.19
90.42
89.83
89.32
90.16
91.03
88.53
90.15
90.04
91.22
91.02
91.47
87.10
90.23
91.80
91.02
88.29
89.82
89.23
90.13
89.26
89.66
89.66
89.06
90.35
87.09
90.05
89.32
88.25
91.85
90.10
90.45
90.87
89.97
90.24
90.32
88.20
90.32
86.76
91.10
90.62
90.77
88.42
87.40
89.89
89.01
88.63
89.86
88.37
90.66
87.15
88.57
89.36
87.56
88.52
90.95
88.15
88.47
87.90
90.07
89.66
88.86
90.48
89.99
90.22
88.92
89.58
87.54
87.54
90.88
90.34
90.02
90.56
91.13
90.18
85.48
89.08
88.57
90.39
89.86
90.94
89.90
89.04
90.19
90.76
90.91
91.38
89.50
90.72
90.78
91.28
89.92
89.00
90.90
89.66
89.06
91.13
87.95
89.25
88.83
90.26
89.78
89.66
90.60
91.29
91.34
90.34
87.43
89.36
86.33
89.04
91.15
87.87
90.29
90.25
88.38
91.13
91.11
88.31
89.07
89.11
88.22
87.72
87.72
90.02
86.59
91.35
89.36
90.52
89.67
91.41
89.40
89.57
90.25
87.07
89.87
90.58
89.60
89.98
90.56
89.71
88.56
88.16
89.58
90.80
90.97
90.10
90.73
88.57
91.41
89.79
90.24
90.24
90.96
90.47
90.23
88.32
91.38
89.45
90.97
90.82
83.60
89.92
89.89
88.06
90.75
87.53
89.13
91.34
85.92
87.13
90.96
88.10
90.02
89.95
90.68
89.10
88.30
91.66
88.97
90.84
89.66
91.96
89.00
89.69
88.86
90.60
87.32
89.45
91.43
89.24
90.22
89.96
90.37
91.26
90.27
89.81
87.21
89.36
89.56
90.32
90.56
89.61
89.71
90.98
88.17
90.43
86.16
89.07
88.33
86.64
87.46
89.02
89.56
91.61
89.37
89.46
90.95
89.25
87.55
86.72
91.09
90.66
90.04
89.55
88.95
90.24
91.29
90.27
89.97
90.30
88.25
91.20
88.06
88.24
89.74
87.50
90.00
88.77
91.56
89.55
87.09
89.48
87.50
89.06
89.25
89.61
89.13
88.56
88.96
91.07
89.45
89.23
91.25
91.53
89.73
88.15
91.63
90.31
90.87
86.83
90.66
86.86
90.62
89.54
91.43
90.75
89.99
88.48
88.92
90.39
90.26
87.58
90.66
89.42
89.31
90.95
91.30
90.29
90.93
90.94
89.42
90.20
90.52
90.82
89.66
91.30
90.65
87.41
90.52
91.87
87.40
89.27
90.73
91.17
89.84
88.27
91.03
90.25
91.22
90.46
88.87
88.93
90.62
87.23
90.36
89.45
90.05
90.88
84.40
87.69
89.45
87.56
89.18
89.00
89.46
86.32
91.66
89.54
90.28
88.49
91.04
89.01
90.09
89.73
87.90
89.41
91.54
91.18
89.35
90.81
89.42
89.46
88.67
91.27
89.40
91.14
90.83
90.86
83.99
90.42
90.80
90.05
89.25
90.39
89.47
86.26
88.56
90.09
91.36
89.21
89.73
89.27
90.10
88.01
91.17
87.66
90.60
89.85
89.06
89.61
90.43
89.46
90.96
89.52
89.75
87.94
90.04
87.93
89.92
90.40
92.14
88.94
91.26
91.72
87.44
88.94
89.48
90.34
90.94
87.28
91.21
90.44
91.37
89.12
90.01
89.37
89.88
87.54
91.55
89.96
90.35
90.59
87.58
89.23
89.43
88.64
90.72
88.84
86.75
85.43
89.90
90.30
89.93
90.05
90.95
90.36
88.75
89.54
90.75
90.38
86.25
90.02
90.03
88.04
90.58
90.93
91.09
91.04
90.00
88.13
91.43
88.33
89.19
87.41
87.88
87.88
90.87
88.06
88.65
88.90
88.65
87.89
91.68
88.94
91.39
88.75
89.71
90.63
90.23
91.44
88.81
90.24
91.40
89.09
89.51
91.11
87.65
87.92
88.30
90.13
90.64
89.92
89.49
89.32
89.96
90.49
87.38
91.23
89.82
89.67
87.03
86.84
91.04
88.39
88.89
90.24
89.86
84.41
90.61
91.19
90.71
90.43
89.78
90.77
91.65
89.67
90.89
90.57
88.56
91.25
89.74
89.98
89.41
89.63
90.25
90.68
91.12
90.79
88.03
91.50
88.21
88.76
89.39
88.05
87.03
88.05
89.41
90.89
84.84
88.31
85.61
90.89
90.03
89.48
91.46
91.72
89.17
90.08
89.90
88.99
89.86
89.06
88.59
89.00
90.99
85.64
90.19
90.24
90.25
90.17
89.79
90.21
89.22
89.66
89.00
91.16
89.42
90.66
87.80
88.72
91.50
90.82
89.35
89.61
91.11
86.59
89.70
90.57
88.64
89.64
89.72
89.79
88.54
89.24
89.51
91.48
91.68
89.50
90.03
88.68
88.50
90.46
88.94
89.97
88.60
90.59
90.02
90.05
90.73
90.93
89.73
89.21
89.71
89.11
91.55
90.45
88.53
89.70
92.18
91.16
88.23
90.63
91.06
87.71
89.12
88.33
89.34
90.00
90.49
89.94
90.60
85.18
88.45
89.34
90.49
88.34
89.16
87.86
90.78
90.37
90.35
87.94
90.40
90.54
89.64
88.99
91.23
90.13
88.49
89.43
89.58
88.45
90.05
90.11
90.27
90.12
86.93
91.11
89.09
90.27
88.42
89.58
87.92
89.22
89.01
89.96
90.59
90.32
89.30
91.44
88.60
88.87
89.13
90.28
90.33
90.20
90.78
89.61
89.05
87.42
89.34
89.51
86.74
89.03
90.38
88.58
89.88
90.95
88.47
90.06
89.19
87.29
87.11
90.75
87.65
88.04
89.72
90.22
90.25
88.59
88.02
91.35
87.66
90.18
88.89
88.92
89.98
90.88
91.02
90.67
90.51
88.71
