92.22
93.02
93.76
92.06
92.48
92.39
92.83
93.39
92.78
91.87
93.11
93.21
91.91
92.36
93.31
92.19
93.55
93.28
93.05
92.80
92.68
93.05
93.10
92.72
92.92
92.16
93.29
93.64
93.42
92.16
92.90
92.91
92.99
93.24
93.78
92.57
92.63
92.64
92.49
91.15
93.21
92.98
93.36
92.81
93.33
93.45
93.09
93.12
93.21
90.91
92.64
92.78
93.21
92.58
91.98
93.53
93.72
93.18
92.64
92.09
93.01
93.51
92.00
92.66
93.41
92.56
92.08
92.74
92.86
93.09
92.03
93.78
93.41
92.13
92.86
93.10
92.05
93.37
92.45
93.29
92.37
92.14
92.19
93.34
92.22
93.59
93.26
92.86
92.57
91.15
93.00
92.55
91.76
93.10
93.54
92.29
93.04
93.16
93.43
92.76
91.78
91.20
92.70
92.79
93.29
93.38
93.34
92.13
93.27
92.02
92.75
93.34
93.39
92.57
93.06
92.75
93.09
92.94
92.50
93.03
91.73
92.65
93.41
92.72
93.50
92.27
91.47
93.25
93.11
92.34
93.60
93.04
92.84
92.73
92.30
92.48
91.52
92.78
93.30
93.41
92.77
92.49
93.33
91.58
93.57
91.72
93.09
92.29
91.12
92.85
92.99
92.69
91.35
92.68
92.53
91.64
92.79
92.23
92.57
91.75
91.79
92.79
93.12
93.64
92.43
91.86
93.02
93.02
92.67
92.54
93.21
93.46
92.10
92.89
91.91
93.02
93.01
93.31
92.31
93.09
92.71
93.24
93.85
92.41
92.54
91.17
92.91
92.34
92.64
92.55
92.26
93.23
92.84
92.53
93.45
93.23
92.69
92.00
93.40
92.89
93.54
91.18
92.03
90.15
91.72
92.20
93.11
93.11
92.43
93.59
93.46
92.35
93.08
93.15
92.51
92.95
93.28
92.59
92.93
92.17
93.20
92.70
92.39
92.69
92.57
93.02
93.28
92.46
93.43
92.39
92.43
92.60
92.23
93.51
92.28
93.15
93.34
92.17
93.01
92.81
93.72
92.68
92.31
92.60
92.15
91.91
93.49
93.66
92.59
93.40
93.14
92.76
92.94
92.94
92.21
92.83
92.11
92.70
93.59
93.64
93.10
93.25
92.12
92.16
92.86
93.36
93.11
93.16
93.13
93.30
93.47
92.17
92.23
93.11
92.94
93.68
93.43
93.06
93.45
92.72
91.66
93.69
93.02
92.38
92.69
92.87
92.66
93.24
93.30
93.17
92.43
93.11
91.26
93.63
92.32
92.67
92.10
92.97
93.37
93.53
92.97
93.65
91.89
93.02
93.29
93.52
92.92
92.85
93.18
93.05
93.21
93.50
93.31
91.10
92.75
92.31
92.83
92.98
93.27
91.55
93.16
92.54
93.48
92.34
93.46
91.75
93.22
93.31
93.03
92.54
92.91
92.38
92.53
92.87
93.04
93.01
93.05
91.34
92.37
92.97
92.93
92.35
92.88
92.65
92.63
93.32
92.44
93.16
92.94
93.67
93.32
92.34
92.11
93.13
92.93
92.89
93.10
92.78
92.80
92.31
92.53
93.18
93.03
93.18
92.34
93.08
93.03
93.26
93.60
92.63
93.62
92.13
93.46
92.91
93.03
93.18
91.67
91.98
92.68
92.24
93.42
92.58
93.37
92.84
93.28
92.31
92.89
92.47
93.28
92.10
92.03
93.32
92.92
93.12
92.27
92.63
93.61
91.97
91.79
93.11
91.98
92.75
92.75
92.80
90.87
93.27
92.97
93.25
92.51
93.19
93.06
93.40
93.31
92.36
93.19
92.95
93.48
93.15
91.31
93.05
92.78
92.20
92.61
91.70
93.14
92.90
92.12
93.05
93.57
93.31
91.92
92.27
92.42
92.95
91.53
92.57
93.30
93.12
93.19
92.99
92.13
92.63
92.82
93.01
91.60
93.34
92.27
93.32
93.07
93.06
92.99
93.18
92.68
92.35
93.64
92.50
92.53
92.59
92.91
92.58
93.12
92.71
92.78
91.73
92.38
92.88
92.13
93.03
92.45
93.62
93.07
93.01
93.51
92.91
92.35
92.78
93.11
92.03
93.37
93.00
92.60
92.30
92.82
92.54
93.17
93.49
92.95
92.92
93.12
93.53
92.95
92.79
92.53
92.55
93.16
93.13
93.17
92.31
93.39
92.03
93.28
92.95
92.71
92.34
93.41
93.53
91.76
92.41
92.42
92.92
92.68
91.43
93.05
92.63
92.70
92.55
92.83
92.21
92.34
92.74
93.23
92.58
92.36
93.31
93.02
93.01
93.46
93.18
92.68
93.02
92.93
92.65
93.21
93.19
92.67
93.13
93.26
92.34
92.15
91.62
92.97
92.62
92.44
93.04
93.75
91.78
93.11
91.86
92.79
92.53
92.16
93.12
92.78
92.62
92.49
92.58
92.88
92.35
92.70
92.20
93.14
92.39
91.90
93.66
92.76
93.75
93.44
92.84
92.60
92.26
92.19
93.49
91.71
93.16
91.59
93.43
92.92
92.86
93.51
92.57
92.65
92.93
93.82
92.11
93.27
92.80
91.86
93.34
93.34
92.86
92.84
92.73
93.04
92.96
93.19
92.97
93.34
93.28
92.46
93.38
92.80
93.55
92.82
93.11
92.58
92.70
93.03
93.03
92.41
93.03
93.54
92.70
92.92
92.60
92.64
93.58
92.83
92.92
91.84
93.08
92.78
93.10
92.17
93.15
93.04
93.30
92.96
93.12
92.57
92.85
93.21
92.94
92.19
93.04
92.39
93.20
93.05
92.57
92.55
92.51
92.61
92.59
93.03
90.26
92.73
92.94
93.10
92.78
92.77
92.76
92.62
93.48
91.81
93.06
92.77
92.77
92.49
93.29
92.44
93.12
92.97
91.06
92.72
92.46
92.05
92.28
92.55
92.03
92.92
93.08
93.40
93.65
91.98
93.38
92.71
91.82
93.37
92.34
91.24
93.34
93.41
93.00
92.53
92.74
93.08
92.28
91.99
93.50
93.00
92.47
92.52
93.23
91.88
93.12
92.63
92.19
93.20
92.23
92.37
93.14
91.68
92.75
92.22
93.25
92.61
92.21
92.06
92.88
92.18
93.08
92.98
93.23
92.08
91.46
92.96
92.53
92.48
93.50
92.75
93.29
93.11
93.01
92.23
92.47
92.90
92.39
93.36
92.67
92.14
92.40
93.42
92.63
91.83
92.24
93.52
93.20
92.47
91.17
92.94
92.97
92.86
92.94
93.16
93.42
91.39
92.58
92.55
93.40
92.91
92.54
92.34
91.71
93.01
91.67
92.11
92.32
93.60
93.64
93.29
93.22
93.57
92.95
93.14
93.43
92.37
92.48
92.95
92.92
92.25
92.89
91.89
92.49
92.09
93.57
92.08
91.10
92.94
92.83
92.56
92.07
92.19
92.38
93.38
92.08
92.77
92.91
92.39
91.59
93.22
91.86
92.82
93.13
93.36
92.91
92.65
92.48
91.79
91.26
93.00
92.93
93.62
91.07
92.62
91.96
93.39
91.78
92.97
93.52
93.34
92.67
92.70
92.68
93.33
92.95
92.27
92.84
92.83
92.44
92.98
93.27
92.46
91.06
92.58
92.89
93.87
92.28
93.12
93.04
93.15
93.17
93.29
92.20
92.84
92.91
92.75
92.97
92.10
93.38
93.19
92.48
92.61
93.06
92.97
92.57
91.65
93.26
93.29
93.47
92.32
92.33
93.13
93.20
92.49
92.95
92.56
92.74
93.40
93.15
91.80
92.89
92.55
92.91
92.57
93.43
92.68
93.28
93.70
92.58
91.57
92.33
92.48
93.56
92.41
92.82
92.86
92.82
93.41
93.41
93.46
93.08
92.83
93.60
92.28
92.83
93.14
92.91
92.90
92.29
91.57
92.73
92.86
93.30
92.76
92.25
92.96
92.77
93.26
93.26
92.89
93.61
92.64
92.42
93.46
92.62
92.86
93.74
92.58
92.69
92.28
91.09
93.34
92.99
93.24
91.71
92.10
93.42
92.70
92.87
93.45
92.84
92.61
92.34
92.10
92.95
92.68
92.18
92.80
92.18
92.72
92.88
92.92
91.95
93.39
92.56
93.40
93.34
92.64
93.45
93.11
92.25
92.79
92.89
90.39
91.42
92.10
91.90
93.15
92.70
92.44
91.34
92.79
93.09
93.44
92.52
92.93
93.06
92.89
92.67
92.65
93.71
93.46
91.53
92.37
92.04
93.45
93.32
92.96
91.88
92.94
92.78
92.35
92.81
92.66
91.80
92.45
93.59
92.50
92.51
92.24
91.70
93.15
93.66
92.66
92.91
92.32
91.13
93.37
92.49
93.36
93.63
92.37
93.16
92.98
93.13
93.67
93.14
92.64
92.39
93.15
93.08
