84.72
88.50
88.88
87.14
89.39
89.83
88.89
90.64
86.57
86.04
87.76
85.56
88.31
88.87
82.20
89.54
91.99
89.77
90.83
84.90
90.85
83.32
88.49
89.33
87.45
92.55
80.54
91.28
90.45
88.84
90.64
86.16
90.42
88.64
89.79
89.88
88.26
81.65
91.37
88.08
84.77
86.43
85.55
85.48
86.64
78.84
88.22
89.03
89.21
86.37
89.40
86.13
87.32
88.29
90.24
85.52
86.31
89.96
89.98
82.25
89.21
89.29
87.93
87.99
90.34
88.63
84.19
87.03
91.26
89.36
91.07
89.08
88.35
87.31
87.74
88.97
88.99
88.50
91.77
88.60
88.70
90.96
84.99
90.40
89.50
89.21
85.28
89.40
90.58
81.74
88.94
89.72
88.02
85.41
86.37
91.05
89.28
85.26
89.58
91.92
82.13
87.92
84.19
92.91
89.32
87.31
90.92
90.04
87.21
89.29
86.34
89.36
85.47
88.66
87.53
85.32
89.93
88.44
90.40
86.54
90.15
86.82
83.20
83.80
88.26
88.83
89.00
86.08
88.19
88.40
90.55
90.08
92.01
88.36
91.14
91.67
86.76
87.55
87.98
85.67
83.03
92.39
89.52
88.46
85.73
91.68
91.66
90.53
88.38
87.48
90.42
88.68
89.14
87.60
84.96
90.02
87.07
85.80
86.51
90.54
89.06
89.94
91.66
89.82
82.69
89.16
87.05
90.34
87.60
90.38
89.79
91.89
90.44
88.42
87.15
90.79
85.34
91.01
84.98
90.57
90.67
91.33
87.28
86.73
87.92
89.98
91.15
87.31
89.34
79.72
87.82
87.33
88.25
86.07
88.03
87.31
87.22
87.44
90.15
88.14
89.25
86.85
90.46
89.31
88.73
89.03
88.52
91.09
90.39
91.06
91.61
83.78
90.39
90.42
90.35
86.92
86.25
90.55
87.35
86.36
90.75
88.26
88.29
91.34
84.54
90.97
89.31
90.97
89.57
91.19
82.32
87.75
92.68
88.05
82.36
90.29
85.11
89.95
86.60
80.99
90.77
87.24
87.49
88.77
90.44
82.82
86.41
88.88
92.38
90.53
83.79
86.33
87.69
91.78
81.21
89.44
90.65
90.44
84.23
88.23
91.41
89.79
82.07
84.81
87.64
89.53
80.08
81.80
92.97
88.38
89.63
74.99
87.28
90.03
90.50
85.93
90.90
80.75
87.67
89.40
85.85
88.66
89.40
92.79
87.68
91.79
88.55
88.78
91.39
91.15
86.96
87.52
90.95
80.15
84.99
90.25
88.14
89.17
85.05
88.88
92.51
87.47
90.31
88.07
90.75
88.23
88.32
89.36
84.35
90.74
90.33
89.98
91.81
83.78
89.37
89.90
85.46
86.33
90.50
90.26
91.35
83.38
88.81
90.34
89.51
84.94
85.65
83.62
91.46
92.52
90.92
88.86
88.39
91.67
91.67
81.43
88.01
90.43
87.87
90.25
91.31
82.72
89.34
80.66
91.75
88.56
90.20
86.49
88.30
88.21
89.50
89.31
84.09
91.36
92.18
89.88
86.84
89.35
88.52
92.20
89.27
89.40
83.04
87.15
88.76
88.78
90.87
90.75
82.97
86.01
89.45
89.81
89.49
86.76
87.56
92.75
88.40
88.45
88.96
86.98
86.59
88.94
84.83
90.47
89.97
89.32
89.29
86.41
85.72
88.60
90.00
91.44
91.11
88.81
88.30
90.27
90.57
84.67
89.25
90.40
88.52
90.17
87.26
90.21
90.39
90.17
86.94
90.05
81.77
88.95
90.26
90.59
86.06
86.14
86.58
90.86
91.97
91.44
85.60
92.28
89.51
89.28
90.68
89.25
88.94
91.20
91.15
89.86
88.19
88.00
86.99
89.07
86.02
82.19
88.46
86.37
90.67
87.25
88.05
87.53
87.84
83.81
88.12
84.94
86.15
89.77
82.84
89.67
76.15
91.45
83.66
85.66
83.48
92.64
85.49
84.90
88.93
90.35
88.45
86.36
88.63
88.73
89.12
91.27
87.90
92.87
86.22
90.91
88.80
84.74
92.52
93.04
87.77
88.83
85.09
90.95
92.16
89.81
88.58
88.57
87.63
84.78
85.22
91.67
91.64
83.89
90.60
91.60
91.23
85.52
90.60
90.00
87.67
88.79
92.70
89.82
84.25
88.13
89.19
90.25
90.03
89.67
91.51
88.46
87.56
90.39
87.26
86.13
88.88
88.85
90.99
89.34
89.74
88.89
80.18
91.91
88.16
88.95
91.45
91.37
86.55
88.06
90.84
90.56
87.75
88.17
88.19
87.68
86.75
90.74
90.45
89.95
89.84
89.99
89.37
86.81
88.98
87.38
85.34
85.60
83.85
88.37
86.27
90.17
87.46
91.94
83.73
88.82
92.92
85.94
87.88
88.51
91.37
87.20
87.33
85.09
86.10
89.89
88.01
88.22
88.47
87.44
91.36
91.92
88.47
88.71
85.05
81.96
87.06
92.45
83.68
89.57
78.67
87.23
89.91
91.06
90.37
92.08
89.57
89.53
87.98
88.88
86.13
91.18
89.67
88.92
88.01
87.86
87.64
88.81
90.24
89.72
90.30
90.27
89.74
91.06
87.45
88.93
90.45
84.28
81.84
87.37
91.12
88.40
91.32
86.19
89.45
84.58
91.14
89.29
91.98
86.92
88.22
90.66
90.13
88.21
83.64
89.73
86.45
88.77
87.03
90.61
86.17
91.44
87.57
91.21
90.81
91.15
90.24
87.44
91.58
88.69
84.35
89.50
84.64
89.57
78.54
89.20
89.24
86.56
89.71
87.48
90.02
82.46
89.65
88.48
91.45
91.90
84.61
90.11
92.27
88.56
85.40
84.65
89.78
91.06
89.42
90.05
91.38
87.13
90.25
88.52
90.23
87.68
84.16
87.89
87.21
89.46
90.36
85.38
89.63
91.22
90.09
89.38
88.45
91.83
85.71
83.01
91.47
85.19
88.11
87.48
89.85
86.98
88.49
90.10
87.98
88.71
84.46
89.65
87.44
89.14
88.72
89.06
89.28
87.40
87.88
91.82
86.96
86.43
88.17
86.52
89.43
85.17
88.53
83.24
88.84
89.87
90.12
83.05
84.63
82.09
86.51
89.76
89.03
90.62
87.22
81.62
89.24
89.62
88.05
86.98
91.43
82.20
90.63
84.89
91.17
87.89
89.84
86.18
85.20
91.16
88.22
86.44
88.22
88.91
89.91
90.62
91.47
92.53
91.95
89.46
81.71
88.90
91.86
85.42
91.44
81.12
86.34
90.45
82.19
90.04
89.36
88.54
87.69
91.68
90.63
89.43
88.73
90.63
89.55
84.51
88.62
89.21
90.57
88.77
87.20
87.55
90.11
82.14
88.65
88.87
84.26
90.42
86.06
90.11
68.05
88.65
91.32
91.02
88.90
91.60
90.67
87.65
89.03
86.74
85.49
86.63
85.28
90.25
89.18
88.15
92.05
89.30
83.80
85.41
87.75
91.15
85.04
85.30
88.09
87.20
87.53
89.63
85.00
90.39
83.03
85.16
91.74
90.20
84.97
92.59
92.21
81.28
90.50
88.18
89.03
91.46
88.52
89.89
86.08
82.86
86.80
90.73
86.71
86.71
82.71
87.94
87.64
86.86
84.07
89.77
89.73
87.87
91.13
88.74
82.91
90.24
90.05
84.74
90.99
80.61
89.42
92.43
83.41
85.78
86.65
89.15
90.60
92.35
89.12
85.43
91.16
89.63
88.47
91.18
86.25
90.99
87.17
86.36
87.37
91.23
89.11
87.96
83.19
90.69
89.95
84.17
88.93
90.31
88.58
89.24
88.63
90.15
83.96
89.11
81.93
86.71
80.88
86.68
81.17
85.60
86.41
88.76
89.20
88.22
88.60
90.67
88.06
82.66
81.62
90.88
85.21
89.96
88.82
83.31
89.89
88.91
89.67
86.07
92.05
85.26
89.69
86.43
87.50
88.03
88.99
87.51
90.78
89.13
83.40
86.89
90.49
87.97
86.29
86.44
72.70
91.41
91.06
91.39
88.74
88.25
86.32
91.20
86.85
85.76
89.47
91.51
88.72
88.58
89.30
91.40
86.27
84.48
90.19
88.02
90.88
83.77
87.61
91.45
85.73
88.60
82.64
90.94
89.63
87.74
90.54
85.44
86.07
86.83
89.90
89.03
88.32
90.51
86.71
89.91
86.08
84.51
88.84
89.07
87.19
90.08
89.00
89.52
87.51
87.63
88.72
87.68
91.17
90.55
93.14
91.94
90.91
92.38
86.58
91.53
84.14
90.11
87.99
89.05
89.34
86.53
90.79
81.62
84.62
85.49
85.79
86.69
92.18
86.00
90.28
89.40
89.28
89.07
83.58
88.54
89.28
85.55
87.81
83.75
