93.59
94.35
93.20
92.47
92.03
94.60
93.09
92.45
93.92
93.08
95.74
90.79
92.96
93.01
93.90
93.84
92.05
95.18
94.00
90.89
95.03
92.45
94.84
95.11
94.75
94.52
93.67
93.70
95.52
95.10
94.47
95.27
93.99
93.74
90.93
94.97
94.97
95.27
94.77
94.29
95.05
92.93
95.02
92.61
91.59
94.15
95.31
92.63
92.79
94.66
94.20
93.53
93.29
92.77
93.00
94.29
93.87
94.72
95.04
93.79
91.51
92.70
93.38
94.56
95.08
94.60
94.97
94.41
92.89
93.01
94.99
93.61
93.45
94.27
95.03
94.73
94.08
94.62
91.04
94.32
93.70
91.70
95.21
93.10
94.98
93.77
95.00
92.99
92.75
94.94
93.97
92.49
94.88
94.73
91.30
91.89
93.96
92.06
95.62
93.51
92.49
94.09
94.84
94.30
94.38
94.20
94.18
91.18
95.20
93.78
92.87
95.02
93.65
94.10
92.66
93.53
93.08
93.80
92.24
95.19
93.63
95.70
95.32
94.04
95.17
94.53
95.37
94.65
90.70
94.52
94.18
95.05
95.30
94.09
93.83
93.72
94.59
93.15
94.43
93.80
94.90
94.97
93.22
93.22
94.93
93.34
95.68
93.91
94.31
94.17
94.61
94.53
94.01
94.14
95.45
93.41
94.21
94.48
94.91
94.60
93.92
92.99
94.40
93.75
93.57
92.89
92.44
93.90
94.43
94.70
93.59
94.80
95.29
94.69
93.66
92.64
94.99
93.94
93.34
93.50
94.70
93.36
93.05
94.51
93.91
92.21
90.55
92.83
91.97
93.13
91.29
92.67
94.59
88.79
94.19
94.19
94.25
94.82
92.81
93.94
93.97
93.79
93.96
93.50
93.41
93.98
93.82
94.22
95.18
95.04
94.53
95.28
93.82
94.04
94.46
95.21
93.51
90.95
95.44
93.63
95.54
93.46
93.54
94.77
95.21
94.18
94.45
93.76
94.35
93.38
93.31
94.20
94.20
90.51
93.41
93.20
93.70
93.06
93.86
95.41
95.17
94.07
94.31
93.79
93.66
92.31
94.48
93.85
93.48
95.38
93.04
92.73
87.02
94.83
94.26
92.49
93.53
93.38
92.83
93.79
94.84
91.46
92.63
94.13
93.27
94.36
94.54
94.12
94.43
89.42
94.81
92.94
94.07
94.16
94.66
93.97
94.35
92.02
92.17
90.68
94.00
94.65
91.17
94.54
91.12
94.50
91.04
92.80
94.59
94.58
94.05
94.41
92.77
94.59
95.10
93.79
94.62
93.82
93.18
91.84
94.37
93.04
94.27
94.96
92.89
95.31
92.31
94.65
90.56
90.88
93.51
93.55
92.94
95.32
92.50
94.65
94.67
93.48
93.61
94.75
92.87
90.81
93.85
93.91
92.66
94.81
94.71
89.97
93.05
94.75
95.09
92.98
93.73
92.58
94.54
89.08
93.60
92.58
94.44
93.32
94.41
94.98
92.95
93.90
94.05
93.36
95.49
95.58
93.56
93.34
93.61
92.84
94.48
94.42
95.31
94.42
93.88
93.29
94.02
94.24
92.55
93.40
93.45
95.10
94.38
95.11
93.52
92.40
94.67
93.17
94.56
94.86
94.06
93.52
89.07
92.84
94.88
89.54
94.71
93.73
93.77
92.93
93.32
93.86
93.50
93.63
94.27
93.38
94.79
94.69
92.96
93.25
92.67
94.40
94.89
93.10
94.06
92.19
93.44
93.87
88.91
92.72
94.32
94.10
93.06
90.97
94.47
93.38
94.19
94.78
94.53
94.12
94.99
93.76
93.27
94.33
92.74
93.84
94.50
94.76
93.30
92.22
91.85
95.52
93.68
94.35
94.53
94.98
93.92
94.69
93.83
93.17
95.08
93.59
94.11
94.82
93.68
93.35
93.99
93.64
91.29
92.16
94.16
94.48
95.21
93.36
94.48
93.58
94.11
94.87
93.71
95.09
94.37
92.68
93.35
93.35
94.41
95.04
95.36
93.78
93.87
95.23
94.39
93.43
94.80
92.71
94.11
94.12
95.49
94.35
95.17
94.15
92.01
93.55
93.92
95.07
93.37
94.19
95.01
94.48
93.61
91.64
92.76
93.77
94.57
92.55
93.33
93.61
91.28
93.70
95.39
94.33
94.05
94.87
93.53
95.22
92.69
95.88
94.85
94.47
94.53
94.22
94.69
94.71
94.84
91.27
94.91
94.23
93.23
94.63
94.03
92.55
93.86
93.42
92.79
93.27
93.10
93.32
93.83
94.17
92.58
94.32
94.50
93.94
94.28
94.62
95.02
94.27
92.39
94.64
92.42
93.04
93.76
93.58
89.99
94.29
93.63
93.61
93.79
91.47
93.14
95.74
91.50
93.85
94.11
93.92
94.76
92.94
95.21
92.71
92.68
94.85
95.32
95.20
91.82
92.12
93.37
94.04
93.95
94.68
94.16
94.20
93.09
95.88
95.65
93.95
95.13
92.45
93.12
95.83
93.51
94.15
94.76
93.67
92.38
93.29
93.80
94.60
91.28
93.74
93.91
94.51
94.23
94.52
90.64
95.66
93.13
94.73
95.34
93.55
94.62
93.37
93.86
93.47
93.75
93.46
91.67
94.07
93.85
95.77
94.91
94.23
95.54
94.98
95.72
95.00
95.17
93.14
94.42
93.88
93.61
93.88
94.17
94.03
94.30
94.57
94.06
94.19
95.15
94.61
92.62
92.51
93.91
94.10
88.49
90.19
91.22
94.15
93.42
95.02
94.58
93.29
93.13
93.68
95.12
93.83
95.01
95.07
95.05
91.12
92.42
92.80
93.29
94.67
92.59
94.28
95.03
93.55
94.79
92.75
93.76
94.54
93.94
92.50
94.98
94.74
93.27
93.32
91.98
93.45
94.10
94.10
91.85
93.02
93.56
95.06
93.64
95.40
94.87
93.99
93.89
92.26
95.12
95.40
92.68
94.23
93.32
94.54
89.77
94.81
95.13
95.45
95.44
94.45
95.29
92.72
94.74
94.14
90.47
93.02
94.24
93.39
91.90
94.85
93.89
93.53
93.28
95.50
93.12
94.84
94.57
92.96
91.35
94.64
95.17
91.12
87.66
93.41
94.37
92.79
93.74
94.87
94.09
92.76
94.53
93.63
93.08
96.11
91.81
94.56
91.90
94.48
93.92
94.41
95.05
93.16
93.08
89.91
93.63
92.81
94.03
94.69
92.54
94.64
95.18
94.82
95.02
94.16
93.28
95.22
94.52
94.56
94.89
91.66
92.85
94.35
94.15
94.78
93.87
93.88
91.91
92.26
94.62
94.24
95.37
93.33
95.35
94.40
93.53
94.37
94.19
93.63
93.14
93.98
91.36
92.15
94.70
95.25
94.42
94.64
94.49
93.56
94.84
93.31
93.51
92.24
93.20
94.46
94.16
93.19
92.04
93.77
93.53
88.77
95.34
93.90
95.40
95.13
94.31
93.29
91.03
93.60
93.59
93.11
92.74
93.93
94.32
95.34
93.09
93.06
92.80
94.74
94.86
95.20
93.38
93.39
95.04
92.25
92.58
93.04
94.69
94.39
94.26
95.21
94.97
94.86
91.72
94.63
94.42
93.61
93.02
94.71
89.92
94.51
92.01
95.30
92.39
95.09
93.52
94.48
94.95
93.96
94.00
94.42
94.86
92.99
91.26
94.64
94.02
93.88
93.84
94.95
94.72
95.63
93.45
95.40
94.49
94.09
94.07
93.30
95.29
93.99
94.13
93.56
93.05
93.31
92.27
95.19
93.44
93.30
94.87
92.86
91.96
93.36
93.72
93.50
95.07
91.92
94.56
93.00
93.20
95.95
95.06
92.78
92.34
92.30
94.43
94.03
92.83
93.63
94.07
93.19
93.82
94.45
94.98
94.41
93.81
92.88
94.30
93.76
95.13
93.41
92.90
93.59
94.16
92.41
92.82
93.30
89.65
89.39
93.57
95.00
91.03
93.85
93.98
94.55
95.14
95.03
91.87
94.49
94.99
93.73
94.19
91.92
95.38
93.94
95.04
94.47
94.26
93.80
94.61
92.55
94.05
95.43
92.68
93.47
95.19
93.68
93.51
94.43
94.16
94.77
93.80
93.25
94.90
93.37
94.26
93.73
90.69
94.20
95.47
93.48
93.69
93.71
94.99
95.13
94.78
94.19
88.47
95.21
93.80
94.16
94.20
94.53
92.83
94.36
91.92
94.52
96.18
92.97
94.41
94.18
94.60
94.61
92.13
93.79
94.73
90.48
94.23
94.21
94.12
93.20
92.94
95.32
95.17
94.51
93.95
92.35
94.69
94.24
91.46
89.49
93.49
94.43
93.58
94.14
94.09
94.27
91.48
95.39
93.65
95.21
95.06
92.27
95.26
93.51
93.09
94.63
94.60
93.33
