97.26
97.47
97.37
97.30
97.27
97.16
97.16
97.21
97.19
97.04
97.46
96.62
97.36
97.31
97.26
97.30
96.50
96.99
96.97
96.66
97.20
97.28
97.15
97.17
96.71
97.03
97.28
97.00
97.26
97.14
97.26
97.14
96.98
97.03
97.44
97.10
97.41
96.61
97.19
96.99
96.86
97.61
97.56
97.27
97.57
97.08
97.28
97.11
97.12
97.28
96.88
97.37
96.92
97.50
96.71
96.97
96.87
97.11
96.89
97.24
97.41
97.31
96.59
96.77
97.17
97.01
97.39
97.44
97.05
96.88
97.18
97.26
96.99
97.13
97.43
97.22
97.39
97.72
97.08
97.09
97.08
96.33
97.31
97.23
96.87
97.18
97.40
97.17
97.34
97.20
97.11
97.05
97.34
96.78
97.24
97.50
96.90
97.03
96.90
97.36
97.36
97.24
97.13
96.95
97.33
96.92
97.00
97.09
97.23
97.38
97.28
97.61
95.83
96.99
97.29
97.24
97.26
97.33
97.04
96.52
97.44
97.01
97.40
97.36
97.10
97.25
96.87
96.61
97.25
96.93
97.15
97.31
96.23
96.59
96.78
96.64
97.16
97.25
96.98
97.09
97.31
97.20
97.14
97.20
96.94
97.63
97.17
96.89
96.91
97.24
97.43
97.09
97.39
96.80
97.02
97.27
96.94
97.36
97.14
96.50
96.84
96.88
97.18
97.47
97.40
97.10
97.48
96.88
97.37
97.27
96.70
97.32
97.12
96.85
96.75
96.91
97.04
97.07
97.10
97.23
96.99
97.29
97.02
97.34
97.35
96.64
97.60
97.08
97.11
96.58
97.12
96.97
96.92
97.16
97.09
96.70
97.21
97.22
97.18
96.87
97.41
96.80
96.97
96.82
97.05
97.29
97.16
97.43
96.83
96.89
97.19
97.23
96.73
97.06
97.01
97.31
97.21
97.09
97.01
97.14
97.04
97.31
97.52
97.34
96.98
96.92
96.80
96.82
97.13
97.02
96.78
96.93
96.87
97.53
97.40
97.14
97.02
97.57
97.25
96.90
97.09
96.81
96.95
96.64
95.97
97.07
97.06
97.32
97.36
97.24
97.32
97.35
97.21
97.19
97.44
97.07
97.31
97.28
97.23
96.99
96.86
97.16
97.35
97.11
97.41
97.33
96.79
96.99
97.18
97.23
97.23
96.88
97.39
97.37
96.84
96.92
96.87
97.24
97.28
97.35
97.34
97.26
96.76
97.01
97.00
97.01
97.24
97.28
97.34
97.13
97.08
97.45
96.98
97.23
96.41
96.84
97.05
97.35
97.50
97.25
97.32
96.94
97.39
97.26
97.00
97.27
97.34
97.05
97.08
97.02
97.02
96.95
96.92
97.17
97.23
96.97
97.19
97.37
97.17
97.14
97.08
97.40
97.03
96.64
96.10
97.23
97.02
97.36
97.05
97.16
97.06
96.65
97.34
96.65
96.89
96.79
97.15
97.30
96.86
97.50
97.46
97.20
97.22
97.22
97.09
97.42
96.83
97.08
97.02
96.69
97.04
97.21
97.11
96.57
97.38
96.89
97.19
96.92
96.98
97.08
97.12
97.24
96.85
97.32
97.11
97.17
97.38
97.23
97.12
97.21
97.07
97.35
97.07
97.52
97.26
96.86
97.21
96.89
97.40
96.50
97.30
96.90
96.94
96.99
96.99
97.11
96.90
97.03
96.39
97.13
97.22
96.83
97.15
96.20
97.29
96.99
97.36
96.84
97.18
96.72
97.25
97.38
96.86
96.38
96.96
96.81
97.65
97.12
97.19
96.90
96.91
97.16
97.45
97.08
97.49
97.20
97.20
97.56
97.37
97.18
97.43
97.31
97.15
97.11
97.19
96.97
96.75
97.11
97.50
97.17
97.17
97.01
97.24
97.16
97.19
97.31
96.58
96.82
97.01
96.98
96.91
96.83
96.85
96.95
97.10
97.15
97.40
97.02
96.93
97.03
97.31
97.26
97.23
97.49
97.46
97.10
96.68
97.21
97.50
97.28
97.37
96.53
97.02
97.02
97.62
97.01
97.26
97.05
97.43
97.30
96.99
97.68
97.20
97.33
97.33
97.08
97.36
97.20
96.80
97.05
96.78
97.26
97.48
97.01
97.51
97.26
96.99
97.04
97.22
96.97
97.10
97.05
97.30
96.88
96.98
96.78
97.24
97.08
97.33
97.49
96.89
96.81
97.43
97.42
96.69
97.23
97.01
97.23
96.58
97.03
97.24
96.96
96.86
97.41
97.49
97.61
97.29
97.27
97.30
97.15
97.07
97.02
97.24
96.77
97.10
97.28
97.12
97.12
97.22
97.12
97.37
97.07
96.78
97.22
96.97
97.29
97.15
97.06
96.65
96.77
97.35
97.24
97.38
97.26
97.02
97.09
97.11
96.54
97.42
96.87
97.03
97.01
97.38
97.13
97.28
97.13
96.93
97.22
97.37
97.41
97.02
97.12
97.15
96.87
97.48
97.16
97.32
97.15
97.40
97.12
97.25
97.54
97.53
96.77
97.27
96.89
97.18
96.75
96.87
97.17
97.28
97.38
96.98
97.14
97.17
97.31
96.90
97.11
96.94
97.31
96.31
97.09
97.13
97.32
97.29
97.01
97.07
97.43
97.18
96.51
97.41
97.25
97.14
97.12
97.00
97.27
97.19
97.29
97.37
97.48
97.22
96.87
97.58
96.87
97.25
96.76
96.65
97.18
97.50
96.91
97.22
97.38
97.01
97.20
96.85
97.19
97.31
96.66
97.09
97.17
97.19
97.43
96.88
97.13
96.96
96.90
97.03
97.21
97.25
96.79
97.19
97.13
97.20
97.00
97.07
96.73
96.83
96.98
97.17
97.13
97.54
97.39
97.09
97.24
97.38
96.86
96.64
97.05
97.08
97.33
97.04
97.53
96.93
97.22
97.43
97.29
97.30
96.60
97.21
97.16
97.22
97.41
97.48
97.02
97.10
97.30
97.26
97.35
97.33
97.05
97.30
96.94
97.31
96.96
96.96
96.97
97.41
97.00
96.73
96.84
97.29
96.68
97.09
97.20
96.58
97.16
96.76
97.09
97.24
96.99
96.90
97.07
97.24
97.19
97.10
97.26
97.42
96.79
96.79
96.82
96.88
97.27
97.01
97.23
97.44
96.65
97.16
97.10
96.95
97.21
97.09
96.99
97.44
97.11
96.89
97.28
97.12
97.50
96.70
96.61
96.74
97.02
97.11
97.14
96.84
96.77
97.00
97.16
96.42
97.20
97.04
97.09
97.63
97.17
97.04
97.42
97.26
97.39
96.88
96.91
96.63
96.81
96.92
97.21
97.17
96.94
97.21
97.22
96.68
97.41
97.10
97.15
97.48
97.29
97.00
97.08
97.43
97.37
97.30
96.96
97.23
97.10
97.02
97.32
97.12
97.14
97.06
97.23
96.60
96.99
97.58
97.29
97.32
97.09
97.19
96.16
97.18
96.62
97.55
96.98
97.33
97.03
97.41
97.11
96.80
97.41
97.20
96.84
96.70
97.54
97.52
96.62
97.04
97.23
97.27
97.12
97.23
96.84
97.06
97.23
96.72
96.80
97.14
96.42
97.16
96.98
97.08
96.75
96.31
97.01
97.08
97.19
97.00
97.04
97.04
97.29
96.90
96.83
97.30
97.39
97.29
96.95
97.25
97.13
97.37
97.16
97.20
97.37
97.01
97.32
97.25
97.38
97.13
97.20
96.48
96.80
97.33
96.61
97.27
97.46
97.19
97.14
97.01
96.62
97.09
97.18
97.14
97.29
96.43
97.39
97.27
96.98
96.85
97.17
97.08
97.62
97.04
96.94
96.86
96.82
97.29
96.57
96.63
97.11
97.08
97.03
97.32
97.10
97.20
96.83
97.25
96.88
96.96
96.74
97.11
96.88
97.14
96.54
97.22
97.43
97.37
97.13
97.11
96.79
97.32
97.10
97.02
97.37
97.27
96.95
96.73
97.26
97.19
97.09
97.44
97.40
96.99
97.23
96.97
96.67
96.49
97.21
97.34
96.90
96.83
97.13
97.32
96.79
97.41
97.07
97.14
97.30
97.21
97.46
97.08
97.38
96.40
96.83
97.24
97.42
97.23
97.19
96.96
97.57
96.75
96.88
96.97
97.50
97.14
97.25
97.47
96.96
96.74
97.10
97.18
97.32
97.05
97.24
97.00
97.24
97.09
97.32
97.31
97.15
97.26
97.31
96.65
96.96
96.90
97.21
97.15
97.05
97.32
97.27
97.36
97.17
96.99
96.77
96.92
96.57
97.02
97.23
97.13
97.11
97.14
97.22
97.29
96.95
97.31
97.02
97.49
97.22
97.02
97.04
96.95
97.41
97.00
96.85
97.38
97.31
97.38
96.84
97.17
97.13
97.11
97.09
97.37
96.84
97.21
97.33
