96.97
97.46
97.54
97.16
97.40
97.51
97.12
97.60
97.57
97.43
97.53
97.61
97.15
97.45
97.20
97.28
97.60
97.24
97.55
97.66
97.24
97.53
97.32
97.40
97.57
97.46
97.33
97.13
97.48
97.28
97.36
96.65
97.36
97.36
97.66
97.46
97.42
97.29
97.40
97.21
97.45
97.43
97.06
97.37
97.46
97.03
97.22
97.30
97.41
97.02
97.00
97.28
97.40
97.31
97.23
97.34
97.31
97.30
97.34
97.57
97.30
97.33
97.58
97.68
97.48
97.05
97.61
97.44
97.32
97.43
97.20
97.53
97.03
97.68
97.41
97.17
97.20
97.41
97.55
97.44
97.18
97.55
97.34
97.39
97.36
97.10
97.30
97.23
97.40
97.17
97.74
97.58
97.19
97.32
97.26
97.51
97.05
97.35
97.21
97.65
97.16
97.63
97.42
97.39
97.41
97.51
97.08
97.14
97.27
97.55
97.51
97.52
97.60
97.24
97.40
97.26
97.30
97.35
97.02
97.58
97.51
97.58
97.60
97.20
97.15
97.49
97.07
97.57
97.42
97.05
97.58
97.21
97.28
97.51
97.43
97.29
97.48
97.60
97.04
97.24
97.51
97.07
97.45
97.19
97.26
97.25
97.66
97.48
97.47
97.65
97.57
97.48
97.18
97.57
97.52
97.35
97.04
97.38
97.52
97.27
97.27
97.38
97.36
96.97
97.27
97.33
97.38
97.40
97.39
97.35
97.62
97.35
97.47
97.43
97.35
97.30
97.63
97.32
97.57
97.34
97.40
97.51
97.47
97.33
97.50
96.89
97.34
97.26
97.29
97.43
97.51
97.31
97.15
97.29
97.49
97.48
97.28
97.36
97.52
97.56
97.35
97.25
97.52
97.42
97.56
97.62
97.18
97.22
97.52
97.43
97.27
97.65
97.36
97.61
97.49
97.09
97.27
97.45
97.55
97.54
97.12
97.64
97.29
97.63
97.58
97.43
97.11
97.23
97.62
97.39
97.43
97.48
97.34
97.51
97.40
97.51
97.45
97.51
97.37
97.40
97.25
97.48
97.28
97.47
97.26
97.59
97.53
97.48
97.49
97.43
96.87
97.09
97.60
97.27
97.23
97.41
97.47
97.57
97.45
97.52
97.18
97.56
97.51
97.60
97.62
97.30
97.40
97.53
97.44
97.36
97.43
97.32
97.63
97.42
97.23
97.56
97.18
97.24
97.41
97.34
97.34
96.97
97.20
97.19
97.33
97.41
97.37
97.48
97.30
97.35
97.50
97.56
97.30
97.38
97.53
97.55
97.40
97.45
97.48
97.30
97.43
97.30
97.29
97.61
97.20
97.27
97.16
97.26
97.52
97.58
97.41
97.06
97.35
97.56
97.34
97.47
97.46
97.56
97.50
97.54
97.46
97.40
97.45
97.20
97.17
97.26
97.41
97.48
97.47
97.29
97.46
97.49
97.39
97.20
97.33
97.69
97.30
97.65
97.70
97.41
97.26
96.89
97.11
97.18
97.32
96.99
97.54
97.45
97.29
97.52
97.16
97.12
97.30
97.55
97.63
97.29
97.66
97.34
97.52
97.08
97.47
97.36
97.46
97.42
97.39
97.18
97.30
97.28
97.20
97.57
97.56
97.42
97.16
97.30
97.19
97.57
97.69
97.61
97.22
97.20
97.38
97.52
97.47
97.57
96.94
97.46
97.41
97.60
97.39
97.20
97.06
97.60
97.33
97.79
97.18
97.20
97.31
97.35
97.30
97.44
97.29
97.57
97.29
97.47
97.65
97.33
97.45
97.20
97.16
97.38
97.38
97.34
97.39
97.27
97.30
97.43
97.21
97.00
97.31
97.07
97.33
96.98
97.33
97.42
97.19
97.13
97.16
97.55
97.60
97.12
97.49
97.22
97.13
97.09
97.69
97.47
97.48
97.19
97.45
97.49
97.30
97.31
97.49
96.89
97.20
97.33
97.55
97.24
97.41
97.22
97.49
97.39
97.58
97.63
97.36
97.13
97.39
97.79
97.16
97.48
97.46
97.33
97.73
97.45
97.32
97.32
97.36
97.27
97.79
97.81
97.53
97.58
97.56
97.40
97.47
97.62
97.40
97.53
97.50
97.34
97.40
97.36
97.22
97.42
97.26
97.53
97.57
97.64
97.41
97.76
97.21
97.33
97.71
97.31
97.54
97.47
97.49
97.21
97.14
97.40
97.22
97.42
97.60
97.28
97.53
97.14
97.47
97.34
97.29
97.33
97.25
97.59
97.31
97.19
97.45
97.65
97.54
97.34
97.33
97.35
97.22
97.11
97.20
97.60
97.09
97.43
97.53
97.31
97.53
97.24
97.43
97.41
97.44
97.37
97.55
97.41
97.70
97.24
97.32
97.37
97.23
97.52
97.60
97.32
97.36
97.45
97.44
97.32
97.54
97.62
97.38
97.45
97.76
97.04
97.08
97.01
97.67
97.43
97.24
97.16
97.60
97.40
97.63
97.52
97.17
97.50
97.48
97.46
97.66
97.64
97.47
97.22
97.60
97.60
97.02
97.37
97.36
97.27
97.64
97.45
97.45
97.10
97.27
97.50
97.31
97.28
97.41
97.42
97.58
97.43
97.38
97.43
97.56
97.23
97.21
97.52
97.06
97.36
97.28
97.31
97.37
97.32
97.51
97.48
97.64
97.33
97.43
97.37
97.40
97.40
97.56
97.35
97.59
97.39
97.51
97.28
97.03
97.33
97.42
97.62
97.27
97.55
97.63
97.63
97.30
97.27
97.49
97.45
97.15
97.45
97.17
97.54
97.45
96.93
97.65
97.42
97.43
97.55
97.23
97.44
97.47
97.64
97.40
97.64
97.60
97.46
97.53
97.53
97.56
97.15
97.53
97.04
97.24
97.63
97.30
97.59
97.12
97.38
97.59
97.30
97.44
97.45
97.40
97.27
97.29
97.30
97.37
97.45
97.47
97.25
97.66
97.58
97.29
97.62
97.44
97.34
97.20
97.21
97.36
97.53
97.56
97.45
97.26
97.67
97.19
97.35
97.43
97.31
97.18
97.35
97.33
97.52
97.19
97.48
97.22
97.72
97.71
97.59
97.63
97.50
97.33
97.49
97.28
97.28
97.53
97.33
97.71
97.32
97.58
97.34
97.40
97.10
97.17
97.36
97.38
97.61
97.29
97.50
97.22
97.66
97.43
97.20
97.71
97.26
97.32
96.94
97.39
97.51
97.23
97.48
97.42
97.35
97.30
97.45
97.42
97.40
97.14
97.57
97.25
97.71
97.31
97.40
97.23
97.53
96.95
97.58
97.47
97.62
97.17
97.28
97.32
97.61
97.42
97.29
97.21
97.16
97.45
97.41
97.56
96.99
97.39
97.39
97.34
97.37
96.98
97.13
97.43
97.41
97.42
97.36
97.42
97.55
97.41
97.53
97.59
97.59
97.60
97.47
97.18
97.44
97.38
97.74
97.68
97.45
97.25
97.41
97.29
97.23
97.05
97.51
97.08
97.18
97.43
97.50
97.22
97.41
97.43
97.27
97.21
97.44
97.48
97.34
97.50
97.40
97.27
97.50
97.70
97.35
97.45
97.46
97.44
97.56
97.44
97.70
97.36
97.38
97.29
97.14
97.23
97.51
97.35
97.40
97.58
97.81
97.54
97.21
97.36
97.67
97.17
97.47
97.26
97.55
97.52
97.54
97.43
97.59
97.65
97.27
97.60
97.45
96.75
97.27
97.49
97.39
97.10
97.58
97.12
97.15
97.65
97.01
97.32
97.53
97.25
97.40
97.50
97.59
97.51
97.32
97.36
97.21
97.54
97.47
97.37
97.33
97.21
97.19
97.56
97.09
97.60
97.38
97.06
97.10
97.54
97.55
97.60
97.42
97.61
97.56
97.26
97.36
97.38
97.07
97.48
97.68
97.48
97.17
97.23
97.14
97.57
97.66
97.30
97.44
97.38
97.02
97.36
97.54
97.39
97.50
97.22
97.48
97.29
97.41
97.05
97.42
97.50
97.42
97.56
97.46
97.39
97.49
97.60
97.42
97.61
97.60
97.41
97.59
97.61
97.65
97.15
97.26
97.13
97.48
97.44
97.61
97.57
97.41
96.97
97.51
97.50
97.60
97.25
97.60
96.98
97.26
97.18
97.45
97.35
97.63
97.36
96.89
97.37
97.40
97.47
97.58
97.41
97.62
97.64
97.52
97.53
97.19
97.09
97.26
97.14
97.66
97.28
97.36
96.78
97.27
97.09
97.28
97.28
97.12
97.57
97.15
97.55
97.33
97.44
97.41
97.43
97.49
97.41
97.28
97.65
96.91
97.41
97.26
97.54
97.49
97.16
97.35
97.05
97.09
97.55
97.41
97.29
97.45
97.33
97.58
97.24
97.19
97.35
97.50
97.32
97.34
97.57
97.37
97.39
97.26
97.25
97.12
