92.95
95.39
77.25
94.79
90.67
94.06
94.99
93.20
85.18
95.77
83.74
93.70
93.79
95.03
87.74
93.22
93.44
93.85
93.14
94.19
94.23
90.46
93.37
82.86
95.23
94.96
95.75
93.56
94.14
85.41
93.47
94.67
96.29
95.88
95.12
91.80
92.93
92.38
89.77
94.81
96.08
93.87
94.45
93.96
95.60
94.83
94.73
92.65
93.34
92.34
96.18
94.92
95.09
90.33
96.05
94.73
94.97
92.82
93.60
92.55
95.31
90.67
93.33
95.90
90.09
95.53
95.83
94.86
92.59
91.00
95.11
95.65
88.21
92.96
92.60
89.70
90.38
92.11
95.55
96.30
94.85
89.77
81.06
90.20
96.17
94.89
95.26
93.36
95.99
96.10
93.04
87.28
89.39
89.22
94.93
95.03
94.99
93.15
93.72
94.87
94.35
92.85
87.94
94.69
93.61
94.96
95.09
89.76
94.24
94.08
94.28
91.68
95.42
92.02
89.56
93.06
93.54
91.77
95.59
96.09
94.14
93.31
95.54
93.63
95.17
88.85
95.08
93.78
94.31
95.35
91.72
92.15
90.46
94.61
95.08
91.14
96.50
95.69
92.35
95.17
94.15
93.83
94.68
95.41
92.06
96.36
94.20
94.93
72.32
95.55
96.08
88.65
94.24
93.79
94.99
96.15
95.60
92.71
89.87
93.45
92.39
93.26
93.57
95.94
93.17
94.42
95.08
92.27
93.40
96.16
95.07
85.58
85.87
95.49
90.29
86.57
83.80
90.36
93.99
94.53
96.49
95.52
94.76
86.72
92.85
96.01
93.70
94.21
86.75
93.69
89.35
90.74
92.72
89.39
78.87
94.19
93.39
91.01
91.68
93.92
95.51
95.05
95.10
95.30
85.52
94.28
91.79
94.56
90.87
95.35
86.59
95.17
95.05
92.88
94.08
86.08
95.46
61.82
96.14
94.08
94.98
93.48
94.98
94.23
89.94
83.33
94.47
94.55
95.92
91.81
93.74
91.56
94.10
93.60
95.85
91.40
94.73
80.87
95.01
94.76
95.39
94.33
70.18
91.42
88.76
93.67
89.90
93.47
90.47
94.69
95.17
92.71
95.00
89.44
95.48
94.38
93.12
95.78
96.01
88.66
95.24
95.13
95.73
93.51
50.42
96.26
94.01
91.35
86.30
94.79
93.82
95.00
94.85
95.31
95.96
95.58
92.02
91.11
95.95
90.19
93.44
95.18
94.35
91.99
96.35
88.79
94.08
94.81
95.97
93.23
94.88
94.48
94.86
94.72
91.49
87.94
93.09
92.80
94.65
93.09
90.37
95.31
87.61
94.68
84.33
93.58
95.09
91.23
94.59
95.50
92.55
92.51
92.85
93.45
92.08
92.25
95.59
83.08
94.28
92.42
95.00
91.26
94.31
95.81
94.58
94.92
95.74
95.88
94.49
80.18
91.56
94.00
92.13
93.81
95.45
95.95
88.96
92.52
94.94
93.63
90.86
91.82
90.83
80.80
93.80
93.52
93.41
93.11
91.39
95.63
95.35
94.52
93.57
93.64
88.64
92.18
92.21
94.39
92.31
87.52
94.42
91.20
91.71
95.49
95.13
92.14
95.13
89.96
92.43
92.11
86.85
94.36
85.18
72.82
91.90
92.58
95.94
94.04
91.83
93.96
91.22
91.38
86.01
95.86
93.82
94.48
85.86
95.62
92.58
94.79
92.84
93.24
95.87
95.59
95.03
93.19
94.09
80.49
76.75
88.52
93.41
94.09
95.93
88.02
93.56
92.55
77.62
94.12
88.43
85.82
94.00
95.62
92.73
88.12
94.18
86.80
95.84
65.36
94.10
93.14
94.45
93.00
92.72
92.46
94.40
92.90
95.51
94.32
93.92
94.06
95.27
94.99
90.76
86.09
93.81
93.86
92.13
90.46
92.23
89.66
90.43
93.35
94.54
89.08
92.91
90.56
96.23
95.59
89.07
89.07
93.52
95.75
93.35
95.19
93.32
94.67
93.91
91.42
94.09
92.82
93.28
91.50
93.39
85.76
94.98
91.36
95.29
89.51
95.47
95.90
91.25
92.65
95.29
92.49
95.63
92.12
91.40
95.68
95.91
94.31
94.16
86.83
95.80
95.61
95.49
93.90
93.16
95.02
94.67
95.15
83.09
95.97
94.97
94.29
95.18
93.50
94.13
94.91
92.41
93.33
85.94
95.20
93.51
93.76
90.18
94.07
93.08
92.56
94.95
93.66
94.23
90.92
84.25
89.46
93.16
94.52
92.52
87.27
93.09
92.81
91.88
96.14
92.04
91.07
96.24
93.73
93.55
93.57
92.48
94.49
87.14
95.74
95.10
92.39
94.34
95.38
95.74
95.04
78.86
95.27
94.06
94.65
91.74
94.92
93.47
95.19
95.97
94.93
94.34
94.81
95.29
85.36
94.74
96.05
87.25
95.39
94.60
95.33
94.83
95.62
95.69
90.91
92.84
92.03
93.17
93.48
85.40
95.20
95.83
95.87
96.55
93.33
85.66
93.79
95.21
94.86
88.21
93.88
93.92
95.19
95.17
94.19
93.59
94.10
95.61
92.91
96.34
94.71
92.41
94.59
90.98
93.17
94.87
84.43
87.03
85.75
95.40
95.97
93.89
94.00
93.15
93.19
91.91
94.99
92.64
92.70
94.64
91.04
95.46
76.54
94.73
93.16
77.77
95.81
92.66
93.83
94.31
93.16
91.03
93.48
76.08
92.22
93.17
94.82
94.64
93.57
95.13
95.44
95.57
89.11
95.69
92.89
89.23
70.33
93.92
93.92
95.32
95.23
95.43
95.54
90.70
92.84
93.83
91.11
95.06
90.46
88.08
91.63
93.45
94.06
91.97
96.05
93.14
82.70
93.05
79.20
89.45
96.16
90.93
90.26
95.54
95.49
95.42
94.38
93.62
96.04
92.29
91.73
96.31
92.36
93.26
83.05
95.76
89.48
90.89
80.93
94.48
88.79
93.38
94.73
94.92
95.22
95.74
95.02
90.55
95.09
90.69
91.16
92.58
90.44
94.03
96.02
94.16
96.48
95.86
92.35
94.05
95.00
93.72
93.15
83.29
94.43
94.61
94.63
96.07
94.44
95.99
95.60
94.58
88.98
95.08
93.90
95.63
91.89
96.01
88.09
92.93
96.24
95.44
93.51
94.69
91.15
93.69
91.76
94.59
85.98
96.28
94.08
94.39
82.74
93.70
92.95
95.66
94.97
92.47
94.51
95.22
96.15
93.27
95.07
92.22
93.77
94.80
93.97
93.35
96.26
94.36
95.61
93.89
93.34
83.96
89.44
90.82
95.66
93.07
87.24
93.59
95.88
95.70
94.45
84.12
93.48
94.46
90.87
94.99
95.87
95.12
91.43
94.49
92.93
92.52
94.17
93.11
95.74
95.93
92.54
93.13
90.50
96.03
80.42
94.29
95.07
93.36
94.55
89.34
95.81
94.19
93.35
92.75
93.30
95.25
91.82
93.97
90.05
88.57
93.94
94.32
93.59
96.24
94.15
94.28
95.02
94.35
95.38
95.73
94.70
73.30
95.71
93.96
93.24
92.95
94.88
87.45
93.82
94.30
95.66
96.35
96.10
93.31
94.81
94.35
96.15
91.44
88.98
94.81
95.30
92.18
91.30
91.75
95.20
93.60
93.98
94.08
95.79
94.43
95.42
92.49
93.20
92.20
95.34
94.65
92.50
95.89
96.02
95.83
93.60
94.04
91.49
88.12
94.47
94.40
77.33
92.55
88.23
95.75
91.64
94.58
95.50
96.13
94.47
95.29
85.72
94.94
93.38
95.36
95.45
95.48
94.43
96.06
94.87
91.69
94.20
95.86
92.49
95.70
96.33
93.20
94.77
94.72
95.10
90.56
94.63
90.57
88.31
93.38
91.53
94.63
95.17
92.84
93.93
95.18
93.31
95.19
96.07
95.62
95.61
92.13
95.58
93.91
93.60
96.40
93.13
95.81
93.27
93.43
93.31
92.04
94.09
92.85
94.55
92.45
94.60
93.59
92.11
93.86
92.36
96.56
95.70
94.33
94.72
94.78
85.52
89.39
85.03
93.35
91.13
93.30
96.47
86.84
92.70
91.25
90.93
90.91
93.60
94.34
95.11
92.75
96.20
92.75
95.46
92.28
95.51
94.61
95.32
93.89
93.00
94.86
94.89
95.79
93.27
94.31
92.93
93.77
91.77
92.00
92.93
90.90
95.66
91.60
94.58
94.70
88.70
95.19
94.19
94.61
91.76
94.67
92.55
94.15
92.70
95.84
93.56
94.05
94.79
92.21
92.71
95.39
94.88
93.04
93.63
95.03
95.80
94.83
93.95
92.12
83.38
83.39
94.01
92.93
90.52
93.47
95.05
95.54
94.96
88.09
95.19
91.03
91.51
89.49
91.53
