96.08
87.06
97.97
96.86
97.79
96.87
96.19
93.12
97.92
97.35
97.29
95.71
97.68
96.45
96.62
97.28
93.74
97.02
97.69
95.62
93.92
96.58
77.64
96.79
97.00
97.17
96.47
96.97
96.98
97.43
97.58
97.59
95.69
96.35
95.02
96.78
94.57
96.93
97.33
97.39
92.72
82.91
93.58
96.56
92.31
98.26
96.46
95.50
97.88
96.82
92.92
91.71
93.26
97.03
96.24
92.23
94.70
97.39
95.30
96.22
97.83
97.40
96.93
95.81
96.69
96.22
97.51
96.31
95.51
97.29
97.22
94.13
96.87
92.57
95.80
96.95
94.86
95.10
88.81
96.91
96.80
96.55
97.45
97.02
96.36
94.14
95.04
95.99
96.49
93.83
97.37
96.39
93.49
97.66
97.94
97.54
89.93
96.45
96.78
95.57
97.21
90.42
97.20
97.64
97.06
97.08
95.35
97.72
87.51
97.52
95.30
96.26
95.21
95.17
96.81
91.96
94.16
97.74
95.81
96.86
96.24
95.99
97.60
98.00
96.04
96.14
96.66
96.90
96.69
95.89
94.24
97.41
96.20
95.91
96.43
96.02
96.81
96.51
95.69
96.92
97.20
97.02
97.50
97.78
96.69
96.86
96.98
93.17
92.02
87.99
96.01
93.50
94.60
97.34
97.32
96.78
96.24
97.06
96.98
92.58
87.55
97.07
95.89
92.76
94.73
95.28
97.28
96.72
95.89
95.68
95.37
97.74
97.05
96.80
96.43
97.06
96.97
92.27
95.14
97.56
87.84
97.64
97.31
95.77
96.53
95.73
95.53
97.83
94.74
82.61
96.06
91.63
96.03
94.65
95.25
97.71
96.62
96.98
94.47
96.65
95.99
96.58
94.49
97.17
95.13
96.63
97.38
94.22
91.09
96.94
96.51
96.97
90.51
96.26
94.85
95.56
96.73
94.39
95.73
95.40
95.90
97.59
96.60
94.45
81.82
96.87
97.16
95.92
94.99
96.54
94.48
97.22
96.07
97.33
94.30
97.22
95.96
96.61
91.64
97.06
97.71
88.41
96.46
91.13
96.46
96.05
93.83
96.61
97.05
96.29
97.04
94.60
97.26
96.66
88.84
97.54
96.43
97.17
97.43
96.50
95.40
77.12
97.70
97.90
95.61
93.97
96.63
96.61
97.08
97.32
97.50
95.72
96.08
92.62
96.22
96.74
94.33
96.97
96.62
94.15
97.81
96.11
97.61
93.07
95.50
90.12
94.14
92.10
93.06
97.84
95.81
96.34
94.34
95.99
95.81
97.08
96.05
91.40
90.23
94.60
92.82
96.28
97.53
95.89
97.14
97.03
96.94
96.41
94.65
96.65
97.37
97.31
96.63
97.33
96.72
90.83
97.33
97.65
97.57
97.15
95.76
96.69
95.06
96.45
95.39
85.57
93.37
96.94
96.32
95.93
96.58
94.06
91.88
93.72
97.73
95.10
95.63
94.76
96.78
94.45
97.05
95.07
96.03
97.78
94.43
94.52
97.87
95.81
96.72
96.00
96.54
96.27
96.66
97.42
95.44
93.98
91.57
96.72
96.36
97.21
95.18
94.70
95.73
95.89
91.49
94.38
97.69
97.21
97.10
97.16
96.93
93.46
97.98
96.83
97.08
96.57
96.27
97.58
96.17
94.46
94.03
92.79
93.02
95.45
97.03
96.21
95.21
96.30
97.00
96.20
97.34
92.88
95.73
97.52
95.14
96.68
92.72
96.89
97.14
91.87
97.81
94.98
96.15
87.30
96.87
97.57
93.56
96.32
92.04
96.97
91.52
96.63
94.41
96.88
86.17
95.60
92.52
95.99
95.58
92.03
96.81
95.39
96.77
88.48
97.66
93.43
95.96
95.49
95.00
96.73
97.79
95.93
94.26
96.76
95.03
97.38
97.40
95.07
96.56
97.86
94.18
96.25
94.70
95.83
96.47
95.13
96.91
96.44
97.03
87.72
96.75
95.56
97.01
97.63
93.41
96.70
97.43
97.46
94.81
97.53
97.26
94.95
92.47
97.33
94.89
96.17
91.98
96.30
96.02
97.12
93.16
96.00
97.33
95.22
95.18
96.76
96.69
93.59
85.39
94.93
97.10
97.84
95.83
97.92
96.71
96.47
97.58
95.47
93.29
96.26
96.19
86.28
96.61
97.40
92.66
97.90
94.99
87.51
95.24
97.06
95.96
97.01
96.43
97.71
94.19
97.79
97.20
97.76
96.81
98.07
92.25
96.28
92.68
96.47
97.71
97.66
92.64
97.49
96.84
97.84
95.87
96.38
94.00
97.07
96.46
95.52
95.06
97.58
97.30
96.68
97.45
92.63
95.77
97.02
94.17
95.51
96.87
97.80
95.04
97.71
96.03
97.27
96.47
95.70
96.96
96.67
96.59
97.21
97.04
85.09
97.28
89.60
97.22
96.32
97.05
91.68
96.92
90.61
97.67
83.75
97.81
94.08
94.74
92.65
93.76
96.67
95.70
94.28
96.65
97.02
95.44
97.36
96.62
94.93
92.12
93.21
97.25
92.60
94.35
91.99
96.91
89.92
95.87
97.04
96.83
97.18
94.64
97.39
96.86
96.21
95.47
97.02
97.22
96.87
96.91
95.72
96.94
93.41
97.28
95.88
96.89
95.97
96.85
97.51
97.71
91.18
93.21
96.95
97.19
92.73
97.88
96.60
95.38
94.74
96.88
96.03
96.03
95.79
97.13
96.65
96.84
96.62
95.23
97.02
97.05
97.31
97.03
97.04
95.80
96.17
93.60
97.40
90.61
96.25
95.65
94.05
97.10
94.73
95.10
96.04
96.16
94.66
97.06
93.83
97.12
95.34
94.92
96.76
96.24
95.78
95.38
97.83
95.54
95.39
90.80
88.05
97.64
94.21
97.30
95.63
97.00
95.95
94.76
97.30
94.19
96.46
97.52
97.71
96.97
94.88
94.75
96.25
94.90
96.15
96.08
97.43
94.75
96.19
95.37
96.52
96.29
96.99
94.85
95.94
96.26
97.00
97.37
92.86
93.34
89.77
95.79
93.21
95.99
92.84
96.33
96.48
94.78
96.94
94.40
97.65
97.17
97.71
96.95
96.45
90.72
95.15
93.56
97.43
89.70
93.04
84.00
97.17
90.84
96.90
95.94
96.72
93.80
95.64
96.91
95.34
97.06
94.50
97.27
94.23
93.07
96.84
96.77
95.46
93.94
97.44
97.10
97.69
96.84
95.03
94.95
89.65
97.65
91.46
97.32
97.69
97.38
95.06
96.70
96.93
96.98
91.35
98.03
94.44
93.01
97.55
95.15
96.31
97.38
95.85
91.28
96.73
95.49
96.98
97.56
95.16
96.76
92.50
96.42
94.70
95.65
96.73
93.36
95.08
95.09
97.31
96.84
96.96
91.61
96.27
97.90
97.65
95.47
96.30
91.68
94.03
92.59
96.86
91.25
96.08
97.74
97.00
95.66
97.13
92.34
94.20
96.59
97.69
95.95
98.06
96.46
95.97
92.04
97.05
97.55
94.86
90.93
89.52
93.07
94.97
96.24
90.04
96.59
96.85
96.98
97.61
96.31
95.63
96.79
96.00
97.36
96.18
95.77
90.31
91.01
93.45
97.20
97.25
96.35
97.65
94.76
95.55
90.61
96.31
96.93
96.22
97.51
85.64
92.97
94.10
96.56
97.75
93.52
91.43
96.64
97.08
95.85
96.42
96.57
91.85
96.54
96.60
94.57
96.20
96.24
97.48
96.87
95.61
93.59
96.21
96.90
96.54
94.77
92.13
91.53
96.99
96.23
97.92
95.78
97.86
97.33
97.22
97.24
97.28
76.81
93.94
92.24
97.72
97.33
96.65
96.63
97.17
95.26
97.53
95.77
97.25
95.53
97.12
95.26
88.57
96.77
96.46
94.11
93.08
96.01
94.82
96.13
96.88
96.83
94.59
97.78
95.87
96.07
96.72
97.76
95.68
94.98
94.60
90.93
96.26
93.12
95.47
95.23
97.32
92.33
97.38
97.54
85.11
96.51
96.56
93.32
96.32
89.18
97.28
96.49
96.88
96.71
97.37
96.83
96.21
95.39
92.98
95.00
95.29
97.00
95.48
95.47
96.32
91.22
96.23
96.20
91.44
97.65
98.12
94.44
96.14
96.32
97.26
96.64
95.60
97.51
96.54
97.23
68.58
95.18
97.44
94.41
92.30
90.99
97.62
97.39
95.75
94.02
95.25
97.03
97.31
94.26
97.51
90.44
97.02
97.34
97.14
97.06
97.11
96.06
96.15
96.89
97.70
97.84
95.59
97.72
97.13
95.82
97.17
96.50
95.19
95.25
94.85
97.46
97.68
96.90
97.80
94.59
96.84
95.58
96.17
97.73
97.50
92.26
96.32
96.79
96.98
95.48
95.72
96.88
94.24
