92.76
96.05
90.10
94.96
92.32
95.07
92.56
94.84
95.56
92.02
93.89
92.16
84.43
69.43
95.17
94.32
88.04
94.65
88.00
96.28
93.79
93.49
95.72
95.58
95.41
90.91
93.62
92.62
95.28
96.14
92.04
91.46
94.86
94.09
94.89
95.66
93.57
95.80
97.32
95.53
96.48
93.45
94.97
92.32
93.47
90.64
96.41
95.01
86.83
93.75
81.80
96.13
87.73
87.60
95.10
94.00
84.36
93.74
90.63
93.90
91.97
78.32
94.08
90.77
83.96
94.50
91.11
95.08
96.07
93.09
92.83
85.36
95.98
94.59
91.74
93.83
93.60
95.22
93.08
95.57
97.02
97.43
95.26
95.95
95.53
95.32
94.39
85.53
95.02
95.72
96.87
93.14
88.07
93.49
93.95
88.11
96.50
93.97
80.31
94.12
96.36
94.90
85.04
91.01
90.72
96.08
96.13
87.46
94.22
91.49
95.51
95.58
90.40
88.06
76.59
93.58
87.24
83.31
95.36
91.60
92.41
84.36
76.31
81.44
94.48
97.13
94.32
96.22
94.25
94.94
94.95
74.04
96.88
85.05
90.18
95.65
80.24
93.60
94.27
92.15
95.02
97.02
95.82
76.98
86.14
95.69
94.65
90.89
92.13
96.04
96.59
92.73
93.57
94.71
88.71
94.39
93.19
95.31
90.38
87.21
82.56
95.52
92.80
96.01
96.45
84.99
94.14
91.85
96.70
94.25
94.81
94.95
95.29
96.34
95.96
88.95
92.87
82.03
93.67
88.47
89.16
80.51
93.00
90.19
92.79
88.92
96.24
95.87
93.23
86.04
94.39
95.34
89.06
91.73
84.98
97.36
92.13
91.14
90.43
94.60
97.00
85.83
89.00
96.47
93.84
92.52
96.05
97.23
93.52
92.95
94.44
96.10
90.62
94.24
94.32
95.95
92.02
88.04
95.28
95.57
93.44
95.27
95.43
95.86
91.27
94.14
91.55
91.91
93.40
87.11
94.16
95.43
90.53
94.28
81.64
87.51
91.40
96.10
96.50
95.82
93.53
93.65
72.32
96.69
95.95
95.97
95.72
95.26
93.84
87.63
96.24
92.73
96.47
92.85
96.26
96.18
96.59
95.71
82.17
94.65
90.91
92.11
95.28
96.31
94.91
90.86
96.07
91.78
95.53
95.38
94.16
93.38
95.25
94.32
96.04
89.64
93.62
94.20
96.16
95.16
92.90
90.79
95.52
83.26
96.58
96.37
95.28
93.07
88.25
87.12
89.61
91.89
94.03
89.26
95.33
91.06
93.28
93.84
95.59
93.98
88.21
88.02
95.78
75.58
93.33
94.19
96.14
95.09
95.32
97.35
90.55
94.81
93.67
95.87
91.05
91.56
89.53
95.91
94.30
81.37
93.85
94.20
96.53
96.06
95.06
91.72
92.35
93.10
90.75
90.50
94.39
91.73
92.50
92.88
96.69
95.64
92.83
94.39
90.83
93.68
94.79
95.69
95.42
89.02
93.61
94.77
93.22
91.23
92.72
91.29
89.02
93.95
91.44
95.78
95.58
94.43
96.10
93.22
93.55
95.15
84.21
91.60
95.73
91.16
94.84
91.05
91.78
96.73
85.93
96.31
92.53
89.53
95.15
88.86
85.83
93.73
92.48
95.20
88.98
93.94
93.63
95.76
95.08
94.90
95.00
96.87
93.06
77.95
95.30
95.95
79.01
93.72
91.91
78.39
88.68
96.62
88.35
94.67
96.45
90.30
82.45
91.81
96.05
92.86
93.87
94.85
95.88
93.90
70.19
95.49
96.36
96.38
92.99
90.26
87.21
67.77
88.88
85.54
83.41
94.63
82.40
95.13
85.75
93.67
94.97
94.09
93.01
96.56
93.91
94.90
90.58
96.72
92.87
91.66
94.56
96.96
92.53
93.27
92.46
95.24
86.70
94.39
88.22
94.37
94.86
88.00
93.04
95.49
82.03
83.83
80.12
86.35
92.97
92.36
93.31
93.71
87.49
95.51
92.21
95.40
93.39
95.64
92.99
84.06
91.93
89.64
95.88
91.18
94.38
93.13
95.47
94.64
96.38
94.05
96.53
94.37
95.30
95.68
94.32
94.80
92.73
96.40
90.94
75.73
88.84
96.51
77.23
94.91
81.15
95.86
95.01
83.56
94.67
95.06
91.58
87.00
95.07
85.14
91.94
94.57
93.37
93.84
96.57
96.15
95.90
92.36
95.99
95.42
91.29
80.38
96.21
96.41
94.60
95.37
89.71
95.48
96.12
78.28
90.99
89.18
96.44
93.58
89.56
93.61
87.66
95.23
97.23
85.67
83.89
89.92
93.33
96.00
90.27
90.41
88.59
87.57
92.16
94.77
90.06
83.69
91.84
91.46
89.75
90.34
92.41
95.86
95.25
89.67
87.48
92.72
95.19
94.27
93.67
90.61
80.27
92.02
95.43
95.26
94.08
94.65
88.94
95.04
95.54
94.01
95.29
93.60
95.47
94.42
95.03
97.07
94.92
88.89
89.05
91.68
85.56
96.97
95.13
95.29
95.92
93.27
88.63
91.77
91.59
97.18
92.81
94.75
89.35
95.29
92.78
94.30
96.48
95.03
86.77
89.78
96.61
94.66
96.44
69.59
94.83
88.22
95.50
91.78
96.18
93.45
93.90
89.95
89.90
93.85
90.99
96.20
94.14
89.91
90.40
83.49
91.61
79.82
94.48
96.80
85.72
95.45
88.74
94.06
95.90
94.20
95.73
95.98
93.85
88.95
95.77
92.23
83.15
46.67
94.37
76.79
84.37
92.98
89.61
87.63
88.07
90.45
94.02
94.13
95.61
93.99
84.00
92.35
84.46
94.50
94.09
91.08
84.70
95.78
92.98
92.03
93.42
96.82
90.27
92.18
92.97
94.18
94.33
95.15
91.59
95.54
94.77
94.93
89.65
88.37
91.97
96.77
92.73
88.87
87.29
90.54
95.01
95.78
96.20
89.88
91.81
86.84
94.91
94.45
92.49
94.18
86.98
92.33
96.13
95.57
96.44
91.25
89.58
95.87
92.29
94.61
95.03
94.95
97.03
95.37
94.72
93.91
95.10
89.20
91.83
93.63
94.73
87.87
96.39
91.05
94.12
94.07
93.33
93.65
93.16
92.01
96.29
96.17
69.63
92.82
96.35
94.37
96.99
87.75
90.59
94.12
82.74
96.05
94.94
94.88
94.45
83.80
94.27
85.37
95.65
94.80
92.34
94.34
92.64
96.66
93.51
92.70
94.90
96.71
91.12
94.04
84.12
93.86
84.97
95.49
92.22
85.39
88.60
93.93
87.99
55.19
93.98
93.07
93.37
92.33
93.57
95.43
85.54
95.70
92.47
84.78
94.26
94.57
94.35
75.71
90.40
96.78
95.85
89.84
96.35
96.31
88.56
83.38
95.96
93.88
87.45
94.04
94.70
75.20
95.47
95.69
96.47
70.59
94.08
93.08
94.59
95.11
93.94
93.97
97.08
95.90
93.30
93.87
95.25
95.45
93.98
90.33
92.25
96.95
71.06
94.97
95.76
88.56
87.75
96.54
94.05
89.97
96.50
97.09
91.49
93.74
93.37
95.98
94.16
95.34
54.85
93.31
78.64
94.31
85.02
82.83
89.21
88.02
87.21
93.11
96.98
94.32
96.08
79.37
92.02
96.16
90.40
91.64
95.27
94.57
92.11
95.49
97.37
94.39
97.16
92.41
93.00
94.03
96.89
91.37
90.38
90.27
94.09
92.63
94.54
91.69
88.95
91.30
92.35
93.02
87.63
89.28
95.64
95.58
94.26
95.65
94.38
75.21
93.64
94.43
91.93
85.89
95.73
74.65
94.57
95.40
95.10
95.00
95.02
94.31
91.14
92.63
95.92
86.66
96.17
95.80
95.15
91.21
90.89
94.08
93.49
82.78
95.99
95.82
94.87
97.08
94.65
96.65
95.91
95.95
96.97
93.85
94.43
95.85
91.91
95.65
92.34
90.98
76.32
95.06
79.08
94.28
89.56
84.44
90.43
95.54
93.55
84.05
96.70
92.70
95.84
86.33
94.90
96.35
92.49
93.13
89.54
91.76
95.28
83.06
91.55
95.42
91.56
95.73
95.97
93.03
94.01
94.22
95.86
74.15
91.65
97.23
92.84
90.42
86.49
92.04
95.80
97.30
95.54
95.22
93.80
88.78
91.70
94.57
95.46
92.10
85.78
90.89
93.33
92.90
96.37
82.14
92.72
85.58
77.86
95.31
88.09
95.21
69.72
62.38
95.64
41.55
87.73
95.82
89.59
89.54
97.00
95.53
91.26
85.80
95.87
87.94
94.15
96.07
95.45
92.69
95.25
93.39
91.73
88.98
88.91
95.35
92.39
89.42
93.08
74.79
89.84
96.19
89.77
94.80
86.06
96.09
