76.70
78.41
82.11
73.29
41.09
70.46
64.78
75.04
56.45
75.08
70.03
61.20
77.67
77.31
53.00
66.58
82.59
66.86
85.68
73.73
85.67
80.41
76.36
73.90
72.90
86.56
68.83
77.75
74.03
69.34
74.90
74.47
44.55
62.73
74.54
64.45
85.52
74.86
82.84
58.71
82.91
89.16
83.93
69.10
18.11
81.32
88.57
72.19
81.01
74.79
81.78
75.78
83.87
62.44
78.92
84.56
78.04
80.98
78.16
68.92
78.94
74.61
64.43
66.94
54.77
58.51
71.28
66.41
69.27
83.28
65.36
74.05
75.43
81.89
73.32
66.96
77.39
67.34
77.72
87.29
77.28
67.76
67.41
87.67
62.21
74.38
77.23
88.35
82.06
46.33
71.52
62.33
72.22
47.21
70.95
81.25
81.54
81.22
62.66
76.54
28.84
79.49
72.35
62.58
84.55
81.82
80.18
82.27
77.61
82.77
57.48
53.26
85.22
88.83
65.48
62.86
75.55
81.01
86.98
86.81
70.50
84.43
84.57
89.07
66.37
82.82
51.41
67.71
87.57
76.01
69.33
72.96
77.97
74.93
79.27
75.20
76.61
87.92
73.58
75.76
84.30
42.27
64.80
73.83
79.79
84.05
35.35
73.09
84.36
79.65
58.71
86.22
53.26
77.58
70.49
83.76
74.06
68.69
78.39
66.71
54.74
81.42
65.51
58.47
82.36
52.00
75.99
73.40
89.65
81.76
69.10
70.87
73.51
70.75
67.16
83.23
84.82
70.53
72.35
58.80
79.75
74.38
73.42
66.95
82.32
82.05
78.97
81.35
69.45
66.79
78.75
76.65
82.46
69.89
57.09
76.47
84.66
75.35
66.29
75.37
64.57
73.92
76.63
81.26
59.18
88.17
78.66
74.68
76.04
73.99
84.92
64.33
74.51
53.06
87.25
51.72
78.06
72.34
68.62
75.10
60.96
81.39
70.05
71.65
77.41
83.03
65.93
80.63
77.49
72.19
89.23
77.01
74.09
75.33
82.42
50.82
69.56
78.46
48.55
81.61
81.71
68.43
77.89
72.48
69.19
80.03
81.86
81.04
85.54
77.84
76.83
60.11
77.06
83.39
74.46
78.09
80.31
68.63
66.11
78.22
83.94
87.96
76.18
69.92
76.13
80.49
64.91
64.66
81.35
56.60
77.78
54.43
83.43
42.31
70.76
80.51
90.04
75.42
64.47
79.90
81.88
87.74
77.18
72.57
79.09
71.76
79.78
86.28
84.23
62.05
72.50
84.83
82.49
77.35
57.00
70.87
84.27
83.25
89.39
81.57
72.48
80.80
78.06
87.06
84.28
83.69
72.25
57.83
82.04
77.36
68.96
72.48
72.80
78.05
61.08
67.43
67.01
84.43
72.88
81.41
60.78
70.80
78.77
78.06
66.12
61.65
68.18
72.45
65.86
62.97
69.66
77.78
70.14
82.19
67.19
74.28
75.15
63.14
78.84
64.12
74.14
61.35
39.02
72.16
82.92
76.70
61.27
76.90
77.98
67.27
80.64
75.06
88.87
80.32
67.85
64.88
78.25
62.13
86.33
75.21
79.56
78.93
77.87
70.96
83.88
61.59
81.11
84.22
80.04
42.50
46.02
81.63
58.38
77.61
85.32
89.32
69.14
73.49
72.34
70.50
57.13
50.14
47.94
69.06
75.29
85.36
59.95
63.19
85.72
77.44
82.93
61.09
77.16
69.47
84.62
72.78
69.15
81.06
80.03
76.47
71.73
83.84
82.28
80.19
69.39
75.94
76.25
67.90
81.69
82.31
85.24
65.84
83.04
66.98
77.53
87.46
52.74
77.64
87.68
80.23
75.46
67.90
74.39
84.67
73.32
72.87
78.33
71.84
86.54
84.69
83.83
81.68
72.13
61.29
60.30
81.79
79.64
78.96
56.44
82.74
73.09
81.97
72.53
75.52
69.52
67.06
71.38
80.25
76.43
77.44
64.92
60.87
75.27
82.28
80.47
33.89
83.72
74.36
81.95
61.68
87.95
77.52
60.66
54.72
80.28
82.65
81.08
80.15
61.85
53.62
79.67
73.77
77.68
88.00
81.80
53.10
68.76
67.57
87.20
78.73
83.97
73.77
90.09
80.33
63.62
84.77
80.15
84.45
73.26
77.37
75.62
86.23
70.17
59.92
74.92
68.64
47.71
79.65
43.73
80.07
83.09
77.98
76.03
75.71
70.72
69.74
78.69
29.91
73.94
74.28
57.69
82.17
82.96
80.39
82.35
86.67
73.47
69.59
47.89
75.16
71.55
68.26
61.42
53.38
84.89
62.26
69.48
75.34
81.32
69.77
77.13
75.24
77.87
87.02
70.12
82.07
70.01
77.06
76.86
77.97
86.30
59.34
62.40
72.27
88.53
55.41
78.99
87.42
67.01
79.84
78.48
81.40
74.74
71.86
59.11
76.42
64.90
78.24
85.31
81.26
79.89
74.44
77.57
44.15
81.54
82.63
66.13
54.71
87.71
62.14
69.63
72.02
73.54
66.86
82.12
83.43
75.92
54.67
85.74
79.54
77.24
75.74
87.12
79.37
87.59
70.65
82.13
76.62
84.16
86.36
83.05
59.66
62.07
53.72
68.04
78.67
76.28
83.48
70.08
76.23
84.36
78.82
76.35
77.75
70.78
59.19
69.87
85.53
45.46
70.39
83.04
77.53
85.45
75.80
79.77
86.82
78.35
59.19
63.91
84.42
76.75
69.34
74.42
68.50
84.90
71.80
65.82
77.86
70.53
82.46
85.50
76.11
82.68
86.23
81.53
76.86
71.89
61.66
76.26
67.97
60.04
80.54
67.83
56.83
77.88
80.59
80.99
68.77
78.40
76.35
62.72
84.98
62.98
69.03
87.34
63.77
74.01
73.86
60.76
72.30
81.97
52.28
86.29
69.94
61.42
61.21
78.64
75.51
64.91
77.44
69.35
76.88
84.12
60.46
82.21
79.41
80.97
80.85
82.78
89.64
74.27
85.72
47.87
79.22
82.44
74.20
85.45
84.36
70.38
64.99
80.25
79.37
80.59
65.64
77.78
82.65
83.94
39.99
80.60
86.17
63.91
76.70
80.59
85.31
71.88
49.99
73.29
75.05
72.08
63.54
69.11
74.48
85.49
46.36
81.53
81.32
80.89
77.03
80.01
80.76
64.27
87.30
78.65
71.43
67.09
82.13
82.90
63.21
68.22
66.64
77.90
81.01
77.78
78.81
69.05
73.44
67.17
70.79
54.18
82.20
66.35
75.22
74.14
56.96
77.30
73.18
76.83
55.33
71.72
72.59
75.30
76.17
62.10
77.85
82.40
66.58
78.67
68.93
49.00
70.83
75.72
84.39
69.37
85.23
85.65
83.93
66.38
79.08
77.86
65.03
77.25
66.51
74.80
68.84
63.16
86.63
74.19
75.85
62.36
50.47
64.48
85.65
83.86
83.15
43.96
82.49
55.09
83.92
65.45
64.50
70.76
76.33
65.74
77.14
73.34
40.85
67.06
67.64
59.76
80.76
72.82
67.07
70.04
74.74
83.33
76.39
76.90
60.05
84.51
67.26
71.11
80.94
62.98
71.15
78.10
81.99
71.05
84.37
49.80
76.35
81.55
81.11
80.30
74.47
72.85
79.80
66.05
78.70
87.54
82.50
73.03
60.60
66.42
77.39
74.84
70.89
80.69
74.39
84.64
53.59
70.02
65.47
80.86
76.96
84.93
68.34
86.57
80.68
31.69
77.58
84.52
83.92
87.56
64.72
89.15
75.79
50.13
49.43
82.68
75.49
34.06
84.65
75.54
78.13
70.20
71.13
83.17
69.97
73.78
85.39
56.96
60.78
40.99
84.30
53.59
71.01
76.58
74.08
62.72
88.15
76.91
67.39
68.91
75.06
41.93
73.59
92.26
77.72
76.76
84.18
68.71
55.43
74.77
67.69
75.94
71.20
43.35
70.99
66.67
84.14
77.88
82.93
71.36
81.19
63.35
41.82
74.40
77.01
77.63
84.19
83.34
78.27
70.03
77.64
75.98
75.99
67.43
78.99
68.91
86.15
85.67
57.90
68.48
71.08
76.25
84.89
70.57
80.90
78.28
69.31
85.19
74.92
78.27
84.31
84.30
66.84
65.04
59.43
81.77
54.22
82.66
80.72
82.15
49.62
73.49
76.14
83.93
80.10
80.80
78.51
85.62
84.84
71.91
56.57
71.23
70.95
69.67
80.10
83.85
68.70
68.64
67.52
80.97
86.14
87.97
86.42
62.64
59.14
83.56
81.72
65.87
78.90
56.55
83.17
41.11
91.62
55.78
63.95
38.64
73.30
78.08
66.06
81.63
56.91
73.88
86.15
76.79
72.89
50.84
67.89
73.84
77.45
68.56
68.43
50.94
66.72
71.66
47.94
69.74
81.53
