44.38
44.38
44.38
44.38
44.38
44.37
44.38
44.38
44.38
44.38
44.39
44.38
44.38
44.38
44.38
44.38
44.38
44.37
44.37
44.37
44.37
44.36
44.36
44.36
44.35
44.36
44.35
44.35
44.35
44.35
44.35
44.35
44.34
44.34
44.34
44.34
44.35
44.35
44.34
44.34
44.34
44.33
44.32
44.32
44.32
44.32
44.32
44.32
44.32
44.32
44.32
44.31
44.31
44.31
44.31
44.30
44.30
44.30
44.30
44.29
44.30
44.29
44.29
44.29
44.29
44.29
44.30
44.30
44.29
44.29
44.29
44.29
44.29
44.29
44.29
44.29
44.28
44.28
44.28
44.28
44.28
44.28
44.28
44.29
44.28
44.28
44.28
44.28
44.28
44.27
44.27
44.27
44.27
44.27
44.27
44.27
44.26
44.26
44.26
44.26
44.26
44.26
44.26
44.25
44.25
44.25
44.25
44.25
44.25
44.25
44.25
44.25
44.24
44.24
44.24
44.24
44.24
44.24
44.23
44.23
44.23
44.23
44.23
44.23
44.23
44.23
44.23
44.22
44.23
44.23
44.22
44.23
44.22
44.22
44.22
44.22
44.22
44.22
44.22
44.22
44.21
44.21
44.21
44.21
44.21
44.21
44.21
44.21
44.20
44.20
44.20
44.19
44.19
44.19
44.19
44.19
44.19
44.19
44.18
44.18
44.18
44.19
44.18
44.18
44.18
44.19
44.18
44.18
44.18
44.17
44.17
44.17
44.17
44.17
44.17
44.17
44.17
44.17
44.17
44.17
44.17
44.17
44.16
44.16
44.16
44.16
44.15
44.16
44.16
44.15
44.16
44.16
44.16
44.16
44.16
44.15
44.15
44.15
44.15
44.15
44.16
44.15
44.15
44.15
44.14
44.14
44.14
44.14
44.14
44.14
44.14
44.14
44.14
44.14
44.14
44.13
44.13
44.13
44.12
44.12
44.12
44.12
44.12
44.11
44.11
44.11
44.11
44.11
44.11
44.11
44.10
44.10
44.10
44.10
44.10
44.10
44.10
44.10
44.10
44.10
44.10
44.09
44.09
44.08
44.08
44.08
44.08
44.08
44.08
44.08
44.08
44.07
44.08
44.08
44.08
44.08
44.08
44.07
44.07
44.07
44.07
44.06
44.06
44.06
44.06
44.05
44.05
44.05
44.05
44.05
44.05
44.05
44.05
44.06
44.05
44.05
44.05
44.05
44.05
44.04
44.04
44.04
44.04
44.04
44.03
44.03
44.02
44.02
44.02
44.01
44.01
44.02
44.02
44.02
44.01
44.01
44.02
44.01
44.02
44.02
44.01
44.01
44.01
44.01
44.00
44.00
44.00
44.01
44.01
44.01
44.01
44.01
44.01
44.01
44.01
44.01
44.00
44.00
44.00
44.00
44.01
44.00
44.00
44.00
44.00
44.00
44.00
44.01
44.01
44.00
44.00
44.00
43.99
43.99
43.99
43.99
43.99
43.99
43.99
43.99
43.99
43.99
43.99
43.99
43.99
43.99
43.99
43.99
43.99
43.99
43.99
43.98
43.98
43.99
43.99
43.99
43.98
43.98
43.98
43.98
43.97
43.97
43.97
43.96
43.96
43.96
43.96
43.96
43.96
43.96
43.96
43.96
43.95
43.95
43.95
43.95
43.95
43.95
43.95
43.96
43.96
43.95
43.95
43.95
43.95
43.94
43.94
43.94
43.94
43.94
43.94
43.94
43.94
43.94
43.94
43.94
43.94
43.94
43.94
43.94
43.94
43.94
43.94
43.94
43.95
43.94
43.94
43.94
43.94
43.94
43.94
43.94
43.94
43.94
43.95
43.95
43.94
43.94
43.94
43.94
43.94
43.94
43.94
43.93
43.93
43.94
43.93
43.93
43.93
43.93
43.93
43.93
43.93
43.93
43.92
43.93
43.93
43.93
43.93
43.93
43.92
43.92
43.93
43.93
43.93
43.93
43.92
43.93
43.92
43.92
43.92
43.91
43.92
43.91
43.91
43.91
43.91
43.91
43.91
43.91
43.91
43.91
43.90
43.90
43.90
43.90
43.89
43.90
43.90
43.89
43.90
43.90
43.90
43.90
43.90
43.90
43.90
43.90
43.91
43.90
43.90
43.90
43.91
43.91
43.91
43.91
43.91
43.91
43.91
43.90
43.90
43.90
43.90
43.90
43.89
43.90
43.89
43.89
43.89
43.89
43.89
43.88
43.88
43.88
43.87
43.87
43.88
43.88
43.88
43.88
43.88
43.88
43.87
43.87
43.87
43.87
43.87
43.86
43.86
43.86
43.86
43.86
43.86
43.86
43.86
43.86
43.86
43.86
43.86
43.86
43.86
43.86
43.86
43.86
43.86
43.86
43.86
43.86
43.85
43.86
43.85
43.85
43.86
43.86
43.85
43.85
43.85
43.85
43.85
43.85
43.85
43.84
43.84
43.84
43.85
43.84
43.84
43.84
43.83
43.83
43.83
43.83
43.84
43.84
43.84
43.84
43.84
43.84
43.85
43.84
43.84
43.84
43.85
43.85
43.85
43.84
43.84
43.84
43.84
43.83
43.83
43.83
43.82
43.82
43.82
43.82
43.81
43.81
43.81
43.81
43.81
43.81
43.81
43.81
43.81
43.81
43.81
43.80
43.81
43.81
43.81
43.81
43.80
43.80
43.81
43.81
43.80
43.80
43.80
43.80
43.80
43.80
43.80
43.80
43.80
43.80
43.79
43.80
43.79
43.79
43.79
43.78
43.78
43.78
43.79
43.78
43.78
43.78
43.78
43.78
43.77
43.77
43.77
43.76
43.76
43.76
43.75
43.75
43.75
43.75
43.75
43.75
43.75
43.75
43.75
43.75
43.75
43.75
43.75
43.74
43.74
43.74
43.74
43.75
43.74
43.74
43.74
43.74
43.74
43.74
43.74
43.73
43.73
43.73
43.73
43.73
43.73
43.73
43.73
43.73
43.73
43.73
43.72
43.72
43.72
43.73
43.72
43.72
43.72
43.71
43.71
43.71
43.71
43.70
43.70
43.70
43.71
43.70
43.70
43.70
43.70
43.70
43.70
43.70
43.70
43.70
43.70
43.70
43.70
43.70
43.70
43.69
43.69
43.69
43.69
43.69
43.69
43.69
43.69
43.69
43.70
43.69
43.69
43.69
43.69
43.69
43.69
43.68
43.68
43.68
43.68
43.68
43.68
43.68
43.68
43.68
43.68
43.68
43.67
43.67
43.67
43.67
43.67
43.67
43.67
43.66
43.67
43.67
43.67
43.67
43.67
43.67
43.67
43.67
43.67
43.67
43.67
43.67
43.67
43.67
43.67
43.68
43.68
43.68
43.67
43.67
43.67
43.67
43.67
43.67
43.67
43.67
43.66
43.66
43.66
43.66
43.66
43.65
43.66
43.65
43.65
43.65
43.65
43.65
43.65
43.65
43.64
43.64
43.63
43.63
43.63
43.63
43.63
43.62
43.62
43.62
43.62
43.62
43.62
43.62
43.62
43.62
43.62
43.62
43.62
43.63
43.63
43.63
43.63
43.63
43.63
43.62
43.62
43.62
43.62
43.61
43.62
43.62
43.61
43.61
43.61
43.61
43.61
43.61
43.61
43.60
43.60
43.60
43.60
43.60
43.60
43.60
43.61
43.61
43.60
43.60
43.60
43.60
43.60
43.60
43.60
43.60
43.59
43.59
43.59
43.59
43.59
43.58
43.59
43.59
43.58
43.58
43.57
43.57
43.57
43.57
43.57
43.57
43.57
43.57
43.57
43.57
43.57
43.57
43.57
43.57
43.57
43.57
43.57
43.57
43.57
43.57
43.57
43.58
43.57
43.57
43.57
43.57
43.56
43.57
43.56
43.56
43.56
43.56
43.56
43.56
43.55
43.55
43.56
43.55
43.55
43.56
43.55
43.56
43.56
43.55
43.55
43.55
43.55
43.55
43.55
43.55
43.55
43.55
43.55
43.54
43.54
43.54
43.54
43.54
43.54
43.53
43.53
43.53
43.52
43.52
43.53
43.52
43.53
43.53
43.53
43.53
43.53
43.53
43.53
43.53
43.53
43.53
43.53
43.53
43.53
43.53
43.53
43.53
43.53
43.53
43.53
43.53
43.52
43.52
43.53
43.52
43.52
43.52
43.52
43.52
43.52
43.52
43.52
43.52
43.52
43.52
43.52
43.52
43.52
43.52
43.52
43.52
43.52
43.53
43.52
43.53
43.52
43.52
43.52
43.52
43.52
43.52
43.52
43.52
43.52
43.51
43.51
43.51
43.50
43.50
43.51
43.51
43.50
43.50
43.50
43.50
43.50
43.50
43.49
43.49
43.49
43.49
43.49
43.48
43.48
43.48
43.47
43.47
43.47
43.47
43.47
43.47
43.47
43.47
43.46
43.46
43.47
43.46
43.46
43.46
43.45
43.45
43.45
43.46
