39.67
38.82
37.28
39.61
39.98
37.59
38.59
38.03
38.57
38.39
38.35
37.43
37.09
37.70
36.88
36.15
35.86
36.27
36.31
35.87
35.25
35.72
35.57
35.23
34.77
34.44
34.69
34.60
34.74
34.76
34.87
35.33
35.08
35.02
35.06
35.44
35.52
35.34
35.45
35.44
35.80
35.73
35.62
35.64
35.74
35.71
35.44
35.69
36.01
36.05
35.89
35.78
35.66
35.68
35.48
35.30
35.30
35.35
35.60
35.69
35.69
35.52
35.37
35.18
35.16
35.60
35.42
35.26
35.23
35.30
35.26
35.12
35.03
34.96
35.28
35.38
35.36
35.24
35.25
35.34
35.40
35.33
35.27
35.33
35.35
35.31
35.40
35.41
35.62
35.59
35.49
35.44
35.52
35.35
35.30
35.35
35.24
35.36
35.42
35.35
35.36
35.41
35.31
35.24
35.42
35.38
35.32
35.27
35.43
35.35
35.28
35.13
35.21
35.42
35.50
35.52
35.49
35.45
35.39
35.35
35.44
35.29
35.26
35.30
35.36
35.39
35.47
35.43
35.32
35.37
35.31
35.27
35.30
35.24
35.33
35.29
35.20
35.16
35.20
35.25
35.30
35.39
35.37
35.30
35.29
35.23
35.20
35.18
35.24
35.23
35.34
35.32
35.43
35.41
35.37
35.40
35.40
35.45
35.45
35.37
35.37
35.44
35.49
35.59
35.56
35.57
35.55
35.58
35.52
35.60
35.63
35.67
35.75
35.82
35.86
35.92
35.87
35.82
35.77
35.80
35.90
36.01
36.05
36.09
36.11
36.07
36.07
36.10
36.12
36.08
36.16
36.24
36.19
36.24
36.18
36.19
36.21
36.20
36.22
36.16
36.19
36.24
36.26
36.26
36.30
36.28
36.24
36.28
36.32
36.29
36.35
36.35
36.37
36.36
36.30
36.35
36.40
36.43
36.42
36.43
36.51
36.48
36.50
36.44
36.44
36.45
36.54
36.52
36.50
36.43
36.43
36.45
36.40
36.45
36.50
36.47
36.43
36.46
36.47
36.40
36.36
36.42
36.41
36.35
36.41
36.41
36.44
36.45
36.42
36.45
36.51
36.47
36.45
36.51
36.56
36.59
36.60
36.56
36.57
36.53
36.56
36.55
36.60
36.64
36.68
36.71
36.69
36.67
36.71
36.71
36.68
36.66
36.75
36.77
36.70
36.73
36.69
36.68
36.63
36.57
36.57
36.53
36.50
36.49
36.48
36.45
36.50
36.51
36.57
36.61
36.60
36.59
36.61
36.58
36.57
36.55
36.56
36.59
36.63
36.65
36.62
36.58
36.56
36.54
36.54
36.55
36.52
36.51
36.55
36.57
36.59
36.58
36.66
36.70
36.66
36.70
36.81
36.79
36.80
36.77
36.81
36.83
36.86
36.86
36.88
36.87
36.91
36.91
36.88
36.91
36.88
36.90
36.94
36.91
36.87
36.85
36.82
36.80
36.77
36.78
36.76
36.73
36.75
36.74
36.75
36.71
36.76
36.74
36.76
36.72
36.68
36.71
36.74
36.75
36.76
36.72
36.78
36.80
36.81
36.78
36.82
36.81
36.81
36.81
36.78
36.73
36.75
36.76
36.78
36.76
36.73
36.75
36.76
36.79
36.80
36.80
36.82
36.78
36.81
36.81
36.80
36.80
36.80
36.78
36.80
36.86
36.87
36.90
36.85
36.87
36.90
36.90
36.86
36.90
36.92
36.87
36.86
36.87
36.85
36.86
36.85
36.84
36.83
36.85
36.82
36.83
36.79
36.81
36.78
36.82
36.84
36.83
36.86
36.85
36.85
36.88
36.86
36.84
36.84
36.81
36.79
36.79
36.81
36.82
36.85
36.85
36.84
36.83
36.80
36.80
36.84
36.79
36.86
36.87
36.89
36.88
36.92
36.92
36.90
36.90
36.92
36.93
36.97
36.99
36.99
37.05
37.04
37.04
37.06
37.04
37.04
37.05
37.05
37.03
37.04
37.01
37.00
36.98
37.01
37.03
37.03
37.03
37.00
36.98
36.98
36.98
37.01
36.99
36.98
36.97
36.96
36.95
36.92
36.90
36.87
36.87
36.88
36.87
36.85
36.85
36.83
36.81
36.81
36.85
36.83
36.84
36.80
36.79
36.79
36.76
36.79
36.76
36.74
36.72
36.69
36.68
36.70
36.71
36.69
36.66
36.65
36.60
36.61
36.60
36.61
36.62
36.60
36.60
36.62
36.62
36.61
36.59
36.60
36.59
36.62
36.67
36.67
36.67
36.66
36.66
36.67
36.68
36.68
36.70
36.71
36.72
36.70
36.68
36.65
36.66
36.68
36.67
36.67
36.67
36.66
36.66
36.71
36.71
36.69
36.72
36.71
36.70
36.68
36.71
36.71
36.73
36.72
36.73
36.73
36.76
36.75
36.72
36.74
36.74
36.75
36.76
36.73
36.71
36.71
36.73
36.75
36.75
36.72
36.73
36.71
36.71
36.70
36.72
36.72
36.72
36.72
36.74
36.73
36.74
36.72
36.71
36.70
36.71
36.70
36.69
36.70
36.69
36.68
36.74
36.75
36.75
36.77
36.79
36.83
36.79
36.80
36.78
36.74
36.75
36.75
36.74
36.78
36.80
36.83
36.84
36.86
36.87
36.86
36.88
36.86
36.89
36.93
36.93
36.92
36.96
36.95
36.94
36.95
36.95
36.93
36.89
36.88
36.87
36.87
36.88
36.88
36.86
36.87
36.85
36.84
36.83
36.80
36.78
36.78
36.82
36.79
36.80
36.79
36.82
36.84
36.85
36.83
36.83
36.82
36.81
36.80
36.79
36.77
36.75
36.75
36.76
36.74
36.72
36.72
36.73
36.73
36.72
36.74
36.75
36.78
36.78
36.77
36.78
36.78
36.78
36.79
36.79
36.80
36.80
36.81
36.80
36.82
36.84
36.82
36.83
36.83
36.82
36.83
36.82
36.81
36.83
36.84
36.83
36.81
36.79
36.78
36.79
36.77
36.78
36.78
36.77
36.77
36.76
36.76
36.75
36.76
36.75
36.77
36.78
36.78
36.77
36.76
36.75
36.77
36.76
36.77
36.77
36.78
36.78
36.78
36.77
36.80
36.78
36.78
36.77
36.76
36.75
36.76
36.74
36.74
36.76
36.78
36.80
36.81
36.80
36.79
36.80
36.82
36.81
36.78
36.76
36.77
36.79
36.77
36.76
36.77
36.77
36.74
36.74
36.72
36.74
36.75
36.77
36.76
36.75
36.77
36.77
36.76
36.76
36.76
36.76
36.76
36.76
36.75
36.74
36.79
36.79
36.80
36.78
36.78
36.79
36.80
36.79
36.80
36.81
36.82
36.81
36.80
36.81
36.81
36.80
36.81
36.81
36.81
36.82
36.82
36.82
36.85
36.86
36.86
36.86
36.86
36.85
36.85
36.85
36.86
36.85
36.84
36.83
36.82
36.81
36.81
36.81
36.79
36.80
36.82
36.82
36.81
36.80
36.80
36.80
36.80
36.80
36.79
36.77
36.77
36.76
36.76
36.76
36.77
36.77
36.77
36.77
36.78
36.80
36.81
36.82
36.83
36.81
36.81
36.84
36.85
36.85
36.85
36.85
36.85
36.88
36.88
36.87
36.88
36.88
36.88
36.86
36.85
36.87
36.90
36.90
36.89
36.91
36.92
36.92
36.92
36.94
36.95
36.95
36.96
36.97
36.96
36.95
36.95
36.97
36.97
36.97
36.97
36.98
36.97
36.97
36.98
36.96
36.99
36.97
36.95
36.96
36.95
36.95
36.95
36.94
36.93
36.94
36.94
36.92
36.92
36.92
36.92
36.90
36.90
36.89
36.90
36.90
36.90
36.90
36.91
36.92
36.91
36.90
36.90
36.89
36.90
36.90
36.89
36.87
36.89
36.89
36.89
36.89
36.89
36.91
36.89
36.90
36.91
36.91
36.91
36.94
36.95
36.96
36.95
36.95
36.95
36.96
36.97
36.97
36.97
36.97
36.95
36.96
36.97
36.98
36.98
36.98
36.97
36.97
36.99
36.99
36.99
37.03
37.03
37.03
37.02
37.01
37.00
37.00
37.01
37.01
37.01
37.02
37.03
37.06
37.05
37.05
37.04
37.04
37.02
37.03
37.03
37.04
37.04
37.06
37.07
37.08
37.09
37.09
37.10
37.10
37.10
37.12
37.13
37.13
37.13
37.13
37.13
37.14
37.13
37.13
37.15
37.17
37.16
37.15
37.15
37.16
37.18
37.18
37.17
37.18
37.18
37.17
37.15
37.15
37.16
37.16
37.15
37.16
37.18
37.21
37.20
37.20
37.21
37.21
37.23
37.22
37.22
37.20
37.21
37.20
37.20
37.20
37.21
37.23
37.23
37.24
37.23
37.23
37.23
37.24
37.22
37.22
