37.23
37.23
37.27
37.27
37.28
37.29
37.30
37.33
37.34
37.36
37.36
37.35
37.34
37.34
37.32
37.33
37.34
37.35
37.35
37.36
37.34
37.34
37.33
37.32
37.33
37.33
37.34
37.34
37.32
37.33
37.32
37.31
37.33
37.35
37.35
37.33
37.32
37.31
37.31
37.32
37.32
37.31
37.31
37.31
37.33
37.34
37.32
37.32
37.29
37.28
37.26
37.24
37.24
37.22
37.22
37.21
37.21
37.20
37.19
37.18
37.17
37.17
37.17
37.17
37.16
37.15
37.16
37.18
37.21
37.20
37.19
37.18
37.18
37.17
37.18
37.19
37.19
37.22
37.22
37.23
37.23
37.23
37.24
37.22
37.24
37.23
37.22
37.24
37.23
37.23
37.23
37.23
37.25
37.23
37.23
37.23
37.22
37.23
37.22
37.21
37.22
37.23
37.25
37.24
37.23
37.23
37.22
37.21
37.20
37.20
37.19
37.18
37.19
37.21
37.21
37.21
37.20
37.20
37.18
37.16
37.15
37.16
37.15
37.16
37.18
37.17
37.16
37.16
37.14
37.17
37.16
37.18
37.18
37.18
37.19
37.18
37.18
37.16
37.16
37.17
37.17
37.18
37.19
37.19
37.18
37.19
37.18
37.19
37.20
37.20
37.19
37.21
37.22
37.21
37.22
37.21
37.19
37.19
37.19
37.17
37.16
37.15
37.15
37.14
37.16
37.17
37.18
37.17
37.16
37.16
37.16
37.18
37.18
37.17
37.16
37.17
37.19
37.19
37.19
37.17
37.16
37.18
37.16
37.17
37.17
37.18
37.16
37.15
37.15
37.15
37.15
37.16
37.15
37.17
37.19
37.17
37.15
37.14
37.13
37.13
37.11
37.12
37.12
37.14
37.13
37.11
37.13
37.13
37.12
37.13
37.13
37.12
37.10
37.11
37.12
37.11
37.10
37.09
37.09
37.09
37.10
37.09
37.09
37.08
37.07
37.07
37.08
37.08
37.07
37.07
37.10
37.12
37.12
37.12
37.11
37.11
37.11
37.11
37.10
37.11
37.12
37.11
37.12
37.12
37.12
37.10
37.13
37.13
37.11
37.13
37.13
37.11
37.11
37.10
37.09
37.11
37.10
37.10
37.10
37.09
37.12
37.11
37.10
37.11
37.11
37.11
37.11
37.12
37.12
37.12
37.12
37.13
37.14
37.13
37.13
37.12
37.12
37.11
37.11
37.13
37.12
37.11
37.09
37.09
37.09
37.07
37.09
37.08
37.07
37.07
37.05
37.06
37.08
37.08
37.07
37.08
37.08
37.08
37.08
37.07
37.06
37.05
37.05
37.05
37.05
37.05
37.06
37.04
37.03
37.03
37.04
37.03
37.02
37.01
37.02
37.00
37.00
37.00
36.98
36.99
37.00
36.99
36.99
37.01
37.01
37.00
37.02
37.02
37.02
37.03
37.03
37.03
37.03
37.02
37.02
37.01
37.02
37.01
37.02
37.02
37.03
37.03
37.01
37.02
37.01
37.00
37.01
37.01
37.01
37.01
37.01
36.99
36.98
36.97
36.98
36.99
36.98
36.99
36.98
36.98
36.99
36.99
37.01
37.01
37.02
37.02
37.03
37.04
37.05
37.04
37.04
37.05
37.03
37.04
37.05
37.05
37.04
37.03
37.03
37.04
37.02
37.02
37.03
37.04
37.06
37.05
37.05
37.06
37.06
37.05
37.06
37.05
37.06
37.07
37.06
37.07
37.06
37.04
37.04
37.04
37.04
37.04
37.03
37.03
37.01
37.01
37.00
36.99
36.99
37.00
37.00
37.00
36.99
36.98
36.99
37.00
36.99
36.99
36.98
36.98
36.97
36.97
36.96
36.97
36.98
36.97
36.96
36.95
36.98
36.98
36.97
36.97
36.96
36.95
36.95
36.95
36.94
36.93
36.94
36.93
36.94
36.94
36.95
36.94
36.92
36.92
36.92
36.93
36.92
36.92
36.92
36.92
36.91
36.93
36.96
36.94
36.94
36.94
36.94
36.97
36.97
36.96
36.97
36.95
36.96
36.98
36.97
36.98
36.98
36.97
36.96
36.96
36.96
36.97
36.98
36.98
36.97
36.99
36.98
36.99
37.00
36.99
37.00
37.02
37.02
37.02
37.01
37.00
36.99
36.99
36.98
36.99
36.99
36.98
36.97
36.96
36.98
36.98
36.98
36.98
36.97
36.97
36.96
36.98
36.99
37.00
37.00
37.00
37.00
37.00
36.98
36.98
36.98
36.99
37.00
37.01
37.01
37.01
37.01
36.99
36.99
36.98
36.97
36.97
36.97
36.97
36.97
36.98
36.98
36.98
36.96
36.95
36.96
36.96
36.96
36.96
36.97
36.95
36.94
36.95
36.96
36.96
36.96
36.96
36.96
36.97
36.99
37.00
37.00
37.00
36.99
37.00
37.00
36.99
36.99
36.98
36.96
36.97
36.96
36.95
36.96
36.97
36.97
36.96
36.96
36.95
36.95
36.95
36.94
36.95
36.95
36.94
36.95
36.94
36.95
36.96
36.94
36.96
36.97
36.97
36.97
36.97
36.96
36.95
36.95
36.94
36.93
36.93
36.92
36.94
36.94
36.95
36.93
36.94
36.94
36.94
36.93
36.92
36.93
36.93
36.94
36.92
36.91
36.92
36.93
36.94
36.95
36.94
36.95
36.96
36.97
36.97
36.96
36.97
36.96
36.96
36.96
36.97
36.98
36.97
36.97
36.98
36.97
36.96
36.98
36.98
36.99
37.01
36.99
36.98
36.97
36.98
36.99
36.98
36.97
36.97
36.98
36.97
36.97
36.96
36.95
36.95
36.96
36.95
36.95
36.94
36.95
36.96
36.96
36.96
36.96
36.96
36.94
36.95
36.94
36.95
36.97
36.97
36.96
36.95
36.95
36.97
36.97
36.97
36.96
36.96
36.95
36.95
36.94
36.94
36.95
36.97
36.97
36.97
36.99
36.98
37.00
36.99
36.97
36.97
36.96
36.96
36.96
36.95
36.96
36.96
36.97
36.97
36.98
36.98
36.98
36.98
36.97
36.97
36.97
36.95
36.96
36.95
36.96
36.96
36.96
36.96
36.97
36.97
36.97
36.97
36.98
36.97
36.97
36.96
36.98
36.97
36.98
36.97
36.99
36.98
36.99
36.99
36.99
36.99
36.99
36.99
37.02
37.01
37.01
37.03
37.02
37.03
37.01
37.02
37.04
37.03
37.03
37.04
37.04
37.04
37.05
37.04
37.04
37.03
37.02
37.03
37.03
37.03
37.03
37.04
37.03
37.03
37.02
37.02
37.03
37.03
37.03
37.02
37.03
37.04
37.05
37.05
37.05
37.06
37.06
37.07
37.07
37.07
37.07
37.08
37.08
37.07
37.08
37.08
37.09
37.08
37.10
37.10
37.09
37.09
37.09
37.09
37.09
37.09
37.09
37.08
37.08
37.08
37.08
37.08
37.07
37.06
37.06
37.07
37.06
37.07
37.08
37.08
37.08
37.07
37.08
37.08
37.07
37.07
37.08
37.09
37.09
37.09
37.09
37.09
37.09
37.08
37.07
37.07
37.06
37.06
37.05
37.04
37.04
37.06
37.09
37.08
37.07
37.08
37.07
37.09
37.10
37.10
37.10
37.09
37.08
37.09
37.09
37.08
37.07
37.06
37.07
37.07
37.08
37.09
37.09
37.09
37.08
37.09
37.08
37.07
37.09
37.09
37.10
37.09
37.10
37.09
37.11
37.10
37.09
37.09
37.08
37.09
37.10
37.10
37.10
37.09
37.09
37.07
37.07
37.07
37.07
37.08
37.07
37.09
37.09
37.09
37.10
37.09
37.10
37.10
37.10
37.09
37.10
37.10
37.09
37.10
37.09
37.10
37.10
37.09
37.10
37.12
37.12
37.13
37.14
37.14
37.13
37.13
37.13
37.12
37.11
37.10
37.10
37.11
37.11
37.10
37.10
37.11
37.11
37.11
37.10
37.11
37.10
37.10
37.09
37.10
37.09
37.09
37.09
37.08
37.08
37.09
37.09
37.08
37.08
37.08
37.07
37.06
37.06
37.05
37.05
37.07
37.08
37.07
37.07
37.06
37.06
37.07
37.06
37.06
37.08
37.09
37.08
37.08
37.08
37.09
37.08
37.08
37.08
37.07
37.07
37.06
37.06
37.06
37.07
37.06
37.06
37.06
37.07
37.06
37.06
37.05
37.06
37.06
37.05
37.08
37.07
37.06
37.05
37.06
37.06
37.06
37.06
37.05
37.04
37.03
37.03
37.03
37.02
37.02
37.03
37.02
37.02
37.01
37.02
37.02
37.01
37.00
37.00
36.99
36.99
36.99
36.99
36.99
36.99
36.99
36.99
36.99
36.98
36.98
36.98
36.99
36.98
36.98
36.99
36.98
36.99
37.00
