39.15
39.15
39.15
39.15
39.15
39.15
39.15
39.15
39.16
39.16
39.16
39.16
39.16
39.16
39.16
39.16
39.16
39.15
39.15
39.15
39.15
39.15
39.16
39.16
39.16
39.16
39.16
39.16
39.16
39.16
39.16
39.16
39.17
39.17
39.16
39.17
39.16
39.16
39.16
39.16
39.16
39.16
39.16
39.16
39.16
39.16
39.16
39.17
39.16
39.16
39.17
39.17
39.17
39.17
39.17
39.17
39.17
39.17
39.18
39.18
39.18
39.18
39.18
39.19
39.19
39.18
39.19
39.18
39.19
39.19
39.19
39.19
39.19
39.18
39.19
39.19
39.18
39.19
39.19
39.18
39.19
39.18
39.18
39.19
39.18
39.18
39.18
39.19
39.19
39.19
39.19
39.19
39.19
39.19
39.19
39.19
39.18
39.19
39.19
39.20
39.20
39.20
39.19
39.19
39.19
39.19
39.20
39.20
39.20
39.20
39.20
39.20
39.20
39.20
39.20
39.20
39.20
39.20
39.20
39.20
39.20
39.20
39.20
39.20
39.20
39.20
39.20
39.20
39.20
39.20
39.19
39.19
39.19
39.20
39.20
39.20
39.20
39.20
39.20
39.20
39.20
39.19
39.20
39.20
39.20
39.19
39.19
39.19
39.19
39.20
39.20
39.20
39.21
39.21
39.21
39.22
39.22
39.22
39.22
39.22
39.22
39.22
39.22
39.22
39.22
39.22
39.22
39.22
39.22
39.22
39.21
39.21
39.22
39.22
39.22
39.22
39.22
39.22
39.22
39.22
39.22
39.22
39.22
39.22
39.23
39.23
39.23
39.24
39.23
39.24
39.24
39.24
39.24
39.24
39.24
39.24
39.25
39.25
39.26
39.26
39.26
39.26
39.26
39.25
39.26
39.26
39.27
39.27
39.27
39.27
39.27
39.27
39.27
39.27
39.27
39.27
39.27
39.27
39.27
39.27
39.27
39.28
39.28
39.28
39.27
39.27
39.28
39.28
39.28
39.28
39.27
39.28
39.28
39.28
39.28
39.28
39.29
39.29
39.29
39.29
39.29
39.30
39.29
39.29
39.30
39.29
39.30
39.30
39.31
39.31
39.31
39.32
39.32
39.32
39.32
39.32
39.32
39.32
39.33
39.33
39.33
39.34
39.34
39.33
39.33
39.33
39.34
39.34
39.34
39.35
39.35
39.35
39.35
39.34
39.34
39.34
39.34
39.34
39.34
39.34
39.34
39.34
39.34
39.34
39.34
39.34
39.35
39.35
39.35
39.35
39.35
39.35
39.35
39.35
39.35
39.35
39.35
39.35
39.35
39.34
39.35
39.34
39.34
39.34
39.35
39.35
39.35
39.35
39.35
39.35
39.35
39.35
39.35
39.35
39.35
39.35
39.34
39.34
39.34
39.35
39.35
39.35
39.35
39.36
39.36
39.35
39.35
39.36
39.37
39.37
39.37
39.36
39.36
39.36
39.36
39.36
39.36
39.36
39.36
39.37
39.37
39.37
39.37
39.37
39.37
39.37
39.37
39.37
39.37
39.37
39.38
39.38
39.38
39.38
39.38
39.38
39.38
39.39
39.39
39.39
39.38
39.38
39.38
39.38
39.38
39.38
39.38
39.38
39.38
39.38
39.38
39.38
39.39
39.39
39.39
39.40
39.40
39.40
39.40
39.40
39.40
39.40
39.40
39.40
39.40
39.40
39.40
39.41
39.41
39.41
39.42
39.42
39.43
39.43
39.43
39.43
39.43
39.43
39.43
39.44
39.44
39.43
39.43
39.44
39.44
39.44
39.44
39.44
39.44
39.44
39.44
39.44
39.44
39.44
39.44
39.44
39.45
39.44
39.45
39.45
39.45
39.45
39.44
39.44
39.44
39.45
39.45
39.45
39.46
39.46
39.46
39.46
39.46
39.46
39.46
39.46
39.47
39.47
39.47
39.47
39.46
39.46
39.46
39.46
39.46
39.46
39.46
39.46
39.47
39.46
39.47
39.47
39.47
39.47
39.46
39.47
39.47
39.47
39.47
39.47
39.47
39.48
39.48
39.48
39.47
39.48
39.47
39.47
39.47
39.48
39.48
39.47
39.48
39.48
39.47
39.47
39.47
39.47
39.47
39.47
39.47
39.47
39.47
39.47
39.47
39.47
39.47
39.46
39.47
39.47
39.47
39.47
39.47
39.47
39.47
39.47
39.47
39.48
39.48
39.48
39.48
39.47
39.47
39.47
39.48
39.48
39.48
39.48
39.48
39.49
39.49
39.49
39.49
39.49
39.49
39.49
39.49
39.49
39.49
39.49
39.50
39.50
39.50
39.51
39.50
39.50
39.50
39.50
39.51
39.50
39.51
39.51
39.50
39.51
39.51
39.51
39.51
39.51
39.51
39.51
39.51
39.52
39.52
39.52
39.52
39.52
39.52
39.52
39.52
39.52
39.51
39.52
39.51
39.52
39.52
39.52
39.52
39.52
39.52
39.52
39.52
39.52
39.51
39.51
39.51
39.51
39.51
39.52
39.52
39.52
39.53
39.53
39.53
39.53
39.54
39.54
39.54
39.55
39.55
39.55
39.55
39.55
39.55
39.55
39.55
39.55
39.55
39.55
39.55
39.55
39.55
39.55
39.56
39.55
39.56
39.56
39.55
39.55
39.55
39.55
39.55
39.55
39.55
39.55
39.55
39.55
39.55
39.55
39.55
39.55
39.55
39.56
39.56
39.56
39.56
39.56
39.56
39.56
39.56
39.56
39.56
39.56
39.55
39.55
39.56
39.56
39.56
39.55
39.55
39.55
39.56
39.56
39.56
39.56
39.56
39.55
39.56
39.56
39.56
39.56
39.56
39.56
39.56
39.57
39.57
39.57
39.57
39.57
39.57
39.57
39.57
39.58
39.57
39.58
39.58
39.57
39.58
39.58
39.58
39.58
39.58
39.58
39.58
39.59
39.58
39.58
39.58
39.58
39.58
39.58
39.58
39.58
39.58
39.58
39.58
39.58
39.59
39.59
39.59
39.59
39.59
39.59
39.59
39.59
39.59
39.59
39.59
39.59
39.60
39.60
39.60
39.59
39.59
39.59
39.59
39.60
39.59
39.59
39.59
39.60
39.60
39.60
39.61
39.61
39.61
39.61
39.61
39.61
39.61
39.61
39.61
39.61
39.61
39.61
39.61
39.61
39.61
39.60
39.60
39.61
39.61
39.61
39.61
39.61
39.61
39.61
39.61
39.61
39.61
39.61
39.61
39.61
39.61
39.61
39.61
39.62
39.62
39.62
39.62
39.62
39.62
39.61
39.61
39.61
39.61
39.61
39.61
39.61
39.61
39.61
39.61
39.61
39.62
39.62
39.62
39.62
39.62
39.62
39.62
39.62
39.62
39.62
39.61
39.61
39.61
39.61
39.61
39.61
39.61
39.61
39.61
39.62
39.62
39.62
39.62
39.62
39.62
39.62
39.63
39.63
39.62
39.62
39.62
39.62
39.62
39.62
39.62
39.62
39.62
39.62
39.62
39.62
39.62
39.62
39.62
39.62
39.62
39.62
39.62
39.62
39.62
39.62
39.62
39.61
39.62
39.62
39.62
39.62
39.62
39.62
39.62
39.62
39.62
39.62
39.62
39.62
39.62
39.62
39.62
39.62
39.62
39.62
39.63
39.62
39.62
39.62
39.62
39.62
39.62
39.62
39.62
39.63
39.62
39.63
39.63
39.63
39.62
39.63
39.63
39.62
39.62
39.62
39.62
39.62
39.62
39.63
39.62
39.62
39.62
39.62
39.63
39.63
39.63
39.63
39.63
39.63
39.63
39.63
39.63
39.63
39.63
39.63
39.63
39.63
39.63
39.64
39.64
39.64
39.64
39.64
39.65
39.65
39.65
39.65
39.65
39.65
39.66
39.66
39.66
39.66
39.66
39.66
39.66
39.66
39.67
39.66
39.66
39.67
39.67
39.67
39.67
39.67
39.67
39.66
39.66
39.67
39.67
39.67
39.67
39.67
39.67
39.67
39.67
39.67
39.67
39.67
39.67
39.66
39.66
39.66
39.66
39.66
39.67
39.66
39.67
39.66
39.67
39.66
39.67
39.67
39.67
39.67
39.68
39.68
39.69
39.69
39.69
39.68
39.68
39.68
39.68
39.69
39.69
39.69
39.70
39.70
39.70
39.69
39.69
39.69
39.69
39.69
39.70
39.70
39.70
39.70
39.70
39.71
39.70
39.71
39.71
39.71
39.71
39.71
39.71
39.71
39.71
39.71
39.71
39.72
39.72
39.72
39.72
39.72
39.73
39.73
39.73
39.74
39.74
39.74
39.74
39.74
39.74
39.74
39.74
39.74
39.74
39.74
39.74
39.74
39.74
39.74
39.74
39.74
39.74
39.75
39.75
39.74
39.75
39.75
39.75
39.75
39.75
39.75
39.75
39.75
39.75
39.75
39.75
39.75
