37.00
36.99
37.00
37.00
36.99
36.99
36.99
36.98
36.97
36.98
36.99
36.99
36.98
36.98
36.99
37.00
37.02
37.01
37.01
37.00
37.00
37.02
37.01
37.00
37.01
37.01
37.00
37.01
37.00
37.00
36.99
37.01
37.00
37.00
37.02
37.02
37.03
37.02
37.02
37.02
37.01
37.02
37.02
37.03
37.02
37.02
37.03
37.03
37.03
37.04
37.04
37.03
37.04
37.03
37.05
37.05
37.05
37.05
37.05
37.04
37.04
37.04
37.03
37.03
37.03
37.01
37.02
37.02
37.04
37.04
37.06
37.06
37.07
37.07
37.08
37.08
37.10
37.10
37.10
37.10
37.10
37.11
37.11
37.10
37.09
37.11
37.11
37.11
37.11
37.10
37.09
37.08
37.10
37.08
37.09
37.11
37.11
37.10
37.10
37.10
37.09
37.09
37.07
37.09
37.10
37.09
37.09
37.09
37.08
37.10
37.12
37.11
37.12
37.11
37.10
37.10
37.11
37.10
37.10
37.10
37.11
37.11
37.11
37.11
37.10
37.10
37.09
37.11
37.11
37.12
37.12
37.11
37.12
37.12
37.12
37.12
37.13
37.13
37.14
37.15
37.15
37.14
37.13
37.12
37.13
37.13
37.12
37.14
37.14
37.14
37.13
37.12
37.14
37.13
37.13
37.13
37.12
37.12
37.11
37.12
37.13
37.13
37.14
37.16
37.17
37.18
37.17
37.19
37.19
37.20
37.19
37.18
37.18
37.19
37.18
37.18
37.17
37.18
37.19
37.20
37.20
37.20
37.19
37.19
37.20
37.20
37.20
37.20
37.21
37.21
37.21
37.22
37.21
37.21
37.21
37.21
37.22
37.22
37.21
37.22
37.21
37.23
37.23
37.25
37.26
37.26
37.26
37.26
37.26
37.28
37.27
37.27
37.27
37.29
37.29
37.28
37.28
37.28
37.29
37.28
37.28
37.28
37.30
37.30
37.31
37.30
37.29
37.29
37.30
37.32
37.32
37.32
37.33
37.33
37.34
37.33
37.34
37.35
37.34
37.34
37.35
37.35
37.35
37.37
37.37
37.37
37.38
37.39
37.38
37.38
37.39
37.38
37.39
37.39
37.40
37.40
37.40
37.39
37.38
37.38
37.39
37.39
37.39
37.40
37.40
37.40
37.40
37.39
37.38
37.38
37.39
37.38
37.38
37.36
37.37
37.36
37.37
37.36
37.36
37.35
37.36
37.36
37.36
37.38
37.38
37.39
37.41
37.42
37.43
37.41
37.41
37.40
37.42
37.41
37.40
37.40
37.42
37.42
37.42
37.43
37.43
37.44
37.45
37.45
37.46
37.46
37.46
37.46
37.45
37.45
37.45
37.46
37.45
37.45
37.45
37.46
37.46
37.47
37.47
37.48
37.48
37.48
37.49
37.50
37.49
37.50
37.50
37.50
37.50
37.49
37.49
37.49
37.48
37.48
37.47
37.48
37.48
37.48
37.49
37.49
37.48
37.47
37.49
37.48
37.49
37.49
37.50
37.50
37.51
37.51
37.51
37.50
37.50
37.50
37.49
37.48
37.48
37.48
37.48
37.48
37.48
37.48
37.49
37.48
37.49
37.49
37.49
37.48
37.49
37.49
37.49
37.48
37.48
37.47
37.47
37.48
37.49
37.51
37.51
37.51
37.51
37.52
37.52
37.52
37.52
37.52
37.53
37.52
37.53
37.53
37.53
37.54
37.55
37.55
37.54
37.55
37.55
37.55
37.56
37.56
37.56
37.57
37.58
37.58
37.58
37.58
37.58
37.59
37.59
37.60
37.61
37.61
37.62
37.63
37.62
37.62
37.61
37.61
37.61
37.62
37.64
37.63
37.62
37.62
37.64
37.63
37.64
37.64
37.64
37.64
37.64
37.64
37.67
37.67
37.66
37.67
37.68
37.69
37.69
37.69
37.69
37.70
37.71
37.71
37.70
37.69
37.69
37.70
37.70
37.69
37.68
37.68
37.68
37.68
37.68
37.69
37.69
37.69
37.70
37.69
37.68
37.68
37.68
37.67
37.68
37.69
37.69
37.68
37.67
37.68
37.68
37.70
37.71
37.72
37.72
37.71
37.71
37.70
37.71
37.71
37.72
37.72
37.72
37.73
37.72
37.73
37.72
37.72
37.72
37.72
37.72
37.72
37.71
37.71
37.70
37.71
37.70
37.70
37.69
37.69
37.69
37.69
37.69
37.68
37.68
37.69
37.68
37.67
37.67
37.67
37.67
37.67
37.67
37.67
37.68
37.67
37.67
37.66
37.65
37.65
37.65
37.66
37.66
37.66
37.67
37.67
37.68
37.69
37.68
37.69
37.70
37.69
37.70
37.70
37.70
37.71
37.72
37.72
37.72
37.72
37.73
37.72
37.71
37.73
37.74
37.74
37.73
37.73
37.73
37.73
37.74
37.74
37.74
37.73
37.73
37.72
37.73
37.73
37.74
37.74
37.74
37.74
37.75
37.74
37.75
37.75
37.75
37.75
37.75
37.74
37.73
37.73
37.73
37.72
37.71
37.71
37.71
37.71
37.72
37.72
37.71
37.71
37.71
37.71
37.71
37.70
37.70
37.70
37.71
37.72
37.71
37.72
37.72
37.71
37.70
37.70
37.71
37.71
37.70
37.71
37.71
37.71
37.71
37.70
37.71
37.70
37.69
37.70
37.70
37.69
37.70
37.71
37.70
37.70
37.71
37.70
37.70
37.70
37.69
37.69
37.69
37.70
37.70
37.71
37.71
37.71
37.70
37.70
37.71
37.71
37.72
37.72
37.72
37.73
37.73
37.73
37.73
37.72
37.72
37.72
37.71
37.72
37.72
37.72
37.72
37.72
37.72
37.71
37.71
37.71
37.71
37.70
37.71
37.72
37.73
37.72
37.72
37.73
37.72
37.72
37.73
37.72
37.73
37.74
37.74
37.74
37.74
37.74
37.75
37.76
37.76
37.75
37.75
37.75
37.74
37.74
37.73
37.73
37.73
37.73
37.73
37.73
37.72
37.72
37.72
37.72
37.72
37.73
37.74
37.74
37.73
37.74
37.76
37.75
37.74
37.74
37.74
37.73
37.73
37.73
37.72
37.73
37.73
37.74
37.74
37.73
37.73
37.74
37.74
37.73
37.73
37.72
37.73
37.72
37.72
37.72
37.73
37.72
37.72
37.72
37.72
37.72
37.72
37.72
37.71
37.71
37.72
37.72
37.72
37.72
37.72
37.72
37.71
37.72
37.72
37.72
37.73
37.74
37.73
37.73
37.72
37.73
37.73
37.72
37.73
37.72
37.72
37.72
37.73
37.73
37.72
37.72
37.74
37.73
37.74
37.75
37.75
37.75
37.74
37.73
37.74
37.74
37.73
37.74
37.74
37.75
37.75
37.75
37.75
37.75
37.75
37.76
37.76
37.76
37.75
37.75
37.75
37.75
37.75
37.74
37.74
37.74
37.74
37.74
37.73
37.73
37.73
37.74
37.74
37.75
37.74
37.75
37.74
37.74
37.74
37.73
37.72
37.72
37.72
37.73
37.73
37.73
37.72
37.73
37.73
37.74
37.74
37.73
37.73
37.74
37.73
37.73
37.73
37.73
37.72
37.73
37.73
37.74
37.74
37.74
37.73
37.74
37.74
37.74
37.73
37.73
37.72
37.72
37.71
37.72
37.72
37.72
37.71
37.72
37.72
37.73
37.72
37.73
37.73
37.72
37.72
37.71
37.72
37.72
37.72
37.71
37.71
37.72
37.72
37.73
37.74
37.75
37.75
37.75
37.75
37.75
37.75
37.74
37.74
37.73
37.73
37.73
37.73
37.73
37.72
37.72
37.72
37.73
37.73
37.73
37.73
37.72
37.71
37.71
37.70
37.70
37.71
37.71
37.70
37.71
37.71
37.71
37.71
37.71
37.70
37.70
37.71
37.71
37.70
37.70
37.71
37.70
37.71
37.71
37.71
37.71
37.70
37.70
37.69
37.69
37.69
37.70
37.70
37.70
37.70
37.69
37.69
37.68
37.69
37.69
37.69
37.69
37.70
37.70
37.70
37.71
37.72
37.72
37.72
37.72
37.71
37.71
37.71
37.71
37.72
37.71
37.71
37.71
37.71
37.71
37.70
37.71
37.72
37.73
37.73
37.73
37.74
37.73
37.73
37.74
37.74
37.74
37.75
37.75
37.75
37.77
37.76
37.78
37.78
37.79
37.78
37.79
37.80
37.80
37.81
37.80
37.79
37.79
37.79
37.78
37.78
37.78
37.79
37.79
37.80
37.81
37.82
37.84
37.84
37.84
37.84
37.84
37.84
37.85
37.85
37.85
37.85
37.84
37.85
37.85
37.85
37.85
37.85
37.84
37.84
37.84
37.84
37.84
37.84
37.83
37.83
37.82
37.82
37.82
37.81
37.81
37.81
37.80
37.80
37.80
