96.13
96.43
96.39
96.50
96.63
96.43
96.59
96.71
96.59
96.20
96.39
96.85
96.50
96.83
95.93
96.28
96.48
96.26
96.30
96.51
96.57
96.47
96.57
96.12
96.43
96.36
96.44
96.51
96.48
95.87
96.67
95.81
96.41
96.09
96.41
96.48
96.48
96.02
96.57
96.06
96.60
96.41
96.64
96.54
95.98
96.47
96.37
96.47
96.25
96.60
96.42
96.02
96.50
96.71
95.65
96.11
96.27
95.93
96.82
96.36
96.19
96.13
96.58
95.89
96.50
96.62
97.11
96.68
96.51
96.38
96.87
96.56
96.70
95.27
96.41
96.60
96.59
96.07
96.04
96.45
96.80
96.34
96.36
96.17
96.25
96.51
96.56
96.54
96.50
96.59
96.23
96.16
96.39
96.17
96.66
96.54
96.43
96.64
96.40
96.23
95.98
96.50
96.52
96.83
96.63
96.29
96.58
96.63
96.47
96.45
96.63
96.56
96.71
96.54
96.48
96.60
96.29
96.03
96.57
96.79
96.45
95.97
95.86
96.41
96.27
96.54
96.33
96.64
96.60
95.86
96.26
96.03
96.28
96.75
96.57
96.64
96.69
96.44
96.77
96.32
96.32
95.76
96.51
96.27
96.36
96.16
96.47
96.12
96.24
96.06
96.56
95.22
96.24
96.38
96.63
96.87
96.60
96.25
96.07
95.90
96.46
96.08
95.97
96.11
96.06
96.56
96.20
96.81
96.34
96.34
96.35
96.61
96.52
96.25
96.58
96.51
96.25
96.11
96.10
96.53
96.77
96.34
96.70
96.58
96.54
96.47
96.28
95.85
96.42
96.59
96.48
96.42
96.74
96.81
96.63
96.37
96.34
96.20
95.83
96.19
96.41
96.72
96.52
96.76
96.85
96.71
96.00
96.69
96.17
96.74
96.54
96.22
96.72
96.79
96.35
96.18
96.49
96.46
96.40
96.44
96.49
96.70
96.38
96.61
96.41
95.78
96.65
96.57
95.62
96.48
96.37
96.67
96.62
96.09
96.64
96.46
96.20
96.64
96.27
96.42
96.09
96.62
95.77
96.42
96.40
96.44
96.65
96.51
96.16
96.37
96.24
96.57
96.42
96.34
96.36
96.58
96.42
96.38
96.37
96.31
96.74
96.47
96.61
96.53
96.71
96.11
96.39
96.96
96.21
96.26
96.27
96.50
96.44
95.72
96.82
96.25
96.71
96.56
96.49
96.31
96.72
96.16
96.75
96.42
96.65
96.36
96.46
96.35
96.17
96.30
96.51
96.63
96.49
96.76
96.28
96.16
96.60
96.79
96.19
95.72
96.72
96.72
96.65
96.25
96.35
96.76
96.26
96.22
96.56
96.45
96.51
96.60
96.41
96.01
96.66
96.50
96.61
96.34
96.52
96.59
96.36
96.60
96.43
96.78
96.55
96.39
96.61
96.69
96.55
96.47
96.11
96.39
96.20
96.53
96.43
95.60
96.82
96.52
96.80
96.08
96.27
96.54
96.02
96.16
96.01
96.38
96.13
95.96
96.43
96.93
96.85
96.54
96.04
96.43
96.23
96.18
95.71
95.98
96.63
96.62
96.57
96.54
96.54
96.57
96.20
96.28
96.18
96.70
96.64
96.17
96.66
96.17
96.65
96.72
96.40
96.76
96.56
96.84
96.55
96.75
96.17
96.52
96.63
96.41
96.38
96.44
96.36
96.02
96.34
96.41
96.73
96.72
96.09
95.90
96.11
96.63
95.99
96.70
96.37
96.40
96.05
96.51
96.64
96.20
96.24
96.56
96.22
96.74
96.39
96.34
96.31
96.41
96.51
96.37
96.29
96.75
96.55
96.41
96.39
96.73
95.79
96.19
96.57
96.49
96.08
96.41
96.23
96.18
96.30
96.49
96.32
96.80
96.18
96.46
96.68
96.14
95.84
96.27
96.61
96.43
96.30
96.50
95.70
96.32
95.69
96.74
96.03
96.48
96.78
96.36
96.48
96.47
95.81
96.33
96.24
95.59
96.78
96.42
96.92
96.26
96.49
96.27
96.37
96.38
96.77
96.31
96.52
96.73
96.42
96.64
96.75
96.08
95.94
96.64
96.11
96.07
96.48
96.21
96.40
96.22
96.12
96.26
96.03
96.00
96.43
96.65
96.20
96.22
95.61
96.56
96.64
96.64
96.34
96.32
96.65
96.51
96.60
96.59
95.52
96.55
95.64
96.40
96.54
96.51
96.36
96.46
96.37
96.64
96.54
96.43
96.66
96.34
96.43
96.60
96.78
96.64
96.55
96.27
96.13
96.69
96.91
96.27
96.73
96.37
96.24
96.37
96.69
94.98
96.19
96.45
96.49
96.27
96.87
95.88
96.43
96.41
96.50
96.78
96.68
96.54
96.06
96.14
96.85
96.31
96.70
96.58
96.89
96.79
96.42
96.29
96.45
96.41
96.56
96.53
96.64
96.82
96.10
96.38
96.00
96.70
96.65
96.18
95.99
96.41
96.27
96.57
96.75
96.52
96.04
96.72
96.23
96.45
95.53
96.37
96.87
96.48
96.53
96.14
95.98
96.61
96.22
96.08
96.46
96.08
96.52
96.65
96.34
96.49
96.04
96.37
96.50
96.37
96.47
96.55
96.42
96.80
96.61
96.59
96.51
96.65
96.32
96.21
96.25
96.79
96.47
96.42
96.64
96.38
96.20
96.65
96.47
96.97
96.39
96.70
96.47
96.25
96.59
96.50
96.12
96.55
96.14
96.30
96.19
96.67
96.39
96.58
96.34
96.37
96.55
96.35
96.51
96.41
96.34
96.06
96.35
96.84
96.59
96.20
96.76
96.55
96.41
96.39
96.59
96.01
96.74
96.41
96.16
95.82
96.29
96.47
96.25
95.77
96.17
96.25
96.09
96.27
96.61
96.73
96.47
96.36
96.14
96.07
96.63
96.59
96.54
96.71
96.08
96.42
96.13
96.67
96.54
96.79
95.68
96.40
96.76
96.59
95.98
96.56
96.57
96.24
96.13
96.36
96.30
96.31
96.63
96.49
95.97
96.54
96.31
96.37
96.36
96.23
96.33
96.19
96.14
96.68
96.77
96.64
96.86
96.40
96.42
96.75
96.85
96.39
96.62
96.34
96.35
96.65
96.66
96.36
96.57
96.73
95.96
96.82
96.85
96.63
96.42
96.43
96.48
96.67
96.02
96.37
96.54
96.69
96.63
95.87
95.53
96.68
96.38
96.20
96.81
96.22
96.18
96.28
96.41
96.95
96.34
96.16
96.56
96.58
95.78
96.70
96.36
96.00
96.35
96.21
96.38
95.99
96.46
96.55
95.88
96.54
96.28
96.49
96.33
95.50
96.46
96.26
96.78
96.45
96.30
96.63
96.49
96.42
96.38
96.55
96.75
96.38
96.73
96.54
96.57
96.38
96.39
96.36
96.60
96.82
96.38
96.17
95.94
96.87
96.85
96.44
96.38
96.38
96.52
96.35
96.43
96.11
97.04
96.45
96.76
96.03
96.37
96.60
96.36
96.60
96.52
96.56
96.46
96.70
96.83
96.17
96.68
96.03
96.69
96.34
96.00
96.72
96.49
96.41
95.78
96.31
96.73
96.45
96.58
96.70
96.79
96.53
96.07
96.61
96.57
96.23
96.56
96.53
96.55
96.37
96.10
96.18
96.34
96.56
96.34
96.77
96.05
96.73
96.45
96.52
95.83
95.97
96.31
96.56
96.43
95.67
96.93
96.87
96.63
96.22
96.56
96.59
96.55
96.28
96.08
96.27
95.98
96.75
96.54
96.11
96.29
96.49
96.81
96.40
96.27
96.54
96.70
96.65
96.52
96.02
96.43
96.64
96.21
96.20
96.68
96.36
96.54
96.30
96.36
95.96
96.59
96.40
96.18
96.47
96.48
96.18
96.53
96.50
96.31
96.28
96.71
96.32
96.55
96.34
96.39
96.52
96.34
96.17
96.45
96.43
96.25
96.37
96.53
96.46
96.79
96.36
96.50
95.62
96.60
96.37
95.35
96.78
96.39
96.74
95.63
96.50
96.82
96.05
96.19
96.36
96.49
96.49
96.59
96.23
96.07
96.66
96.56
96.68
96.39
96.41
96.36
96.29
96.65
96.46
96.61
95.41
96.17
96.20
96.78
96.29
96.37
96.08
96.21
96.15
96.36
96.04
96.57
96.74
96.26
96.27
96.71
96.72
96.30
96.43
96.43
96.79
96.64
96.46
96.24
96.74
96.60
96.65
96.16
96.39
96.00
96.42
96.60
96.24
96.40
96.11
96.66
96.67
96.59
96.33
96.36
96.50
96.10
96.46
96.66
96.08
96.45
96.49
96.82
96.78
96.67
96.66
96.63
96.73
96.55
96.69
96.49
96.48
96.84
96.05
96.30
96.35
96.58
96.46
96.79
96.41
96.35
95.58
96.50
96.81
