95.40
96.57
95.80
96.19
96.44
96.69
96.24
96.03
96.41
96.15
96.65
96.33
96.22
96.05
96.60
96.24
96.35
96.69
96.57
96.30
96.27
96.02
96.39
96.72
96.58
95.44
96.52
96.25
95.92
96.32
96.81
96.06
96.01
96.18
96.45
96.37
96.21
96.22
96.16
96.00
95.73
96.27
96.37
96.39
96.36
96.32
95.93
96.52
96.03
96.58
96.04
96.10
96.38
96.67
96.65
96.42
96.25
95.67
96.33
96.28
96.84
96.13
96.25
96.11
96.19
96.57
96.64
95.62
96.42
96.55
96.28
95.83
96.28
96.65
96.50
96.27
96.46
96.69
96.23
96.14
95.87
95.86
96.23
96.56
96.00
96.16
96.39
96.13
96.15
96.32
96.11
95.72
96.44
96.15
95.86
96.52
96.33
96.63
96.38
96.38
96.00
96.41
96.40
96.70
96.23
96.81
96.12
96.56
96.63
96.58
95.68
96.66
96.84
96.21
96.36
96.30
96.47
96.24
96.28
96.46
96.28
96.36
96.53
95.97
96.53
96.39
96.60
96.28
96.23
96.38
96.24
96.22
96.75
96.44
95.56
95.76
95.92
96.32
96.29
96.21
96.23
96.01
96.47
96.26
96.60
96.46
96.38
96.31
96.74
96.10
96.40
96.33
96.22
96.10
96.43
96.27
96.26
96.22
96.69
96.29
95.96
96.73
95.18
96.32
96.34
96.23
96.44
96.18
96.45
96.42
96.18
95.18
96.05
96.29
96.41
95.75
96.14
96.37
96.45
96.18
95.48
96.54
96.58
96.59
96.60
96.63
96.05
96.30
96.21
95.88
96.46
96.63
96.04
96.45
96.41
96.61
96.62
96.15
96.36
95.99
96.73
96.22
96.26
96.32
95.89
96.07
96.57
96.01
96.18
96.39
96.30
96.28
96.65
96.42
96.35
96.21
96.84
96.06
96.39
96.63
96.43
96.08
95.78
96.50
96.47
96.36
96.27
96.25
95.79
96.30
96.14
96.59
96.51
96.32
95.94
96.10
96.50
95.60
96.47
95.81
96.28
96.25
96.48
95.14
96.49
96.44
96.19
96.58
96.35
96.36
96.48
96.57
96.86
96.25
95.77
96.67
96.55
96.41
96.23
96.11
96.57
96.57
96.52
96.39
96.41
96.12
96.56
96.66
96.62
96.23
96.49
95.98
96.39
96.52
96.54
95.66
96.23
96.32
96.48
95.85
96.56
96.26
96.46
96.21
96.72
96.25
96.07
96.64
95.88
96.73
96.07
96.00
96.03
96.44
96.44
96.16
96.70
96.70
96.19
96.48
96.42
96.77
96.11
96.51
96.29
96.56
96.31
95.96
96.55
96.60
96.39
96.24
95.82
96.36
96.86
96.70
95.79
96.18
96.16
96.12
95.91
96.30
96.15
96.04
96.39
96.59
95.97
95.82
95.30
96.38
96.60
95.60
96.31
96.52
96.09
96.40
96.44
96.58
96.38
96.00
96.15
96.68
96.23
96.23
96.34
96.04
96.34
96.48
96.75
96.53
96.62
96.12
96.03
96.11
96.30
96.36
96.19
96.56
96.13
96.82
96.56
96.16
96.45
95.99
96.38
95.78
96.27
96.48
96.54
94.71
96.17
96.17
96.42
96.54
96.67
96.48
96.25
96.33
96.86
96.69
96.76
95.94
96.38
96.61
96.38
95.94
96.44
96.02
96.26
95.96
96.20
96.63
96.59
96.44
95.97
96.40
96.05
96.48
96.37
96.11
96.30
96.37
96.11
96.63
95.97
96.34
96.15
96.55
96.31
96.27
96.43
96.12
96.57
96.61
96.03
96.35
96.31
96.63
96.15
96.30
96.08
96.35
96.08
95.98
96.11
96.43
96.36
96.00
96.24
95.78
96.02
96.25
95.75
96.23
96.99
96.38
95.82
96.34
96.21
96.64
96.35
96.49
96.59
96.12
96.11
96.21
96.08
96.49
96.59
96.34
96.33
96.22
96.42
96.14
96.12
96.25
96.41
96.54
96.22
96.10
96.06
96.51
96.19
96.67
96.50
96.09
96.55
95.93
95.84
96.39
96.16
96.61
96.27
96.77
96.03
96.10
96.40
95.97
96.55
96.65
96.37
96.32
95.83
96.00
96.24
96.28
96.07
96.45
96.37
96.32
96.63
96.32
96.50
96.17
96.43
95.93
96.44
96.18
96.02
95.74
95.91
95.98
96.56
96.24
96.12
96.09
96.50
95.07
96.43
95.96
96.22
96.23
96.17
96.62
96.54
96.40
96.35
96.46
96.24
96.37
96.24
96.44
96.45
96.08
96.12
96.11
96.50
96.69
96.12
96.21
96.53
96.43
96.01
96.52
95.73
96.43
96.34
96.51
96.26
96.53
96.24
96.53
96.34
96.00
96.38
96.32
96.33
96.38
96.28
95.94
96.12
95.75
96.62
96.49
96.05
96.74
96.38
96.14
96.32
96.45
96.47
96.13
96.34
96.14
96.48
96.61
96.45
96.76
96.93
96.48
95.89
95.90
96.40
96.35
96.53
96.39
96.55
96.61
95.76
96.49
96.22
96.22
96.45
95.51
96.19
96.42
95.93
96.14
96.30
96.42
96.34
96.60
95.92
96.38
95.94
96.07
96.12
96.24
96.06
96.47
96.46
96.12
96.48
96.59
96.70
96.42
96.35
96.25
96.80
96.33
95.64
96.09
96.44
96.44
96.51
95.53
96.68
96.52
95.85
96.75
96.38
96.29
96.30
95.02
96.26
96.07
96.14
96.48
96.30
96.37
96.67
96.10
96.48
95.98
96.27
96.31
96.38
95.74
96.64
96.49
96.29
96.34
95.96
96.11
96.41
96.20
96.50
96.19
96.39
95.90
96.56
96.16
96.20
96.64
96.06
96.40
96.38
96.35
95.60
96.20
96.29
96.56
96.75
96.17
96.34
96.32
96.40
96.36
95.79
96.26
96.47
96.37
96.55
96.09
96.24
96.39
96.65
96.29
96.17
96.28
95.87
96.42
95.96
96.29
96.57
96.40
96.14
96.07
96.45
96.56
96.44
96.41
96.53
96.29
96.41
96.58
96.46
96.22
96.49
96.84
96.50
95.82
96.18
96.21
96.66
96.47
96.39
96.16
96.56
96.53
96.53
95.90
96.28
96.47
96.36
96.44
95.89
96.36
96.32
96.47
95.71
95.71
96.63
96.43
96.07
96.34
96.31
96.31
96.02
96.60
96.33
96.24
96.27
96.00
95.75
96.25
96.23
96.41
96.43
96.65
96.14
96.56
96.56
96.61
96.60
96.33
96.30
96.10
96.42
95.81
95.68
96.31
96.08
96.43
96.13
96.01
96.02
96.47
96.47
96.51
96.42
95.64
96.69
96.00
96.27
96.34
96.43
96.53
96.69
96.15
96.39
96.42
96.40
96.14
96.22
96.51
96.58
96.27
96.03
96.25
96.52
96.04
96.61
96.53
96.60
96.48
96.45
96.49
95.96
95.37
96.53
96.16
96.47
96.06
96.12
96.45
96.08
96.23
95.97
96.63
95.83
96.58
96.39
96.24
96.15
95.77
96.48
96.56
96.26
96.25
96.50
96.41
96.64
96.08
96.31
96.27
95.99
96.03
96.27
96.44
95.97
96.07
96.15
96.56
96.15
96.52
95.86
96.08
96.44
96.68
96.57
96.58
96.23
95.97
96.50
96.72
96.22
96.17
96.37
95.72
96.50
96.23
96.39
96.17
96.40
96.63
95.66
96.57
95.91
96.07
96.55
96.08
96.30
96.39
96.00
96.12
96.43
96.27
96.23
96.11
96.41
95.48
96.51
96.48
96.42
96.43
95.74
96.59
96.48
95.96
96.32
96.58
96.36
96.34
96.49
96.11
96.11
96.78
96.49
96.62
95.98
96.49
96.38
96.14
96.45
96.29
96.13
96.10
96.31
96.15
96.26
96.52
95.85
96.39
96.22
96.30
96.48
95.75
96.20
96.02
95.68
95.78
96.09
96.35
96.39
96.46
96.62
96.16
96.51
96.33
96.08
96.65
96.13
95.64
96.32
96.23
96.56
96.40
96.20
96.21
96.85
96.06
96.53
95.82
96.44
96.51
95.90
95.91
96.57
96.31
96.03
95.79
96.14
96.22
96.06
96.43
95.85
96.53
96.39
96.43
96.30
96.53
96.24
96.26
96.31
96.64
95.84
95.89
96.34
96.18
96.31
96.73
96.40
96.32
95.93
96.42
95.67
96.17
96.00
96.04
96.30
95.86
96.07
96.45
95.72
96.61
96.65
96.42
96.31
96.34
96.22
96.67
96.30
96.21
95.95
96.13
96.46
96.23
96.19
96.61
96.29
96.65
96.79
96.13
96.40
95.77
96.48
96.36
96.80
96.12
96.42
96.37
96.17
96.22
96.59
95.94
96.60
95.61
96.01
96.81
