0.6159
0.7494
0.7831
0.8067
0.8135
0.8226
0.8302
0.8341
0.8375
0.8413
0.8419
0.8459
0.8490
0.8489
0.8526
0.8511
0.8519
0.8544
0.8570
0.8578
0.8599
0.8575
0.8595
0.8639
0.8633
0.8612
0.8620
0.8625
0.8617
0.8662
0.8671
0.8798
0.8902
0.8941
0.8983
0.8992
0.9014
0.9020
0.9039
0.9050
0.9070
0.9064
0.9072
0.9084
0.9079
0.9111
0.9093
0.9114
0.9121
0.9128
0.9136
0.9131
0.9131
0.9155
0.9139
0.9168
0.9153
0.9163
0.9184
0.9173
0.9179
0.9204
0.9195
0.9212
0.9212
0.9225
0.9213
0.9219
0.9218
0.9221
0.9217
0.9224
0.9227
0.9222
0.9219
0.9231
0.9245
0.9234
0.9237
0.9238
0.9232
0.9246
0.9246
0.9233
0.9235
0.9245
0.9256
0.9239
0.9248
0.9242
0.9254
0.9266
0.9240
0.9254
0.9260
0.9259
0.9238
0.9245
0.9236
0.9245
0.9221
0.9272
0.9233
0.9241
0.9251
0.9248
0.9253
0.9257
0.9251
0.9242
0.9252
0.9253
0.9265
0.9243
0.9261
0.9262
0.9251
0.9255
0.9250
0.9245
