0.8123
0.8680
0.8778
0.8831
0.8905
0.8964
0.8973
0.8998
0.9042
0.9054
0.9082
0.9111
0.9085
0.9111
0.9116
0.9149
0.9175
0.9149
0.9178
0.9174
0.9178
0.9220
0.9195
0.9220
0.9225
0.9222
0.9250
0.9244
0.9264
0.9260
0.9272
0.9413
0.9568
0.9602
0.9646
0.9661
0.9681
0.9707
0.9700
0.9718
0.9721
0.9737
0.9742
0.9757
0.9755
0.9741
0.9767
0.9758
0.9778
0.9774
0.9768
0.9783
0.9785
0.9787
0.9792
0.9801
0.9812
0.9794
0.9802
0.9823
0.9814
0.9808
0.9819
0.9828
0.9829
0.9841
0.9834
0.9836
0.9834
0.9848
0.9826
0.9833
0.9827
0.9841
0.9842
0.9842
0.9829
0.9826
0.9839
0.9847
0.9845
0.9844
0.9843
0.9845
0.9849
0.9856
0.9856
0.9853
0.9853
0.9844
0.9851
0.9844
0.9851
0.9855
0.9845
0.9842
0.9848
0.9848
0.9856
0.9863
0.9850
0.9859
0.9856
0.9859
0.9856
0.9860
0.9858
0.9851
0.9856
0.9855
0.9860
0.9846
0.9845
0.9856
0.9858
0.9849
0.9860
0.9852
0.9854
0.9850
