97.69
97.45
97.62
97.79
97.67
97.92
97.56
97.46
97.72
97.79
97.57
97.68
97.51
97.53
97.32
97.75
97.67
97.62
97.56
97.69
97.68
97.47
97.49
97.56
97.68
97.45
97.67
97.71
97.66
97.66
97.49
97.71
97.66
97.52
97.66
97.87
97.62
97.58
97.72
97.60
97.31
97.79
97.54
97.57
97.68
97.76
97.51
97.59
97.60
97.68
97.69
97.31
97.56
97.65
97.62
97.57
97.66
97.57
97.67
97.60
97.62
97.81
97.76
97.72
97.56
97.64
97.56
97.56
97.77
97.76
97.52
97.62
97.80
97.64
97.69
97.55
97.60
97.72
97.58
97.58
97.67
97.76
97.61
97.62
97.70
97.72
97.73
97.62
97.53
97.87
97.56
97.71
97.66
97.62
97.56
97.51
97.88
97.64
97.73
97.42
97.69
97.74
97.44
97.87
97.44
97.72
97.65
97.67
97.43
97.51
97.66
97.55
97.61
97.61
97.57
97.61
97.58
97.67
97.73
97.65
97.82
97.67
97.85
97.65
97.69
97.68
97.87
97.71
97.72
97.48
97.70
97.60
97.62
97.59
97.64
97.60
97.46
97.73
97.67
97.71
97.71
97.60
97.63
97.59
97.57
97.72
97.77
97.74
97.62
97.61
97.61
97.33
97.47
97.69
97.75
97.79
97.60
97.71
97.50
97.61
97.64
97.46
97.43
97.62
97.64
97.41
97.63
97.62
97.75
97.54
97.67
97.69
97.66
97.68
97.58
97.48
97.60
97.59
97.48
97.69
97.78
97.50
97.55
97.82
97.71
97.76
97.79
97.39
97.71
97.41
97.63
97.65
97.86
97.69
97.51
97.53
97.46
97.61
97.47
97.66
97.64
97.57
97.54
97.40
97.64
97.45
97.68
97.66
97.77
97.69
97.52
97.56
97.48
97.62
97.69
97.53
97.45
97.63
97.60
97.59
97.69
97.76
97.82
97.65
97.58
97.64
97.75
97.80
97.52
97.51
97.77
97.69
97.59
97.51
97.80
97.65
97.57
97.57
97.69
97.44
97.52
97.50
97.64
97.72
97.54
97.61
97.59
97.67
97.69
97.69
97.24
97.50
97.63
97.70
97.65
97.64
97.54
97.45
97.62
97.33
97.75
97.80
97.61
97.57
97.60
97.75
97.57
97.55
97.68
97.64
97.68
97.50
97.31
97.68
97.47
97.56
97.79
97.56
97.75
97.73
97.64
97.38
97.49
97.57
97.54
97.78
97.56
97.59
97.53
97.49
97.76
97.76
97.63
97.51
97.71
97.76
97.60
97.62
97.75
97.73
97.81
97.39
97.53
97.60
97.67
97.62
97.65
97.67
97.38
97.60
97.53
97.41
97.58
97.50
97.66
97.56
97.48
97.62
97.29
97.53
97.68
97.74
97.70
97.75
97.65
97.52
97.69
97.62
97.47
97.72
97.45
97.72
97.41
97.57
97.76
97.68
97.71
97.72
97.49
97.43
97.63
97.75
97.49
97.65
97.75
97.88
97.30
97.75
97.47
97.57
97.77
97.65
97.41
97.66
97.77
97.58
97.61
97.40
97.78
97.54
97.64
97.84
97.88
97.68
97.78
97.71
97.75
97.62
97.61
97.52
97.40
97.65
97.60
97.74
97.69
97.59
97.74
97.88
97.78
97.70
97.70
97.60
97.56
97.62
97.55
97.56
97.57
97.53
97.44
97.46
97.62
97.60
97.59
97.70
97.79
97.66
97.62
97.91
97.88
97.55
97.53
97.80
97.68
97.61
97.55
97.78
97.49
97.46
97.45
97.74
97.69
97.52
97.51
97.66
97.56
97.60
97.62
97.64
97.44
97.55
97.39
97.65
97.73
97.50
97.66
97.66
97.53
97.66
97.65
97.68
97.69
97.62
97.29
97.62
97.54
97.52
97.56
97.38
97.69
97.64
97.51
97.61
97.41
97.81
97.68
97.55
97.51
97.68
97.58
97.53
97.57
97.58
97.62
97.59
97.70
97.49
97.65
97.47
97.49
97.59
97.62
97.65
97.80
97.75
97.71
97.46
97.81
97.55
97.70
97.85
97.63
97.72
97.37
97.73
97.75
97.59
97.51
97.65
97.68
97.53
97.58
97.52
97.53
97.37
97.70
97.71
97.60
97.64
97.59
97.59
97.60
97.58
97.65
97.53
97.56
97.54
97.54
97.59
97.77
97.54
97.60
97.64
97.46
97.57
97.60
97.66
97.79
97.70
97.74
97.69
97.69
97.37
97.65
97.47
97.81
97.73
97.78
97.48
97.60
97.72
97.45
97.78
97.67
97.50
97.58
97.57
97.62
97.58
97.40
97.59
97.37
97.39
97.58
97.72
97.61
97.59
97.58
97.58
97.65
97.82
97.64
97.59
97.62
97.64
97.69
97.67
97.71
97.58
97.57
97.82
97.71
97.72
97.61
97.61
97.72
97.66
97.63
97.65
97.38
97.64
97.46
97.55
97.58
97.75
97.73
97.44
97.65
97.36
97.61
97.79
97.60
97.44
97.85
97.64
97.65
97.78
97.51
97.65
97.44
97.69
97.61
97.53
97.53
97.61
97.64
97.40
97.76
97.52
97.54
97.73
97.64
97.64
97.45
97.40
97.55
97.50
97.75
97.50
97.66
97.67
97.55
97.83
97.61
97.38
97.81
97.62
97.56
97.44
97.63
97.54
97.52
97.63
97.65
97.51
97.77
97.72
97.62
97.65
97.61
97.59
97.67
97.73
97.85
97.65
97.60
97.55
97.45
97.85
97.68
97.64
97.44
97.71
97.63
97.50
97.51
97.59
97.75
97.58
97.63
97.54
97.74
97.57
97.74
97.55
97.56
97.62
97.42
97.53
97.76
97.69
97.53
97.64
97.46
97.53
97.66
97.62
97.55
97.45
97.69
97.65
97.69
97.66
97.61
97.71
97.57
97.59
97.49
97.46
97.65
97.71
97.61
97.50
97.62
97.54
97.53
97.71
97.68
97.50
97.56
97.60
97.68
97.54
97.60
97.63
97.74
97.66
97.66
97.51
97.66
97.57
97.41
97.78
97.40
97.77
97.62
97.74
97.69
97.39
97.77
97.89
97.62
97.55
97.62
97.71
97.61
97.59
97.67
97.74
97.58
97.78
97.70
97.60
97.65
97.61
97.50
97.53
97.68
97.77
97.55
97.66
97.62
97.59
97.63
97.57
97.54
97.63
97.66
97.61
97.74
97.49
97.72
97.55
97.55
97.55
97.73
97.63
97.78
97.77
97.58
97.72
97.58
97.77
97.49
97.54
97.70
97.59
97.67
97.42
97.66
97.60
97.58
97.40
97.54
97.69
97.59
97.74
97.50
97.63
97.64
97.43
97.50
97.41
97.79
97.65
97.51
97.85
97.51
97.71
97.63
97.71
97.66
97.71
97.61
97.74
97.40
97.64
97.69
97.70
97.51
97.66
97.63
97.52
97.56
97.64
97.68
97.59
97.71
97.84
97.56
97.66
97.58
97.70
97.69
97.63
97.72
97.53
97.63
97.65
97.76
97.51
97.83
97.76
97.71
97.91
97.64
97.77
97.62
97.57
97.66
97.86
97.75
97.49
97.84
97.59
97.72
97.66
97.46
97.63
97.26
97.70
97.48
97.75
97.63
97.50
97.66
97.70
97.62
97.69
97.48
97.77
97.69
97.54
97.69
97.61
97.56
97.71
97.44
97.60
97.49
97.52
97.63
97.61
97.63
97.68
97.47
97.54
97.72
97.54
97.75
97.62
97.84
97.55
97.79
97.60
97.71
97.63
97.38
97.64
97.71
97.63
97.41
97.69
97.59
97.76
97.68
97.77
97.65
97.74
97.54
97.57
97.73
97.65
97.58
97.43
97.55
97.63
97.62
97.62
97.53
97.39
97.51
97.75
97.61
97.56
97.64
97.63
97.65
97.49
97.39
97.61
97.73
97.70
97.77
97.59
97.60
97.73
97.62
97.70
97.50
97.72
97.49
97.71
97.68
97.71
97.42
97.41
97.58
97.73
97.58
97.61
97.72
97.59
97.54
97.63
97.56
97.75
97.58
97.57
97.61
97.59
97.65
97.59
97.77
97.71
97.51
97.53
97.66
97.76
97.38
97.63
97.59
97.53
97.70
97.59
97.78
97.61
97.61
97.54
97.54
97.75
97.62
97.63
97.38
97.58
97.67
97.53
97.62
97.54
97.73
97.68
97.50
97.49
97.70
97.57
97.73
97.68
97.72
97.64
97.54
97.68
97.78
97.77
97.54
97.51
97.59
97.55
97.49
97.56
97.68
97.55
97.65
97.53
97.65
97.63
97.56
97.72
97.64
97.52
97.66
97.59
97.51
97.66
97.72
97.37
97.61
97.61
97.68
97.63
97.69
97.66
97.58
97.60
97.44
97.73
97.69
97.56
97.82
97.79
97.72
97.57
