96.56
96.38
96.74
96.27
96.34
96.36
96.26
96.19
96.36
96.21
96.28
96.64
96.15
96.48
96.38
96.19
96.31
96.39
96.22
96.73
96.27
96.20
96.61
96.11
96.25
96.41
96.45
96.36
96.37
96.65
96.38
96.49
96.47
96.35
96.27
96.23
96.22
95.98
96.26
96.42
96.40
96.12
96.42
96.20
96.52
96.47
96.34
95.78
96.44
96.38
96.14
96.50
96.72
96.56
96.37
96.30
96.43
96.29
96.46
96.68
96.42
96.51
96.28
96.48
96.66
96.29
96.52
96.54
96.26
96.64
96.41
96.29
96.03
96.35
96.32
96.25
96.46
96.54
96.43
96.59
96.33
96.54
96.32
96.76
96.59
96.35
96.67
96.58
96.31
96.32
96.14
96.24
96.58
96.48
96.42
96.18
96.14
96.12
96.62
96.14
96.35
96.42
96.19
96.32
96.61
96.55
96.44
96.54
96.39
96.66
96.50
96.45
96.48
96.50
96.51
96.50
96.54
96.40
96.36
96.60
96.48
96.42
96.38
96.47
96.63
96.47
96.49
96.35
96.55
96.43
96.50
96.44
96.20
96.34
96.23
96.40
96.38
96.61
96.51
96.68
96.54
96.04
96.56
96.49
96.53
96.52
96.49
96.36
96.31
96.12
96.58
96.44
96.53
96.49
96.40
96.30
96.45
96.12
96.35
96.77
96.68
96.00
96.32
96.41
96.46
96.15
96.35
96.49
96.43
96.57
96.26
96.43
96.45
96.71
96.28
96.46
96.03
96.18
96.30
96.41
96.51
96.55
96.15
96.58
96.53
96.35
96.52
96.02
96.47
96.41
96.54
96.49
96.47
96.37
96.43
96.41
96.47
96.31
96.26
96.48
96.53
96.33
96.68
96.66
96.43
96.44
96.29
96.76
96.47
96.27
96.57
96.65
96.11
96.46
96.51
96.30
96.47
96.42
96.45
96.32
96.22
96.11
96.30
96.59
96.47
96.42
96.41
96.45
96.00
96.50
96.46
96.68
96.34
95.98
96.20
96.53
96.10
96.55
96.29
96.65
96.67
96.60
95.95
96.30
96.58
96.36
96.52
96.61
96.37
96.25
96.45
96.45
96.13
96.54
96.36
96.22
95.82
96.44
96.59
96.74
96.32
96.15
96.46
96.35
96.36
96.18
96.61
96.12
96.39
96.16
96.60
96.50
96.48
96.69
96.40
96.40
96.52
96.39
96.56
96.39
96.49
96.39
96.30
96.36
96.29
96.43
96.69
96.55
96.52
96.80
96.44
96.55
96.16
96.23
96.48
96.28
96.49
96.48
96.32
96.52
96.31
96.38
96.55
96.35
96.38
96.48
96.41
96.65
96.35
96.34
96.34
96.39
96.57
96.37
96.50
96.27
95.90
96.12
96.60
96.12
96.50
96.21
96.41
96.57
96.61
96.26
96.24
96.27
96.12
96.42
96.23
96.37
96.51
96.37
96.29
96.27
96.25
96.13
96.05
96.50
95.98
96.51
96.17
96.48
96.49
96.67
96.46
96.24
96.57
96.47
96.53
96.28
96.35
96.32
96.37
96.33
96.62
96.35
96.14
96.25
96.44
96.60
96.35
96.71
96.48
96.36
96.54
96.37
96.08
96.49
96.44
96.34
96.36
96.70
96.24
96.03
96.61
96.54
96.06
96.14
96.69
96.44
96.08
96.21
96.71
96.60
96.41
96.29
96.35
96.50
96.64
96.42
96.51
96.62
96.54
96.25
96.63
96.72
96.42
96.58
96.34
96.52
96.47
96.60
96.58
96.59
96.50
96.39
96.31
96.49
96.53
96.63
96.62
96.37
96.55
96.18
96.67
96.58
96.76
96.55
96.57
96.33
96.56
96.33
96.36
96.59
96.31
96.44
96.69
96.53
96.58
96.26
96.19
96.45
96.61
95.96
96.23
96.08
96.54
96.30
96.63
96.29
96.57
96.66
96.42
96.30
96.43
96.33
96.74
96.30
96.39
96.55
96.26
96.60
96.64
96.29
96.53
96.45
96.22
96.31
96.64
96.16
96.54
96.57
96.57
96.50
96.35
96.71
96.80
96.27
96.41
96.52
96.36
96.72
96.51
96.62
96.35
96.31
96.40
96.67
96.48
96.46
96.52
96.40
96.43
96.29
96.49
96.62
96.54
95.94
96.40
96.29
96.41
96.60
96.35
96.53
96.33
96.41
96.71
96.48
96.22
96.36
96.40
96.37
96.48
96.23
96.40
96.37
96.05
96.56
96.58
96.51
96.58
96.11
96.17
96.47
96.35
96.44
96.30
96.13
96.51
96.68
96.36
96.38
96.60
96.30
96.49
96.54
96.53
96.63
96.58
96.29
96.66
96.19
96.56
96.21
96.53
96.06
96.28
96.65
96.44
96.29
96.56
96.54
96.46
96.56
96.20
96.54
96.55
96.18
96.60
96.38
96.57
96.53
96.33
96.40
96.58
96.37
96.48
96.40
96.35
96.68
96.51
96.43
96.30
96.65
96.52
96.31
96.49
96.33
96.42
96.51
96.33
96.48
96.48
96.37
96.77
96.42
96.48
96.37
96.46
96.43
96.53
96.38
96.68
96.41
96.48
96.32
96.43
96.19
96.30
96.61
96.46
96.50
96.21
96.62
96.56
96.65
96.44
96.66
96.15
96.15
96.36
96.16
96.27
96.53
96.43
96.46
96.13
96.28
96.65
96.39
96.59
95.78
96.44
96.35
96.56
96.43
96.07
96.61
96.41
96.51
96.42
96.36
96.36
96.54
96.34
96.36
96.22
96.42
96.51
96.46
96.39
96.44
96.16
96.49
96.38
96.54
96.26
96.63
96.47
96.47
96.29
96.45
96.35
96.60
96.35
96.37
95.92
96.70
96.46
96.60
96.32
96.52
96.00
96.49
96.39
96.24
96.65
96.49
96.10
96.31
96.31
96.47
96.14
96.61
96.29
96.57
96.63
96.18
96.52
96.39
96.28
96.50
96.20
96.61
96.43
96.41
96.44
96.47
96.28
95.96
96.44
96.45
96.51
96.20
96.52
96.29
96.48
96.02
96.58
96.50
96.59
96.60
96.38
96.19
96.60
96.50
96.07
96.55
96.52
96.04
96.43
96.41
96.48
96.50
96.44
95.98
96.64
96.57
96.32
96.53
96.44
96.36
96.32
96.43
96.53
96.50
96.52
96.05
96.41
96.47
96.54
96.38
96.44
96.58
96.29
96.43
96.57
96.55
96.53
96.36
96.60
96.47
96.62
96.31
96.54
96.65
96.14
96.13
96.30
96.49
96.36
96.75
96.40
96.36
96.31
96.61
96.58
96.63
96.38
96.55
96.54
96.58
96.39
96.23
96.51
96.64
96.52
96.29
96.28
96.22
96.56
96.62
96.35
96.17
96.27
96.43
96.22
96.47
96.62
96.43
96.63
96.45
96.60
96.51
96.39
96.48
96.06
96.55
96.42
96.38
96.47
96.25
96.28
96.35
96.48
96.25
96.22
96.30
96.51
96.55
96.49
96.55
96.24
96.12
96.44
96.29
96.55
96.61
96.49
96.35
96.72
96.18
96.48
95.96
96.50
96.57
96.56
96.27
96.38
96.51
96.36
96.28
96.65
96.49
96.55
96.52
96.43
96.19
96.53
96.07
96.16
96.62
96.28
96.44
96.10
96.42
96.26
96.44
96.09
96.64
96.17
96.50
96.67
96.63
96.49
96.42
96.24
96.31
96.03
96.76
96.32
96.64
96.33
96.42
96.75
96.44
96.42
96.30
96.47
96.62
96.62
96.41
96.35
96.46
96.38
96.38
96.49
96.48
96.28
96.24
96.47
96.16
96.31
96.36
96.28
96.72
96.37
96.80
96.37
96.77
96.67
96.37
96.32
96.57
96.17
96.52
96.29
96.43
96.07
96.15
96.67
96.50
96.30
96.35
96.69
96.50
96.64
96.30
96.25
96.26
96.56
96.56
96.52
96.69
96.33
96.21
96.27
96.37
96.45
96.50
96.02
96.46
96.42
96.52
96.60
96.56
96.30
96.46
96.07
96.27
96.45
96.53
96.46
96.51
96.64
96.43
96.57
96.46
96.54
96.40
96.41
96.56
96.08
96.63
96.15
96.45
96.61
96.34
96.19
96.53
96.61
96.24
96.27
96.24
96.39
96.29
96.56
96.26
96.32
96.59
96.35
96.40
96.42
96.34
96.57
96.16
96.37
96.67
96.41
96.53
96.10
96.31
96.31
96.53
96.43
96.57
96.34
96.64
96.39
96.40
96.39
96.59
96.70
96.63
96.44
96.47
96.32
96.46
96.43
96.37
96.45
96.45
96.37
96.31
96.30
96.67
96.39
96.40
96.49
96.36
96.71
96.68
96.62
95.79
96.24
96.51
96.44
96.51
96.24
95.65
96.29
96.39
96.35
96.11
96.43
96.53
96.50
96.68
