96.99
97.02
96.82
97.11
96.54
96.85
96.67
96.85
97.09
96.86
96.91
96.89
96.37
96.84
97.02
96.69
96.68
97.03
97.01
96.79
96.89
96.59
96.95
96.94
96.91
96.73
96.75
96.50
96.93
97.03
96.73
97.00
97.14
96.93
96.83
97.21
97.11
96.98
96.96
96.80
96.96
97.11
96.67
96.84
97.13
96.90
96.81
96.86
97.04
96.94
96.90
96.79
96.68
96.88
96.49
96.87
96.96
96.65
97.07
97.09
96.82
96.83
96.80
96.61
97.08
97.06
96.66
96.67
97.14
97.20
96.93
96.99
96.97
96.88
97.04
96.87
96.86
96.52
96.96
97.17
97.03
96.75
96.88
97.03
96.98
97.02
96.73
96.74
96.74
96.88
96.98
97.12
96.27
96.92
96.93
96.68
96.70
96.47
96.84
96.90
96.61
96.53
96.99
96.91
96.70
96.77
96.81
96.59
96.76
96.88
95.85
96.70
96.93
96.82
96.95
96.68
96.80
96.96
96.71
97.19
96.97
97.03
96.91
96.59
96.69
96.85
96.71
96.78
96.83
96.66
96.84
97.15
96.83
96.82
96.96
96.57
96.32
97.06
97.11
97.05
96.45
96.59
96.81
97.00
96.85
96.84
96.75
96.84
96.71
96.83
96.76
96.97
96.88
96.65
96.90
96.88
96.88
96.96
96.47
96.40
97.12
96.97
97.03
97.12
96.85
97.02
96.64
96.67
96.95
97.13
96.69
96.95
97.01
96.93
96.82
96.77
96.81
96.88
96.89
96.87
96.58
96.37
96.69
96.96
96.64
96.89
96.90
96.92
96.82
96.86
96.92
96.94
96.62
96.88
97.03
96.68
97.08
96.97
97.04
96.83
96.82
97.02
96.54
97.16
96.90
96.34
96.85
96.88
96.62
97.06
96.35
96.74
96.94
97.10
96.92
97.08
96.88
97.15
96.33
96.95
97.23
96.84
96.28
96.81
96.87
96.98
96.55
96.75
96.74
97.21
96.85
96.66
97.00
96.43
96.72
96.83
97.10
96.67
96.87
97.05
96.85
96.93
96.82
96.81
96.86
96.81
96.98
96.88
96.88
97.18
96.41
96.89
96.54
96.76
96.90
96.74
96.79
96.80
96.96
96.63
96.62
96.87
96.62
97.05
97.12
96.93
97.07
97.08
96.74
96.90
96.87
96.86
96.73
96.74
97.04
96.49
96.67
96.74
96.90
96.90
96.71
96.90
96.84
96.75
97.06
96.85
96.79
96.91
96.74
96.70
96.85
96.64
96.68
97.05
96.80
96.75
96.64
96.60
97.13
96.90
96.90
96.68
96.84
96.91
96.79
96.84
96.79
96.91
96.81
96.85
96.75
96.99
96.85
96.81
96.62
96.73
96.75
96.96
96.55
97.06
96.66
96.59
96.85
96.73
96.73
96.81
96.68
97.04
96.69
96.58
96.78
96.46
96.45
96.88
96.71
96.96
96.83
96.91
96.27
96.93
96.59
96.96
96.67
96.26
97.04
96.03
97.05
96.97
96.97
96.60
96.75
96.85
96.90
96.83
97.02
96.64
97.10
96.85
96.62
96.99
97.03
97.02
96.90
96.67
97.05
96.41
96.56
96.86
96.89
96.79
97.06
96.48
96.84
96.93
96.71
96.57
97.03
97.08
96.74
96.92
96.69
96.87
96.80
96.83
96.97
96.99
96.99
96.91
96.90
96.95
96.83
96.78
96.90
97.34
96.68
97.00
96.52
97.01
96.83
96.64
96.72
96.96
96.85
96.91
96.86
96.19
97.00
96.78
97.02
96.93
96.82
96.94
97.05
96.68
97.12
96.65
96.82
96.82
96.71
96.85
96.60
97.08
97.05
97.10
96.45
96.79
96.98
97.04
96.64
96.93
96.61
96.54
96.74
96.85
96.89
96.81
97.14
96.90
96.71
96.67
96.76
97.06
96.91
96.78
96.75
96.68
96.91
97.07
96.78
96.99
97.10
96.91
96.87
96.64
96.92
96.64
96.81
96.87
96.94
96.85
96.73
96.49
96.77
96.44
97.02
96.95
97.10
96.28
96.69
96.96
96.94
96.44
96.97
96.71
97.10
97.03
96.93
96.75
96.84
97.28
96.85
96.27
96.57
96.78
96.51
97.00
97.12
96.48
97.11
96.88
96.87
96.81
97.09
96.87
96.73
96.84
96.84
96.53
96.91
96.80
96.41
96.97
97.09
96.57
96.78
96.86
96.66
97.04
96.56
96.93
96.86
96.67
96.90
96.74
96.90
96.95
97.08
96.54
96.72
97.07
96.94
96.68
96.94
96.80
97.21
96.75
96.73
96.71
96.99
97.15
96.94
96.90
96.34
96.97
97.14
96.98
96.95
96.94
96.68
96.91
97.00
96.92
97.21
96.84
96.86
97.14
96.89
96.95
96.81
97.03
96.81
96.94
96.85
97.10
96.70
96.54
96.68
97.10
96.48
96.61
96.96
96.87
96.24
96.88
96.77
96.02
97.07
96.82
96.71
96.80
96.65
96.98
97.02
97.10
96.96
96.80
96.65
96.65
96.95
97.03
96.87
96.50
96.84
96.71
96.83
96.76
97.11
96.83
97.04
96.97
97.06
96.68
96.85
97.02
96.83
96.88
97.10
96.88
96.88
96.90
96.78
96.68
96.72
97.22
96.97
96.89
96.62
97.06
97.04
96.72
96.48
96.80
96.87
96.26
97.00
97.04
96.34
96.77
96.73
96.93
96.89
96.99
96.56
96.89
97.00
96.69
96.95
96.86
96.87
96.76
97.07
96.80
96.91
96.90
96.59
96.96
96.64
96.95
96.71
96.97
96.96
96.48
97.27
97.12
96.85
97.12
96.88
97.03
96.31
96.97
96.42
96.72
97.01
96.75
96.66
97.17
96.87
96.94
96.64
96.91
96.70
96.71
96.51
96.98
96.41
96.61
96.77
96.96
96.72
96.76
96.37
96.94
96.76
96.89
96.89
96.77
96.79
96.95
96.95
96.64
96.98
96.97
96.55
96.47
96.88
97.03
96.85
96.83
96.92
96.89
96.87
96.97
96.75
96.75
97.08
96.51
96.78
97.16
96.95
96.75
96.71
96.45
96.98
96.97
96.84
96.97
96.92
96.92
96.65
97.08
96.76
96.41
96.74
96.88
96.62
96.80
97.00
96.88
96.69
96.69
96.59
96.71
97.00
96.91
96.64
96.71
96.92
96.87
96.59
97.18
97.01
96.88
97.03
96.92
97.08
96.64
96.58
96.81
97.19
96.75
96.82
96.93
96.77
97.14
96.76
96.74
96.55
97.06
96.75
96.78
96.87
96.76
96.46
96.74
96.80
96.96
96.85
96.83
96.99
96.74
96.74
96.74
97.04
96.68
96.85
96.90
96.70
97.00
96.73
96.39
96.81
96.60
96.95
96.96
96.84
96.84
96.94
96.86
97.06
97.04
96.20
96.72
96.65
96.67
96.81
96.73
96.84
96.72
97.07
96.69
96.75
97.09
96.67
97.07
96.93
96.95
96.83
96.80
96.81
97.01
96.51
96.81
96.77
97.07
96.94
96.70
96.89
96.66
97.00
96.60
96.81
96.78
96.81
96.74
96.66
96.94
96.90
96.85
96.66
96.85
96.73
96.70
96.66
96.86
96.74
97.07
96.83
96.60
96.54
96.96
96.96
96.93
96.68
96.98
96.99
97.10
96.91
96.86
97.01
97.17
96.67
97.02
96.63
97.01
96.88
97.08
96.78
96.85
96.96
96.72
97.09
96.83
96.83
96.70
96.78
96.76
96.63
96.74
96.63
96.61
96.57
96.86
97.03
96.53
96.79
96.44
96.61
96.45
97.01
96.81
96.68
96.62
96.41
96.87
96.90
96.66
96.94
96.80
96.69
97.04
96.93
96.96
96.59
96.99
96.72
96.35
96.58
96.69
96.86
96.74
96.85
96.84
97.16
97.19
97.16
96.70
96.91
96.80
96.93
96.73
96.90
96.95
96.67
96.97
96.98
96.80
96.51
96.96
96.94
96.64
96.98
97.03
96.85
97.02
97.12
97.07
96.81
96.68
96.56
96.39
96.68
96.94
96.80
96.91
96.78
96.65
97.22
96.99
96.76
96.94
96.92
96.73
96.76
96.78
96.85
97.05
96.84
96.32
96.83
96.58
96.79
96.11
97.09
96.77
96.93
96.70
96.86
96.85
96.59
96.86
96.97
96.48
96.89
96.88
96.71
97.04
96.97
96.86
97.22
97.04
96.96
96.73
96.85
96.81
96.94
96.93
96.78
96.81
96.74
97.16
96.74
97.00
96.75
96.50
96.68
96.69
97.02
96.69
97.02
97.11
96.84
97.07
96.80
96.82
96.88
96.86
96.79
96.85
97.14
96.67
97.17
96.94
96.93
96.60
97.02
96.48
97.02
97.11
96.44
96.71
