95.87
96.25
96.07
96.19
96.24
96.42
96.17
96.11
96.46
96.13
95.88
96.32
96.22
96.26
96.18
96.27
96.38
96.30
96.47
96.45
96.51
96.22
96.31
96.33
96.03
96.32
96.39
96.08
96.36
96.13
96.15
96.32
96.61
96.10
96.53
96.27
96.25
96.45
96.34
96.05
96.24
96.46
96.72
96.33
96.34
96.17
96.18
96.04
96.50
96.41
96.03
96.18
96.21
96.16
95.86
95.90
96.45
96.40
96.18
96.27
96.32
96.02
96.18
96.29
96.24
96.14
96.55
96.10
95.94
96.07
96.18
96.01
96.26
96.24
95.72
95.77
96.24
96.01
95.86
96.28
96.33
96.20
95.90
96.46
96.20
96.28
96.59
96.35
96.31
96.40
96.40
96.08
96.55
96.48
96.49
96.32
96.09
96.40
96.13
95.96
95.95
95.66
96.53
95.82
96.17
96.03
96.08
95.95
96.53
96.21
96.32
95.97
96.38
96.18
96.26
96.42
96.42
95.99
96.13
96.04
96.29
96.01
96.13
96.29
96.17
96.35
95.74
96.26
95.95
96.56
95.92
95.85
96.53
96.21
96.04
96.10
96.13
96.43
96.30
96.33
96.26
96.40
95.98
96.11
96.65
96.19
96.09
96.45
96.36
96.24
96.04
95.93
96.15
95.58
96.18
96.32
96.34
96.44
96.12
96.26
96.35
95.52
95.98
96.48
96.32
96.27
96.39
96.14
96.37
96.33
96.18
95.85
96.15
96.03
96.36
96.07
96.25
96.37
96.20
95.80
96.14
96.19
96.51
96.26
96.19
96.31
95.83
96.26
96.03
95.81
96.06
96.29
96.39
96.32
96.03
96.19
96.33
96.57
96.33
96.06
95.98
96.08
96.17
96.34
96.39
96.13
96.24
96.38
96.33
96.68
95.74
96.48
96.13
96.18
96.63
96.00
96.11
96.17
96.41
96.10
96.32
96.32
95.95
96.18
96.03
95.79
96.06
95.95
95.80
95.79
96.00
96.33
96.34
96.37
96.35
96.09
96.30
96.33
96.33
96.13
96.43
96.10
95.75
96.08
96.24
96.38
95.79
96.67
96.04
95.96
96.45
96.22
96.48
96.07
96.23
96.08
95.95
96.03
96.10
96.12
96.33
95.95
96.21
96.47
96.44
96.22
96.12
96.51
96.03
96.03
96.48
96.54
96.23
96.34
96.33
96.22
96.43
96.31
95.92
95.98
96.25
96.37
96.54
96.22
96.00
95.90
96.12
96.21
96.20
96.46
96.67
96.18
96.19
96.15
96.15
96.26
96.03
95.96
96.39
96.47
95.93
96.19
96.09
95.71
95.93
96.48
96.22
96.41
96.23
96.25
96.33
96.17
96.49
96.56
96.45
95.89
96.27
95.92
96.17
96.26
96.03
96.62
96.26
96.20
96.26
96.39
96.25
96.13
96.07
96.02
96.19
96.32
95.98
96.44
96.36
95.74
96.62
95.89
96.32
96.00
96.55
96.21
96.58
96.22
96.18
96.21
96.58
96.14
96.18
96.46
96.36
96.49
96.19
96.01
96.11
96.14
96.34
96.28
95.88
96.17
96.08
96.33
96.14
96.22
96.54
96.57
96.12
96.55
96.35
96.35
96.25
95.69
96.21
96.47
95.85
95.57
96.43
96.11
96.19
96.30
96.18
96.21
96.01
96.33
95.97
96.47
96.45
96.28
96.29
96.06
96.15
95.98
96.25
95.89
96.03
96.31
96.45
96.37
96.29
96.26
95.63
96.40
95.91
96.10
96.21
95.92
96.16
96.13
96.04
96.64
96.07
96.04
96.05
96.32
96.12
95.95
96.01
96.12
96.13
96.47
96.23
96.27
96.16
96.36
96.10
95.90
96.30
96.05
96.32
95.80
95.97
96.10
96.18
96.02
96.01
96.02
96.16
96.35
96.47
96.37
96.42
95.98
96.66
96.01
96.52
96.11
96.15
96.28
95.97
96.21
96.36
96.16
96.32
96.02
96.31
96.22
96.43
96.25
96.45
96.37
96.03
96.35
95.61
96.10
96.39
95.91
96.40
96.11
96.08
96.31
96.29
95.81
95.65
96.16
95.78
96.70
95.75
96.11
96.34
96.35
96.32
96.57
96.32
96.04
96.16
96.24
96.10
95.72
96.28
96.14
96.44
96.52
96.27
96.41
96.35
96.52
96.38
95.97
96.42
96.24
96.39
96.43
96.00
96.45
96.19
96.22
96.43
96.05
96.03
96.46
95.93
96.33
96.46
95.98
96.09
96.42
96.53
95.84
96.43
95.96
96.10
96.07
96.00
96.04
95.60
95.98
96.08
96.53
96.21
96.36
96.05
96.48
95.38
96.32
95.96
96.30
96.31
96.32
95.86
96.41
96.32
96.19
96.20
96.18
95.65
96.54
96.10
95.84
96.38
96.18
96.21
96.28
96.20
96.09
96.34
96.37
96.50
96.15
96.21
96.39
96.35
96.17
96.36
96.01
95.99
96.18
96.46
96.03
96.47
96.20
96.38
96.10
96.37
96.48
96.36
96.11
96.48
95.96
96.35
96.22
95.90
96.45
96.72
95.96
96.14
95.95
96.70
96.00
95.87
95.93
96.61
96.02
96.26
96.61
95.95
96.08
96.59
96.60
96.26
96.35
96.14
96.24
95.92
95.98
96.27
95.80
96.07
96.21
96.48
96.51
96.08
96.39
96.21
96.31
96.49
96.65
96.25
96.21
96.56
96.32
96.48
96.61
96.13
96.50
96.55
96.31
96.56
96.23
96.43
96.28
96.00
96.50
96.32
95.85
96.04
96.54
96.45
96.35
96.26
95.77
96.23
96.29
96.32
96.26
96.04
96.14
96.42
95.74
96.20
96.35
96.10
96.27
96.30
95.94
96.28
95.98
96.48
96.02
96.08
95.84
95.97
96.62
95.79
96.15
96.20
96.41
96.34
96.48
96.70
96.13
96.03
95.83
96.50
96.24
96.55
96.56
96.41
96.27
96.38
96.13
96.52
96.54
96.08
96.39
96.36
96.34
96.01
96.31
96.16
96.41
95.89
96.33
96.55
96.01
96.43
96.06
96.22
96.43
96.16
96.05
96.33
96.07
96.03
96.55
96.35
96.38
96.09
96.38
96.53
96.44
96.03
96.29
96.25
96.48
95.98
96.70
96.14
95.96
96.14
96.05
96.31
96.12
96.36
96.29
96.17
96.49
95.79
95.75
95.99
96.45
96.04
96.39
96.33
95.95
95.87
96.64
95.64
95.76
96.39
95.75
96.21
95.87
96.50
96.63
96.14
96.20
96.19
96.41
96.18
96.21
96.49
96.27
96.30
96.07
96.37
96.01
96.54
96.01
96.42
96.54
96.53
95.78
96.44
96.15
95.49
96.22
96.28
96.20
96.39
96.44
95.89
96.07
96.39
96.60
96.63
96.03
95.91
95.84
96.43
96.05
96.31
96.64
95.88
96.04
96.33
96.40
96.32
96.13
96.37
96.09
95.94
96.07
96.32
95.92
95.92
96.50
96.06
95.85
95.66
95.95
95.58
96.28
96.29
96.11
96.21
96.32
96.52
96.24
96.23
95.96
96.45
95.86
96.24
95.90
96.08
95.76
96.50
96.17
96.35
96.19
96.17
96.11
95.68
96.42
96.04
96.35
96.11
96.04
96.42
95.68
96.16
96.07
96.09
95.97
96.42
96.18
96.20
96.08
96.28
96.03
96.62
96.21
96.19
96.58
96.14
96.61
96.65
95.68
96.44
96.40
96.40
96.21
96.13
96.12
96.33
96.55
96.21
96.10
96.12
96.55
96.42
96.06
96.46
96.42
96.33
96.43
96.37
96.02
96.14
96.50
95.92
95.96
96.27
96.29
96.51
95.72
95.97
96.18
96.32
96.53
96.26
96.15
96.38
96.23
96.34
96.15
96.36
96.34
96.29
96.29
96.50
96.12
96.31
95.85
96.27
96.35
95.78
96.17
96.29
95.72
96.21
96.24
96.48
96.08
95.75
96.18
95.99
96.27
96.10
96.23
95.89
96.18
96.49
96.15
96.47
96.44
96.37
96.10
96.00
96.25
96.51
96.37
96.16
96.47
96.47
96.44
95.84
96.22
96.05
96.55
96.21
96.67
96.48
96.14
96.41
95.79
95.86
96.32
96.02
96.14
96.01
96.17
95.91
95.82
95.91
96.66
96.65
96.09
95.93
96.12
96.26
95.68
96.28
96.12
96.05
96.33
96.35
96.43
96.23
96.37
96.35
96.41
96.59
96.46
96.33
95.94
95.91
96.14
96.26
96.40
96.15
96.09
95.91
96.28
96.21
96.27
96.34
96.20
96.13
96.41
96.32
96.57
95.80
96.38
96.34
96.25
96.33
96.35
96.29
96.62
96.14
96.14
96.14
96.20
96.12
95.85
95.75
96.32
96.21
96.10
