95.87
94.73
94.99
95.13
95.22
94.92
95.08
94.95
95.71
94.13
95.46
95.44
95.67
95.16
94.91
94.72
95.01
95.59
95.39
95.82
93.78
94.81
95.53
93.63
94.40
95.40
95.37
95.53
95.31
95.07
95.24
94.11
95.13
95.10
95.13
94.89
95.31
94.99
94.92
95.82
93.12
95.37
94.82
95.79
95.16
95.53
95.55
95.56
94.80
94.54
93.84
93.60
95.38
96.10
95.00
95.44
95.74
94.97
94.55
95.68
95.16
95.13
95.77
95.64
94.88
95.85
94.51
95.24
95.52
95.40
95.24
95.30
95.03
95.34
95.40
95.31
94.72
94.76
95.04
95.28
95.32
94.81
94.97
95.78
95.46
95.01
95.08
94.31
93.54
95.47
95.92
95.50
95.35
95.39
96.09
95.48
94.44
94.83
95.63
95.25
94.92
95.53
93.76
95.25
95.19
94.75
94.90
95.52
95.50
95.18
95.14
95.94
94.62
94.87
95.89
94.58
95.57
95.22
95.10
95.78
94.98
95.66
93.72
94.80
94.37
94.86
95.94
95.62
93.67
95.22
95.86
94.44
95.63
94.78
95.77
94.98
95.06
95.38
94.41
95.37
95.26
95.43
95.28
94.49
94.84
95.52
94.83
95.03
95.87
93.61
95.34
93.59
95.57
94.40
94.83
94.66
95.68
95.18
94.93
95.03
95.51
95.73
94.85
95.86
94.91
94.73
95.34
95.45
95.16
95.72
93.71
94.50
94.43
94.46
95.14
93.70
94.86
94.37
95.87
95.30
95.79
95.06
95.66
95.59
94.15
94.71
93.86
94.20
95.10
94.89
95.71
95.02
95.66
95.64
95.06
95.19
94.66
95.99
95.75
95.32
94.78
95.47
95.60
95.43
94.73
95.87
95.63
95.40
95.78
95.61
95.23
95.89
95.27
95.92
94.95
95.27
93.72
94.98
94.87
94.84
95.38
95.43
95.63
92.47
95.72
94.81
94.59
95.19
94.79
94.47
95.61
94.73
95.58
95.13
94.79
94.94
95.09
94.95
95.35
93.98
93.68
95.41
95.43
95.41
95.12
95.87
95.30
94.93
95.68
95.94
95.47
95.03
95.11
93.35
95.42
95.46
96.07
95.43
95.81
95.53
95.38
95.40
94.88
94.43
94.93
94.99
94.95
94.65
95.21
95.66
95.11
95.18
95.77
95.61
95.68
95.15
95.58
94.96
96.10
94.95
94.95
96.03
95.43
95.24
94.94
93.90
94.09
95.29
94.76
95.28
94.23
94.84
95.11
95.21
94.68
96.10
95.42
94.38
95.51
94.76
93.35
95.53
95.29
95.62
95.15
95.56
95.13
94.60
94.75
95.25
95.48
95.31
95.26
95.73
95.62
94.42
95.43
94.98
95.49
95.73
95.90
94.75
95.39
94.70
95.69
95.56
95.59
94.48
95.51
95.08
94.83
95.58
94.57
94.95
95.35
95.25
95.01
95.68
94.10
94.24
95.75
94.40
95.46
94.42
94.86
95.07
94.57
93.79
94.33
95.35
95.57
95.44
95.49
95.18
95.51
94.92
95.43
95.42
95.58
95.04
95.31
95.68
95.67
95.49
95.98
95.37
94.11
95.89
95.48
95.13
95.02
94.36
94.75
95.04
94.66
95.10
95.15
94.05
95.04
95.03
94.58
94.95
93.19
95.46
94.66
95.65
94.94
94.87
95.55
94.94
94.76
95.65
95.54
95.21
95.32
96.00
95.76
95.37
95.16
95.52
95.25
95.03
95.25
95.15
95.11
95.04
94.27
95.49
94.75
95.06
95.52
95.41
95.45
96.04
95.69
95.63
94.62
95.29
95.61
94.46
95.83
95.15
95.65
95.50
96.23
95.55
94.98
95.36
94.31
95.55
94.52
95.26
94.83
95.09
95.55
95.43
95.58
95.06
95.14
95.55
92.99
94.94
95.46
96.16
94.93
95.43
95.16
95.03
94.75
95.19
95.29
95.06
95.71
94.37
94.38
94.82
95.38
95.73
96.07
94.62
95.66
94.97
94.57
95.63
95.69
95.56
95.21
95.33
95.29
95.61
94.85
95.70
95.22
95.29
95.35
94.50
95.63
95.13
94.20
95.00
95.75
95.77
95.47
95.05
95.30
95.35
94.67
94.18
96.00
95.57
95.47
93.66
94.94
94.64
95.88
96.06
95.21
95.51
94.90
95.10
95.46
95.53
94.80
96.06
95.54
95.33
95.20
94.70
95.61
95.45
94.61
92.86
95.16
93.90
94.98
95.38
95.09
94.72
95.74
94.61
93.64
95.31
95.40
93.38
95.23
93.35
94.93
95.53
95.27
95.44
95.19
95.19
94.66
93.61
96.30
94.12
95.58
95.43
95.77
95.35
94.64
94.05
94.06
95.32
95.26
95.43
95.66
94.71
94.97
94.97
94.81
95.42
94.76
95.04
95.51
95.12
95.02
95.03
95.09
95.57
94.95
96.13
95.28
94.85
95.32
95.32
95.58
95.41
95.82
95.02
94.44
95.31
95.75
95.38
94.92
95.04
95.23
95.41
96.27
95.53
95.69
95.46
95.45
95.29
95.17
95.28
94.91
95.18
95.09
95.13
95.23
95.30
94.86
94.89
95.63
95.69
95.82
95.28
95.73
93.54
95.24
94.42
94.69
95.34
94.84
95.44
94.78
93.54
95.92
95.01
91.39
94.74
94.63
94.94
95.00
94.84
95.12
93.94
94.88
96.01
94.64
92.62
95.23
95.11
95.23
95.63
95.20
95.46
94.60
95.70
94.84
94.07
95.46
95.11
94.45
94.47
95.63
92.78
94.96
94.76
95.25
95.74
94.50
95.04
95.32
95.25
95.64
94.65
94.99
95.25
95.75
93.85
94.42
96.02
95.19
94.53
93.50
95.47
94.71
95.14
95.45
93.39
95.15
93.87
95.59
94.87
94.22
95.04
95.50
95.38
95.05
95.16
94.45
95.06
95.21
95.23
94.85
94.93
94.45
95.35
94.60
94.98
95.05
95.21
95.77
94.79
93.78
95.13
95.51
95.56
94.84
95.12
95.08
94.98
95.50
94.81
95.28
95.15
95.27
95.52
95.63
95.22
95.63
94.76
95.53
95.37
95.38
95.38
95.53
95.51
94.92
95.56
94.75
95.34
95.16
93.89
95.83
95.47
94.88
95.57
95.34
94.59
94.68
95.49
95.63
96.13
95.15
95.23
95.25
95.07
95.31
95.46
93.78
94.59
95.29
94.99
95.20
95.83
95.37
94.74
95.15
95.20
95.11
94.96
94.04
95.25
95.05
94.74
94.92
95.52
95.33
94.95
95.17
95.16
94.96
94.75
94.59
94.77
95.28
95.58
95.52
94.71
94.33
95.32
95.22
95.04
95.61
95.89
93.26
95.49
95.19
95.00
94.89
95.70
95.29
94.60
93.98
95.51
94.36
95.78
95.89
95.45
95.18
95.53
95.14
95.10
95.84
93.28
95.77
94.91
96.05
94.37
94.75
95.02
94.84
95.67
95.48
95.55
95.20
94.58
95.16
94.95
95.36
94.92
94.79
94.06
94.36
95.03
94.96
94.86
95.76
93.03
94.66
95.76
94.68
94.91
96.11
95.52
94.75
95.02
95.23
94.66
95.05
94.88
95.32
95.92
94.72
94.84
94.88
95.52
95.75
95.44
95.88
95.32
95.23
95.62
95.40
95.49
94.34
95.36
95.38
94.89
94.74
95.17
95.20
95.34
94.67
95.59
95.18
95.61
93.69
94.96
95.40
95.88
93.21
95.44
95.63
93.74
95.42
95.01
95.17
95.65
95.37
95.04
94.62
95.72
95.38
95.69
94.97
95.25
95.33
95.23
95.09
94.44
95.09
95.07
95.41
94.74
95.15
94.99
95.72
95.26
95.05
95.15
94.41
95.71
95.58
95.16
94.45
95.52
95.93
95.57
95.23
94.31
94.71
95.57
95.86
94.53
93.53
94.83
95.93
95.21
95.41
95.19
94.47
95.77
95.51
95.24
95.54
94.62
94.55
94.27
95.01
95.38
95.96
94.92
95.01
95.37
95.15
94.87
94.71
94.96
94.80
94.61
95.33
95.40
95.53
94.81
94.46
95.72
95.54
94.67
95.37
94.54
94.99
94.81
95.32
95.41
94.75
95.12
94.30
95.51
95.74
94.03
95.37
95.17
95.37
95.62
95.93
95.70
94.30
94.66
95.34
94.70
94.98
95.03
95.70
95.38
95.46
94.48
95.71
95.05
95.44
95.21
94.94
95.42
93.69
95.38
94.65
95.26
94.98
94.80
95.20
95.27
94.95
95.66
93.49
95.22
94.28
95.42
95.56
95.48
95.36
93.86
94.49
94.53
95.00
93.35
95.02
94.27
95.83
94.96
94.80
94.28
95.40
94.77
95.38
94.89
95.32
95.25
