93.88
93.94
93.60
92.49
94.12
93.33
94.04
93.44
91.69
93.26
93.63
93.09
93.64
93.13
94.46
92.87
93.57
92.97
92.83
93.86
92.82
93.45
93.94
93.08
93.49
92.87
93.28
91.80
91.36
93.51
93.52
91.53
91.45
93.50
93.55
92.62
93.46
93.19
92.67
93.63
92.25
92.99
93.73
93.17
93.45
93.84
92.63
92.55
93.34
92.50
93.29
93.00
93.23
94.19
93.53
93.71
93.75
93.50
92.96
93.01
92.98
93.07
93.01
93.39
93.55
93.54
93.50
93.84
93.48
94.02
93.11
92.76
93.75
93.95
92.48
93.94
92.84
93.12
93.13
93.48
93.41
92.93
90.94
91.93
92.78
91.51
92.73
92.47
93.39
92.87
93.35
93.56
93.74
92.10
92.32
93.16
93.43
93.46
90.72
93.23
93.09
93.52
92.70
93.38
93.60
93.18
93.76
93.18
93.54
91.76
92.71
93.55
92.50
94.38
92.12
93.11
93.59
93.26
91.79
91.56
93.76
93.25
93.70
91.87
93.50
93.44
93.28
92.41
93.76
92.97
92.53
93.25
93.45
92.54
93.51
93.96
94.19
93.67
93.79
93.74
92.15
91.59
93.87
93.55
93.27
92.65
93.30
93.54
89.94
93.51
93.00
92.67
94.05
93.37
93.66
93.51
93.24
93.28
93.92
92.36
93.56
92.78
93.99
93.89
93.08
93.54
92.42
94.15
93.02
92.41
93.51
93.89
93.59
92.81
90.83
92.64
93.83
92.10
91.79
93.37
92.34
93.26
94.18
93.41
93.75
93.60
94.07
93.14
92.31
94.41
93.56
92.86
93.93
93.07
94.20
91.48
92.03
91.74
92.42
93.84
93.45
93.61
93.17
92.34
91.74
91.99
92.81
93.16
93.41
92.62
93.57
93.21
92.43
91.48
93.54
93.47
93.45
93.10
93.53
93.66
94.22
93.69
93.28
92.56
92.48
93.77
93.44
93.21
91.52
93.62
93.58
93.84
92.43
93.55
93.28
93.53
93.07
92.90
93.94
92.71
93.18
92.42
94.21
92.64
92.53
91.75
93.39
92.86
93.70
93.34
91.65
92.97
93.40
93.03
93.28
92.26
93.61
91.56
93.98
93.71
92.85
93.60
93.78
93.71
93.25
93.31
93.70
92.49
92.06
93.25
93.19
94.26
92.95
93.55
93.67
94.14
93.65
93.51
92.88
92.49
92.59
93.49
93.91
93.68
91.91
92.94
91.82
93.88
94.10
93.81
93.10
92.99
93.77
93.50
92.88
93.01
93.52
92.76
93.65
93.80
92.56
93.32
92.30
93.44
93.81
92.91
94.04
93.57
93.33
93.97
91.68
94.06
93.37
93.60
93.42
93.09
93.77
94.03
93.51
93.95
93.65
93.68
92.54
93.73
91.65
93.34
94.31
93.13
92.03
93.58
93.09
92.77
93.39
92.94
93.45
93.13
93.20
93.91
93.91
94.08
93.71
93.65
93.44
92.72
92.57
92.99
92.90
93.58
92.95
93.37
93.07
94.08
93.79
93.14
92.75
92.94
92.30
93.87
93.50
92.63
92.98
93.80
92.66
92.54
92.75
93.54
92.07
93.17
92.35
93.75
93.85
94.23
92.76
93.50
93.18
93.28
91.09
93.14
90.61
93.48
92.25
93.55
90.61
93.50
93.53
93.46
93.20
93.67
92.86
92.36
92.45
94.30
92.17
93.15
93.73
92.89
93.19
93.69
93.41
94.37
93.49
93.58
90.97
93.53
93.43
93.23
93.27
93.13
93.66
93.63
92.44
92.69
93.96
92.61
93.71
92.78
93.09
93.76
92.50
94.23
92.90
93.32
93.06
92.56
93.42
91.68
92.73
93.32
92.82
92.56
93.66
93.14
94.01
94.20
91.89
93.15
93.30
93.44
94.29
92.85
93.09
93.59
92.39
93.97
93.29
93.99
91.23
92.69
93.37
93.68
93.76
94.05
92.12
93.31
93.13
93.16
93.04
93.09
92.35
92.93
93.81
92.58
93.67
92.67
93.54
93.45
93.11
93.54
93.41
93.36
93.20
94.04
92.90
93.31
93.96
93.39
92.41
92.78
93.29
93.66
93.05
92.31
93.31
92.25
92.36
91.31
93.49
94.12
92.24
93.04
94.45
94.09
93.99
93.56
92.12
93.54
94.03
93.28
92.80
93.22
92.77
93.26
93.18
93.63
94.15
93.83
93.65
93.20
93.53
92.21
93.05
93.96
93.17
93.35
89.15
91.62
93.38
93.12
93.39
92.92
93.85
93.17
93.58
92.43
93.93
94.03
93.75
92.07
93.26
93.14
91.82
93.84
93.50
93.53
92.09
93.78
92.15
93.14
93.07
93.72
92.82
93.41
93.58
92.83
93.48
92.26
92.26
92.50
92.91
93.50
93.10
92.99
92.99
93.77
93.70
94.23
92.86
93.48
93.28
92.21
93.47
93.72
91.76
93.21
92.47
93.84
91.96
93.94
91.12
93.67
92.91
92.83
93.79
93.01
93.54
93.77
93.66
91.85
93.12
93.69
93.05
93.31
92.94
93.06
91.87
93.45
91.56
93.44
89.69
93.82
94.38
93.19
93.16
93.31
91.19
92.62
92.89
92.42
93.63
93.29
93.57
91.95
92.14
93.00
92.57
93.08
93.64
93.29
93.30
92.85
92.85
92.98
93.67
93.77
91.89
93.67
93.61
94.13
93.36
92.99
93.24
93.63
92.85
92.61
91.93
93.51
93.15
92.97
93.25
92.17
93.50
93.89
93.85
93.86
93.99
93.48
91.48
92.44
93.38
92.36
92.91
92.31
93.41
93.00
91.98
92.92
93.68
93.85
93.50
93.65
93.45
93.18
93.89
93.95
93.21
93.47
93.39
92.39
93.64
93.90
92.79
92.29
93.78
93.73
93.54
93.68
93.95
93.26
92.38
93.64
94.21
92.73
92.48
92.28
93.82
92.28
93.32
93.05
93.15
93.54
93.61
92.85
91.88
93.78
93.31
91.95
93.21
93.32
93.15
93.11
93.45
93.03
93.06
93.21
93.17
92.71
92.49
93.04
93.53
92.49
93.64
92.97
93.44
92.94
94.06
91.92
93.66
93.10
93.41
92.38
93.45
92.98
93.47
94.51
92.93
93.93
92.94
93.68
92.50
92.81
93.93
92.76
92.68
91.87
93.20
92.50
93.65
93.80
94.02
93.54
92.72
93.31
93.81
93.35
92.99
93.57
94.16
93.15
93.86
93.56
93.36
91.91
92.17
93.30
93.78
93.69
92.43
93.39
93.48
93.08
93.11
93.55
92.98
93.01
93.94
93.12
92.31
93.15
93.96
92.57
93.11
93.87
93.88
93.06
93.55
93.74
93.00
92.77
93.97
93.25
93.59
91.96
93.55
93.66
92.15
92.72
93.55
92.30
94.01
91.98
93.75
93.38
93.42
93.12
93.30
93.61
92.50
93.69
92.44
91.78
92.07
92.69
91.89
93.05
92.92
93.74
92.57
92.06
93.30
93.81
93.20
92.44
94.08
93.44
91.93
93.57
92.65
93.54
92.84
93.70
93.23
92.89
92.13
93.68
93.30
92.11
93.52
93.43
93.19
94.13
94.09
93.93
92.62
93.35
93.07
93.93
93.09
93.56
93.47
93.26
93.99
93.11
93.76
91.96
93.90
93.31
93.35
92.38
93.99
93.65
92.22
93.66
93.20
93.40
92.17
93.72
92.88
93.20
92.96
91.37
92.83
92.66
92.93
93.62
92.46
93.63
93.99
93.27
93.36
92.54
93.85
91.66
91.60
92.77
94.02
93.03
94.00
92.25
93.27
93.52
93.35
93.46
93.32
92.29
93.93
93.26
93.99
93.64
93.62
92.70
91.20
92.67
93.66
93.45
92.91
93.52
93.26
93.37
93.61
93.34
92.96
92.80
93.26
93.42
93.39
92.23
93.85
92.85
93.40
92.65
92.72
93.62
93.14
93.31
92.65
93.23
93.80
93.77
92.68
93.83
93.94
93.40
93.93
93.07
93.98
93.65
93.31
92.73
92.94
93.56
93.87
93.38
93.75
93.01
93.27
93.35
93.08
93.58
93.75
92.91
93.15
93.71
94.09
91.70
92.29
93.41
93.41
93.32
92.93
91.99
92.48
93.63
93.49
92.62
93.50
93.58
93.44
93.88
93.67
92.92
93.24
93.42
93.38
93.05
93.23
92.65
94.09
93.38
93.38
93.45
92.28
93.77
93.58
92.90
93.98
93.74
93.71
93.63
93.69
93.84
93.61
94.16
93.26
93.36
92.15
92.76
93.69
93.59
92.53
93.72
93.10
92.30
93.06
93.27
91.96
92.91
94.36
93.59
93.78
92.36
92.37
93.54
93.19
93.56
93.87
92.67
93.28
93.85
93.32
93.05
