87.09
85.82
86.16
87.04
83.83
86.62
82.05
83.39
86.99
87.24
84.84
87.16
83.68
86.46
84.90
80.60
84.34
83.72
82.98
86.35
85.77
84.93
83.73
87.05
87.56
85.17
86.08
86.16
82.41
84.50
86.70
85.41
86.25
81.60
84.84
86.08
85.45
87.36
87.57
80.25
86.25
83.85
83.43
84.86
84.26
84.81
79.91
80.53
87.20
84.10
82.74
86.91
85.01
83.94
84.38
86.41
82.27
86.76
84.75
84.21
86.30
81.95
84.36
85.05
84.21
83.89
79.66
81.63
85.65
86.02
86.27
84.17
87.17
86.68
84.98
84.88
85.21
85.78
85.18
85.92
75.76
87.51
83.81
88.17
85.74
87.61
83.94
88.69
81.97
77.75
83.42
84.42
87.00
80.98
87.31
81.88
83.19
83.05
85.92
87.16
80.91
84.28
82.09
87.86
90.11
85.63
84.31
83.55
85.74
85.23
82.97
83.39
84.56
79.63
86.51
85.53
86.23
80.76
84.45
88.88
85.02
85.97
83.97
85.04
86.39
81.52
83.83
84.45
84.22
86.33
87.66
87.32
84.17
79.87
86.13
88.04
88.28
85.57
86.52
80.80
85.53
84.20
87.79
84.77
87.10
86.41
86.20
85.74
80.99
78.98
84.03
85.66
86.84
85.37
83.49
82.80
87.78
85.75
87.20
80.87
85.99
83.87
88.03
79.22
77.67
83.75
85.94
82.44
71.09
81.87
86.99
80.31
80.72
87.55
85.97
79.88
85.73
84.85
84.05
84.48
75.89
80.68
80.91
87.03
87.98
86.06
87.28
85.18
84.25
81.25
78.14
88.29
86.84
80.21
83.46
80.59
86.94
84.28
87.52
82.40
86.04
81.88
82.95
80.83
85.52
83.52
83.81
83.31
83.46
84.89
85.99
87.55
87.67
78.00
85.90
82.03
80.10
82.80
80.98
85.04
84.33
87.12
81.20
82.66
84.63
84.80
83.07
86.64
84.72
80.79
85.83
83.65
87.78
88.37
79.62
87.54
86.00
84.37
87.72
87.59
81.87
84.91
80.74
82.77
82.90
87.70
86.24
80.54
85.23
81.78
84.32
84.12
84.87
84.51
83.14
80.10
86.80
84.00
86.39
86.95
84.45
85.61
85.85
86.77
83.60
82.49
85.07
84.45
80.44
85.89
82.13
83.18
85.87
83.91
84.25
87.14
86.88
87.38
78.82
87.20
82.93
87.41
81.24
86.70
86.00
86.15
84.75
86.81
85.14
81.15
87.44
87.69
87.91
84.07
87.22
81.69
82.32
83.94
86.18
80.49
84.99
88.53
83.74
76.05
86.39
82.95
82.32
86.87
88.31
80.22
84.18
87.10
84.33
80.58
83.73
86.81
83.89
83.99
84.52
84.64
77.71
86.74
88.70
84.27
83.54
85.30
85.60
87.72
83.45
88.52
83.32
82.41
81.37
82.26
86.40
86.95
85.47
77.31
86.54
80.54
81.16
85.91
84.86
86.30
84.99
81.99
87.74
87.68
88.97
84.86
85.70
83.83
87.67
87.88
82.86
86.62
84.62
84.00
82.69
78.79
79.75
87.80
86.49
83.75
77.26
88.26
86.41
86.37
84.26
83.80
81.46
86.83
83.81
88.03
82.09
85.60
83.50
84.75
78.31
82.57
86.17
85.86
85.31
85.63
85.91
79.07
84.56
86.19
86.01
87.86
87.63
82.86
86.48
88.23
85.28
87.60
83.45
88.67
84.04
85.61
85.77
81.51
83.76
85.85
81.18
85.85
85.46
85.60
84.80
87.69
82.72
86.78
80.97
87.51
82.70
82.47
82.05
80.08
84.94
85.29
86.10
80.33
84.42
80.94
87.67
86.08
88.25
84.74
77.93
81.63
81.54
82.72
84.89
76.17
84.08
81.98
84.27
86.06
84.47
83.58
86.35
85.56
84.68
87.36
77.22
84.26
82.09
88.25
84.92
86.14
89.23
81.92
83.18
87.35
84.54
88.01
85.86
84.50
84.69
85.22
84.82
86.40
87.74
86.53
83.97
86.21
85.22
81.03
85.47
81.17
87.60
86.81
87.36
84.66
83.42
89.08
87.91
83.38
83.79
84.48
81.24
86.02
88.40
86.33
82.96
88.67
87.25
84.88
80.82
84.72
85.02
85.41
83.03
89.30
84.91
81.88
89.29
87.37
85.49
82.98
86.70
83.88
83.83
83.30
84.66
85.19
84.05
87.38
84.11
87.93
84.31
81.55
77.48
84.61
83.12
85.51
86.17
80.19
80.26
84.48
83.35
83.59
80.13
81.99
85.03
69.26
84.60
86.81
79.97
83.39
83.50
86.66
85.81
85.22
86.33
82.22
87.35
84.13
83.42
85.98
82.21
84.76
86.56
83.78
86.10
80.72
86.11
87.54
85.45
86.63
88.18
81.74
85.78
82.91
80.76
82.96
86.67
82.88
85.78
87.26
84.16
86.53
73.21
81.94
85.59
86.26
83.80
81.36
86.86
85.63
80.98
86.18
87.38
82.60
83.87
85.66
81.80
84.62
84.68
83.79
87.13
86.77
82.38
85.96
86.99
85.18
84.67
87.92
83.43
87.27
86.82
82.56
85.60
83.08
85.29
86.52
84.53
84.17
85.64
84.31
84.86
80.44
86.03
86.64
79.71
87.02
86.86
84.91
85.00
83.06
83.42
88.06
86.37
75.49
79.90
89.98
82.83
86.21
81.48
85.61
84.78
84.50
86.84
82.31
86.65
82.27
86.79
83.86
76.69
82.12
87.20
82.35
89.61
86.33
88.54
81.32
86.88
86.48
84.70
84.99
85.70
86.06
88.31
85.35
87.64
75.18
82.39
84.16
88.27
87.57
88.79
83.12
83.69
85.32
83.63
77.36
85.54
83.36
82.23
84.97
82.87
88.42
84.98
87.26
82.64
86.46
88.18
83.56
82.51
84.45
85.68
84.42
87.49
83.61
87.08
87.44
84.95
85.41
83.45
86.80
88.11
85.62
87.90
88.20
86.95
82.88
84.44
86.44
84.53
79.83
87.66
76.04
88.84
87.51
76.08
80.30
84.08
82.47
84.83
86.47
80.99
86.49
84.46
86.63
79.89
84.23
86.97
78.32
85.52
86.54
83.61
89.50
87.04
82.38
84.78
86.49
87.02
83.68
83.56
77.36
83.28
85.69
86.26
84.61
85.93
85.37
85.84
85.50
85.17
85.77
84.44
85.09
81.19
86.81
86.49
87.75
71.63
85.55
80.54
86.04
80.84
84.03
83.61
85.71
86.03
82.47
86.40
86.68
88.04
80.86
86.57
82.10
85.42
84.52
84.79
85.35
83.25
85.51
83.50
86.81
83.55
83.51
85.28
86.10
85.94
88.48
85.00
85.13
85.18
87.45
85.14
83.52
85.19
72.40
84.92
87.45
87.79
88.44
86.68
87.78
83.92
81.53
76.23
82.03
79.79
84.56
85.15
85.75
85.68
87.68
80.59
85.67
86.57
87.53
88.30
82.35
78.30
87.50
83.18
83.57
86.31
84.94
78.93
78.53
81.61
80.39
81.86
82.73
87.57
84.20
83.36
84.66
78.10
84.36
79.35
86.54
83.59
84.12
80.87
85.53
81.63
85.17
83.99
87.18
84.54
82.66
87.23
87.44
83.55
82.13
86.95
84.62
84.13
84.49
85.02
83.56
76.78
85.79
82.63
85.20
85.41
85.99
80.71
85.66
83.42
84.37
84.66
86.36
85.87
84.71
85.46
80.41
87.79
83.66
85.86
84.63
82.13
80.84
86.81
88.15
81.11
88.31
83.82
83.85
84.53
85.62
84.22
78.10
85.74
81.91
83.14
83.80
84.09
86.70
86.52
86.37
85.75
84.97
82.61
86.61
85.81
81.82
84.29
83.42
81.79
87.78
87.55
86.66
82.59
82.71
86.34
82.08
84.38
78.33
84.50
85.41
80.85
87.56
83.89
87.60
84.90
84.23
75.99
79.61
85.27
83.72
85.08
84.61
82.13
84.76
87.70
86.40
87.28
78.69
84.89
79.52
83.57
82.74
85.43
86.50
86.87
84.49
87.44
84.90
84.96
83.08
85.07
86.83
86.88
86.89
84.83
85.73
84.18
87.34
85.76
85.07
85.59
85.45
85.29
83.99
83.62
86.08
85.14
85.01
85.45
86.80
87.89
87.67
86.55
84.65
88.64
86.42
84.54
86.22
87.08
83.68
88.00
82.54
75.64
79.63
87.16
84.08
82.01
86.55
87.33
87.10
84.79
85.18
81.16
84.74
84.93
82.44
83.43
84.48
78.41
85.16
86.46
83.04
87.93
84.38
86.44
85.58
88.47
84.28
85.74
85.06
86.23
85.14
87.06
83.02
87.71
75.84
88.38
85.71
86.18
82.92
86.96
85.01
86.07
83.42
