94.12
94.82
94.79
93.82
94.52
94.22
94.74
94.09
93.37
92.22
92.17
94.67
94.65
94.83
93.79
95.06
95.23
94.59
93.10
94.81
94.45
94.69
92.24
94.09
94.69
94.56
92.90
94.12
94.39
95.01
93.96
94.59
93.24
93.95
94.50
94.86
93.72
94.19
93.47
94.97
94.46
93.16
93.46
92.90
94.79
94.18
93.88
93.61
94.50
94.48
92.48
93.76
94.55
94.57
94.71
91.98
94.48
94.54
94.18
93.30
94.01
94.26
94.91
95.05
94.88
94.78
94.22
94.97
94.40
94.88
93.16
94.66
94.69
92.15
93.74
94.36
93.80
94.19
93.95
93.84
94.22
94.19
94.53
92.78
92.99
94.58
94.36
91.13
92.28
93.90
89.66
93.41
94.39
93.47
94.91
92.91
93.94
93.63
94.07
92.84
93.87
93.57
94.03
93.82
93.86
94.04
94.64
94.17
91.48
93.03
93.98
90.54
93.99
94.47
94.48
94.78
94.29
93.99
94.91
94.39
94.74
93.68
93.59
94.72
94.36
94.58
94.53
93.56
94.79
93.53
92.86
93.97
94.95
93.06
94.04
93.81
94.79
94.66
94.10
93.96
93.50
92.63
93.59
94.69
93.63
93.57
94.85
94.23
93.30
94.81
92.76
93.99
94.08
94.77
94.15
94.44
95.13
94.70
95.09
94.92
93.36
95.02
94.46
94.35
94.19
92.17
93.76
94.60
93.58
94.39
94.73
93.83
94.26
95.49
93.77
93.60
94.73
89.87
94.50
92.57
94.26
93.76
94.68
94.29
93.07
94.95
94.61
94.32
93.57
94.53
93.78
93.07
93.30
94.48
94.61
94.05
94.88
94.31
93.37
94.81
94.03
94.65
94.88
94.55
94.97
94.34
95.01
94.28
94.43
94.45
94.12
92.47
94.46
95.04
93.71
95.18
93.31
94.64
93.94
92.62
94.49
94.00
93.51
93.99
94.05
93.44
94.53
95.24
94.25
94.08
94.90
94.40
95.00
94.32
95.31
90.98
93.81
94.93
94.46
93.13
93.79
94.54
93.45
94.19
94.77
94.40
93.84
93.34
94.57
94.14
91.99
94.18
94.29
90.21
94.55
94.38
95.08
94.86
93.21
93.63
94.06
91.21
94.60
93.37
94.62
94.00
93.84
94.55
92.78
95.30
94.39
93.54
93.05
94.44
94.83
95.17
93.58
93.50
94.03
94.79
94.27
94.87
94.41
94.77
93.33
94.26
94.06
95.03
94.26
94.11
94.51
92.47
94.37
92.03
95.41
94.13
94.67
93.69
94.24
93.71
92.52
94.11
94.36
95.02
94.63
92.46
94.94
94.22
94.04
94.44
94.65
93.62
94.82
94.12
94.53
94.25
93.61
92.65
93.63
94.28
95.24
93.85
94.48
94.82
93.14
95.25
94.38
94.74
94.29
93.94
94.48
94.64
93.01
94.86
93.84
93.15
92.71
94.41
93.18
94.11
94.64
92.45
94.23
94.21
93.78
94.39
93.22
93.84
93.81
93.73
94.33
94.70
95.22
94.63
93.81
94.26
93.13
93.36
94.23
93.22
92.15
95.30
94.99
93.02
94.32
94.10
94.22
93.98
94.72
89.01
94.01
93.32
94.68
93.97
93.21
94.02
92.63
94.15
93.65
94.87
94.01
93.74
93.36
95.09
90.99
95.36
94.73
94.42
93.73
95.13
93.99
94.11
95.00
90.73
94.93
94.10
94.45
92.82
94.34
95.13
94.47
94.08
93.36
93.18
95.00
94.93
93.30
94.34
94.85
94.02
94.02
94.61
94.18
94.54
91.84
94.29
93.97
92.85
92.79
93.83
93.49
94.07
94.32
94.80
94.52
93.71
94.99
93.95
94.33
94.60
94.09
93.90
94.57
93.75
93.03
92.02
93.65
93.24
95.09
92.05
94.54
93.29
94.32
93.35
94.04
92.82
93.43
93.42
94.75
92.63
91.02
93.39
94.54
94.00
94.40
94.72
94.77
94.85
94.07
94.51
94.86
93.73
95.08
95.43
93.63
94.44
94.56
92.86
93.74
94.25
93.94
93.54
94.11
93.64
95.03
94.68
94.36
94.84
95.28
93.73
95.49
93.60
93.70
94.13
94.05
93.57
93.98
94.40
94.58
94.87
93.70
94.49
94.56
91.99
94.96
94.62
94.29
93.30
94.46
94.22
94.96
92.82
92.80
95.06
93.69
93.70
93.20
94.56
94.15
94.39
94.62
94.29
94.67
93.91
93.79
94.41
94.13
93.06
93.98
93.57
94.77
94.45
94.70
94.71
94.14
93.37
94.39
93.87
94.90
94.07
95.09
94.00
93.77
93.70
94.66
94.26
93.52
94.15
94.98
94.74
93.56
93.86
94.80
94.93
94.21
94.72
94.44
94.67
94.91
91.72
94.92
94.82
94.37
93.39
93.80
92.70
94.22
93.65
95.13
92.34
94.86
94.50
95.11
95.28
94.87
94.02
92.42
93.87
94.87
93.82
94.64
94.15
94.55
94.04
92.30
94.55
93.73
94.52
93.87
93.92
92.28
93.30
94.99
91.52
94.98
94.32
91.94
94.21
92.49
94.73
93.06
91.24
93.37
94.76
91.86
94.71
89.07
95.02
95.09
95.25
93.58
93.88
93.41
93.61
94.41
93.95
91.11
93.02
94.38
94.06
94.66
93.67
94.76
95.43
94.61
94.05
94.02
94.71
93.97
94.86
94.38
93.60
94.70
94.36
94.77
94.04
95.01
93.67
94.47
92.90
95.43
93.45
94.55
92.77
93.41
94.90
95.45
90.77
94.08
94.67
94.46
92.59
93.64
93.17
93.82
94.09
92.47
94.59
94.09
94.59
95.02
94.56
93.67
91.23
93.91
92.49
94.25
93.44
93.98
94.78
94.20
88.99
92.59
94.48
94.86
94.35
94.37
94.32
93.80
94.68
91.45
93.53
94.35
93.98
93.47
94.32
92.30
93.34
94.19
94.58
94.91
94.50
94.44
94.39
94.17
94.34
94.67
92.81
93.93
92.72
94.42
93.56
94.01
93.92
94.75
94.47
93.93
94.27
94.58
94.25
94.00
95.27
93.54
94.08
93.70
93.07
94.85
94.30
94.07
94.92
93.07
95.27
92.81
94.89
94.26
95.40
94.58
94.30
94.06
93.48
94.89
92.02
93.82
93.37
92.94
92.51
92.43
93.32
95.09
94.62
94.94
93.09
93.41
92.31
92.98
95.08
93.86
93.31
94.83
94.28
95.38
92.20
94.45
92.53
95.05
94.19
94.90
93.24
94.64
94.88
93.50
94.67
92.87
95.23
94.62
95.22
92.25
93.56
93.90
94.03
93.84
93.69
94.17
94.24
94.45
95.11
94.78
94.83
94.25
95.01
94.76
94.57
95.07
94.94
94.73
93.79
93.59
94.12
90.13
94.10
93.51
95.17
94.38
93.93
94.39
94.86
94.18
91.55
93.61
93.71
94.35
94.24
93.21
94.71
94.20
94.59
94.27
93.88
94.90
92.75
94.31
93.60
94.99
94.89
93.57
93.07
94.93
94.22
94.27
93.41
93.35
94.23
94.29
94.28
93.99
94.23
92.35
94.18
94.18
94.57
94.72
93.51
93.94
94.33
95.44
94.78
94.14
92.81
93.72
94.44
92.79
94.67
94.53
94.12
94.74
94.83
94.33
94.62
94.43
95.44
93.13
93.75
94.14
94.80
94.53
95.17
93.33
93.63
93.81
93.91
93.22
94.28
92.13
93.58
94.67
93.29
94.50
95.62
93.33
94.39
94.97
93.31
94.11
94.17
94.55
92.00
93.86
93.06
94.78
93.97
94.95
94.74
92.36
94.30
94.39
94.53
94.07
94.05
93.85
93.06
94.20
94.53
94.14
94.24
94.57
93.06
93.74
94.59
90.82
93.58
95.26
94.29
94.26
91.60
92.91
92.88
94.92
94.39
94.58
94.39
93.58
94.30
93.99
94.53
91.44
94.72
93.12
93.84
94.46
93.56
94.39
94.63
94.32
94.25
93.24
94.73
94.19
92.38
94.32
94.63
94.96
93.85
94.84
95.12
94.79
93.89
93.83
94.58
93.57
95.08
92.20
93.45
94.19
93.78
94.31
92.35
95.13
95.20
94.89
93.05
94.44
94.74
93.81
93.38
94.37
94.51
94.15
94.54
94.88
94.28
94.16
94.35
94.21
94.73
94.42
92.21
94.50
94.23
95.11
95.43
91.33
94.55
93.75
94.68
93.79
94.88
94.80
93.24
94.43
94.50
94.31
94.95
94.58
93.54
94.42
91.89
93.90
93.48
93.90
93.56
95.08
95.23
93.87
94.80
93.50
93.36
94.58
94.61
94.19
93.34
93.72
93.11
92.64
92.91
93.68
94.28
94.55
93.41
93.23
94.14
