94.89
92.78
89.25
92.76
90.27
92.63
89.88
88.59
91.74
94.16
93.34
90.87
94.73
93.83
90.45
91.08
95.16
90.48
93.51
92.99
90.74
92.04
92.43
94.85
90.84
93.17
95.07
92.79
94.57
92.11
91.52
94.60
91.40
94.14
92.00
94.44
92.90
95.23
93.64
93.35
94.03
86.88
93.30
92.60
90.51
94.37
94.95
94.58
94.31
89.19
92.86
95.71
92.19
92.71
93.58
93.71
94.48
93.12
93.24
92.51
93.49
94.47
94.84
93.57
93.37
93.04
93.92
90.96
93.30
92.70
92.75
90.88
92.84
95.65
94.01
94.53
91.45
92.40
95.67
94.73
92.87
94.62
93.37
92.46
92.87
92.91
90.31
93.90
92.68
94.91
92.65
91.73
94.69
93.23
94.19
94.89
93.76
94.31
92.55
92.14
92.01
91.53
91.95
93.84
92.71
92.53
88.53
88.23
93.48
94.85
94.49
93.07
93.20
94.26
93.97
91.79
94.17
93.98
90.04
91.78
94.37
91.25
94.31
92.33
93.40
94.84
91.17
94.03
94.73
93.34
93.12
93.47
93.34
92.40
93.28
92.81
94.56
94.13
94.07
93.63
90.60
93.51
93.49
94.35
92.13
93.26
94.73
94.11
92.93
95.33
93.91
93.29
94.24
84.68
92.29
93.91
93.92
94.33
95.11
94.88
93.47
93.19
87.79
94.29
94.31
94.12
91.88
94.32
95.63
90.56
94.62
90.93
92.37
90.34
94.72
93.90
93.08
94.14
94.47
91.49
92.94
93.56
94.87
94.35
95.05
94.43
89.42
94.81
93.21
92.63
90.21
93.35
93.65
89.09
95.20
93.66
94.65
94.17
91.06
94.26
94.75
94.96
93.72
95.06
95.23
92.19
87.39
94.46
93.20
94.69
93.23
94.94
91.96
92.98
94.77
91.28
95.40
92.14
92.69
91.87
93.96
91.83
94.54
94.90
94.03
95.02
93.17
92.32
95.04
94.54
91.87
92.64
93.68
92.36
93.51
94.76
94.69
94.47
94.89
95.00
89.88
94.38
90.12
92.19
95.38
94.21
94.70
91.46
89.65
90.76
94.26
93.86
95.09
94.21
94.50
93.83
94.14
94.05
93.53
86.23
89.97
92.21
92.33
92.97
92.03
94.92
93.70
90.76
92.06
93.42
91.81
94.92
92.56
94.38
89.94
94.32
93.46
93.81
95.23
95.42
89.13
92.00
88.08
93.44
90.64
93.07
94.91
94.52
83.25
93.22
93.65
90.45
93.46
88.01
95.73
94.60
94.49
92.56
90.13
92.81
93.18
92.28
88.14
93.63
93.60
91.36
87.90
95.58
94.74
94.02
88.71
92.84
94.04
93.55
94.09
92.41
92.05
90.94
94.50
94.31
92.52
94.07
93.87
94.51
94.89
92.39
95.18
89.46
95.16
92.21
95.17
92.21
95.21
91.90
92.49
92.51
93.38
92.46
89.22
92.18
94.41
90.00
92.84
94.37
93.25
94.96
93.84
92.87
91.55
93.33
94.60
92.98
93.07
92.90
94.35
94.84
94.59
89.88
95.16
92.26
93.52
94.72
92.79
94.06
94.18
93.28
93.33
92.97
93.00
92.49
95.19
93.93
95.82
95.19
94.19
93.27
92.35
90.45
93.23
95.19
93.91
93.86
92.28
87.96
92.21
87.74
90.28
94.04
93.50
91.26
94.46
93.07
94.67
94.06
90.66
91.11
93.47
90.89
93.62
92.85
94.17
86.57
90.00
93.41
93.02
94.40
92.19
89.87
93.95
91.53
94.47
94.34
94.10
93.69
94.68
94.36
94.41
94.57
94.10
93.79
90.95
92.55
95.35
93.59
93.95
93.30
92.61
93.12
94.27
94.14
93.06
92.60
91.38
93.70
93.40
95.19
91.40
94.79
92.47
91.85
93.49
93.83
93.59
93.05
94.35
90.77
93.47
95.66
94.63
91.85
93.92
86.91
91.59
91.35
92.36
92.98
93.68
94.17
93.94
94.82
92.75
92.61
92.65
94.95
92.32
93.96
92.43
94.94
92.37
95.47
94.48
92.80
91.03
94.52
92.51
94.36
91.91
94.17
93.17
92.98
93.29
93.38
93.80
93.95
92.02
92.48
94.76
92.50
94.50
93.34
92.52
90.36
94.21
92.04
95.11
95.10
95.00
94.69
93.97
94.28
85.34
94.19
94.86
92.67
94.82
86.09
94.70
87.29
93.67
95.13
89.49
93.65
89.79
89.35
90.73
88.76
94.97
94.78
93.58
95.05
91.51
92.26
93.93
92.15
91.62
93.64
94.05
91.98
94.04
94.07
91.79
91.46
88.26
89.06
92.53
92.12
92.24
93.12
92.65
94.10
90.40
94.68
94.20
92.73
93.10
95.62
94.08
92.68
94.73
89.57
93.01
92.61
93.81
89.83
93.64
93.97
94.04
93.68
94.29
92.37
93.71
94.83
93.13
93.77
89.50
90.09
90.55
94.23
90.04
94.83
92.18
93.33
93.42
93.09
93.42
93.45
94.38
94.62
93.78
92.04
93.93
93.35
93.60
94.59
93.63
94.90
94.23
93.40
94.22
94.20
92.13
93.59
93.54
93.83
95.34
89.25
94.46
92.58
90.81
93.07
91.72
92.78
92.25
92.31
94.11
93.71
93.52
94.13
93.45
95.25
92.40
94.09
91.84
93.82
94.32
94.75
89.87
95.48
93.00
92.51
83.84
93.97
90.75
90.92
93.11
95.27
95.16
91.91
95.00
95.23
90.68
90.57
94.49
95.82
94.30
94.03
94.21
92.94
93.94
93.31
94.30
93.76
89.53
89.33
93.58
92.74
92.64
94.40
93.73
91.94
94.07
93.70
92.83
94.26
93.09
95.17
93.68
91.46
96.09
92.09
91.00
95.21
93.33
95.08
91.43
93.03
91.30
91.85
90.59
94.40
93.55
94.10
94.06
92.48
93.61
93.86
94.31
94.49
90.39
90.65
92.86
92.34
91.73
94.40
94.92
92.08
95.12
95.23
91.01
91.69
94.96
94.76
94.07
93.47
93.54
93.50
94.09
93.69
93.09
92.02
92.28
92.42
94.82
94.38
93.95
89.65
92.47
94.66
91.61
93.11
93.35
94.41
93.19
94.75
92.63
94.58
95.75
94.29
93.43
92.50
90.84
91.98
91.65
94.12
95.72
93.54
94.38
93.82
93.30
91.11
94.97
94.03
91.02
93.53
94.88
92.54
92.58
92.82
94.74
94.93
93.38
93.70
95.02
92.67
94.99
94.24
93.71
87.90
90.65
93.64
87.08
93.20
90.66
92.27
94.71
94.40
94.51
95.64
94.37
93.07
89.41
90.84
91.85
95.39
93.28
94.94
92.10
91.82
95.32
90.35
93.87
94.52
91.21
93.49
94.10
94.11
92.53
87.07
92.20
95.01
93.95
94.04
94.59
90.45
92.46
94.30
90.82
93.70
92.17
94.16
90.59
93.56
92.57
87.41
91.91
93.88
95.17
94.46
91.65
92.88
92.37
92.96
94.44
90.63
93.44
93.99
93.38
91.16
95.15
93.75
93.95
95.57
94.04
91.79
85.23
93.94
94.63
95.11
94.45
95.11
91.80
94.76
94.70
88.07
92.83
91.04
94.28
93.33
95.03
94.23
94.69
93.17
94.29
94.10
94.98
88.57
94.08
94.62
91.82
89.64
91.44
92.29
93.41
93.90
93.77
93.92
90.42
94.37
93.64
93.32
90.72
93.54
92.26
93.24
95.51
92.87
93.64
88.61
94.99
93.26
90.48
94.68
93.04
93.06
90.93
88.62
92.86
95.00
93.27
89.66
93.81
91.78
90.55
91.52
93.58
94.57
93.44
94.91
91.28
95.11
91.44
93.41
93.89
93.50
94.68
94.05
93.05
94.87
93.03
94.24
93.29
93.76
93.73
90.10
91.43
95.65
93.55
94.49
94.58
85.08
91.81
90.63
93.62
90.87
94.80
93.27
92.01
94.48
92.69
94.35
91.92
93.99
93.14
93.29
94.65
94.37
93.06
93.32
94.19
92.93
95.17
93.17
93.34
89.34
93.87
94.62
94.69
89.29
93.26
92.26
92.03
94.23
90.52
94.10
92.50
91.51
93.59
95.11
93.49
92.47
93.12
94.97
94.78
93.18
93.89
95.08
90.34
95.86
93.74
94.87
94.45
94.52
92.43
92.45
94.54
92.96
92.86
94.92
94.31
93.38
94.13
94.46
94.83
91.79
89.62
93.51
93.95
92.93
93.87
93.72
94.41
93.57
92.76
91.74
94.49
93.34
93.86
93.83
93.98
92.90
91.73
94.15
92.68
92.67
92.13
90.98
93.48
93.33
94.56
94.52
94.44
95.31
93.69
90.62
89.77
90.68
92.64
91.03
93.04
88.36
