94.34
94.95
95.64
95.25
94.80
95.80
95.44
95.71
95.42
94.61
95.67
94.47
95.11
95.58
93.90
94.55
95.25
94.93
95.06
95.29
95.17
94.76
95.66
95.40
95.33
94.68
95.37
95.63
95.30
95.61
95.04
95.18
94.72
94.70
95.17
95.56
95.44
93.91
94.80
95.69
93.57
94.67
95.23
95.04
94.63
95.02
94.93
95.23
94.98
95.14
95.00
95.38
94.29
95.23
95.51
95.49
95.48
95.84
95.57
95.50
94.79
93.99
95.24
95.51
93.78
94.95
95.51
93.83
95.57
95.53
95.52
94.79
95.36
94.98
95.63
95.68
95.18
95.09
95.34
95.56
95.47
95.38
94.76
94.86
94.94
94.30
95.46
95.22
95.44
95.36
94.51
95.14
95.05
95.20
94.77
94.47
94.18
95.22
95.03
95.18
94.98
95.72
95.26
94.99
94.59
95.95
94.48
94.22
94.76
95.09
95.55
95.17
94.66
95.44
95.72
94.85
94.00
95.36
95.05
94.89
95.71
95.04
94.74
95.84
94.75
95.63
94.15
95.66
95.62
94.86
93.91
95.16
95.56
95.06
95.42
94.73
95.13
95.45
95.15
95.55
95.50
95.68
95.08
95.50
95.18
95.25
95.22
95.38
94.59
94.99
95.00
95.93
95.72
95.60
94.86
95.45
94.57
95.50
95.48
95.47
95.84
95.50
94.87
94.89
94.88
95.63
95.35
94.99
95.10
95.45
95.18
95.26
94.54
95.28
95.25
95.33
95.42
95.05
94.79
94.94
95.40
94.92
94.83
95.81
94.87
95.09
94.11
94.77
95.33
94.50
94.30
95.41
95.47
94.58
95.59
95.23
95.54
94.90
95.69
94.46
94.12
95.93
95.30
95.09
94.77
93.73
95.46
95.74
95.29
95.99
95.30
94.56
94.61
94.34
95.49
95.41
95.02
93.62
94.81
95.24
95.04
95.22
94.80
95.65
95.09
94.36
95.44
95.24
95.07
94.57
94.76
95.42
95.13
95.49
95.50
94.94
96.06
95.14
94.96
94.79
95.48
94.98
95.35
94.46
95.50
95.45
94.87
94.89
94.76
94.87
94.98
95.71
95.33
94.82
94.66
95.01
95.47
95.13
95.11
95.16
95.46
95.11
94.93
94.87
95.38
94.06
94.61
95.64
93.47
95.24
95.54
94.48
95.18
95.22
95.38
95.43
94.25
93.79
94.99
95.60
93.93
94.38
95.32
95.74
95.24
94.45
94.71
95.17
94.65
94.22
95.52
94.72
95.37
95.16
95.65
95.13
95.15
95.17
95.33
94.57
94.39
94.84
94.55
95.54
95.55
94.93
95.26
94.74
95.79
94.76
95.39
95.43
95.21
94.89
94.27
95.20
94.97
94.46
95.56
95.20
95.33
95.32
95.28
95.29
94.96
95.25
94.90
95.13
95.84
95.60
94.22
94.91
95.21
95.86
95.29
94.82
95.18
95.24
95.69
94.96
94.68
95.51
95.10
94.98
95.01
95.58
94.66
95.32
95.58
94.36
95.21
95.79
95.02
95.91
96.01
95.35
95.28
95.46
95.11
94.91
95.53
94.71
95.08
94.85
95.76
95.07
95.67
94.60
95.54
95.53
94.90
95.19
94.66
95.51
93.88
95.13
95.52
95.80
95.55
94.95
95.02
93.72
95.75
95.30
95.68
95.38
95.23
95.64
95.45
95.36
95.22
94.47
94.86
94.85
95.06
94.88
95.98
95.37
94.31
95.70
94.65
95.11
95.33
94.50
95.38
94.93
94.40
94.78
95.14
95.61
95.87
94.97
95.12
95.30
95.46
95.24
94.75
95.13
95.55
95.37
95.05
95.26
95.65
95.64
94.16
95.20
95.08
95.14
95.54
94.58
94.45
94.63
94.75
95.28
95.26
95.54
94.69
94.61
95.24
95.11
95.42
94.41
94.21
95.31
94.72
95.53
95.07
95.51
94.83
95.42
95.70
95.35
95.71
95.06
94.96
94.39
94.96
94.39
95.11
94.28
95.35
95.66
95.64
95.22
94.81
95.72
94.83
95.63
95.58
95.15
95.12
93.44
95.66
94.67
94.98
95.69
93.91
94.05
95.26
94.15
94.65
94.78
94.83
95.82
95.37
94.53
95.06
94.67
95.66
95.59
95.34
94.67
94.50
94.44
95.05
95.17
95.29
95.28
95.75
95.28
94.46
94.70
95.33
95.34
96.00
94.89
95.41
95.52
94.76
95.97
94.50
95.05
94.84
94.78
94.01
95.19
94.13
95.38
95.20
94.73
94.70
95.62
95.86
94.44
95.30
95.31
95.36
94.25
95.53
94.95
95.57
94.30
95.56
95.33
95.21
95.15
95.73
95.80
96.10
94.75
95.31
95.25
95.31
95.17
94.75
94.87
94.58
94.02
95.72
94.95
94.86
95.68
94.84
94.79
94.50
94.57
95.47
95.21
95.19
94.99
93.26
95.44
94.56
95.32
95.64
95.37
95.53
95.38
95.07
94.04
95.80
93.87
95.15
94.49
95.11
94.13
95.73
94.60
95.30
94.94
95.06
94.88
95.47
94.76
94.98
95.65
94.57
95.00
95.24
94.80
95.57
94.47
95.33
94.55
94.86
94.79
94.64
95.45
95.09
95.36
95.05
95.58
95.32
94.55
95.46
94.99
94.73
95.38
95.23
95.18
95.28
95.72
95.53
94.77
94.69
95.18
95.22
95.36
94.99
94.86
95.28
94.77
94.96
95.25
95.09
92.60
95.36
96.17
95.49
95.60
94.68
95.88
95.00
93.60
94.46
95.31
95.06
95.50
95.36
95.54
94.89
94.91
95.26
95.16
95.50
95.30
96.14
95.18
95.11
95.38
95.21
94.40
95.33
94.84
95.92
95.13
95.45
95.29
95.69
95.55
95.22
94.61
94.55
95.17
95.62
95.13
95.22
95.61
95.18
95.34
95.45
95.31
94.48
94.49
94.93
95.75
94.78
94.88
94.86
95.12
95.12
94.91
94.82
95.12
95.55
95.06
95.16
94.80
95.43
95.22
95.40
95.32
94.82
95.43
95.42
95.64
95.50
94.16
95.82
93.87
94.99
95.46
95.04
95.42
94.80
95.29
95.06
95.50
93.41
95.13
95.58
95.53
94.70
95.37
94.52
93.89
94.94
95.33
96.05
95.31
94.66
95.20
94.79
95.87
95.59
95.53
95.99
95.34
94.37
94.97
95.84
94.95
95.09
95.21
95.14
95.79
94.96
94.26
94.72
94.83
94.79
95.31
95.68
95.01
94.85
94.41
95.28
94.11
95.27
95.56
95.36
95.22
95.13
95.14
93.82
95.26
94.51
95.01
95.21
94.44
94.39
95.29
95.62
95.27
95.53
95.58
95.08
95.04
95.07
95.13
94.42
94.98
93.98
95.71
95.61
94.86
94.57
94.89
94.47
95.22
95.40
94.87
95.45
95.45
95.83
94.65
95.47
94.94
94.26
95.48
95.61
94.94
95.25
95.42
95.44
94.90
95.16
94.90
95.12
94.71
95.24
95.95
95.28
95.68
95.88
94.60
94.45
95.37
94.79
93.29
95.09
94.53
93.88
95.48
95.12
95.18
94.26
95.50
95.15
94.97
95.44
94.89
94.87
94.89
95.46
95.54
94.12
94.08
94.40
95.00
93.27
95.55
94.94
95.45
95.50
95.19
95.53
95.76
95.10
95.39
94.95
95.39
94.79
94.32
95.05
94.70
95.67
95.35
95.49
94.69
95.25
93.75
94.75
95.04
94.29
94.84
95.47
93.05
95.41
94.61
95.41
95.21
94.54
95.23
95.20
94.58
95.32
94.40
94.72
95.81
95.46
95.05
95.45
95.12
95.30
95.81
95.60
95.86
95.05
94.41
95.25
95.63
95.26
93.93
94.71
95.03
95.66
95.50
94.84
94.70
94.44
94.43
95.23
95.55
94.91
95.09
95.35
95.04
95.19
94.66
95.43
95.37
95.99
95.87
94.87
95.11
95.27
95.08
95.13
95.03
95.02
94.98
95.14
95.25
94.94
94.69
95.68
95.48
95.44
95.51
94.94
95.21
94.23
94.08
94.94
95.36
94.73
95.52
95.40
94.21
94.91
95.01
94.71
94.78
94.54
95.40
95.39
95.55
95.13
95.21
95.61
95.60
94.69
95.55
95.22
95.28
94.60
94.94
95.08
94.82
95.16
95.10
95.40
94.32
95.03
95.60
94.50
95.41
95.27
95.64
95.28
95.41
95.56
95.33
95.29
94.73
93.39
95.14
95.41
94.02
95.29
95.14
94.44
95.02
95.03
95.03
94.97
94.58
95.58
95.36
95.41
94.91
95.77
95.22
95.24
95.00
95.34
95.05
95.10
94.75
95.04
95.85
95.19
95.04
95.11
94.69
94.66
94.90
95.82
95.27
