92.72
93.65
91.66
92.84
91.86
92.97
91.87
92.45
92.32
92.96
91.16
92.84
93.06
93.34
93.26
91.52
92.24
93.27
92.13
92.06
93.04
92.45
92.80
93.20
92.33
92.64
92.76
91.96
92.58
93.10
92.70
93.09
92.52
93.32
93.00
93.29
92.93
92.41
93.02
92.18
92.72
92.66
92.66
92.79
92.26
93.11
92.46
91.34
92.87
92.62
93.32
93.25
92.55
93.25
92.82
91.40
93.14
92.61
92.95
92.66
93.31
92.86
92.81
92.99
91.96
92.91
93.42
92.42
92.09
92.77
91.65
92.92
92.20
93.03
93.06
91.87
91.92
92.45
92.21
92.70
93.20
93.03
92.55
92.28
92.71
92.32
91.65
92.16
92.74
91.99
92.38
92.06
91.80
91.63
92.70
92.96
91.98
92.77
92.77
92.57
92.37
92.48
91.97
93.04
91.44
92.32
93.37
93.25
92.78
91.99
93.06
91.88
93.25
92.71
92.79
92.81
91.67
93.17
92.03
92.67
93.02
93.68
91.98
92.33
92.99
93.52
92.52
90.97
92.40
92.82
91.82
92.13
92.36
92.98
92.16
92.98
92.98
92.67
92.56
92.93
93.13
92.67
92.56
92.56
92.56
93.19
92.67
92.75
91.88
92.04
93.29
92.07
93.50
91.64
92.53
92.52
93.31
91.23
92.66
93.74
92.95
92.55
92.50
92.84
92.48
91.97
91.67
91.06
92.23
91.41
93.62
92.73
93.09
92.53
91.17
93.01
92.89
92.96
93.09
92.58
92.26
92.74
91.34
93.10
91.83
92.36
91.84
92.75
92.54
92.49
90.81
92.91
93.01
91.94
91.78
92.63
93.15
92.81
91.86
93.05
92.82
91.71
92.37
92.38
92.77
91.14
93.09
93.19
92.91
91.85
92.09
93.43
92.05
93.10
92.55
92.57
92.16
92.55
92.22
92.38
92.37
92.43
92.07
93.52
92.48
92.46
92.50
93.04
93.10
92.49
92.05
92.89
92.27
92.41
92.81
91.71
92.59
91.83
92.59
93.13
92.28
92.96
93.25
93.34
91.00
92.46
93.15
93.34
92.91
92.22
93.65
91.70
93.00
93.05
92.43
92.23
92.67
93.31
91.30
92.03
92.39
92.70
92.82
92.34
92.85
92.85
91.74
92.46
92.77
91.54
92.68
92.35
91.48
92.93
92.83
91.64
91.63
92.40
92.31
93.27
92.86
92.95
92.24
93.05
92.98
92.19
92.44
93.28
92.40
92.95
92.29
92.90
93.35
93.08
93.00
93.16
92.86
92.86
93.00
92.47
92.79
92.92
92.27
92.88
92.75
92.57
93.55
92.80
92.40
93.32
93.38
93.41
92.63
92.06
91.14
92.96
92.72
92.44
92.80
93.21
92.99
90.66
93.09
92.76
92.26
92.46
92.36
92.11
90.82
92.63
92.92
92.51
93.03
93.06
91.34
93.31
91.79
93.26
91.65
92.40
92.66
93.11
92.26
92.84
93.29
93.25
93.02
92.70
92.73
91.37
92.94
92.39
92.44
92.38
91.24
93.09
93.25
91.42
92.75
93.30
93.11
91.30
92.70
92.81
92.54
93.17
92.62
92.55
93.13
92.35
92.72
92.86
91.87
93.07
93.33
92.18
92.85
92.96
91.61
93.18
92.94
92.38
92.17
91.37
92.18
93.09
92.65
91.87
92.33
89.98
91.35
92.36
92.75
92.77
92.34
91.77
93.14
92.50
91.85
92.53
93.07
93.18
92.32
92.23
91.99
92.06
91.69
93.15
92.68
92.43
92.79
91.85
92.96
92.45
92.31
92.52
92.32
92.50
93.24
92.68
92.24
92.81
92.93
92.28
92.62
92.70
93.17
92.60
92.77
92.09
93.00
92.81
90.56
92.30
93.24
92.99
93.24
93.30
92.94
92.76
92.47
91.93
92.05
92.05
93.17
92.67
92.77
91.95
92.85
93.32
92.42
90.60
92.97
92.65
92.52
93.13
93.16
92.85
92.36
92.28
92.64
92.84
93.37
92.46
93.27
92.55
92.60
92.69
92.32
92.79
92.85
91.27
93.10
92.49
92.97
93.01
92.17
92.82
92.05
93.06
93.15
92.22
92.69
92.91
92.79
92.97
90.88
93.00
92.98
90.66
92.41
93.20
92.57
92.84
92.40
92.96
92.68
93.34
91.96
93.02
92.41
92.95
92.00
93.39
93.31
93.13
92.56
93.04
93.18
93.39
91.98
92.77
92.71
93.16
93.07
92.30
93.23
92.71
92.56
93.38
92.80
92.83
92.83
92.48
92.47
92.49
92.92
93.25
92.34
91.56
92.51
92.27
92.47
93.27
92.43
93.00
92.12
93.20
91.91
92.57
92.91
92.67
93.22
93.09
91.56
92.35
92.02
92.76
92.18
92.37
93.13
90.79
92.93
92.87
92.94
92.80
93.32
92.47
91.89
93.00
93.52
93.07
93.22
92.98
92.16
92.20
90.78
91.98
93.23
92.72
92.17
92.94
93.54
92.76
92.84
92.92
92.79
92.38
92.30
92.73
92.77
92.67
93.99
92.59
92.42
92.90
92.56
91.98
92.60
92.74
92.00
91.81
93.39
93.36
93.04
92.37
92.34
91.71
93.20
92.41
93.37
92.74
92.83
91.75
92.29
93.17
92.88
91.55
92.73
92.66
92.67
92.31
92.51
93.36
92.61
92.37
91.96
93.77
92.48
92.70
93.09
92.37
92.89
92.01
92.35
93.37
92.23
91.80
92.87
93.28
93.05
93.05
93.32
92.72
93.70
93.11
92.39
92.76
92.37
92.89
92.28
91.75
92.94
92.13
91.50
92.38
91.80
92.84
91.90
92.55
92.47
92.97
91.92
93.21
92.73
92.41
92.85
93.02
92.99
93.16
93.16
93.03
91.85
92.55
92.10
92.32
92.38
92.80
92.16
92.32
91.92
92.92
91.48
93.58
92.97
92.86
92.69
93.99
92.85
91.91
91.44
92.89
92.37
92.82
93.18
92.79
92.97
92.64
92.53
92.24
92.49
90.92
92.49
90.90
92.39
92.44
92.94
92.24
93.49
92.51
93.05
92.92
92.15
91.64
91.94
92.97
92.66
92.74
91.83
92.87
91.75
92.99
92.95
93.16
91.95
92.82
93.22
93.49
92.36
92.58
92.62
92.87
91.52
92.60
92.67
93.41
91.98
93.47
92.76
93.06
93.05
93.59
92.70
92.27
93.29
91.63
93.18
93.31
92.91
93.08
92.45
93.17
92.91
92.55
93.07
91.51
92.54
91.97
93.46
91.73
93.18
93.12
91.96
92.96
91.49
92.37
92.84
92.95
92.79
92.45
93.48
92.84
93.20
92.77
92.45
92.51
93.15
90.69
91.86
92.46
92.99
92.16
93.16
92.48
91.96
90.79
91.52
91.78
92.77
92.31
92.74
92.87
91.92
91.52
92.00
92.46
92.48
92.21
93.04
91.95
92.75
92.92
92.52
93.02
93.04
92.29
91.14
92.67
93.19
91.26
93.57
92.90
93.31
92.66
92.46
92.00
92.62
91.88
92.28
92.74
91.91
92.42
93.25
92.84
93.36
92.84
92.02
93.50
92.88
92.20
93.03
93.00
91.43
92.97
92.84
92.51
92.16
93.24
93.48
93.12
92.42
92.40
93.13
92.53
93.17
91.23
92.84
91.69
92.20
92.38
92.45
92.78
92.59
93.30
93.12
93.19
92.96
93.07
90.84
93.03
93.01
92.93
92.64
92.41
91.92
93.17
93.07
92.38
92.29
92.93
92.64
92.70
91.46
91.99
90.47
93.34
92.58
92.33
91.85
92.33
92.64
93.19
91.24
92.71
92.03
92.98
91.92
92.83
91.79
92.50
92.28
91.66
92.27
92.92
92.14
93.06
89.60
92.99
92.93
93.11
92.93
93.01
93.07
92.85
91.71
92.58
92.35
92.29
91.99
92.62
91.28
92.89
92.86
92.56
92.98
92.85
93.19
92.80
92.83
91.90
93.02
93.36
91.69
88.70
92.75
92.63
91.96
92.82
93.39
92.76
92.56
93.18
93.16
93.00
93.47
92.54
92.53
91.28
92.12
92.98
91.86
92.50
92.22
92.91
92.23
92.89
93.65
92.66
93.17
92.59
92.68
93.27
92.05
91.78
92.49
92.71
91.91
92.52
92.92
93.28
92.92
92.91
93.23
91.26
92.11
93.26
92.40
90.48
93.29
93.41
92.67
92.92
92.63
92.94
92.89
93.05
93.09
91.25
93.01
92.22
92.93
92.48
92.28
92.78
92.75
93.44
92.70
91.89
92.49
92.70
92.59
93.18
92.87
91.80
92.70
91.12
92.14
92.86
92.91
93.02
92.47
93.11
92.71
93.18
91.62
91.96
92.05
92.76
92.49
93.19
