74.32
79.32
80.97
83.29
82.70
78.45
73.37
82.02
83.77
80.30
79.56
84.27
78.81
80.79
86.26
77.79
67.51
85.46
80.53
76.14
82.94
79.27
70.30
81.93
84.09
81.09
79.06
79.93
81.15
82.62
83.18
86.82
77.48
77.51
79.76
80.67
77.36
72.62
75.08
78.25
81.83
76.01
78.34
83.11
72.96
80.68
81.13
86.74
77.86
80.84
86.62
66.99
73.34
76.41
76.99
79.45
82.11
84.15
72.38
80.65
79.69
79.65
74.21
77.29
79.91
81.83
71.19
72.56
78.78
77.75
82.06
81.04
80.95
84.17
76.37
80.57
80.86
88.25
78.98
75.22
80.36
85.19
78.40
85.62
81.31
73.79
73.23
71.42
79.08
63.96
76.42
79.56
77.06
82.99
80.47
79.95
83.41
85.31
81.65
88.69
73.70
77.39
81.26
84.51
86.50
79.73
81.32
81.68
77.34
81.58
84.49
78.62
85.44
72.64
83.35
74.05
86.63
81.38
67.83
82.88
78.16
80.68
83.11
82.06
83.02
78.25
82.20
79.12
83.20
83.86
85.49
80.56
84.33
82.46
70.65
74.26
86.38
74.08
68.81
80.17
83.97
77.66
86.96
82.28
84.89
78.03
80.13
80.95
78.93
80.02
78.49
84.04
81.23
81.78
87.93
84.25
76.00
83.17
85.40
84.63
82.10
80.21
76.09
78.88
82.76
80.61
84.76
81.08
76.66
83.74
76.60
79.50
79.95
63.61
81.91
74.16
77.76
73.35
75.18
84.39
84.56
80.53
81.84
78.84
81.60
86.46
84.42
79.75
82.95
85.69
79.25
77.37
76.51
74.26
75.96
77.06
84.24
77.74
76.09
80.41
79.81
82.24
83.01
82.24
81.84
82.33
80.28
80.98
80.29
80.94
71.55
85.87
80.40
82.07
74.26
77.81
83.45
80.13
78.70
86.43
80.37
77.69
80.10
82.46
81.09
82.00
82.94
78.74
67.39
84.30
75.92
80.26
78.06
83.65
72.75
86.39
79.84
69.19
81.82
84.36
79.13
82.16
72.68
85.70
81.96
79.42
79.60
85.71
79.89
81.52
77.52
85.15
75.77
78.97
80.95
82.42
77.04
74.54
71.84
81.15
72.93
74.77
84.17
81.16
78.05
76.62
77.55
84.34
80.51
87.97
76.90
81.28
85.44
80.65
81.88
82.03
84.80
79.35
82.24
87.53
72.10
81.58
82.80
76.20
79.14
84.54
83.77
88.52
77.45
77.07
75.89
83.88
79.86
81.73
81.51
81.01
72.06
79.96
86.05
79.91
83.27
77.78
85.04
80.75
82.37
80.73
82.69
80.08
83.08
74.03
73.95
79.63
83.80
78.12
81.73
83.27
86.34
71.04
78.08
81.77
75.91
74.72
77.41
78.32
81.62
65.37
78.24
72.49
74.10
80.37
80.73
77.76
81.79
75.16
74.14
79.07
82.05
79.72
68.48
76.50
82.88
66.14
81.30
83.19
82.94
83.06
80.87
73.02
81.39
82.05
77.48
78.08
80.42
81.90
74.43
66.55
75.41
77.92
80.45
69.33
80.68
81.44
78.21
78.04
75.18
76.42
82.06
71.19
74.46
82.91
81.94
77.68
77.70
77.37
82.05
78.01
74.67
68.65
83.03
82.54
76.80
84.92
79.32
79.80
82.58
81.84
68.58
82.43
75.18
77.31
76.65
79.16
83.18
81.61
75.90
78.73
87.52
76.24
82.52
82.41
79.68
81.74
86.58
80.93
74.30
79.62
76.04
82.99
81.50
75.73
77.47
76.79
79.00
78.11
79.60
72.90
83.95
83.82
76.50
80.75
78.74
80.97
82.65
77.93
78.21
77.74
81.76
74.39
83.63
86.90
76.42
78.48
76.37
81.18
81.58
78.37
84.12
80.25
73.37
78.36
80.12
81.08
78.20
76.74
78.77
81.01
79.27
78.39
82.83
85.08
82.22
80.13
86.79
81.71
83.91
78.68
71.79
83.35
77.41
67.13
72.81
78.63
80.90
84.46
84.24
80.65
80.22
78.54
77.48
70.58
77.41
74.88
82.15
82.05
81.89
78.47
77.78
80.65
85.70
80.46
80.90
84.84
88.84
86.13
78.37
79.46
81.85
83.54
82.33
76.74
83.56
80.32
79.83
78.53
82.89
80.42
79.64
79.23
78.08
78.83
80.52
84.48
75.74
78.92
78.15
84.79
79.79
79.10
80.17
83.72
85.72
82.28
78.20
78.74
78.49
82.57
76.89
77.22
74.66
76.83
82.61
74.28
79.37
77.18
82.25
77.00
80.90
74.96
80.60
74.25
85.79
81.78
72.66
81.78
73.77
81.23
82.85
68.12
72.07
86.45
79.75
78.16
75.55
74.00
75.14
80.15
87.63
81.10
85.84
69.34
83.89
75.99
80.04
79.00
81.34
75.22
77.51
80.98
79.68
67.00
81.99
83.82
80.28
78.15
78.33
78.43
80.56
78.66
80.17
83.00
79.55
81.74
79.30
76.67
80.38
71.92
84.02
67.60
81.45
85.09
85.23
84.31
80.88
85.36
77.06
78.25
80.62
84.35
75.23
78.74
87.98
81.26
81.82
71.37
72.10
74.71
83.73
69.56
81.63
80.81
81.76
82.82
78.74
75.99
78.99
80.24
83.34
76.85
76.94
75.39
82.61
82.37
74.82
78.23
81.51
85.06
80.53
73.66
80.15
74.66
71.31
85.81
76.81
79.45
79.27
69.21
81.10
76.91
87.00
71.61
83.83
80.14
79.75
83.57
83.62
75.49
72.63
82.01
71.12
81.54
80.12
72.16
76.96
76.25
79.91
82.29
73.56
83.39
81.93
84.12
81.57
83.45
80.06
74.05
81.17
80.77
76.44
86.30
81.70
81.61
78.08
84.32
77.45
76.81
79.93
78.33
79.03
75.24
84.02
79.62
75.19
80.17
77.96
84.20
78.77
77.84
76.25
85.09
76.57
81.19
78.70
75.52
81.81
83.89
80.14
74.93
81.51
87.50
66.69
69.43
74.12
83.51
71.35
71.96
84.98
82.91
72.36
78.40
82.47
84.17
70.43
75.97
80.68
77.80
81.60
77.71
74.97
78.74
73.55
72.85
84.54
82.94
80.06
78.75
78.47
79.92
77.58
76.55
78.41
81.38
79.86
82.57
80.47
81.58
73.92
83.24
70.34
86.98
84.50
82.74
81.98
64.31
80.62
80.09
83.42
71.96
80.27
82.43
85.12
82.10
81.04
83.30
75.06
82.64
76.16
77.47
79.55
81.72
77.27
73.04
79.28
76.19
82.23
82.80
72.95
83.94
80.57
82.66
73.21
84.87
78.60
82.06
76.84
80.15
75.04
73.98
83.76
80.05
84.46
79.67
69.79
72.85
79.05
87.35
82.02
76.41
82.64
78.28
79.00
77.81
85.69
75.37
83.41
70.60
76.78
71.71
84.67
86.17
79.90
76.39
77.16
81.93
81.16
85.75
73.40
83.37
74.95
80.36
83.08
72.04
82.42
73.26
83.25
85.36
80.85
76.49
79.00
77.46
75.87
78.96
68.45
78.23
73.41
86.55
76.22
79.05
84.86
80.76
73.86
86.34
86.42
67.36
73.31
72.55
80.14
77.52
81.86
83.57
85.25
83.51
82.20
86.63
76.09
77.45
86.27
81.20
79.96
72.85
81.50
86.20
75.47
75.77
74.88
71.48
76.88
81.19
75.25
83.27
73.92
78.12
74.30
77.01
77.75
77.03
82.07
80.85
78.60
85.38
78.44
77.33
86.59
79.85
75.36
71.30
82.33
80.00
81.95
77.98
69.97
84.28
78.73
73.64
75.48
79.60
74.28
79.35
86.00
74.87
81.57
82.24
78.66
77.98
77.16
76.87
83.37
77.05
80.55
83.28
82.08
78.88
80.94
76.27
79.55
82.22
77.17
75.82
81.09
78.90
77.80
78.78
81.46
70.80
82.31
74.35
83.68
64.89
80.03
77.60
84.32
83.26
77.26
81.38
78.61
73.99
71.26
83.36
80.57
76.79
72.01
81.97
79.12
87.95
79.70
84.67
86.22
78.36
71.87
78.51
84.13
79.61
82.60
86.78
78.35
85.38
72.30
86.17
80.24
86.10
68.87
87.43
70.82
88.42
75.54
78.32
81.87
74.84
81.93
82.22
81.07
76.34
79.33
83.57
80.71
86.22
85.83
79.21
77.77
81.28
73.31
84.87
78.23
81.45
69.19
73.69
84.19
64.71
82.25
72.92
85.33
72.45
80.99
84.77
81.23
81.39
78.66
74.93
80.90
86.88
74.50
77.02
79.83
71.28
81.15
80.32
86.07
71.40
82.19
76.44
82.46
83.88
74.80
81.91
82.66
83.43
88.40
84.54
80.44
76.34
85.85
83.35
