89.80
86.75
90.47
90.83
89.93
90.35
87.69
90.64
84.64
89.45
87.85
90.36
89.72
91.46
86.85
86.04
88.31
89.68
90.00
90.74
86.58
91.35
89.33
90.72
91.04
88.88
91.26
90.53
88.84
88.80
88.53
87.96
85.32
89.34
89.28
90.20
87.75
90.77
89.62
90.13
90.05
88.99
87.00
88.65
90.04
85.37
88.57
91.36
89.38
88.94
89.11
90.38
90.88
89.62
88.97
90.24
88.33
90.81
88.66
89.13
90.46
86.46
90.75
84.88
91.16
88.93
88.41
86.57
88.55
88.64
90.31
88.76
89.89
91.75
88.38
90.48
89.53
89.56
90.46
90.38
88.19
88.86
90.73
87.90
89.33
88.37
88.68
89.29
89.42
88.10
87.61
82.59
89.86
86.77
86.57
88.57
87.94
89.28
87.49
90.46
89.12
89.01
90.48
88.38
89.35
90.23
88.96
89.98
88.01
89.99
87.09
90.47
90.18
89.93
91.32
89.56
91.17
91.18
90.66
88.77
87.24
86.42
88.42
87.58
89.63
89.77
89.99
90.73
90.70
89.88
90.13
89.50
88.75
86.80
89.52
89.92
85.82
90.15
89.27
86.96
90.73
89.66
87.81
88.56
89.34
91.07
89.65
87.29
90.01
90.50
86.76
87.51
90.82
89.24
91.58
84.77
88.43
89.57
90.40
90.68
89.06
90.52
90.74
88.72
89.66
89.75
89.24
90.13
91.34
86.77
89.34
90.59
91.09
89.65
85.44
88.94
88.18
88.62
87.36
89.41
89.51
87.01
89.25
88.90
90.12
87.62
88.22
91.15
86.04
90.40
89.16
88.93
91.30
90.37
90.45
88.35
89.66
90.58
85.62
89.35
88.83
88.92
90.39
90.31
85.11
91.03
90.74
89.22
89.25
89.15
90.01
89.39
90.36
82.16
88.16
89.93
90.62
88.94
89.49
89.64
88.11
89.03
87.94
87.58
91.01
89.97
87.75
89.14
90.34
89.20
90.90
89.12
89.94
86.43
90.14
87.57
90.86
90.02
90.93
89.58
89.74
88.99
88.82
89.94
86.03
90.71
86.77
86.52
90.24
90.18
89.03
90.01
88.12
88.85
89.78
88.23
90.35
90.47
89.60
90.79
89.49
89.40
91.34
89.79
89.77
91.21
88.62
89.22
90.43
91.31
90.82
91.51
88.97
88.00
89.04
84.92
87.63
89.11
86.93
89.69
90.31
90.71
89.18
87.50
89.46
90.59
87.80
85.92
90.21
89.52
90.19
88.61
85.46
90.31
89.08
89.69
85.41
88.00
90.87
90.13
86.27
90.10
90.71
87.79
89.45
91.53
90.63
90.01
88.39
89.14
88.00
88.16
86.58
89.51
89.56
88.06
90.02
88.91
91.23
84.71
87.21
90.10
89.12
87.88
88.15
88.00
89.56
89.59
85.49
88.94
88.77
92.06
85.58
88.75
87.61
89.69
90.27
91.07
87.44
90.50
90.09
89.53
90.00
90.71
88.20
86.31
89.79
87.86
89.31
85.96
86.98
90.91
90.78
90.77
87.23
89.44
88.92
91.53
89.08
83.25
89.07
87.95
90.20
85.81
91.52
88.23
88.40
89.69
90.33
89.79
91.59
90.16
90.66
90.14
89.38
89.54
88.84
86.98
88.70
91.01
91.08
88.99
87.88
91.49
89.32
88.09
91.46
89.97
89.26
90.04
89.99
89.08
89.51
86.86
87.96
89.84
88.05
92.05
89.73
86.27
91.30
88.66
87.89
89.50
89.18
88.48
89.76
90.50
88.30
88.86
89.18
90.29
89.06
91.15
88.44
91.66
89.01
90.58
87.75
89.09
88.40
89.25
88.25
90.76
89.34
88.90
89.64
90.58
91.01
89.71
89.89
89.50
90.50
89.19
87.03
89.61
88.78
91.02
89.61
89.45
89.65
89.47
86.76
89.55
90.04
86.35
89.06
90.56
91.12
86.82
89.28
89.77
89.70
88.45
90.51
89.65
86.86
85.45
89.66
89.20
87.46
89.76
90.08
89.34
89.22
88.96
89.11
90.16
87.77
87.23
90.65
90.21
90.83
89.15
88.51
88.82
90.72
90.21
89.17
87.82
91.00
87.46
90.27
90.55
90.67
91.77
86.95
87.83
87.15
90.11
87.61
90.13
87.49
88.35
91.27
90.88
90.43
91.26
88.47
87.99
89.28
90.23
91.39
91.13
90.56
86.69
88.41
86.87
88.51
89.26
90.53
89.01
88.42
86.94
91.53
89.40
87.80
87.46
90.89
88.38
88.26
90.29
89.65
89.54
91.06
89.68
89.94
91.36
90.45
88.63
89.73
90.90
88.38
87.52
91.30
89.33
88.36
90.67
89.03
88.91
87.53
91.29
88.71
89.04
89.38
88.32
90.23
88.02
90.21
87.58
89.41
88.93
86.45
87.34
91.89
89.21
91.48
87.89
89.67
90.14
88.52
91.40
87.80
90.50
88.86
91.11
87.65
88.72
89.36
90.16
91.51
89.83
91.24
88.72
90.15
89.33
91.30
90.79
90.96
91.07
89.61
89.39
89.22
89.37
91.68
89.39
86.15
91.11
90.94
91.25
90.74
88.32
90.81
89.48
89.13
88.46
88.97
88.59
90.50
91.00
87.27
89.51
87.99
87.49
89.87
89.01
90.41
87.18
89.37
90.15
89.29
89.74
90.56
90.68
90.48
89.31
88.14
88.90
88.10
89.06
90.71
89.90
89.28
87.30
89.08
89.97
89.26
90.63
90.16
88.40
90.54
89.71
86.84
91.52
91.07
87.24
90.60
91.78
88.28
89.68
87.56
90.38
89.61
89.03
90.38
89.91
89.63
90.11
87.05
88.80
87.62
88.99
91.03
89.67
89.20
89.28
89.79
88.93
91.38
89.48
91.05
90.05
91.41
90.13
89.82
87.47
86.25
91.23
87.98
90.95
90.88
90.46
89.49
88.46
90.31
89.17
91.46
89.34
82.57
91.07
90.64
88.12
89.25
90.74
89.41
89.32
88.81
86.51
90.68
89.48
91.07
86.27
88.42
87.79
88.53
89.04
89.46
83.78
90.62
90.12
88.87
89.45
88.71
87.25
88.09
91.11
90.06
86.59
90.23
91.15
85.45
90.96
89.94
91.23
90.05
87.53
89.50
89.44
92.08
89.59
88.98
87.74
88.91
86.40
89.63
88.24
88.92
90.11
90.29
90.60
89.62
90.04
91.01
88.57
88.98
90.19
90.15
89.53
89.35
88.82
90.61
91.08
91.48
91.24
89.81
90.49
91.21
89.10
89.40
89.73
88.61
89.21
89.53
87.96
87.94
88.28
88.73
89.57
88.90
87.63
88.35
90.36
88.56
89.07
89.03
89.43
90.07
89.62
90.35
88.72
86.00
90.27
88.90
89.16
89.25
89.88
89.56
89.14
90.06
87.08
89.74
89.78
88.59
88.19
88.28
90.85
88.68
89.53
89.03
88.96
90.71
90.56
87.67
90.12
89.87
90.19
86.40
89.05
88.93
88.22
88.15
91.43
90.06
87.79
88.82
89.05
88.17
89.04
87.58
91.63
88.42
88.71
91.76
91.45
89.47
87.73
89.57
90.73
87.52
90.86
89.34
89.44
89.93
84.10
88.68
86.78
88.98
89.31
89.18
89.44
90.81
88.17
91.05
87.41
87.49
90.68
86.52
90.07
89.77
86.56
89.60
86.79
89.90
90.73
89.46
86.37
89.23
89.53
89.46
90.53
90.70
90.27
87.59
89.69
88.94
87.61
87.91
91.39
85.87
89.27
89.06
89.52
87.33
91.49
89.75
89.47
89.98
87.58
89.00
90.02
90.24
89.81
90.97
88.37
90.19
88.37
89.38
90.02
90.34
87.90
91.08
89.52
90.49
88.77
89.79
89.96
90.04
89.13
85.36
90.65
91.24
87.62
89.35
88.09
88.44
89.90
87.53
89.95
89.19
90.54
87.23
89.76
90.65
88.48
90.89
90.09
90.72
86.49
84.64
89.94
86.82
89.95
84.31
90.72
89.20
89.29
88.36
88.17
88.16
89.26
91.34
88.23
90.14
82.17
88.71
89.08
90.19
91.77
89.35
87.55
89.79
89.58
89.21
90.75
88.91
90.73
88.68
89.18
88.46
90.53
89.83
89.47
86.15
85.66
89.57
90.18
88.39
89.10
90.70
88.79
89.31
89.44
90.41
85.48
88.23
90.55
88.27
89.88
90.64
89.57
88.92
89.58
87.45
85.03
85.64
90.39
88.89
86.54
87.75
89.69
89.89
86.58
88.51
88.87
89.42
87.66
88.00
88.08
91.64
86.33
90.42
88.60
87.33
88.55
90.54
85.99
87.58
89.21
88.22
87.93
90.69
89.08
88.83
83.71
88.11
86.81
89.60
89.96
89.34
91.39
