87.06
87.03
85.85
85.68
85.39
86.58
89.39
86.53
84.91
85.36
85.09
87.83
82.28
89.43
81.54
85.33
79.59
87.67
83.02
87.40
84.10
87.12
85.74
89.20
86.04
81.09
84.60
78.38
85.33
86.34
81.09
82.88
86.36
88.35
84.20
86.22
85.84
81.99
89.14
85.76
85.55
84.95
89.30
79.60
88.91
81.07
84.33
84.71
86.50
86.22
85.27
87.56
87.13
88.46
87.35
84.23
81.21
85.11
87.69
87.78
85.12
86.08
86.80
87.99
87.92
86.48
86.09
89.06
85.15
86.88
87.74
86.02
83.42
86.11
86.24
83.74
86.66
82.70
86.08
83.47
86.50
86.72
84.18
83.80
88.65
86.33
87.65
87.84
86.72
86.46
82.96
87.69
85.50
83.39
88.50
88.00
81.94
82.33
78.84
86.14
86.94
86.61
81.64
88.38
82.76
88.07
89.54
87.98
85.64
87.03
86.63
87.05
82.54
86.37
83.56
87.25
86.66
81.44
82.68
84.48
83.90
83.34
88.58
86.70
83.82
86.94
86.19
86.62
81.72
87.16
85.81
86.11
88.94
88.11
85.44
84.92
88.46
85.05
84.53
86.27
86.45
85.88
88.04
84.72
85.48
88.85
82.05
87.43
85.54
87.84
88.45
86.82
86.66
84.48
88.57
82.65
85.00
87.64
87.59
85.74
80.42
87.68
87.73
87.10
88.38
85.57
86.71
81.59
86.95
84.82
86.12
88.90
89.08
87.91
86.15
84.67
87.68
87.45
84.65
87.60
88.16
83.54
89.22
82.49
84.57
85.47
80.54
86.04
88.99
86.04
86.88
86.06
88.78
87.48
83.70
89.27
86.68
87.38
86.32
87.89
87.23
88.10
87.26
85.65
83.95
86.73
87.55
87.54
86.36
87.59
84.62
83.79
83.33
86.72
83.83
83.09
84.39
85.95
87.25
79.62
86.97
84.48
85.37
84.17
86.41
85.11
83.19
88.20
87.46
83.58
83.74
82.25
83.75
85.56
85.39
87.03
85.52
84.91
83.88
88.17
84.28
85.43
83.60
87.80
83.66
84.72
83.03
82.91
88.86
89.39
89.05
84.97
86.72
88.82
85.18
82.67
82.52
86.72
87.02
88.27
87.10
81.94
87.38
86.85
86.88
88.22
87.73
87.47
89.21
83.84
87.60
89.35
87.14
84.42
88.61
86.89
87.52
81.11
89.22
83.29
86.07
88.02
85.80
85.66
87.43
85.62
82.65
89.46
83.90
87.65
87.05
89.29
83.89
85.45
87.50
81.65
81.41
89.51
88.16
85.50
88.13
87.58
85.06
84.69
84.06
84.15
87.80
83.54
84.27
85.12
89.31
84.18
87.12
88.91
86.85
87.09
84.63
88.24
85.10
82.88
86.37
89.40
84.56
80.31
80.87
87.61
85.20
87.90
87.41
88.88
88.40
82.94
87.21
87.93
88.78
87.83
85.04
89.22
88.11
86.62
87.23
85.42
86.27
82.85
88.76
87.48
84.91
87.55
88.26
87.08
87.38
82.93
87.30
87.46
86.98
83.74
82.06
88.27
87.05
82.50
86.24
84.14
79.49
87.85
88.24
88.29
87.40
84.80
85.78
81.93
86.85
84.50
84.63
88.82
85.09
81.93
83.72
86.67
80.62
83.54
84.96
88.56
84.78
88.66
83.55
84.21
88.52
88.33
85.44
87.84
84.63
88.11
86.50
86.86
85.41
89.07
88.88
86.51
87.83
87.25
88.94
87.31
86.87
88.58
89.75
85.82
88.23
85.01
81.80
83.85
86.34
88.46
82.76
87.23
87.09
85.98
87.22
83.92
84.97
85.31
87.33
84.99
82.85
84.78
86.09
85.99
86.27
72.84
86.60
85.99
83.97
87.74
79.97
84.83
81.04
85.53
85.35
87.27
83.41
84.95
82.54
79.60
85.20
87.36
86.03
88.34
83.40
85.52
87.36
89.24
86.49
89.47
87.03
85.43
84.91
85.73
85.96
81.72
83.86
85.17
82.74
83.55
83.90
82.90
84.86
88.06
89.00
86.70
82.86
80.17
85.36
88.60
87.83
85.24
88.00
88.41
87.20
87.24
84.03
87.48
85.79
83.69
84.10
81.60
85.31
88.17
86.51
88.35
87.87
87.25
86.76
83.84
84.66
84.31
89.06
87.61
81.33
86.21
83.81
87.70
86.55
85.45
88.11
87.98
85.92
86.13
87.47
87.24
86.73
87.70
79.70
86.87
88.72
87.93
85.57
90.11
85.54
85.34
86.70
88.56
83.78
81.74
87.13
86.16
85.09
89.96
87.91
87.45
85.22
84.18
89.05
87.48
88.55
86.00
88.01
82.46
81.92
85.50
84.41
86.32
86.86
89.27
85.88
87.16
86.80
86.59
87.84
85.63
84.52
85.85
87.23
87.52
86.27
86.29
85.60
88.87
83.75
85.56
88.26
87.42
87.79
84.97
87.78
82.12
90.90
88.42
85.86
85.10
86.06
85.74
80.90
87.85
83.40
83.65
82.92
86.30
87.87
83.33
86.75
88.52
84.93
88.63
86.24
85.52
87.84
86.81
85.91
84.93
84.36
88.08
85.45
85.80
85.62
89.59
87.81
85.05
87.14
84.70
86.73
87.70
88.11
86.12
84.34
88.79
88.38
86.56
87.69
84.10
86.20
90.48
83.62
87.42
88.13
86.57
86.40
89.31
83.93
87.82
78.73
84.54
85.05
88.81
81.02
85.99
86.89
84.00
84.10
85.84
88.32
88.84
87.11
87.13
89.05
86.84
82.45
88.02
86.25
87.40
84.47
84.57
87.33
89.34
87.44
88.77
83.61
84.68
85.84
86.30
87.51
83.51
88.66
81.22
87.48
83.68
83.66
87.66
88.88
88.10
84.96
89.16
87.90
81.74
84.44
89.47
86.93
88.62
85.81
88.35
86.46
87.16
90.12
89.04
87.79
87.09
86.40
89.45
88.93
88.07
87.68
88.98
83.35
88.14
87.37
87.11
85.24
83.66
87.14
83.55
84.10
87.61
85.07
86.13
87.48
85.84
82.86
84.35
86.14
84.61
85.65
81.91
89.14
89.04
80.46
87.54
83.97
80.39
88.06
86.28
87.49
85.31
86.48
86.88
82.94
86.84
87.63
82.85
83.33
85.49
87.26
89.96
87.48
88.09
87.80
85.14
88.36
85.95
85.57
86.46
80.51
89.19
87.99
87.25
85.29
86.42
89.18
89.41
83.49
88.31
83.17
87.87
81.37
87.11
82.90
86.57
87.19
83.53
87.09
84.99
84.51
88.19
85.24
85.69
87.53
88.20
85.17
85.94
82.31
83.39
87.71
83.74
87.91
83.61
79.48
87.70
84.09
83.98
84.74
86.53
88.01
85.99
85.77
83.92
85.94
85.12
87.59
85.49
84.47
87.65
86.52
83.04
85.89
82.84
85.32
89.12
86.85
82.10
84.76
82.90
88.23
85.58
86.42
87.63
87.30
87.36
84.31
88.05
87.85
85.90
82.90
88.98
86.14
86.25
88.00
87.32
85.70
86.22
79.82
87.51
84.83
87.93
85.77
78.51
87.07
88.46
83.28
85.10
85.58
88.22
88.28
85.28
88.11
86.09
85.30
86.66
86.58
86.24
87.39
88.90
82.90
89.34
83.17
86.36
86.49
88.15
78.57
90.03
87.90
85.08
89.10
87.99
89.09
83.71
87.81
87.92
85.73
80.62
88.37
87.40
86.42
85.69
80.98
87.75
84.56
89.15
83.68
83.28
86.75
84.99
86.19
89.12
81.02
86.22
88.15
89.43
86.13
86.76
88.98
84.52
87.76
83.72
84.22
83.72
85.10
83.67
85.95
88.56
87.56
87.86
85.94
85.76
86.87
85.86
75.21
83.30
86.72
89.20
84.66
84.22
86.41
87.13
88.66
85.06
85.74
89.10
83.19
84.47
87.72
89.33
85.25
85.68
83.31
88.46
89.68
87.32
85.47
86.19
83.04
77.86
88.08
87.10
84.88
86.19
84.90
85.24
87.26
86.17
86.92
86.89
88.57
87.40
85.02
85.00
86.80
86.26
80.32
88.43
86.04
85.97
88.42
85.56
85.77
82.41
89.13
87.00
88.39
87.78
82.52
84.31
86.46
85.08
85.05
85.44
83.97
86.03
87.09
85.93
86.21
89.04
87.18
87.19
87.14
86.34
87.75
83.96
86.76
86.09
83.84
84.81
86.61
84.01
85.08
85.72
85.74
86.47
87.40
85.22
81.80
81.37
83.77
86.73
84.96
88.28
85.19
85.19
87.44
88.18
87.44
88.90
84.99
82.47
82.33
87.68
88.77
86.32
87.05
85.67
87.27
88.52
86.13
88.27
86.67
88.74
84.72
84.81
88.69
86.05
86.00
86.69
89.74
82.88
