94.69
92.14
90.55
93.84
93.10
94.27
94.04
92.61
92.97
94.42
91.45
93.92
95.03
91.61
93.27
93.59
93.92
95.04
93.00
93.20
94.67
94.45
94.64
93.08
94.33
94.18
94.13
94.77
94.01
92.30
95.23
94.19
92.85
92.09
93.10
94.48
93.97
92.62
93.16
94.64
95.10
94.15
94.56
91.37
94.11
94.50
93.41
94.27
94.54
92.45
94.09
93.28
94.65
90.94
95.25
93.58
93.86
94.14
93.33
88.76
94.11
93.50
94.60
93.76
92.95
94.98
94.49
92.48
95.12
94.16
92.96
93.09
93.88
92.63
94.00
95.13
94.92
93.47
93.68
93.72
94.72
90.15
94.69
92.61
95.03
93.56
94.28
93.49
93.89
93.35
94.39
92.22
93.48
94.83
95.15
93.32
93.92
94.18
94.20
93.92
93.96
92.81
94.28
94.56
94.15
93.56
94.94
94.15
93.57
94.67
93.00
94.53
94.74
94.87
93.46
95.11
94.10
92.36
94.08
94.79
94.94
90.15
94.75
94.50
93.27
94.96
92.35
94.28
93.43
94.29
93.18
93.94
93.81
94.51
91.08
94.70
94.10
94.37
94.42
93.74
93.91
94.20
94.58
92.41
94.20
94.28
94.92
94.65
94.33
92.37
93.86
94.98
94.62
94.80
95.10
90.29
94.81
90.75
94.76
93.84
93.45
93.79
95.10
94.79
93.19
93.52
93.15
93.72
93.64
93.53
90.83
91.60
94.33
93.38
91.54
94.94
93.62
93.93
93.78
93.77
92.70
95.17
94.10
93.56
93.91
92.82
93.46
93.99
93.67
94.25
95.00
91.44
94.92
94.04
94.28
90.72
90.06
94.42
94.50
93.48
94.77
93.87
92.06
94.18
93.57
94.53
94.79
94.16
91.88
94.73
94.59
94.25
94.21
92.86
94.43
94.73
93.08
92.89
94.80
93.99
93.94
93.26
93.34
92.28
94.15
93.71
93.57
93.28
95.10
93.52
94.44
94.18
94.02
93.60
94.18
94.15
93.22
95.11
94.33
92.61
94.94
90.92
93.68
93.84
93.90
94.22
94.04
94.35
94.50
92.77
94.08
93.30
94.53
91.62
93.55
94.07
89.61
95.48
94.19
93.84
92.47
92.79
93.50
94.50
94.19
92.57
94.18
92.88
94.43
92.94
94.46
94.70
93.48
94.21
94.19
94.51
93.53
93.11
93.30
93.46
93.52
93.28
87.53
94.43
92.17
94.28
92.63
93.62
94.52
93.96
92.34
94.98
94.31
93.88
93.91
93.80
94.65
93.64
94.19
93.21
92.58
94.84
94.52
92.00
93.53
92.13
94.84
93.23
94.11
91.89
94.93
94.91
94.76
92.74
93.88
94.13
91.35
93.71
91.29
93.49
93.50
94.56
90.04
93.44
95.02
94.42
93.63
94.16
93.53
95.30
95.25
93.69
92.88
94.94
94.13
94.48
94.32
93.59
93.69
93.40
93.80
94.53
94.40
94.74
94.49
95.18
93.78
93.57
93.38
93.94
94.60
93.40
94.84
92.88
93.48
93.88
93.61
92.87
93.51
94.64
94.30
94.13
92.65
94.57
93.44
91.16
94.78
94.69
94.18
94.34
94.35
93.50
94.07
91.72
94.34
93.56
93.05
92.19
88.31
93.57
92.62
93.03
93.92
92.76
93.25
94.42
93.39
94.53
94.01
91.83
94.29
94.33
94.14
93.33
94.60
94.43
95.22
92.90
94.47
92.81
92.83
93.98
94.40
94.76
94.56
92.89
93.29
92.07
92.36
94.44
93.26
94.63
93.13
93.40
94.22
95.28
94.35
93.92
92.49
93.41
94.12
94.59
93.67
92.65
92.85
93.97
93.52
94.87
94.53
94.69
89.97
94.93
94.52
92.58
94.32
93.45
93.78
94.56
90.37
92.63
94.65
93.20
94.25
92.55
94.40
92.89
93.54
93.14
94.01
93.79
94.63
93.60
94.13
92.73
93.97
94.27
95.23
94.95
94.53
93.44
94.12
94.38
94.61
93.81
94.33
90.86
94.40
92.02
94.91
92.72
91.05
94.57
95.15
93.33
94.41
93.51
91.72
93.39
93.96
93.98
94.70
93.85
93.91
94.50
92.67
94.66
93.56
92.02
95.18
93.50
93.37
93.42
94.83
94.66
93.26
91.61
94.08
94.91
93.63
93.07
93.52
94.87
92.82
94.87
94.91
93.33
94.28
89.51
94.45
94.20
94.47
95.38
93.70
95.06
94.57
92.92
93.65
92.94
88.98
93.48
94.52
92.49
92.71
94.14
93.50
93.31
93.82
94.37
93.43
94.07
92.35
93.44
94.04
92.37
93.47
94.91
94.23
93.35
93.44
93.70
93.52
92.68
93.96
93.61
93.47
92.65
93.72
93.96
94.40
92.52
93.15
93.55
94.60
94.10
94.70
92.60
93.72
94.62
94.01
94.20
92.06
94.20
94.60
93.07
92.47
92.06
95.36
93.61
93.81
93.62
95.09
94.37
92.26
94.86
94.83
93.55
93.05
95.50
95.28
93.59
93.57
92.74
92.81
93.23
92.38
94.27
94.32
94.68
93.30
93.91
94.64
92.53
94.80
94.37
94.69
93.33
92.36
93.91
92.34
93.42
95.14
94.62
93.54
94.30
93.63
93.67
94.48
95.02
94.02
95.39
95.29
94.11
94.25
94.00
94.20
94.04
94.15
94.53
91.72
92.13
90.49
92.78
94.60
93.38
93.39
92.84
93.82
93.93
93.65
94.65
93.30
93.46
93.12
90.34
94.29
92.17
94.17
91.90
94.89
94.64
94.73
94.42
93.37
93.37
94.65
93.51
92.58
92.21
94.54
93.43
94.17
94.06
93.36
93.92
93.87
94.07
92.93
93.58
93.17
91.94
95.01
94.43
91.10
94.93
93.39
93.26
93.51
94.54
93.32
93.36
93.01
91.30
93.12
94.96
91.60
93.02
92.78
90.46
93.97
91.90
93.91
92.11
94.26
94.01
93.18
94.46
94.85
93.75
95.19
92.63
91.68
92.05
93.28
94.32
92.60
94.21
94.22
90.24
92.22
94.21
94.40
93.06
94.51
93.69
93.88
94.30
95.07
94.59
94.55
94.73
93.62
95.04
94.17
94.47
92.45
94.37
94.56
94.52
94.40
93.54
93.84
94.03
95.04
94.90
94.70
93.56
89.95
94.77
94.12
93.46
94.26
93.88
94.30
93.91
93.37
93.70
94.63
94.86
93.62
94.96
94.88
94.68
93.46
94.35
94.20
92.72
94.56
94.00
94.32
94.25
93.25
95.06
94.42
94.47
93.03
94.63
93.62
93.89
93.88
94.51
93.84
93.89
94.77
94.00
94.66
93.34
94.85
93.66
94.99
94.33
92.96
93.88
94.98
92.00
94.09
94.15
93.24
93.89
92.09
94.13
92.24
92.21
94.03
92.85
92.25
92.93
94.30
95.32
93.46
94.33
94.44
94.15
94.03
94.39
95.37
92.73
94.44
93.91
93.82
94.37
94.41
92.84
95.37
94.11
94.82
90.44
94.07
95.09
91.09
94.33
94.26
94.58
94.24
93.52
93.68
87.79
93.26
93.89
92.07
94.14
93.64
94.63
93.32
93.81
94.70
92.95
94.79
92.91
89.87
92.27
94.06
94.50
94.86
93.34
94.64
91.80
93.02
95.02
93.60
92.48
93.99
94.34
91.80
94.43
93.16
91.42
94.19
92.77
94.43
94.55
94.39
93.26
94.54
93.30
94.34
94.77
91.43
94.05
94.32
93.63
94.25
94.21
94.59
93.28
92.33
93.83
94.37
94.88
94.62
93.91
93.98
92.38
93.99
91.11
93.83
94.28
93.19
94.13
93.92
93.25
93.79
95.02
92.41
94.42
94.71
92.71
92.53
93.86
92.86
94.08
94.61
94.43
95.48
94.50
94.88
95.01
93.72
94.68
95.17
91.99
93.44
93.09
93.26
94.63
94.59
92.84
93.91
94.12
93.80
92.32
94.01
94.64
93.84
93.44
94.14
94.46
94.51
93.37
94.14
92.96
91.40
94.21
93.34
93.53
94.33
94.32
93.85
91.61
94.00
94.61
93.80
94.33
92.91
93.66
94.07
94.12
93.95
93.26
93.43
91.51
95.33
93.60
94.87
94.77
93.04
94.91
93.13
92.63
95.23
91.56
94.86
94.30
94.51
94.47
93.65
92.93
94.12
93.71
93.60
94.79
91.16
95.07
94.21
93.43
93.37
93.86
93.38
94.43
94.50
93.23
94.04
94.60
94.41
92.94
94.37
95.16
94.06
91.42
94.67
93.13
92.10
94.14
95.28
94.38
93.57
94.64
94.64
94.28
94.94
93.64
94.33
93.92
93.00
93.39
92.94
94.38
94.58
94.57
94.08
94.93
