87.94
87.99
86.00
88.82
85.28
85.99
83.87
86.66
86.11
88.56
87.52
85.42
88.37
82.51
87.79
82.45
85.61
86.10
83.99
86.86
84.17
89.09
83.22
85.62
84.83
89.05
83.00
85.67
83.20
85.34
84.59
84.44
88.12
87.00
87.56
87.64
85.77
83.66
85.95
86.70
83.60
83.54
81.66
87.51
87.58
87.07
88.73
82.51
82.28
85.60
86.07
83.47
88.07
87.28
84.63
85.16
83.04
85.16
84.09
87.13
88.85
83.10
89.23
85.47
84.10
89.11
83.25
86.93
82.12
87.17
85.66
86.49
87.82
85.43
90.02
83.37
86.55
87.15
88.89
88.08
80.41
76.62
86.26
88.16
85.18
84.93
84.61
86.63
89.04
87.09
85.10
85.08
89.64
85.48
85.56
81.44
88.18
85.58
88.30
86.72
83.64
85.14
85.92
87.26
90.81
86.87
83.78
80.02
83.50
83.91
84.00
84.86
87.15
85.64
85.41
87.58
87.71
82.75
86.80
86.82
88.97
88.55
86.88
83.28
85.11
84.91
86.33
84.18
89.85
86.32
83.05
88.28
85.41
80.76
82.84
81.97
82.17
87.23
83.25
87.30
88.56
84.24
88.13
84.55
86.36
84.37
88.63
84.92
86.55
86.04
80.94
84.39
87.31
85.04
84.85
84.68
82.88
86.99
82.58
79.51
85.32
86.93
86.24
85.10
85.56
87.63
88.02
86.74
83.84
86.94
86.47
84.36
88.92
82.16
88.13
85.98
88.22
88.09
85.15
84.95
80.24
81.69
80.94
88.33
83.73
87.72
84.97
88.00
84.49
82.55
88.25
86.58
84.87
87.88
86.05
82.47
87.97
86.15
85.52
85.28
84.94
84.24
87.49
82.47
87.19
81.23
83.58
86.19
83.29
88.76
89.65
86.75
82.31
86.54
87.65
85.23
89.17
88.95
88.40
78.45
84.64
87.39
88.01
87.62
84.83
88.15
83.13
86.70
88.25
85.86
79.88
84.81
76.29
83.15
86.82
79.31
84.58
88.20
82.40
84.80
82.47
84.04
86.96
86.12
85.82
84.67
84.20
83.54
86.01
87.37
85.14
86.59
84.01
84.09
87.43
89.45
87.83
85.83
86.25
84.97
88.02
88.70
88.74
85.53
86.79
87.62
81.43
82.86
80.41
80.59
80.97
87.59
83.01
86.57
87.81
83.77
82.67
87.39
86.25
87.34
87.37
86.57
85.24
85.85
84.64
86.92
88.01
86.54
84.51
84.32
84.16
89.88
87.86
87.46
82.49
87.85
86.19
83.64
87.04
86.74
85.78
84.44
84.41
83.31
85.63
86.44
87.43
85.85
85.90
87.47
89.65
84.82
84.19
88.43
79.03
85.50
88.61
85.36
82.19
86.27
87.14
89.20
85.48
83.03
85.56
86.84
87.44
84.25
86.35
87.52
82.65
79.27
84.45
86.45
87.00
84.89
84.51
87.70
84.70
86.67
84.53
89.28
81.57
86.06
88.07
84.98
84.07
86.03
82.74
84.54
85.84
89.19
87.91
86.46
88.15
86.34
88.28
84.05
83.45
87.62
84.80
84.34
85.77
84.82
90.12
85.00
88.36
84.76
85.88
82.55
86.36
85.75
89.40
82.68
88.40
87.42
87.34
82.86
81.49
84.34
88.78
86.69
88.97
84.64
82.66
86.07
87.36
88.00
86.78
87.23
87.44
81.02
82.85
84.54
80.25
85.96
87.65
87.26
84.18
87.07
84.14
88.11
82.60
83.15
82.71
83.17
87.28
82.74
82.74
87.18
87.70
82.56
85.61
83.53
83.98
83.17
84.48
88.58
79.80
87.80
86.46
88.48
87.37
88.88
80.63
88.51
88.31
87.25
87.46
86.17
85.82
83.39
86.49
85.52
85.40
86.68
89.21
86.64
85.87
85.90
84.57
80.76
83.82
80.26
85.92
89.29
83.14
84.25
84.74
80.63
86.47
82.98
88.38
86.75
86.27
87.46
80.60
83.34
83.90
84.85
83.32
87.45
84.60
90.20
82.32
81.16
86.50
86.72
87.08
89.33
86.24
87.51
84.22
84.55
82.28
82.67
87.09
85.78
88.81
86.27
85.90
88.57
86.49
81.55
86.17
86.81
86.30
84.19
86.88
88.10
86.09
86.64
86.50
87.49
86.44
83.55
82.23
88.18
85.72
88.32
80.02
89.56
87.04
84.30
85.08
82.76
85.62
86.14
87.23
85.60
85.13
87.94
87.81
85.16
85.18
83.64
85.97
84.95
86.00
80.13
85.12
86.65
88.46
87.46
86.33
86.56
83.52
87.23
87.32
87.03
84.22
83.54
84.48
84.10
82.75
84.14
88.82
87.67
89.19
84.78
87.79
84.95
87.88
86.28
84.99
80.12
84.48
88.33
85.78
89.06
84.02
87.70
83.41
84.68
88.22
87.54
83.69
87.52
80.78
84.23
88.02
85.06
78.59
89.45
88.71
85.66
84.07
86.10
85.57
88.22
86.87
82.71
88.07
86.83
83.18
86.87
86.56
83.59
88.08
88.72
88.10
86.69
85.34
88.53
84.27
86.77
84.33
86.95
87.89
84.87
87.38
83.18
80.89
86.77
87.40
86.25
86.94
75.39
86.45
84.30
85.88
85.43
82.21
87.06
84.87
81.60
83.38
85.89
88.64
84.41
86.87
83.03
89.04
82.99
87.80
84.19
84.57
79.86
88.40
87.95
82.41
86.45
85.38
85.94
85.16
84.61
86.15
83.86
88.95
85.42
89.60
86.54
84.45
80.58
78.06
85.43
86.56
82.20
83.29
84.75
83.46
85.51
87.37
87.95
85.22
85.99
88.63
82.77
84.36
87.98
85.17
83.05
81.64
87.15
86.48
84.04
85.51
82.30
86.75
87.35
79.84
85.89
86.07
87.75
85.13
85.22
85.80
85.85
86.30
84.94
80.58
85.29
88.81
85.38
87.06
83.57
86.17
86.03
84.58
86.82
86.99
85.21
88.45
86.30
88.06
82.96
88.27
89.66
86.72
88.98
88.01
88.57
86.57
81.48
84.90
88.54
87.74
86.26
83.11
87.66
89.13
87.37
81.89
89.46
84.74
89.69
86.85
89.23
87.58
85.71
88.35
80.65
84.78
85.86
87.58
86.25
87.68
83.61
83.35
84.97
80.75
87.41
87.53
90.18
83.45
84.26
87.89
86.60
86.35
87.87
88.52
88.36
86.13
83.06
87.13
83.41
86.13
88.42
83.78
85.21
87.63
79.86
86.12
83.58
88.04
85.00
84.62
83.50
83.49
84.27
89.68
86.74
84.10
77.86
82.88
87.61
82.47
86.50
87.11
86.04
84.93
80.63
87.27
84.44
86.04
83.19
89.42
88.82
85.74
85.81
86.96
85.95
79.62
83.58
83.15
86.93
87.41
87.17
85.59
84.06
83.20
88.38
86.69
88.77
89.43
86.28
83.94
90.12
86.11
85.82
88.06
85.58
87.01
87.99
87.15
87.76
86.83
87.03
85.22
82.23
85.50
88.41
85.92
86.65
88.32
87.24
87.80
84.94
89.74
89.09
85.02
85.88
87.96
84.96
86.25
84.87
85.86
87.16
77.78
88.34
86.92
81.07
85.31
88.40
86.80
83.67
86.20
84.46
83.10
84.26
89.48
87.65
87.93
87.95
86.94
85.14
85.70
84.01
88.35
86.98
81.04
85.77
87.17
88.60
86.80
86.52
84.59
88.04
88.85
76.51
81.94
86.31
85.63
81.49
84.37
88.27
84.95
86.85
86.12
88.84
87.36
84.74
87.27
86.15
84.38
87.10
88.73
87.50
81.27
85.78
83.79
84.95
85.13
87.13
86.37
85.97
83.41
84.36
82.11
89.02
84.63
89.87
82.39
87.04
86.05
86.26
86.03
88.90
88.91
85.55
88.01
87.67
86.68
88.34
86.21
81.68
87.71
86.36
87.49
86.53
84.23
86.67
85.74
86.45
82.17
86.99
84.51
87.11
86.91
82.42
87.54
86.55
81.81
83.69
87.82
81.69
86.04
89.23
85.00
83.94
88.49
83.30
85.45
81.74
87.88
88.38
85.99
86.63
87.60
85.92
87.15
87.85
83.30
83.73
87.70
82.40
83.98
84.22
84.76
83.59
81.56
89.46
77.53
85.36
82.69
85.07
87.77
84.38
87.99
84.15
85.45
87.96
85.71
84.43
87.56
82.20
81.76
84.55
83.50
87.52
80.46
84.04
85.51
87.03
84.59
86.59
81.41
87.49
88.07
86.79
84.41
87.75
86.11
77.40
85.91
82.55
84.92
88.71
87.27
88.28
89.57
85.28
86.48
85.61
83.78
84.46
86.68
88.43
86.65
86.92
84.52
86.14
85.84
86.67
84.58
85.93
81.93
89.28
85.24
86.14
