88.85
89.56
84.40
88.39
89.41
86.04
85.45
89.65
88.79
90.48
85.87
87.75
88.72
89.61
87.34
88.01
86.88
88.08
84.76
90.20
88.45
87.81
88.03
88.60
88.52
89.63
90.82
90.32
89.65
88.93
88.66
87.60
90.08
87.44
89.44
88.25
85.07
89.21
83.76
88.99
88.19
89.12
89.26
86.22
87.32
89.34
86.14
90.02
90.97
88.17
84.99
88.27
84.24
88.90
88.28
88.67
88.51
83.38
87.68
88.63
82.26
89.71
88.13
90.56
86.72
84.74
90.84
87.70
88.58
85.67
89.51
87.73
88.75
88.61
90.48
88.43
88.49
87.77
89.84
88.36
86.73
86.75
88.77
89.33
86.46
85.64
87.30
83.49
87.94
87.63
86.27
88.57
89.01
89.14
88.88
86.77
82.27
87.69
89.72
88.57
83.25
87.14
85.31
90.80
85.03
86.89
87.06
88.10
88.59
90.32
88.21
87.86
89.46
84.45
89.41
88.22
90.57
86.04
88.79
87.49
88.94
88.14
87.39
89.07
89.02
88.04
88.08
83.70
87.63
83.17
87.17
89.86
84.81
88.95
88.18
86.71
88.76
87.55
86.19
88.73
87.19
80.89
87.21
88.10
88.62
85.16
89.40
89.35
89.61
87.39
90.08
90.11
91.98
88.08
88.72
84.46
86.75
87.25
89.24
88.83
86.43
86.26
82.87
86.90
87.17
87.40
88.24
87.14
89.08
88.92
85.55
88.26
87.94
90.64
88.76
83.76
87.85
84.20
85.49
88.61
83.91
87.19
84.96
87.12
85.29
90.81
88.87
89.64
90.21
86.57
85.30
89.24
87.43
92.18
83.97
86.62
84.81
89.32
86.49
86.42
81.74
84.85
87.17
89.82
88.88
90.55
90.70
88.30
83.95
86.07
88.62
88.92
87.58
89.67
87.85
88.53
89.07
89.50
90.93
87.20
83.44
90.22
87.95
87.38
86.83
89.74
84.26
90.21
88.04
80.00
85.75
89.70
91.09
87.93
88.62
89.28
85.48
85.81
84.65
89.23
86.02
90.39
89.43
85.28
89.61
89.41
86.18
91.09
88.16
90.28
88.63
87.72
88.72
88.82
86.18
86.02
90.37
83.86
86.70
87.79
87.50
90.63
90.22
89.48
83.61
88.85
87.72
87.50
82.76
90.14
88.82
83.91
88.83
87.44
84.06
84.42
84.90
89.89
83.31
90.95
86.67
88.48
86.56
87.76
88.23
91.01
89.23
87.40
87.49
87.73
90.99
88.34
86.07
89.17
86.85
82.74
84.73
89.73
87.03
84.69
85.04
81.04
88.80
83.82
87.05
88.79
88.72
82.38
88.30
88.50
85.91
88.56
89.92
88.76
86.51
87.64
88.07
90.34
87.92
85.38
88.45
84.98
89.77
89.48
91.27
85.68
90.59
90.14
86.89
86.13
85.46
89.09
88.97
88.84
87.47
88.08
87.75
85.88
90.08
83.85
88.16
88.09
87.10
88.19
87.02
89.68
84.34
86.24
88.28
84.17
87.40
84.79
89.57
89.98
87.58
88.97
87.41
84.38
88.57
89.42
85.84
80.65
88.53
89.95
89.66
90.68
88.04
88.37
88.12
89.94
87.01
85.01
89.17
85.82
89.89
90.41
84.30
88.07
90.37
89.80
87.41
84.70
89.70
88.83
89.55
86.85
88.72
88.57
86.51
86.21
87.02
88.46
84.57
88.67
86.88
88.86
88.05
89.86
87.24
89.68
87.82
88.01
89.82
89.18
84.89
85.33
88.64
88.46
88.79
84.16
89.63
89.35
86.30
88.52
86.38
87.58
84.15
89.08
89.04
82.73
85.06
87.14
87.22
87.12
89.45
87.83
86.05
87.69
89.05
86.63
88.00
89.28
90.78
84.64
84.08
90.19
90.24
84.25
85.95
89.42
89.45
84.43
88.34
85.97
88.95
89.14
86.24
86.31
86.38
88.52
86.73
88.75
89.47
86.02
87.94
88.37
82.29
87.88
87.19
86.31
91.86
89.88
86.91
89.95
89.52
89.97
82.50
87.77
87.98
89.60
90.15
89.89
83.72
85.18
88.94
90.62
87.98
84.85
89.32
81.07
87.91
87.89
88.59
85.65
88.50
87.75
89.32
83.07
89.56
85.87
85.39
88.48
91.81
88.43
78.08
86.68
90.94
78.53
80.56
88.68
83.72
84.57
89.60
86.79
89.65
91.11
89.92
90.28
87.76
85.45
88.26
88.31
85.34
82.67
88.49
89.06
90.03
89.36
90.90
90.40
88.37
88.92
89.61
86.72
89.64
88.70
83.88
89.61
86.76
89.48
89.03
85.95
90.01
87.35
75.75
88.33
86.45
86.95
88.30
88.94
85.78
90.53
89.63
86.19
90.94
87.17
85.99
89.45
88.27
85.84
86.07
84.45
89.30
89.30
87.34
87.43
88.06
90.22
84.63
87.96
90.19
90.69
84.68
86.18
88.39
89.18
83.30
90.17
88.75
88.10
89.00
87.15
85.93
87.26
90.90
87.83
89.40
88.16
89.97
86.00
86.74
88.17
87.48
88.60
88.64
85.86
90.63
84.86
87.78
87.67
81.99
87.37
85.60
87.06
87.46
88.10
84.75
87.56
83.21
87.58
89.63
90.04
86.21
88.05
91.60
87.55
87.95
90.80
90.00
89.19
88.06
90.22
84.60
89.81
85.27
88.79
87.44
87.14
84.77
85.12
87.57
86.18
85.82
80.65
88.29
82.95
90.00
86.44
90.45
89.21
89.19
84.39
85.87
88.89
82.90
85.87
88.94
89.32
84.41
88.34
84.89
90.63
88.88
84.19
89.54
83.35
86.20
84.91
89.05
87.47
83.83
87.55
87.28
87.57
88.58
82.87
89.80
88.85
88.40
87.25
86.76
86.73
89.30
88.42
88.83
87.35
87.90
87.09
88.84
87.46
83.67
89.23
84.64
89.57
88.12
82.65
85.58
87.89
85.16
85.75
81.24
86.55
89.98
83.69
88.89
87.96
89.20
89.75
86.01
88.83
89.73
88.53
86.18
87.18
87.43
84.18
89.21
88.96
86.85
86.49
87.23
87.74
90.26
86.59
89.87
89.10
80.85
88.11
91.22
88.16
88.47
90.26
91.22
88.51
86.02
88.08
85.44
90.44
85.19
89.87
83.18
88.08
86.72
87.27
89.76
88.48
86.92
86.79
87.96
86.73
88.26
90.40
87.82
85.95
86.61
87.99
86.66
80.95
81.59
88.36
89.42
89.62
84.82
89.88
85.67
89.48
89.19
90.37
82.83
88.88
89.71
87.69
87.28
90.32
89.00
86.69
89.46
88.37
91.42
85.76
87.55
89.48
84.15
88.77
89.61
91.07
86.61
86.99
88.28
86.12
90.54
88.69
86.59
87.73
87.89
90.03
86.16
85.06
89.75
83.26
86.83
85.93
81.24
88.16
88.13
83.05
84.76
80.66
78.20
89.56
86.63
86.39
88.05
88.45
85.62
87.94
86.07
86.94
88.56
88.89
89.82
87.32
89.87
86.72
91.08
87.61
89.02
87.32
86.46
87.37
89.51
87.49
89.16
89.67
89.32
87.24
86.73
88.92
90.01
88.56
87.85
88.41
88.02
86.77
81.95
91.19
89.16
89.02
88.74
86.73
85.16
86.69
89.12
87.77
90.40
85.94
85.96
80.42
83.85
90.26
88.05
81.11
86.33
88.68
88.24
86.10
87.76
89.88
89.24
87.91
87.27
85.91
87.98
90.54
85.17
80.75
90.51
86.86
88.13
79.76
88.41
87.90
89.92
84.98
84.61
85.27
88.79
85.09
84.86
90.00
86.67
90.94
89.20
88.79
89.98
85.70
87.68
86.64
86.21
88.90
84.20
86.48
89.76
83.33
85.89
90.35
89.39
89.17
90.43
83.96
86.14
87.62
86.83
88.77
83.09
88.81
88.92
86.43
86.10
87.67
89.38
88.91
88.66
88.36
88.74
89.38
87.22
83.58
84.09
85.45
87.81
88.59
87.21
89.30
85.89
86.01
87.28
80.89
89.10
86.77
90.96
84.85
83.13
85.85
90.25
82.74
85.05
85.12
88.92
90.55
83.57
86.39
89.67
82.17
83.95
85.85
85.70
88.12
86.94
88.69
84.75
88.50
87.47
85.73
88.53
85.72
87.59
86.79
86.62
87.38
87.07
90.22
87.90
87.45
87.47
86.34
88.55
86.90
89.07
89.09
86.39
89.64
88.95
87.82
87.38
91.24
88.49
78.64
87.17
84.15
89.41
83.39
88.59
87.23
83.12
87.93
88.02
86.94
85.94
86.44
83.17
87.83
87.84
89.36
89.91
87.75
89.30
86.74
87.39
84.99
88.69
89.58
88.67
85.24
88.10
86.15
84.76
83.57
89.49
84.78
