87.98
89.36
87.48
84.59
84.93
89.03
87.54
88.91
86.15
89.76
87.24
87.40
86.98
89.61
89.00
89.14
88.54
88.83
90.17
82.06
88.45
89.90
84.45
86.61
85.10
84.94
87.20
89.90
88.64
88.60
89.66
88.12
81.41
88.45
89.60
88.07
89.61
88.41
89.12
87.97
88.84
88.38
87.98
86.96
90.67
89.53
88.50
86.27
85.84
88.39
89.75
87.18
88.41
86.66
84.49
90.37
88.51
88.13
87.02
86.00
87.67
87.42
85.92
86.87
86.47
89.77
88.18
85.12
88.37
87.61
84.89
88.81
88.48
85.82
89.45
89.43
86.64
86.86
88.42
88.27
89.61
88.45
86.50
86.67
85.62
88.04
89.84
85.95
89.64
90.61
89.30
88.95
87.98
88.62
89.41
88.56
89.18
88.30
86.47
90.19
86.27
87.68
87.91
88.27
84.94
88.35
85.64
89.64
86.04
89.19
89.05
87.06
87.68
89.52
86.08
89.38
87.56
85.92
89.54
88.85
90.11
88.62
89.39
87.85
86.37
88.01
89.17
88.09
84.06
88.87
89.46
85.08
88.88
88.82
87.03
88.76
89.27
87.79
87.66
88.92
87.59
86.95
88.78
88.69
87.91
84.88
88.96
89.76
87.17
87.36
89.98
86.46
90.20
90.01
88.39
88.68
87.97
88.77
87.02
88.16
87.66
87.19
89.11
84.75
88.41
89.53
84.05
87.04
82.79
87.23
89.17
88.77
84.79
88.19
84.51
87.03
85.75
89.86
88.97
89.71
88.04
88.68
89.53
89.44
87.48
90.35
89.49
87.96
88.38
88.56
86.63
86.61
86.56
89.17
88.09
84.64
86.85
87.14
83.36
89.57
87.02
89.82
88.18
85.53
83.15
89.20
89.20
86.42
88.37
85.40
84.28
84.67
89.24
89.42
84.32
88.64
85.07
88.59
86.75
87.61
87.54
84.62
89.04
86.49
84.41
87.17
88.17
89.75
83.46
88.54
88.41
89.08
86.69
88.66
88.71
88.22
84.74
89.96
90.37
87.05
89.37
88.80
88.85
87.13
88.84
88.43
87.54
89.07
89.98
89.42
87.38
87.07
88.64
88.73
87.91
88.00
88.47
87.58
90.31
90.23
89.44
83.01
89.03
89.39
87.09
90.15
84.88
89.51
88.61
89.65
87.92
88.28
88.36
88.12
88.04
89.50
89.99
87.05
86.84
88.58
87.26
88.19
84.70
88.11
90.80
87.59
88.88
85.74
87.24
88.29
87.85
89.67
87.04
86.58
87.70
86.91
86.43
87.93
89.02
88.37
89.66
88.99
90.88
88.23
90.49
88.04
89.52
87.42
90.07
89.36
86.61
88.10
89.87
88.48
90.48
85.89
88.16
90.30
86.70
86.87
88.46
88.30
89.59
88.42
87.74
87.25
86.26
88.11
86.77
85.95
87.69
86.64
90.17
87.88
88.85
86.69
82.63
88.80
88.44
85.20
86.73
87.90
88.74
89.66
84.86
87.03
89.46
87.80
86.99
88.95
86.58
87.92
89.13
87.65
89.50
88.12
88.93
88.87
90.14
88.83
85.34
87.75
89.76
88.71
84.64
86.84
88.56
89.80
87.41
90.83
86.43
89.17
88.84
89.54
89.92
88.96
87.53
88.83
89.25
84.16
87.98
88.54
86.71
87.10
87.82
88.17
85.54
89.56
86.44
87.50
86.38
89.15
89.10
84.74
87.99
88.55
87.07
88.01
87.93
85.02
87.90
87.71
88.77
88.98
87.92
87.82
81.77
88.60
87.95
87.94
86.50
89.13
84.61
87.54
87.99
88.18
89.77
87.77
89.14
89.31
87.22
88.30
89.40
89.11
88.26
87.62
87.94
89.02
89.74
89.12
85.76
86.02
88.61
90.15
88.77
88.50
85.28
82.69
89.43
85.60
87.26
89.92
87.28
88.76
85.83
89.43
89.09
87.27
89.93
87.68
84.65
87.31
90.18
88.58
87.20
81.94
87.79
86.15
87.32
88.09
86.49
85.43
88.34
87.29
87.96
87.31
84.89
86.52
84.66
87.72
88.84
88.23
87.14
89.46
87.25
88.84
87.75
88.37
87.34
86.29
90.35
85.56
88.06
87.52
88.31
90.34
88.73
89.45
85.00
88.75
90.14
89.53
89.14
87.83
83.89
86.63
86.76
84.79
85.00
86.75
87.44
86.83
89.06
89.73
89.66
89.23
88.83
87.60
89.56
89.18
89.06
89.58
89.02
88.40
87.93
87.14
90.55
86.15
89.12
89.84
88.21
89.49
89.05
89.10
87.09
86.24
88.60
89.64
87.76
87.85
87.62
86.88
88.08
87.49
89.03
90.09
86.66
91.06
88.33
88.93
89.28
85.31
87.41
86.37
89.31
89.02
87.86
90.15
85.48
88.00
88.80
83.31
86.40
89.60
89.20
88.37
86.10
88.11
84.99
79.42
89.42
88.78
89.00
86.57
88.17
89.19
89.05
87.81
89.99
87.81
86.35
87.77
86.76
86.42
87.85
85.53
87.86
88.66
90.29
89.48
88.42
89.81
88.19
89.78
90.06
85.54
88.12
88.31
90.02
88.09
87.48
87.49
88.58
89.63
88.57
86.59
85.69
88.89
85.75
89.74
88.71
89.14
88.57
89.57
89.11
86.77
87.03
88.83
88.39
89.18
88.88
86.76
87.77
88.22
88.96
89.40
88.71
88.44
89.80
85.30
87.35
87.83
87.90
82.37
88.51
88.07
87.84
88.48
88.91
84.82
85.22
88.61
87.79
89.01
87.00
85.99
88.00
87.20
85.64
88.51
86.85
87.15
82.58
86.71
85.83
88.66
87.59
90.01
87.63
89.37
85.88
90.15
89.14
88.51
89.21
89.43
85.54
85.40
89.36
88.52
89.30
89.34
89.66
89.91
87.52
86.75
88.45
84.03
88.37
89.14
84.24
86.78
88.18
90.02
87.92
88.49
88.20
89.78
86.32
88.85
88.82
87.08
87.74
86.25
88.20
88.76
89.43
88.81
88.06
89.21
88.07
88.25
84.90
89.00
88.07
89.60
86.95
89.30
87.13
86.09
89.19
87.50
87.99
88.88
89.45
89.06
88.92
87.79
89.87
88.97
88.72
88.23
88.64
89.35
86.67
90.06
89.09
86.24
87.86
88.17
88.74
87.12
86.97
85.51
86.51
88.54
85.89
88.60
88.60
86.34
87.56
86.08
90.38
89.15
88.57
89.12
88.65
89.04
87.83
87.91
87.82
88.12
89.58
88.41
81.05
88.34
89.27
85.67
88.92
88.68
84.80
86.52
87.16
87.59
87.20
88.47
84.94
87.76
84.58
88.82
89.22
87.45
86.79
90.14
87.81
81.74
88.70
85.95
88.83
85.39
88.07
88.65
88.86
90.15
88.74
89.90
88.80
87.33
86.59
81.43
87.54
90.10
88.84
87.25
88.62
84.86
88.85
89.43
87.15
87.30
88.63
87.31
87.66
85.53
87.72
87.17
87.18
87.70
86.11
88.23
87.75
86.39
87.18
88.65
85.42
84.78
88.48
85.24
88.72
79.12
90.00
89.08
89.43
87.49
89.58
87.25
88.03
89.45
87.09
86.73
88.61
84.78
84.35
89.17
89.76
87.88
88.93
88.72
87.49
84.25
87.21
87.34
88.32
86.38
88.83
88.19
87.37
89.98
88.09
88.05
88.56
89.76
88.18
84.14
90.00
86.78
87.68
87.59
87.12
86.75
90.03
88.39
83.26
88.78
87.25
88.67
86.23
89.84
87.17
87.03
89.45
88.31
83.91
86.96
87.66
86.49
89.35
88.42
88.03
86.11
87.91
88.65
85.96
88.25
89.66
87.83
89.37
87.84
88.93
84.59
89.83
87.01
88.19
86.85
88.34
86.33
88.77
85.47
90.01
87.17
89.16
88.41
89.04
88.83
87.68
88.01
86.58
89.04
85.76
88.34
86.00
87.59
87.07
89.72
89.78
88.83
88.14
88.65
84.17
88.68
88.78
83.62
90.54
87.16
87.10
87.27
89.19
88.56
85.95
88.13
88.01
85.00
86.98
86.54
87.24
89.28
86.73
84.58
87.49
88.57
83.56
88.05
89.40
89.23
87.79
89.17
87.73
84.78
88.47
85.41
88.38
84.81
88.94
86.14
86.65
85.98
88.01
87.35
86.17
86.64
87.91
88.62
90.02
85.92
83.35
88.89
89.67
89.03
86.87
86.84
88.51
89.05
81.81
88.55
85.95
88.40
89.36
85.54
88.48
88.88
88.94
87.30
89.80
87.95
86.79
85.81
87.18
88.43
89.08
88.33
89.12
86.33
87.72
87.50
81.79
88.04
88.47
88.96
87.16
87.97
89.57
88.12
84.96
86.96
86.70
87.63
86.55
87.15
85.55
87.80
