87.57
87.17
87.68
87.30
88.59
88.22
87.27
87.05
86.60
88.55
86.82
86.57
89.03
86.05
89.09
85.60
86.30
88.82
87.34
85.80
84.12
87.07
81.01
87.10
87.60
88.18
87.82
86.48
87.90
85.31
88.04
87.26
83.85
87.61
87.40
87.17
85.69
87.39
85.10
88.69
87.95
86.25
84.65
84.53
87.17
86.34
85.88
86.68
88.34
86.77
87.88
87.29
86.73
87.30
89.11
86.22
86.63
86.04
86.04
85.30
82.73
85.33
87.37
87.54
87.23
88.02
85.52
87.64
84.87
84.42
87.28
86.12
86.25
87.60
87.54
85.30
89.39
86.46
85.52
87.67
83.32
86.54
88.70
87.84
83.31
85.85
86.51
88.72
88.51
86.74
84.80
87.61
85.62
86.70
85.77
84.27
87.43
85.25
87.66
87.21
87.34
86.54
87.31
86.05
88.42
85.08
83.24
86.71
84.77
86.96
88.04
88.70
87.00
88.39
87.67
87.03
87.32
87.89
86.99
86.83
83.89
88.07
88.52
85.25
87.86
85.03
85.29
87.03
82.67
85.08
87.52
83.78
87.41
87.06
85.86
85.46
85.00
88.37
86.87
83.07
85.31
86.96
87.22
86.48
88.23
88.52
88.02
86.72
83.82
88.63
89.30
86.20
81.17
82.24
87.43
87.30
87.29
87.39
87.81
87.63
85.45
86.77
88.02
84.92
85.98
86.89
89.02
88.77
84.21
86.12
85.74
85.72
84.91
87.62
86.77
86.36
86.00
87.92
86.09
87.15
86.05
87.26
88.39
88.59
86.27
88.84
85.43
86.73
85.70
86.43
82.43
88.09
87.56
85.78
87.84
88.38
88.43
87.46
86.07
84.61
81.71
87.02
87.39
88.13
84.50
87.61
87.50
85.94
88.10
80.86
85.33
87.26
85.08
86.28
88.57
86.76
87.47
86.51
86.19
88.85
86.85
84.38
85.21
87.44
87.65
85.56
85.36
87.29
87.92
86.63
87.88
88.01
86.77
87.91
87.78
86.11
87.13
88.37
84.11
87.90
88.92
87.11
86.00
84.57
86.65
87.58
87.88
85.04
87.97
87.34
86.67
85.35
87.11
86.87
86.71
83.87
86.60
86.91
88.25
87.38
84.15
86.35
86.38
87.41
88.61
88.15
89.19
86.10
87.47
88.77
87.17
87.52
88.50
87.32
86.86
85.18
86.31
83.64
87.19
86.26
85.99
87.94
86.17
85.67
86.14
86.78
85.96
85.37
88.25
86.75
85.49
87.82
84.88
88.01
84.44
84.74
86.57
87.38
86.12
87.59
85.72
87.35
84.92
87.97
85.01
88.77
87.82
87.83
86.58
85.55
85.20
86.71
87.53
85.43
87.55
86.09
88.63
84.69
85.39
88.20
87.30
84.54
87.71
85.02
86.19
88.72
84.95
86.01
85.81
86.87
86.01
86.85
89.92
87.89
87.43
88.13
85.66
82.95
86.67
83.97
89.56
87.77
87.34
88.76
84.93
87.73
87.83
88.00
86.00
87.70
84.82
87.29
85.98
86.32
85.61
86.94
87.20
85.13
88.28
87.87
88.28
85.62
85.54
87.94
87.49
86.41
87.69
82.73
86.63
87.43
86.76
84.86
86.79
85.76
84.65
88.59
85.26
84.51
87.97
87.22
86.23
85.73
87.27
86.97
85.88
88.04
86.82
88.02
88.78
85.07
86.61
86.35
87.38
87.70
88.64
86.28
86.26
85.26
86.25
86.50
84.53
86.26
86.91
86.21
85.62
87.03
86.16
88.27
85.80
86.92
86.58
88.42
85.13
86.21
83.39
88.02
86.17
86.24
88.16
84.60
88.31
87.94
86.34
87.66
86.26
88.64
86.87
86.16
87.37
88.07
87.21
85.36
85.56
88.78
89.02
88.41
85.98
78.70
89.16
86.14
85.97
86.82
87.26
81.93
87.95
86.77
86.97
82.61
87.40
86.95
84.81
85.56
87.00
86.85
87.84
86.21
87.39
87.46
86.40
87.73
87.57
87.30
87.83
84.87
88.33
86.61
86.63
88.18
88.12
85.72
88.42
87.04
86.06
87.07
87.78
85.61
86.94
87.42
87.81
86.89
86.94
85.94
88.56
84.83
85.84
88.17
87.06
87.25
84.08
86.68
88.86
86.62
86.82
87.12
83.63
86.54
85.85
84.46
87.81
85.89
80.25
87.11
84.74
85.73
86.77
86.77
86.22
85.93
85.21
85.69
88.12
86.48
87.01
85.74
83.59
85.10
86.06
87.86
85.02
84.70
86.76
85.99
84.33
86.70
87.56
83.67
86.77
87.28
85.88
85.60
87.67
88.68
83.39
87.60
88.00
86.59
85.24
87.30
82.37
86.87
86.59
87.04
86.50
87.46
87.51
87.78
87.13
87.43
82.33
85.95
86.69
88.04
86.74
87.76
86.27
87.55
85.68
86.58
86.94
86.59
86.95
85.96
86.51
88.76
88.37
87.54
85.93
87.78
85.37
86.84
87.22
84.99
87.52
87.30
86.99
86.25
87.05
86.07
84.61
86.54
86.41
85.34
83.80
88.55
84.60
86.02
87.17
85.69
87.38
87.22
85.40
86.93
84.24
88.59
86.18
88.97
88.75
84.98
87.71
86.12
83.19
86.52
87.44
86.48
87.35
87.79
87.16
86.89
88.76
86.60
87.10
84.18
87.32
85.50
85.42
84.84
87.12
85.38
88.37
85.98
85.67
89.03
87.52
85.84
87.17
86.65
82.62
83.91
84.15
87.90
87.61
83.89
87.57
84.83
87.32
86.57
88.31
86.77
87.82
80.91
87.56
85.43
83.45
79.49
83.09
86.11
85.47
88.44
85.93
85.35
82.39
85.87
85.43
87.07
87.17
88.24
88.14
88.06
84.59
86.49
85.70
86.56
86.86
87.01
87.75
86.09
87.75
88.02
86.74
88.56
86.94
84.84
88.77
86.55
86.60
86.78
89.09
87.94
86.16
86.87
87.14
86.41
87.37
86.54
88.44
88.61
84.44
86.10
86.85
87.60
87.93
86.24
84.90
85.42
84.54
88.06
88.59
86.94
83.91
88.03
87.22
86.60
88.17
87.38
87.65
86.08
83.93
86.28
87.48
84.00
85.91
86.09
85.52
88.33
87.16
84.11
86.89
82.72
87.41
87.74
84.47
86.47
84.30
86.00
87.04
87.70
84.86
88.16
87.85
89.56
87.76
87.70
84.86
84.42
86.78
87.39
87.50
84.51
86.89
88.51
87.24
88.47
87.29
86.35
87.84
84.69
86.60
88.08
84.69
88.34
87.59
87.25
88.05
87.87
85.54
84.21
87.74
87.50
87.28
85.78
87.11
87.24
88.84
86.28
87.45
87.00
88.76
84.44
88.23
88.65
86.42
86.94
87.36
85.61
86.82
87.56
88.50
87.02
85.34
87.20
87.63
83.20
87.21
85.54
87.01
87.54
86.06
87.63
87.30
83.67
86.38
85.31
85.29
85.77
88.03
86.92
86.72
85.80
85.28
87.31
89.37
86.96
85.77
88.07
88.51
88.06
85.62
87.48
87.28
84.80
85.83
87.50
85.46
88.52
85.47
86.44
86.79
86.34
87.79
85.33
87.08
85.93
84.61
85.24
87.69
86.16
88.90
88.88
84.98
86.51
85.32
86.77
84.75
85.53
87.28
86.99
85.83
87.52
84.01
83.37
88.42
87.53
87.87
83.85
82.15
86.46
85.70
83.71
88.04
87.13
88.50
85.17
87.87
85.22
86.97
87.76
87.72
88.32
84.75
86.69
87.97
86.12
86.64
88.74
88.94
88.70
87.88
88.01
87.49
87.28
85.53
85.23
88.37
87.68
85.56
89.43
86.06
86.02
87.66
87.72
88.11
83.56
85.82
83.65
88.17
85.39
86.93
82.39
86.58
85.77
86.50
83.02
85.12
85.24
87.00
88.76
86.60
87.29
85.45
87.98
88.40
84.64
85.78
85.82
86.66
85.91
83.61
83.91
84.94
82.08
87.35
84.34
84.42
88.19
87.54
85.48
87.39
84.66
87.09
87.32
84.64
87.97
86.77
88.76
86.91
85.57
86.86
85.53
84.82
87.26
87.96
86.74
87.75
86.70
84.04
87.70
83.81
86.47
87.08
87.60
88.01
85.97
88.47
88.27
87.93
85.17
85.85
86.08
81.46
88.48
86.50
87.76
87.83
87.02
87.03
85.96
84.95
86.43
86.97
87.80
86.08
87.02
88.05
88.04
83.78
86.62
83.98
87.23
87.89
87.44
84.57
88.46
85.86
86.52
85.57
88.94
85.26
86.58
82.05
87.61
88.88
86.40
84.97
84.92
86.37
86.85
87.63
81.96
87.80
88.29
85.58
84.23
77.01
86.19
84.14
85.72
87.02
88.00
84.58
88.08
