87.04
87.64
85.44
81.01
84.67
80.47
86.74
85.74
84.85
83.92
85.07
88.02
86.32
85.86
84.31
82.74
86.86
85.54
83.90
82.19
83.20
84.94
87.30
87.98
84.58
87.10
83.19
83.35
84.24
82.81
81.27
78.91
85.00
85.68
87.73
83.72
84.87
78.51
80.19
85.08
86.83
83.44
87.15
77.40
77.76
79.54
86.49
78.71
87.93
87.89
87.28
86.84
82.78
88.47
87.02
80.90
83.73
78.66
85.81
83.91
84.78
86.20
85.98
84.23
82.35
86.95
86.34
86.37
82.26
88.72
84.35
84.62
82.06
85.81
82.17
88.68
82.94
86.76
80.15
87.76
87.20
85.19
86.16
83.46
86.80
85.98
86.40
86.92
87.31
88.36
75.84
82.99
85.35
85.58
84.47
87.17
84.42
85.87
85.98
86.34
87.18
88.02
87.32
81.97
80.07
78.65
84.45
86.41
88.55
86.58
85.63
84.49
87.79
85.77
86.13
86.70
85.63
88.59
86.86
86.48
83.30
86.10
85.85
83.21
87.07
87.80
82.97
86.74
85.51
87.56
86.02
74.50
82.00
86.74
82.35
85.86
84.40
87.00
85.06
81.46
83.01
84.88
83.58
84.49
85.98
85.23
87.22
84.00
87.18
82.10
84.84
87.24
85.40
81.03
86.50
82.36
85.10
86.10
78.15
89.40
87.19
85.18
86.71
85.60
86.69
80.73
81.44
80.64
80.53
84.59
86.46
85.47
80.69
83.49
86.71
84.62
87.60
84.12
86.36
87.57
87.36
85.15
76.53
86.38
86.50
87.25
88.61
86.61
83.10
85.46
86.04
86.24
80.15
82.81
84.73
85.44
86.95
86.16
87.41
87.46
83.39
87.21
87.80
86.29
83.22
85.68
85.65
86.49
86.50
86.36
84.47
85.92
87.79
85.84
87.80
82.54
83.70
84.36
87.94
86.51
84.09
86.32
84.78
83.63
83.23
88.86
85.25
80.87
84.35
81.32
87.07
82.02
82.60
84.30
79.06
87.83
79.12
84.94
88.65
83.17
87.69
86.59
85.88
85.75
82.49
86.28
85.70
88.53
84.94
84.99
84.51
85.92
85.73
85.56
86.37
86.71
79.18
84.68
86.81
85.85
82.09
87.83
86.90
83.86
80.04
87.80
86.70
86.50
86.74
85.61
87.48
86.40
83.97
85.45
83.98
81.69
83.00
87.09
84.77
84.47
87.75
86.07
82.69
83.20
87.48
81.79
85.37
84.18
85.40
86.22
82.14
85.43
85.64
86.43
83.13
86.88
85.97
86.04
86.74
83.68
86.16
88.09
82.76
83.43
84.64
83.32
86.68
87.06
74.35
82.41
85.69
87.67
81.64
86.35
87.20
82.17
84.47
86.97
82.93
85.50
83.31
86.69
82.35
84.44
85.79
85.54
87.35
87.18
86.04
82.99
84.06
84.24
78.00
80.93
86.70
86.46
88.01
84.80
83.16
85.63
81.93
83.02
85.04
75.54
77.50
84.03
82.12
87.45
85.44
81.29
81.33
83.72
80.43
86.64
87.73
84.39
81.58
85.89
82.39
86.70
86.36
86.46
86.86
87.81
83.83
83.58
84.60
86.95
81.74
85.58
85.21
83.37
84.57
84.01
87.39
79.98
85.71
85.48
85.60
83.75
82.96
86.88
85.29
85.25
81.92
86.13
83.02
81.98
83.92
85.40
84.85
80.30
84.95
80.83
86.55
87.68
81.86
88.21
84.96
86.83
87.73
81.83
86.49
83.61
84.10
85.74
85.93
86.48
81.55
81.86
83.57
81.48
86.85
86.86
87.02
86.60
81.68
86.64
88.34
88.16
87.85
83.65
82.60
86.80
83.10
85.90
86.62
86.11
82.78
83.63
83.97
85.82
86.64
84.50
85.41
85.20
82.50
86.08
81.57
84.05
83.92
87.58
85.62
85.46
85.74
84.81
83.01
86.69
79.40
87.87
86.18
86.27
80.90
86.50
83.59
87.74
80.75
84.56
86.05
85.24
81.25
87.97
81.45
87.15
87.23
83.85
83.33
83.53
81.91
82.97
84.92
85.77
82.37
87.60
86.76
80.84
81.49
86.58
85.69
86.04
87.15
87.90
83.31
87.03
82.50
82.16
87.01
82.16
85.54
83.83
85.42
84.12
83.40
85.88
75.90
86.46
85.06
84.23
85.51
79.45
86.38
85.08
86.23
86.36
86.91
87.27
84.72
87.49
85.90
85.67
86.50
85.46
79.60
85.89
85.91
82.43
85.95
83.60
85.53
85.95
84.51
83.15
77.94
87.39
87.77
88.80
84.63
86.50
85.37
87.05
85.59
85.58
81.60
87.49
87.01
86.62
83.83
81.04
82.91
87.33
84.95
81.27
86.85
85.93
85.93
85.87
83.61
85.94
79.50
87.50
77.84
87.30
83.13
86.85
86.50
85.23
86.74
83.67
88.12
85.84
82.33
85.07
84.80
84.49
87.85
87.05
85.41
80.43
87.33
85.93
86.63
85.64
82.92
87.68
85.90
85.62
86.21
84.77
87.79
86.79
83.59
87.27
86.37
85.05
87.67
84.88
85.63
86.10
86.75
80.21
86.30
81.16
84.28
75.54
83.72
84.89
87.47
85.74
88.58
88.69
86.44
88.24
85.79
86.61
82.93
85.56
82.91
80.11
88.51
83.10
86.30
83.37
86.01
86.01
83.43
84.43
87.12
81.10
85.85
82.36
84.78
84.74
85.70
87.64
88.09
81.57
82.18
88.02
85.23
81.58
86.11
87.43
86.48
87.33
85.43
89.78
77.04
88.65
85.05
84.76
88.93
86.04
85.01
84.97
86.35
87.38
84.27
86.46
77.50
84.49
76.01
81.72
86.58
82.83
80.69
84.65
86.28
88.07
82.03
84.69
85.84
84.35
87.39
83.32
81.83
83.05
78.50
85.53
85.58
86.34
86.02
85.49
85.56
84.98
88.62
85.87
85.36
87.82
83.61
84.78
84.56
81.38
84.68
84.96
86.14
83.41
88.93
80.45
85.21
87.24
84.16
89.56
83.86
84.75
83.64
80.95
73.25
85.54
81.58
86.25
83.52
85.85
88.49
86.79
80.17
86.13
85.59
86.29
85.62
86.27
87.13
84.80
84.50
84.44
88.37
81.07
88.00
83.67
79.99
84.51
85.09
84.36
82.78
86.86
80.99
84.71
86.89
85.05
87.37
86.55
83.43
87.69
87.34
85.85
82.68
84.06
85.96
86.81
87.38
79.72
87.01
85.61
85.53
84.25
86.07
84.38
86.84
84.71
85.44
76.22
83.96
86.20
87.32
84.82
87.14
87.64
83.77
88.52
85.89
84.19
87.03
80.20
82.28
85.79
81.47
85.84
79.64
86.10
86.55
87.98
86.61
85.94
79.11
85.54
84.27
87.68
86.56
88.36
85.78
87.89
86.64
83.20
84.39
86.03
83.29
85.77
84.60
83.78
84.71
76.82
82.55
86.84
82.21
85.31
78.46
86.79
88.55
86.30
87.25
86.88
86.77
84.59
86.59
85.29
84.33
81.98
84.57
84.81
84.97
83.69
84.77
81.55
84.48
84.39
87.07
75.29
85.33
83.40
88.56
85.02
87.05
86.71
85.18
84.75
87.87
85.53
86.50
81.42
82.70
84.44
83.61
78.32
85.39
89.01
86.89
84.70
85.49
85.65
83.82
85.18
85.09
87.46
83.94
85.30
83.77
85.47
86.04
82.38
81.07
83.73
81.21
86.72
82.92
87.75
79.84
84.98
85.94
86.09
86.01
85.29
87.76
82.84
83.78
86.53
87.10
82.69
85.97
85.03
88.72
85.37
86.89
85.54
84.02
86.52
83.68
83.50
87.93
81.58
85.97
87.94
86.15
80.43
87.44
86.06
85.15
83.13
87.67
88.27
83.75
87.51
84.80
81.10
87.07
86.21
86.70
84.97
86.26
84.20
85.62
82.57
81.54
87.32
86.70
87.16
86.70
88.16
81.88
85.93
82.85
85.66
88.13
87.47
81.74
87.56
86.84
82.95
85.24
84.67
79.78
84.12
88.78
84.02
85.83
85.18
88.91
88.52
87.19
84.07
83.38
84.27
82.69
83.03
82.02
86.67
86.08
84.11
85.20
86.99
82.28
86.81
86.67
81.45
85.22
84.52
83.69
78.03
87.76
76.19
86.93
81.52
87.74
85.32
83.80
81.75
88.53
86.72
84.81
82.29
85.53
82.90
86.61
85.16
85.60
80.09
86.48
80.20
84.54
84.42
86.85
85.88
81.83
85.26
88.94
81.36
86.17
82.81
85.89
81.65
83.84
87.23
86.57
85.46
84.92
86.57
82.92
82.85
87.39
85.67
87.80
86.49
88.09
87.28
86.41
85.77
83.49
83.00
81.54
83.83
81.22
83.89
