90.56
85.76
89.27
85.55
90.57
89.22
87.06
89.14
87.89
87.60
89.73
85.96
88.64
90.76
89.43
89.74
89.46
89.53
90.54
89.15
90.53
88.76
90.21
90.70
90.60
89.17
87.28
89.50
79.69
89.31
88.74
88.50
89.89
89.60
90.09
90.17
88.08
90.67
89.44
90.06
91.09
89.88
91.70
90.22
90.87
90.84
87.66
88.94
85.58
89.94
89.60
86.79
85.00
89.70
91.08
89.56
90.42
87.63
89.30
86.75
89.79
90.44
89.06
90.54
88.98
90.10
88.65
84.62
88.99
90.03
91.79
90.94
90.18
89.94
87.67
89.25
91.67
87.65
90.75
90.02
90.46
87.74
90.31
89.67
89.16
90.15
88.19
87.28
89.08
90.88
89.94
90.59
90.46
87.28
89.77
86.67
90.03
91.28
89.99
87.43
88.23
91.09
90.02
90.69
88.97
89.09
89.07
88.43
89.96
91.04
90.59
88.72
89.09
89.37
89.98
87.78
90.50
89.65
89.54
88.50
88.43
87.98
90.58
88.05
90.70
89.69
90.10
89.29
85.37
89.87
87.91
90.87
89.61
90.43
90.63
87.91
91.45
89.56
91.09
90.48
87.49
88.53
89.86
91.09
89.01
89.21
85.33
90.72
87.20
89.96
89.52
87.31
88.06
90.34
90.04
89.23
90.94
89.90
90.56
81.55
89.70
90.08
90.81
87.82
90.46
90.42
90.07
88.49
86.65
89.65
89.15
89.70
89.74
91.54
90.09
90.52
89.78
89.33
90.46
85.82
89.25
89.04
91.03
85.53
90.55
90.15
88.34
89.75
90.82
88.29
90.48
89.72
90.03
88.07
89.06
89.73
90.11
88.89
91.23
88.61
87.16
89.84
89.42
89.85
91.07
87.72
89.95
87.21
91.36
89.34
89.84
85.57
88.60
91.36
90.69
89.03
89.53
91.10
89.48
89.43
88.43
90.21
84.30
85.58
84.15
90.33
90.32
90.49
87.92
88.60
89.70
91.29
90.39
89.16
88.14
90.36
89.79
90.83
86.97
89.28
89.53
91.40
89.62
88.72
90.22
90.56
90.18
89.16
88.29
90.93
90.70
89.94
88.52
88.40
86.55
89.95
89.44
84.58
90.51
90.97
90.24
90.01
90.49
90.47
89.35
88.52
87.24
84.59
88.59
87.67
88.70
88.02
90.02
88.77
88.57
90.65
88.37
89.93
88.83
90.94
90.98
90.43
88.88
91.14
91.44
87.37
89.26
90.52
87.17
89.25
90.58
89.89
85.65
91.02
87.97
89.63
90.51
90.08
90.37
90.35
88.08
84.95
90.21
86.25
90.79
89.11
88.83
89.19
88.76
85.90
89.76
86.99
88.00
89.03
90.45
90.51
91.00
88.37
86.86
86.90
87.02
89.36
91.23
87.78
87.35
87.16
87.84
90.20
87.17
90.14
89.87
88.33
90.70
89.64
90.32
90.83
87.02
90.88
85.28
86.15
91.09
89.63
87.78
89.04
86.79
90.00
89.54
88.38
91.34
89.81
90.44
85.03
89.20
88.20
84.65
89.07
90.15
90.85
91.23
90.24
90.74
88.89
90.43
88.04
90.26
88.44
88.86
88.53
87.61
90.21
88.24
88.53
90.80
89.84
87.53
88.21
91.59
91.51
90.90
89.38
89.79
86.99
90.26
87.74
89.14
89.36
89.82
89.03
88.32
90.98
86.10
81.25
88.63
90.65
89.96
90.53
90.30
87.77
89.06
90.77
91.03
90.61
91.32
88.23
87.09
87.11
90.78
88.23
91.40
87.03
88.22
89.86
90.28
88.57
89.66
90.98
89.70
90.18
87.52
89.69
88.43
89.07
89.51
88.71
84.68
87.57
88.09
89.46
89.53
89.08
90.30
89.22
87.92
90.37
90.87
87.84
87.56
89.53
90.38
88.64
87.78
86.70
89.97
88.76
88.17
91.28
89.18
90.56
90.98
89.98
90.55
88.89
89.84
90.17
89.89
88.83
91.20
87.65
90.56
91.38
89.68
89.77
87.44
90.14
90.39
89.62
88.89
88.81
89.95
88.98
91.19
91.12
87.65
85.98
90.38
89.25
90.44
90.24
86.54
89.09
88.39
90.64
89.33
90.59
90.95
88.38
86.60
90.63
89.84
90.92
91.58
89.99
88.07
86.59
89.52
90.59
90.09
87.88
89.10
90.57
90.52
89.40
87.31
90.41
89.45
89.93
83.05
86.46
90.13
91.34
90.68
88.94
86.85
87.20
90.02
88.93
88.26
89.16
88.51
90.24
89.16
90.19
90.27
89.82
88.84
89.97
89.90
89.92
88.82
88.60
89.64
90.69
86.44
89.80
84.93
91.20
90.26
91.16
88.94
90.19
92.40
89.82
89.19
90.06
90.00
87.86
88.13
90.87
90.02
86.78
88.20
88.18
90.18
91.33
90.64
89.53
85.78
90.66
88.86
86.27
89.36
87.77
87.26
89.67
88.66
89.21
89.30
90.17
90.70
90.86
91.22
86.55
90.91
88.16
88.13
90.73
88.85
90.15
89.99
90.28
90.31
90.24
89.91
90.98
89.02
88.34
89.36
90.07
90.26
89.64
91.29
89.90
86.99
89.78
89.30
91.09
90.03
90.37
88.53
90.38
91.11
88.82
90.77
89.69
90.81
88.66
87.01
90.94
89.18
89.55
88.88
87.90
84.48
88.42
90.10
90.34
90.66
89.49
88.32
89.85
87.94
89.97
87.79
85.95
90.56
87.83
89.36
88.74
86.99
86.86
88.19
89.57
91.16
90.10
84.52
88.93
87.60
88.47
88.65
88.05
88.15
89.90
91.10
90.47
90.10
89.45
89.24
87.66
88.86
89.55
88.60
90.71
88.61
86.53
91.09
88.67
89.87
89.17
89.29
85.45
87.12
89.81
87.72
89.70
90.50
89.81
90.60
88.99
89.64
89.19
87.65
90.57
88.54
84.97
90.31
88.81
90.91
87.45
85.37
88.68
88.81
89.25
88.99
86.14
89.41
85.72
88.85
89.73
85.22
91.19
88.78
90.08
88.55
89.00
88.46
89.05
87.00
89.84
89.53
89.48
90.48
89.95
90.48
89.98
89.90
88.90
87.12
88.57
90.55
85.84
89.71
90.30
88.83
89.65
89.91
90.61
88.62
89.40
85.13
88.87
91.32
87.50
90.32
89.92
87.80
91.12
89.94
89.75
87.48
90.07
89.82
89.91
89.06
85.43
90.42
88.87
89.41
87.79
91.52
90.30
89.17
88.92
87.01
90.77
89.19
89.15
88.39
87.18
90.80
89.73
91.49
88.33
87.23
89.83
89.49
90.61
89.00
87.55
88.89
87.31
90.70
85.86
89.02
87.95
88.26
88.11
91.64
87.57
89.60
91.15
89.30
88.46
88.86
90.70
89.91
88.51
91.28
90.51
90.05
85.98
89.74
90.50
91.84
87.87
83.19
88.89
88.80
89.00
89.18
89.84
89.56
87.95
88.97
88.67
90.16
87.47
90.19
91.14
88.47
90.18
89.85
86.17
89.65
91.27
89.51
89.94
86.06
87.65
91.23
90.00
88.23
90.48
87.37
88.96
89.11
89.35
91.04
90.58
90.41
86.98
91.31
90.70
88.43
88.22
89.34
90.97
91.44
87.99
90.60
84.54
90.42
91.65
87.66
89.41
87.77
88.47
90.49
85.33
86.28
89.31
87.22
88.95
91.54
88.46
91.17
88.59
88.63
88.26
85.35
89.50
89.14
89.28
89.54
87.60
88.13
87.99
89.91
90.26
88.31
87.99
91.03
90.43
86.96
91.31
90.60
88.51
87.36
91.21
90.64
89.52
81.03
90.18
90.34
89.51
89.89
91.28
91.00
86.79
91.69
89.79
90.38
92.21
90.44
89.38
89.26
89.65
90.91
87.74
90.13
90.74
86.71
89.10
89.53
88.66
89.31
85.29
88.90
89.37
89.74
88.47
89.44
91.60
87.80
90.50
90.02
88.93
88.66
91.63
88.34
91.22
87.48
91.17
90.40
87.23
89.49
90.09
89.80
89.04
90.08
90.55
90.43
90.09
88.98
87.20
90.17
89.72
89.99
88.14
91.71
88.58
86.55
90.56
90.02
88.48
90.51
89.38
84.22
88.66
90.35
89.91
88.12
90.61
89.81
87.28
89.43
89.88
86.44
86.59
91.30
90.74
87.75
91.92
90.28
87.19
90.27
91.00
88.17
90.53
91.39
89.85
87.78
90.63
90.73
87.77
89.23
87.99
89.35
85.89
88.79
91.62
89.92
89.87
86.94
90.97
89.87
91.07
88.64
90.15
90.73
89.90
88.84
89.44
90.52
90.28
90.30
88.85
89.39
89.75
86.40
88.94
90.33
90.81
90.13
90.03
90.48
89.36
89.10
89.99
90.87
90.08
