97.04
96.26
97.29
96.39
96.56
96.77
97.03
96.79
96.67
96.38
95.62
96.67
96.16
96.89
96.46
94.94
95.69
96.98
96.24
95.78
97.04
95.84
97.03
96.63
96.97
96.56
96.04
96.47
96.12
96.81
95.29
96.77
96.00
96.29
96.95
96.46
96.89
96.02
95.54
97.00
96.64
96.06
96.78
96.54
96.29
95.40
96.98
96.00
96.05
95.52
96.52
96.43
96.17
95.65
96.51
96.17
95.44
96.87
96.43
96.28
96.13
97.04
95.71
96.36
96.93
96.32
96.44
96.53
96.62
95.89
96.72
95.86
96.71
96.42
97.00
97.01
96.83
96.64
96.12
96.56
96.99
96.44
96.43
96.26
96.19
96.72
95.76
96.51
96.39
96.15
95.61
96.15
96.98
96.65
97.09
96.22
96.49
96.28
94.89
96.14
95.70
96.43
96.99
96.66
96.48
96.57
96.16
96.16
96.78
95.67
96.22
94.71
96.37
96.88
96.32
96.11
95.09
96.44
96.42
96.87
97.22
97.08
96.56
96.04
95.99
97.19
96.65
96.62
95.74
95.89
96.70
96.74
96.08
96.67
95.62
96.15
96.73
96.17
95.35
95.74
95.60
95.58
96.80
96.90
96.13
95.40
96.76
96.36
95.28
96.81
96.30
95.61
96.00
96.12
96.26
96.90
96.40
96.87
96.76
96.47
95.97
96.69
96.45
96.96
96.75
96.80
95.72
96.56
96.55
96.13
95.85
96.47
96.51
96.80
94.64
96.53
97.00
96.80
96.27
96.42
96.52
96.18
96.29
96.90
96.78
96.43
96.77
96.65
96.44
96.67
96.64
96.76
96.60
96.81
95.70
96.27
96.84
95.76
96.08
96.51
95.28
97.11
96.57
96.29
96.62
96.58
95.53
95.93
95.11
96.63
96.48
96.74
95.64
95.99
96.50
95.65
96.30
95.94
96.44
96.24
96.79
97.03
96.25
96.27
96.41
96.15
96.19
97.31
96.11
96.47
94.82
95.92
96.32
96.17
97.06
96.07
96.30
96.57
95.86
96.27
96.50
96.69
95.85
96.68
96.72
96.32
96.75
96.86
96.96
96.41
96.97
96.48
97.05
96.30
96.56
96.89
96.04
95.50
96.29
96.74
96.80
96.45
96.67
97.06
96.22
96.64
95.26
96.25
96.85
96.81
96.01
96.21
95.73
96.48
96.27
95.91
96.88
96.52
97.06
96.66
96.11
95.60
96.52
96.26
96.48
96.43
96.16
96.20
95.98
96.34
96.79
96.84
96.72
96.98
96.48
96.11
96.29
96.89
97.11
95.77
96.53
96.16
97.21
96.73
96.79
96.61
96.64
96.25
96.79
96.29
97.04
97.10
97.03
96.76
96.05
96.03
96.28
96.36
96.33
96.94
97.24
96.58
97.25
96.58
96.59
97.22
95.91
95.60
96.33
95.53
95.32
95.20
96.59
96.48
96.73
96.29
96.67
96.65
96.93
96.49
96.37
95.88
96.54
96.84
96.11
96.46
96.59
95.88
96.96
96.22
96.81
96.47
96.23
96.51
96.40
96.54
96.21
96.52
97.07
96.83
96.77
96.17
96.13
95.85
96.37
95.68
96.73
96.49
96.50
96.52
96.69
97.12
96.82
96.98
96.54
96.11
95.71
96.19
97.06
96.38
96.75
96.86
95.83
96.10
96.64
96.33
96.43
96.61
95.96
96.25
96.81
96.46
96.66
96.55
96.65
96.44
96.49
95.72
96.63
96.46
96.16
96.38
96.50
96.60
96.21
97.02
96.27
96.93
95.91
95.76
96.78
96.14
96.62
96.98
96.13
96.60
96.77
96.64
96.42
95.79
96.11
95.97
96.71
95.27
96.14
95.93
96.34
96.83
96.89
96.21
96.11
96.29
96.90
96.13
96.11
96.93
96.66
96.84
96.93
96.74
96.10
96.18
96.48
96.76
96.39
96.57
96.58
96.43
95.89
96.83
96.72
95.18
95.91
96.90
96.16
94.55
97.02
96.15
96.86
96.27
94.70
96.64
96.24
95.84
96.73
94.33
96.74
95.12
96.75
96.69
96.16
96.57
96.26
96.06
96.93
96.08
95.69
96.32
95.62
97.10
95.61
96.60
96.54
95.59
95.72
95.80
96.60
96.65
96.65
96.42
96.61
96.93
96.58
96.40
96.56
96.83
96.66
96.68
96.72
96.98
96.04
95.54
96.11
95.88
97.19
96.44
96.67
96.74
96.52
95.90
95.15
96.68
97.07
96.26
96.45
96.76
97.13
96.83
95.91
96.38
95.94
95.97
96.78
96.70
96.05
96.54
97.02
96.90
96.82
95.95
96.80
96.62
96.67
96.69
96.79
96.79
96.33
96.27
96.15
96.36
95.99
96.44
96.64
96.68
96.04
96.26
95.16
96.93
96.61
95.05
96.56
95.16
96.23
95.41
95.57
96.75
96.85
96.15
96.87
96.84
96.42
96.84
96.48
96.19
95.94
95.02
96.15
96.40
96.29
96.12
95.94
95.66
96.98
96.50
96.31
96.88
97.25
96.68
96.20
96.11
96.07
95.83
96.82
96.21
96.18
96.40
97.07
96.43
96.54
96.44
97.09
96.35
95.84
95.72
96.67
96.25
96.41
96.56
96.63
96.38
95.98
96.59
95.16
96.23
96.63
96.69
96.12
96.07
96.51
97.03
97.13
96.34
96.69
96.45
96.72
96.53
95.68
96.47
96.47
96.70
96.51
96.70
96.40
96.53
96.89
96.56
97.16
96.36
95.72
95.82
96.87
96.62
96.95
96.05
96.90
96.94
96.47
96.66
96.48
96.40
96.43
96.97
96.50
97.09
96.90
96.82
97.04
96.54
97.06
96.70
96.86
94.81
96.78
96.33
96.80
97.10
96.41
96.76
96.66
96.00
94.92
97.20
96.53
96.65
96.56
96.30
96.70
96.59
96.14
96.24
96.04
96.82
95.97
96.64
96.34
96.01
96.25
96.11
96.15
96.32
96.51
96.45
96.69
96.13
95.76
94.81
96.60
95.81
95.27
96.04
96.77
96.85
96.75
95.33
95.18
96.72
96.72
96.07
96.81
96.47
96.69
97.03
96.29
96.41
96.90
96.59
97.06
95.56
96.88
96.96
96.66
96.54
96.44
96.87
96.16
95.24
96.67
95.71
96.02
96.15
96.75
96.30
96.63
97.04
96.33
95.74
96.54
96.15
96.08
96.32
96.50
96.55
96.67
95.69
96.59
96.55
96.60
96.86
96.38
96.69
96.61
96.65
96.60
96.38
96.68
96.73
96.47
96.02
96.34
96.08
96.78
96.98
96.21
97.04
95.89
97.24
96.58
97.03
96.66
96.31
96.89
96.47
96.52
96.69
96.73
96.36
96.40
96.18
96.28
96.20
96.52
96.37
96.89
96.23
96.72
96.75
96.44
95.95
96.31
96.75
96.18
96.71
96.20
96.29
96.74
96.44
96.15
95.77
96.66
96.14
96.23
96.64
96.80
96.59
94.62
96.52
96.58
97.09
96.39
96.34
96.40
95.51
96.16
96.63
96.66
96.03
96.89
95.92
96.28
96.32
96.36
96.54
96.88
96.90
96.93
96.66
96.50
96.13
96.68
96.35
96.05
96.84
96.33
96.92
96.14
96.27
96.35
96.16
96.14
96.66
96.70
96.81
95.43
96.09
96.97
95.74
97.06
96.56
96.33
97.02
96.87
96.51
96.95
97.18
96.91
96.55
96.54
96.20
96.70
96.84
96.09
96.40
96.56
96.59
96.42
96.66
96.97
97.04
95.75
96.00
95.82
96.58
97.13
96.01
96.80
96.94
96.12
96.41
96.31
95.21
96.97
96.65
95.83
96.48
96.58
96.89
96.92
97.06
96.52
96.93
96.66
96.16
95.32
96.34
96.24
96.44
96.36
96.73
96.22
95.64
96.29
96.80
97.05
96.25
94.18
96.20
95.48
96.47
96.29
96.99
96.48
95.99
95.59
96.82
96.55
96.98
96.75
96.72
96.24
95.65
96.42
96.72
96.50
96.35
96.65
96.20
93.84
97.08
96.00
96.11
96.40
96.09
96.32
96.90
96.67
97.02
96.17
96.47
96.82
96.23
95.66
96.26
96.12
96.16
95.98
97.03
96.82
95.97
96.12
96.28
96.58
96.27
95.47
96.39
96.93
96.07
95.94
96.46
96.17
97.00
95.78
96.83
96.66
96.89
96.48
96.74
96.87
96.49
96.23
96.71
96.84
96.56
96.68
96.38
96.32
95.70
96.34
96.36
95.74
96.78
96.24
96.88
96.42
97.00
96.28
96.74
95.34
96.41
97.09
96.25
97.06
97.03
96.47
96.23
96.02
96.58
96.60
96.31
96.72
96.73
97.08
95.53
96.50
96.23
96.46
95.33
95.08
96.44
96.70
96.77
