96.28
96.05
96.14
96.01
96.33
96.40
96.42
96.20
96.26
96.41
96.09
96.32
96.27
96.57
96.43
95.86
96.31
96.19
96.24
96.43
96.41
96.40
96.60
96.42
96.39
95.97
96.21
96.46
95.85
96.68
96.21
96.14
96.11
96.46
96.14
96.60
96.22
96.51
96.49
96.23
96.21
96.38
96.19
96.44
96.24
96.48
96.28
96.19
96.31
96.32
96.50
96.19
96.34
96.28
95.99
96.08
96.23
96.27
96.00
96.38
96.34
96.60
96.46
96.12
96.35
96.25
96.15
96.39
96.23
96.50
96.38
96.17
96.39
96.43
96.32
96.16
96.27
95.98
96.58
95.87
96.20
96.31
96.38
96.26
96.47
96.14
96.42
96.23
96.47
96.22
95.79
96.28
96.32
96.37
96.37
96.49
96.28
96.22
96.39
96.05
96.12
96.27
96.41
96.52
96.45
96.57
96.02
96.04
96.21
96.05
96.14
96.48
96.16
96.17
96.27
96.38
96.20
95.96
96.24
96.33
95.99
95.79
96.27
96.27
96.23
96.24
96.37
96.43
96.22
96.26
96.17
96.14
96.33
96.24
96.40
96.41
95.83
96.35
96.46
96.37
96.27
96.59
96.22
96.50
96.22
96.43
96.02
96.49
96.46
96.14
96.49
96.09
95.99
96.00
96.50
96.31
96.13
96.28
96.46
96.32
96.17
96.02
96.19
96.30
96.56
96.27
96.51
96.36
96.11
96.28
96.39
96.18
96.03
95.91
95.99
96.48
96.45
96.35
96.18
96.15
96.50
96.40
96.17
95.96
96.20
96.09
96.42
96.58
96.25
95.93
96.46
96.16
96.41
96.56
96.37
95.64
96.01
96.19
96.21
96.44
96.51
96.45
96.29
96.39
96.67
96.26
96.52
96.38
96.28
96.48
96.07
96.39
96.49
96.23
96.33
96.42
96.07
96.07
96.19
96.35
96.31
96.21
96.29
95.52
96.33
96.23
96.22
96.23
96.43
96.18
96.07
96.40
96.56
96.24
96.45
96.54
96.49
96.58
96.28
96.42
96.37
96.23
95.80
96.22
96.18
96.51
96.29
96.05
96.10
96.19
96.19
96.28
96.14
96.71
96.65
96.18
95.99
96.37
96.16
96.11
96.11
96.29
95.89
96.11
96.34
96.10
96.50
96.13
96.25
95.96
96.32
96.43
96.37
96.05
96.22
95.88
96.29
96.13
96.34
96.02
96.31
96.43
96.13
96.42
96.49
96.54
96.24
96.02
96.26
96.22
96.32
96.19
96.33
96.55
96.26
96.44
96.27
96.30
96.42
96.40
96.29
95.85
96.47
96.67
95.86
96.33
96.06
96.28
96.18
96.31
96.27
96.14
96.57
96.09
96.46
95.86
96.06
96.00
95.97
96.31
96.32
96.21
96.12
96.43
96.34
96.23
96.21
96.40
96.69
96.38
96.38
96.66
96.05
96.46
96.30
96.31
96.42
96.44
96.54
96.23
96.37
96.08
96.48
96.49
96.38
95.98
96.30
96.40
96.32
96.27
96.26
96.48
96.29
96.10
96.41
96.13
96.35
96.22
95.89
96.21
96.23
95.94
96.56
96.42
96.40
96.15
96.33
96.36
96.27
96.17
96.05
96.44
96.29
96.12
95.60
96.44
96.18
96.39
96.24
96.35
96.20
96.31
96.40
96.33
96.15
95.75
96.59
96.03
96.23
96.22
96.14
96.58
96.56
96.50
96.54
96.32
96.34
96.29
96.25
96.34
96.28
96.30
96.34
96.49
96.40
96.18
96.37
96.40
96.34
96.03
96.43
96.42
96.27
96.42
96.22
96.21
96.29
96.14
96.24
96.29
96.01
96.25
96.23
95.76
96.37
95.90
96.28
96.29
96.60
96.25
96.26
96.45
96.49
96.20
96.06
96.16
96.56
96.44
96.35
96.49
96.35
96.38
96.12
96.30
96.55
96.15
96.37
96.49
96.60
96.19
96.47
96.56
96.06
96.30
96.53
96.56
96.58
96.18
96.51
96.26
95.97
96.25
96.12
95.86
96.19
96.21
95.84
96.22
96.40
96.25
95.83
96.08
96.25
96.11
96.37
96.40
96.47
96.60
96.48
95.98
96.44
96.65
96.23
96.27
96.10
96.35
96.08
96.19
96.36
96.51
96.33
96.12
96.27
96.36
96.29
96.16
96.65
96.49
96.27
96.29
96.23
96.08
96.19
96.37
96.16
96.13
96.29
96.42
96.35
96.38
96.43
96.22
96.00
96.41
96.42
96.32
96.56
96.69
96.33
96.11
96.04
96.42
96.46
96.57
96.53
96.25
96.03
96.30
96.39
96.45
95.79
96.39
96.28
96.49
96.33
96.24
96.02
96.54
96.42
96.32
96.39
96.32
95.89
96.42
96.34
96.30
96.22
96.18
96.51
96.20
96.28
96.24
95.90
96.07
96.04
96.18
96.33
96.30
96.13
96.35
96.36
96.52
96.27
96.13
96.16
96.33
96.23
96.32
96.42
96.45
96.15
96.35
96.21
96.12
96.61
96.33
96.67
96.33
96.35
95.95
96.38
96.53
95.91
96.15
96.37
96.13
96.32
96.26
96.07
96.39
96.21
95.85
96.43
96.18
96.42
96.52
96.02
96.38
96.35
96.54
96.23
96.23
96.46
96.50
96.29
96.19
96.30
96.29
96.59
96.19
96.33
96.31
96.37
96.34
96.58
96.46
96.27
96.60
96.05
96.32
96.26
96.47
96.52
96.56
96.37
96.18
96.37
96.22
96.43
96.14
96.35
96.25
96.50
96.39
96.41
96.27
96.42
96.35
96.68
96.23
96.48
96.19
96.13
96.48
96.32
96.57
96.51
96.40
96.14
96.33
96.33
96.32
95.94
96.57
96.17
96.28
96.27
96.33
96.28
96.37
96.32
96.20
95.89
96.12
96.20
96.32
96.41
96.18
96.41
96.03
96.06
96.52
96.55
96.27
96.17
96.12
96.26
95.85
96.22
96.21
96.26
96.31
96.21
96.04
96.01
96.15
96.20
96.48
96.41
96.41
96.46
95.86
96.30
96.50
96.74
96.37
96.07
96.20
96.27
96.03
96.42
96.13
96.48
96.58
96.00
96.25
96.59
96.07
96.75
95.93
96.44
96.38
96.35
96.33
96.24
96.48
96.39
96.32
96.02
96.07
95.80
96.34
96.24
96.45
96.28
96.46
96.28
96.38
96.41
96.28
96.20
96.47
96.53
96.14
96.08
96.24
96.46
95.84
95.72
96.12
96.36
96.24
96.30
96.09
96.25
96.39
96.33
96.37
96.28
95.76
96.04
96.29
96.08
96.55
96.49
96.43
96.53
96.62
96.16
96.43
95.95
96.13
96.06
96.62
96.25
96.02
96.21
96.27
96.45
96.39
96.48
96.30
95.86
96.51
96.19
96.47
96.58
96.55
96.30
96.18
96.56
96.40
96.30
96.10
96.20
96.07
96.03
96.40
96.45
96.49
96.25
96.37
96.39
96.18
96.43
96.37
96.06
96.71
96.48
96.11
96.28
96.28
96.41
96.53
96.59
96.51
96.47
96.12
96.33
96.05
96.41
96.34
96.28
96.05
96.28
96.42
96.10
96.24
96.14
96.34
96.53
96.07
96.12
96.19
96.38
95.90
96.65
96.10
96.06
96.60
95.91
96.23
96.48
96.37
96.36
95.64
96.30
95.68
96.00
96.34
96.42
96.35
96.14
96.38
96.02
96.18
96.43
96.02
96.39
96.41
96.33
96.18
96.03
96.54
96.27
96.31
96.37
96.56
95.94
96.39
96.34
96.44
96.37
96.34
96.21
96.50
96.24
96.05
96.46
96.62
96.07
96.15
96.43
95.96
96.36
96.19
96.03
96.05
96.33
96.24
96.49
96.05
96.04
96.29
96.16
96.12
96.39
96.28
96.38
96.45
96.10
96.39
96.45
96.36
96.59
96.35
96.18
96.30
96.29
96.12
96.16
96.49
95.91
95.96
96.53
96.61
96.44
96.15
95.96
96.54
96.12
96.17
96.32
96.27
96.39
96.38
96.20
96.13
96.43
96.38
96.42
96.39
96.36
95.99
95.90
96.42
96.35
96.39
96.24
96.52
96.30
96.33
96.51
96.41
96.15
95.98
96.42
96.51
96.55
95.98
96.34
95.95
96.12
96.42
96.05
96.22
96.16
96.53
96.20
96.21
96.19
96.35
96.62
96.64
96.39
96.46
96.58
96.44
96.36
96.23
95.95
96.37
96.53
96.44
96.28
96.06
96.38
96.42
96.26
96.30
96.30
96.35
96.00
96.11
95.56
95.82
96.45
96.49
96.62
96.00
96.53
96.12
96.14
95.99
95.94
96.08
96.46
96.36
95.88
96.33
96.23
96.21
96.44
96.22
96.43
96.30
95.87
96.11
96.06
96.59
