82.01
78.44
86.77
78.81
79.23
84.44
80.17
79.92
83.08
83.72
77.97
84.09
76.28
78.45
79.41
77.88
84.50
79.17
81.60
84.66
77.75
85.53
73.57
80.69
77.03
77.11
85.45
83.74
77.59
83.51
85.90
86.74
81.84
70.85
83.83
77.68
85.40
87.18
80.33
87.24
76.62
82.93
83.96
85.31
81.06
83.06
80.20
78.90
78.16
85.94
82.76
76.87
82.06
79.67
71.26
78.72
78.87
79.43
82.37
88.04
82.27
80.60
79.47
82.36
84.30
83.96
84.19
86.31
80.01
82.91
84.13
80.65
85.91
76.61
85.60
82.10
80.52
69.61
74.69
81.36
80.13
78.99
74.70
85.26
84.17
87.09
77.31
86.62
78.93
77.14
82.07
74.85
82.02
86.63
78.85
80.23
82.16
86.60
85.70
74.20
77.05
82.45
82.54
76.84
79.67
83.71
84.17
80.55
72.81
79.62
85.02
82.80
78.73
82.04
82.19
80.95
84.89
79.11
81.96
80.13
84.20
85.46
79.15
82.61
82.41
83.50
79.84
84.91
75.58
77.27
78.13
75.63
75.57
86.39
84.32
82.53
81.72
82.60
81.85
86.73
79.99
80.73
85.17
85.19
82.50
77.17
83.03
74.15
82.38
82.43
76.73
81.71
81.23
77.66
74.20
86.43
76.57
86.19
83.25
80.60
79.15
79.78
81.83
84.69
84.85
84.65
83.11
84.44
83.12
85.66
78.64
81.97
83.26
81.34
84.04
84.19
76.32
82.18
70.87
85.03
81.68
83.94
86.42
86.23
81.65
86.06
79.08
78.84
79.15
76.64
81.61
79.40
85.69
78.51
83.07
76.73
74.82
75.37
80.94
78.32
81.83
79.69
83.18
85.87
83.17
81.34
76.41
77.94
82.75
81.59
84.58
83.65
86.74
81.62
83.88
77.19
81.07
81.15
80.00
84.02
77.26
81.32
79.55
80.74
80.95
80.32
79.80
83.23
79.86
77.01
83.57
86.20
84.47
84.61
74.13
79.22
85.23
85.63
82.09
82.42
80.02
77.66
66.69
74.31
87.38
78.74
81.88
83.31
82.21
81.79
78.55
82.37
80.34
81.62
81.16
87.51
85.59
80.93
75.37
76.45
81.77
86.90
70.57
84.84
74.62
79.51
80.33
81.48
76.86
78.94
79.82
73.93
83.84
87.72
77.55
86.81
82.00
82.66
77.35
80.83
80.92
80.55
78.11
71.11
80.86
82.51
88.65
82.38
87.87
84.12
81.59
77.44
81.60
78.39
76.24
81.71
82.94
80.27
84.81
79.60
82.91
85.26
84.49
81.80
77.16
79.84
81.88
83.91
79.15
72.92
80.72
82.77
81.17
81.94
86.24
64.73
81.34
82.44
86.80
80.12
85.10
81.47
83.18
78.15
83.86
81.22
76.43
82.87
76.32
80.68
80.67
78.00
86.83
76.88
78.04
82.50
84.29
75.59
74.89
78.34
81.08
81.68
80.97
83.88
77.52
80.21
83.88
84.57
84.97
80.55
67.28
80.57
87.88
87.22
84.22
79.10
80.99
75.58
76.46
81.39
83.99
81.16
72.79
79.21
87.32
83.27
76.85
79.96
85.89
81.48
74.71
78.14
74.85
86.02
77.83
83.25
85.25
82.79
78.56
78.16
83.04
82.19
80.90
75.50
77.27
85.83
86.39
83.50
76.92
80.89
82.03
74.27
80.18
83.14
82.59
84.28
83.96
86.42
81.06
84.80
73.36
81.96
81.83
80.47
81.93
84.25
82.61
85.37
82.88
83.54
83.13
82.05
80.63
85.83
86.61
81.67
76.85
80.81
76.63
80.92
79.69
77.00
81.28
79.20
72.48
83.56
71.36
83.05
82.21
73.85
77.25
78.45
84.35
86.62
80.71
82.49
80.55
81.36
80.52
79.46
79.76
83.04
77.24
79.84
82.24
79.63
85.18
74.86
87.22
79.58
81.73
74.52
83.39
77.72
78.85
85.17
86.09
85.61
76.89
83.50
83.40
64.06
88.21
76.62
85.25
81.16
86.44
82.41
78.57
83.03
85.88
78.88
80.51
81.80
85.80
85.60
78.35
80.70
77.27
82.50
84.48
81.21
77.97
81.35
83.70
81.52
81.40
82.17
87.30
74.03
83.54
73.74
79.60
83.91
82.59
76.52
82.52
84.97
84.10
82.33
82.57
77.01
81.95
75.28
81.04
84.02
83.26
83.45
78.64
81.54
80.04
84.86
80.99
81.43
87.45
77.27
75.78
81.24
82.04
82.49
76.85
83.90
84.92
79.31
83.00
84.68
85.31
84.73
73.79
80.09
81.61
79.43
75.71
72.70
80.67
73.46
85.63
86.66
75.20
78.94
79.65
76.61
86.63
76.26
82.69
86.84
80.91
81.98
81.39
81.97
83.08
83.42
81.91
81.60
87.75
80.81
79.49
78.80
79.63
83.88
82.70
84.03
80.81
84.05
75.74
81.09
78.40
85.80
80.26
85.56
79.62
83.14
86.72
79.87
85.48
76.67
77.82
77.72
77.70
84.52
85.51
72.76
82.68
82.93
79.69
77.12
82.81
81.83
73.58
83.40
84.91
86.72
81.96
70.64
82.61
76.74
85.45
79.60
70.62
80.87
78.80
83.86
88.75
75.06
68.83
85.34
87.11
77.06
80.67
80.05
80.53
79.53
85.89
72.85
83.26
73.74
79.64
80.35
82.56
85.39
82.50
86.14
84.31
85.71
86.50
82.95
83.96
81.40
85.18
79.89
85.69
76.18
83.59
78.75
82.89
85.70
76.09
82.03
84.61
79.48
80.41
84.85
76.32
81.07
79.76
79.25
72.90
83.80
81.50
86.22
85.36
80.27
84.59
76.41
78.61
83.45
75.82
80.28
81.68
83.86
76.24
79.95
80.61
83.38
74.95
79.28
79.26
87.83
86.92
84.62
74.36
81.77
74.91
73.66
73.80
80.58
68.55
81.34
84.81
81.23
83.52
75.12
80.73
76.92
83.69
83.45
83.05
78.86
82.37
85.83
75.06
80.64
74.32
81.42
78.15
80.83
86.35
78.81
83.32
80.66
86.52
85.57
81.34
83.74
83.39
83.34
82.41
83.14
86.91
84.70
80.53
84.47
83.06
82.43
84.78
81.31
80.65
82.54
86.73
74.64
74.76
85.85
83.91
75.02
78.34
82.02
79.75
83.95
74.40
85.40
82.96
81.41
84.68
74.98
86.48
80.97
83.02
87.08
85.33
81.78
81.01
84.14
84.43
85.50
79.81
83.61
81.92
83.24
78.38
81.54
82.15
85.49
83.52
84.81
79.46
83.81
85.17
75.02
81.76
80.85
82.53
81.19
80.94
81.29
84.34
87.13
77.25
84.55
84.11
77.86
79.81
84.15
80.41
82.03
84.42
84.64
84.32
80.54
79.81
83.86
83.16
84.56
80.21
79.18
79.28
84.09
82.66
84.97
86.11
83.60
79.20
77.07
85.26
72.58
82.41
79.21
86.59
82.49
81.59
87.48
81.49
85.02
83.74
77.10
78.57
84.11
83.30
81.58
77.57
75.30
84.71
78.85
85.29
86.16
73.56
77.60
81.81
85.56
86.61
84.34
77.78
82.90
78.06
80.14
73.56
79.04
85.26
85.96
82.93
83.90
77.50
76.65
84.43
83.98
83.81
77.98
85.61
82.04
87.33
82.39
82.71
80.13
78.92
81.21
82.10
73.74
81.09
84.02
82.72
87.23
80.68
82.41
76.38
80.18
79.93
79.14
79.42
85.17
80.64
84.71
77.68
76.36
83.85
83.80
86.56
80.99
83.44
86.10
80.44
85.06
74.08
82.78
77.10
85.89
74.31
79.78
83.43
82.35
78.98
83.62
82.21
83.24
82.59
80.10
81.06
83.56
76.41
83.88
85.05
78.76
81.03
85.12
73.76
82.35
84.17
79.89
76.24
75.02
85.42
75.48
83.02
83.28
85.12
82.63
80.90
84.23
78.25
84.43
81.38
79.11
83.47
80.20
83.37
79.25
84.46
80.43
79.95
77.61
80.17
72.95
82.47
87.56
77.80
73.86
81.65
82.62
83.72
84.84
82.78
83.94
77.84
81.37
79.79
80.57
83.92
72.02
81.21
80.59
80.82
83.43
80.76
86.32
78.22
84.04
83.76
75.20
75.54
83.63
83.94
84.75
85.29
78.88
85.00
79.29
79.11
74.15
82.44
78.84
85.18
85.21
83.16
83.64
74.80
80.14
80.34
70.61
80.57
86.01
83.88
82.08
80.98
88.18
85.49
59.61
85.84
72.89
70.09
83.21
83.91
79.29
77.96
80.21
83.23
80.95
79.11
82.41
83.79
86.03
86.65
86.87
85.54
78.63
79.57
85.91
79.56
81.78
82.86
79.64
75.60
86.00
