95.60
95.15
95.57
95.57
95.78
95.96
95.32
95.26
95.44
95.15
94.88
95.48
95.65
95.73
94.84
94.51
95.72
94.85
94.72
95.77
95.21
95.44
95.87
95.21
95.02
95.42
95.33
95.62
94.75
95.48
95.27
95.52
95.83
94.66
95.75
95.11
95.27
95.61
94.70
95.93
93.96
95.94
94.99
95.07
94.44
94.86
95.98
94.81
94.78
94.11
95.40
94.78
95.04
95.75
95.66
95.52
95.32
95.25
95.44
95.64
95.51
95.59
95.89
95.60
95.74
94.91
95.64
95.96
95.15
95.55
95.67
95.39
95.46
94.79
95.08
95.50
94.69
94.18
94.93
95.53
95.07
95.85
94.74
94.56
95.83
96.02
95.64
94.64
95.08
95.83
94.30
95.79
95.41
94.67
94.89
95.75
95.56
95.72
95.60
94.95
95.95
94.88
95.15
94.91
95.08
94.79
95.04
95.36
95.09
95.03
95.38
95.83
95.22
95.56
95.79
96.11
94.86
95.66
95.33
95.74
95.45
95.72
95.03
94.85
95.63
95.34
95.48
95.66
95.72
95.20
95.23
95.49
95.62
95.52
95.65
95.83
95.81
95.17
94.79
95.20
95.82
95.46
95.22
94.55
95.05
95.26
95.34
95.02
94.71
95.14
95.16
95.15
94.67
95.55
95.51
95.73
94.05
95.38
95.06
94.94
95.23
94.81
94.87
95.26
95.54
95.53
95.00
95.68
95.08
95.42
95.28
94.99
95.74
95.17
96.22
94.97
95.54
94.62
94.74
94.27
95.51
95.15
96.05
95.96
95.54
95.34
95.76
95.04
95.61
95.58
95.48
94.82
95.71
95.60
94.51
95.16
95.25
95.38
95.75
95.03
95.84
95.75
94.76
95.76
95.72
95.78
95.41
95.61
95.44
94.85
95.71
95.35
95.77
94.47
95.69
95.52
95.84
94.97
95.72
95.01
95.44
95.36
95.37
94.18
95.64
95.87
95.83
94.99
95.27
95.44
95.40
95.16
95.96
95.71
95.80
95.45
95.37
94.97
93.21
95.32
95.48
95.35
95.34
94.89
94.06
95.88
94.73
95.62
95.86
95.15
95.39
95.50
95.07
95.00
95.26
95.04
95.02
95.29
95.55
95.52
95.77
95.33
94.94
94.53
95.97
95.20
95.65
94.88
95.47
95.03
95.36
95.23
95.12
95.47
94.60
95.74
95.03
95.03
95.75
95.07
94.95
94.70
95.27
95.64
95.48
95.79
95.94
94.57
95.58
95.24
95.53
95.55
95.39
95.91
95.18
94.90
95.42
94.89
94.96
95.95
94.79
95.17
95.24
95.67
95.10
95.30
95.18
95.59
95.44
95.63
95.97
95.53
95.02
95.08
96.12
95.45
95.44
96.25
95.60
95.85
96.02
95.36
95.25
95.21
95.30
95.35
94.91
95.21
95.10
95.25
95.57
95.72
94.78
95.71
94.63
95.07
95.27
95.34
93.49
94.01
95.32
93.28
95.02
95.01
95.22
95.74
95.46
94.42
95.55
94.67
95.52
95.97
95.75
95.28
95.73
94.94
94.33
95.72
95.58
95.54
95.71
94.74
95.63
95.47
95.54
94.03
95.54
94.87
95.21
95.74
95.57
96.07
96.10
96.19
95.29
94.89
95.22
95.52
94.54
94.36
94.99
94.82
95.09
95.19
95.72
94.60
95.61
95.79
95.01
95.61
94.92
95.62
95.70
96.03
95.56
95.08
95.73
95.94
95.11
95.64
95.76
94.71
95.43
95.89
95.36
95.92
95.31
95.67
95.79
95.74
95.66
95.70
95.61
95.89
96.15
95.28
95.73
95.70
95.63
95.63
95.62
95.79
95.65
95.24
94.42
95.60
94.80
95.62
93.52
95.90
95.35
95.46
93.12
95.31
95.18
94.41
95.24
95.41
94.80
95.56
94.70
94.65
95.55
95.94
95.42
94.74
94.68
95.99
94.50
95.36
95.30
94.64
95.50
95.10
95.13
95.22
94.05
95.64
94.79
95.23
95.96
95.78
95.23
95.87
95.28
95.76
94.90
95.31
95.02
95.20
94.96
94.67
95.42
95.68
94.32
95.28
95.08
94.56
95.20
95.90
95.49
95.45
95.50
94.68
95.82
95.53
95.51
95.64
94.74
95.10
95.44
95.09
95.68
95.29
95.50
95.49
95.47
94.89
95.66
95.33
95.81
95.76
95.39
94.90
94.25
94.56
95.89
94.71
94.71
95.13
95.19
96.23
94.60
93.66
95.87
94.91
95.28
94.45
95.23
95.27
95.14
95.79
95.40
95.47
95.80
95.61
95.65
94.35
95.28
95.72
94.97
94.54
95.48
95.53
94.97
94.70
95.57
95.15
95.87
94.89
95.28
95.50
94.78
95.48
95.49
96.00
95.10
94.49
96.05
95.50
95.23
95.32
94.71
95.68
95.49
95.20
95.34
95.27
94.45
96.03
94.47
95.86
94.24
95.14
95.58
94.49
95.22
95.72
95.66
95.29
96.16
95.74
94.74
95.49
95.78
95.35
94.99
95.52
95.54
95.29
95.93
95.05
94.94
95.65
95.37
95.18
95.14
95.09
95.02
95.38
95.62
93.46
95.16
95.71
95.86
94.75
95.32
95.66
95.35
95.35
94.63
95.66
95.26
95.30
95.18
95.64
95.30
95.27
94.85
94.92
95.61
95.07
94.53
94.00
95.88
95.46
95.27
95.33
94.31
95.41
95.22
95.46
95.02
95.70
95.62
95.41
95.11
95.73
94.89
94.92
95.54
95.48
94.81
95.44
95.22
94.93
95.38
95.11
95.63
95.80
94.72
95.99
95.04
95.29
94.80
94.51
95.32
95.33
95.62
95.46
95.52
95.68
95.81
95.64
94.72
95.59
95.61
95.88
94.85
95.49
95.32
95.51
95.25
95.14
95.08
95.55
95.04
95.17
94.19
94.97
95.81
95.69
93.66
95.93
95.24
95.48
95.38
94.41
95.75
94.49
95.17
94.22
95.37
95.54
95.69
94.77
95.88
95.21
95.32
95.55
95.17
95.65
95.31
95.55
93.82
95.43
94.84
95.26
94.85
95.26
95.40
95.76
95.16
95.54
94.97
94.62
95.57
95.73
94.31
95.44
95.60
95.39
95.66
95.29
95.47
95.45
95.38
94.56
95.82
95.46
95.52
95.51
95.12
95.40
94.37
94.94
95.91
95.70
95.16
95.78
95.69
95.94
95.23
95.19
95.86
95.93
95.53
95.56
94.82
96.04
96.00
95.54
95.55
95.27
95.07
95.38
95.01
94.09
96.01
95.71
95.84
95.62
94.74
95.57
94.50
95.02
95.62
95.90
94.95
95.21
95.21
95.34
95.47
95.69
94.86
95.35
95.29
95.70
95.36
93.44
95.09
94.67
95.30
95.24
95.62
95.74
94.82
94.87
95.40
95.06
95.20
95.59
94.63
95.18
95.17
94.55
94.36
95.64
95.08
95.44
95.25
95.97
94.96
95.69
95.64
94.65
94.64
95.59
93.54
95.44
95.62
95.21
95.35
95.83
95.00
95.85
95.47
95.08
95.59
95.70
95.72
95.39
95.47
95.47
95.03
95.33
95.84
96.16
95.50
95.41
95.74
95.40
94.56
94.70
96.04
95.65
94.95
95.45
94.99
95.69
95.26
95.76
95.94
95.19
94.53
93.32
95.26
95.12
95.72
95.69
95.76
95.66
95.74
94.20
95.68
94.96
95.57
95.08
94.44
95.63
95.52
94.94
95.77
95.38
95.29
95.09
95.94
95.31
95.70
95.81
94.87
94.94
94.89
95.09
95.21
95.28
95.81
95.01
95.21
95.09
95.01
95.31
95.63
95.31
95.48
95.33
94.90
95.32
95.39
94.09
95.79
95.57
95.90
95.16
94.26
95.03
94.83
95.50
94.47
95.57
95.32
94.98
94.97
95.56
95.49
95.36
95.33
96.00
95.21
95.57
95.31
95.30
94.43
95.58
95.94
95.42
95.72
95.37
94.53
95.72
95.47
95.29
95.14
95.10
95.62
95.27
95.60
95.62
95.52
94.80
95.55
95.25
95.49
94.56
95.47
95.52
94.67
95.54
95.36
95.60
95.53
94.29
94.84
94.94
95.60
95.08
95.39
94.46
95.57
95.00
95.14
94.52
95.44
95.59
95.50
95.63
95.36
94.80
95.14
95.41
95.20
95.67
95.68
95.58
95.52
95.66
95.47
95.70
95.57
95.00
95.25
95.26
95.53
95.32
94.80
95.46
95.09
95.99
95.45
95.52
95.52
93.97
95.68
95.19
95.64
95.51
95.83
95.45
95.75
94.65
95.85
95.72
95.05
95.11
95.16
95.68
94.82
95.23
95.70
95.53
95.38
95.32
95.45
95.40
95.93
95.21
94.98
95.73
95.75
95.57
