96.62
96.71
97.00
96.65
96.06
97.02
96.85
96.67
97.26
96.59
97.16
96.13
96.99
96.89
96.21
95.48
96.27
96.84
96.47
96.07
96.94
96.56
96.61
96.71
96.88
97.15
96.94
96.81
95.70
96.73
96.73
96.93
97.04
96.38
96.34
96.50
96.61
96.66
96.60
96.86
97.08
96.85
96.96
95.54
95.97
96.78
97.03
96.28
96.02
96.30
96.38
96.95
96.52
96.95
96.06
96.76
96.43
96.89
96.21
95.76
97.12
96.79
96.52
96.71
96.62
96.63
96.79
96.81
96.97
96.82
96.75
96.06
96.82
96.96
97.22
96.62
96.78
96.61
97.09
96.74
96.27
96.41
96.71
96.81
96.26
97.12
96.61
96.87
96.84
96.64
96.58
96.75
96.10
96.31
96.50
96.64
97.16
96.89
96.39
96.67
96.61
96.89
95.60
97.08
96.97
96.46
96.57
96.24
96.97
96.57
96.02
96.47
96.88
96.73
96.62
96.40
96.15
96.97
96.63
97.01
97.13
96.00
96.83
95.67
96.56
96.81
96.65
97.02
96.85
96.24
96.35
96.88
96.50
96.05
96.97
96.94
96.54
97.17
96.59
96.84
96.45
96.47
96.78
96.57
96.17
96.61
96.17
96.68
97.11
96.53
96.48
96.90
96.43
96.98
96.64
96.56
96.81
96.78
96.62
96.33
97.08
96.76
97.01
96.41
96.01
97.25
96.48
96.24
96.70
96.99
95.63
96.47
96.71
96.45
96.85
96.30
96.53
96.47
96.13
96.82
96.05
96.30
96.76
96.75
96.29
96.75
96.70
96.65
96.88
96.69
96.73
96.49
96.82
97.20
96.77
96.96
96.20
96.67
96.14
96.27
96.19
96.68
95.49
96.95
97.18
96.92
96.26
96.35
96.95
96.34
96.73
96.80
96.35
97.04
96.84
97.16
96.70
97.22
96.87
96.98
96.72
96.68
96.91
96.74
96.31
96.46
96.77
95.52
96.08
96.16
96.07
96.02
95.95
96.93
96.57
96.17
96.91
96.72
96.49
96.71
96.63
96.65
96.09
96.59
96.93
96.71
96.77
96.80
96.45
95.91
96.57
96.47
96.10
96.83
96.35
96.31
97.16
96.34
96.08
96.89
96.71
97.07
96.31
96.80
96.52
96.55
96.97
96.34
96.52
96.94
96.79
96.95
96.65
97.09
96.02
96.58
96.43
97.03
96.28
96.73
96.55
96.97
96.55
96.83
97.17
96.95
96.67
96.14
96.20
96.09
96.78
95.55
96.69
96.46
96.60
96.65
96.87
96.51
96.61
97.05
96.23
96.65
96.48
96.83
96.46
97.11
95.34
97.16
96.80
96.77
96.52
95.87
96.20
96.87
96.93
96.57
96.84
96.92
96.67
96.16
96.90
96.96
96.60
96.79
96.69
96.77
96.54
96.93
96.73
96.64
96.86
95.52
96.49
96.58
97.00
97.06
96.03
96.61
97.11
96.11
96.62
96.59
96.88
96.72
96.97
96.94
96.79
97.07
96.76
96.79
96.81
96.58
96.94
95.43
95.38
96.84
96.45
96.44
96.43
96.58
96.84
96.92
96.65
97.20
96.65
96.59
95.63
96.74
96.74
96.85
96.23
97.16
97.02
96.11
96.51
96.26
95.62
96.59
96.64
96.74
96.48
97.23
96.94
96.81
96.59
96.33
96.70
96.52
96.68
96.94
96.65
96.96
96.82
96.73
96.99
96.76
96.78
96.06
95.99
96.58
97.02
97.10
97.14
96.64
96.38
96.22
96.72
96.65
96.43
96.14
96.95
97.00
96.52
96.13
96.37
96.45
95.87
96.47
96.71
95.76
96.18
96.88
96.36
96.58
96.81
96.51
96.32
96.71
96.74
96.53
96.15
96.96
96.79
96.24
96.95
96.89
96.44
96.82
96.67
96.91
96.66
96.84
96.24
95.95
96.83
96.46
95.96
96.98
96.15
97.04
96.51
96.94
96.73
96.91
96.31
97.26
96.70
97.16
97.00
97.02
96.61
96.70
96.91
96.86
96.56
95.96
96.25
97.10
96.00
96.81
96.34
96.97
96.13
96.86
96.81
96.64
96.62
96.76
96.47
96.64
96.46
96.92
97.09
96.86
96.54
96.35
96.66
96.92
96.54
95.93
97.09
96.72
96.96
96.64
96.48
96.90
96.60
96.74
97.21
96.81
96.17
96.76
96.47
96.64
97.19
96.94
96.31
96.43
96.81
96.24
96.37
96.93
96.68
96.49
96.08
97.19
96.72
96.97
96.83
96.96
96.97
96.40
96.54
96.61
96.98
96.79
96.51
96.61
97.05
96.57
96.77
96.88
96.97
96.80
96.96
96.81
96.67
96.86
96.09
97.01
96.17
96.29
96.57
96.67
96.68
96.72
96.49
96.55
96.40
96.47
96.69
96.28
96.52
96.56
96.68
96.45
96.82
97.00
96.95
95.96
96.82
97.02
97.02
96.84
95.84
96.59
96.73
96.65
96.54
97.02
96.83
96.49
97.02
96.83
96.58
97.19
95.92
96.84
96.91
96.52
97.17
96.89
96.83
96.71
96.89
96.97
96.71
95.86
96.43
96.62
96.70
96.76
96.88
96.63
96.08
96.25
97.06
96.75
96.40
96.43
96.59
96.79
96.89
96.06
96.25
96.28
96.96
96.71
97.09
96.60
96.75
96.84
96.24
96.24
96.32
96.65
96.49
96.49
96.61
96.82
96.12
96.13
96.43
96.02
96.49
96.40
96.79
96.23
96.78
97.06
96.55
96.53
96.82
96.73
97.09
96.48
96.84
96.48
97.04
96.47
96.47
96.53
96.32
96.69
96.73
96.31
96.97
96.49
97.02
97.15
96.46
96.78
96.47
96.40
95.92
97.15
96.75
97.14
95.54
96.87
96.30
96.06
96.90
96.71
96.41
97.08
96.75
96.70
96.58
96.46
96.55
96.88
96.30
96.84
96.83
96.12
96.81
96.70
96.11
96.41
97.08
95.91
96.78
96.74
96.26
96.87
96.71
97.09
95.72
96.97
96.16
96.42
96.17
97.07
96.73
97.09
96.72
96.06
96.84
96.76
96.63
97.25
97.04
95.61
96.01
97.02
96.05
96.77
96.70
96.98
96.72
97.32
96.69
96.36
97.02
96.67
96.70
97.34
96.35
96.31
96.87
96.26
96.90
96.62
96.50
96.53
96.37
96.74
96.43
96.58
96.88
96.80
95.88
97.02
96.73
97.13
96.35
96.73
95.86
96.89
96.67
97.05
96.72
96.37
97.24
96.95
96.54
96.89
96.85
96.81
96.47
96.86
96.32
96.65
96.10
96.69
96.89
96.76
96.37
96.06
96.87
96.87
96.63
96.61
96.64
96.23
96.85
96.05
96.19
97.04
95.43
96.50
96.78
97.04
96.37
96.78
97.37
96.82
97.01
96.71
96.69
96.97
96.82
97.00
96.08
96.52
96.47
96.03
96.64
96.65
96.85
96.20
96.87
96.00
96.63
96.85
97.02
97.10
97.13
96.87
96.72
96.49
96.81
96.63
96.93
96.85
96.80
96.62
96.85
96.38
96.84
95.84
96.47
95.99
96.69
97.05
96.58
96.62
96.84
96.52
96.94
96.76
96.27
96.59
96.78
96.51
96.79
96.58
96.72
96.99
96.93
96.62
96.90
96.21
96.14
95.90
95.74
96.32
96.05
96.54
96.39
96.78
96.40
97.17
96.23
96.95
96.70
96.08
96.36
96.89
96.62
96.64
96.62
97.06
96.53
96.84
96.61
96.42
96.04
96.99
96.51
96.95
97.01
96.83
96.68
96.22
96.83
95.93
96.49
96.75
97.01
96.41
96.45
96.48
96.27
96.25
96.03
96.27
96.89
96.04
96.96
96.40
95.92
96.38
96.72
96.78
96.93
96.48
96.31
96.71
96.76
96.15
96.37
96.71
96.24
96.78
96.98
96.31
96.60
96.71
96.56
96.56
97.11
96.52
96.24
95.74
96.12
97.01
96.76
96.97
96.89
97.04
96.89
96.48
96.99
96.83
96.36
96.20
96.49
96.21
97.00
96.95
96.55
96.42
96.27
97.19
96.73
96.62
96.35
96.24
97.09
96.02
96.56
96.92
96.41
96.58
95.98
96.71
96.79
96.88
96.71
96.76
96.56
96.84
96.42
97.01
96.72
96.83
96.67
96.84
97.09
96.47
97.23
96.43
96.55
97.13
96.55
96.61
95.82
96.71
96.79
97.08
96.46
96.30
96.69
96.90
96.47
96.79
96.15
96.56
96.55
97.02
96.55
96.63
96.73
96.17
96.51
96.51
96.80
96.80
96.56
96.55
96.06
95.72
96.07
96.53
97.17
96.28
96.38
97.02
96.73
96.76
96.77
96.69
95.86
96.84
97.00
96.72
96.71
96.59
