88.17
87.17
84.48
85.58
87.56
85.80
85.02
86.19
88.51
89.28
85.68
85.71
86.68
88.82
87.00
85.70
87.21
88.14
88.02
87.65
87.86
84.01
86.40
87.25
88.50
86.56
88.56
87.78
87.83
85.04
87.39
87.46
81.80
88.77
84.83
87.53
87.11
86.51
88.29
84.58
87.84
83.76
87.48
84.86
85.76
88.16
88.54
87.69
87.82
85.59
88.00
86.49
87.60
86.26
87.53
86.52
84.19
87.52
87.68
88.50
85.84
83.14
88.46
85.21
87.54
86.00
87.50
88.37
83.54
89.05
86.92
86.83
84.97
87.65
87.76
87.25
85.41
84.96
87.64
88.29
85.99
89.39
88.09
86.74
89.12
87.15
86.26
87.77
87.95
88.16
85.72
86.95
87.26
86.02
87.51
87.48
84.22
87.37
88.65
87.84
87.21
87.84
85.01
87.08
87.11
85.12
89.28
87.76
87.51
85.70
84.04
89.54
87.56
87.04
87.64
82.94
87.25
84.30
88.49
85.05
88.75
86.57
86.94
85.74
87.44
88.63
86.80
87.32
87.36
87.91
86.93
87.30
88.74
85.63
84.07
87.35
81.91
89.23
88.68
89.14
87.83
85.85
88.82
83.81
85.51
88.09
87.00
83.39
84.70
84.91
85.76
87.83
89.31
85.08
89.08
88.07
87.34
87.48
87.98
87.01
86.56
88.92
86.55
87.46
87.76
85.95
88.05
85.28
86.72
86.99
84.29
88.06
88.30
87.47
86.45
87.07
87.50
88.53
87.06
84.57
89.20
86.10
87.35
88.02
88.93
86.92
89.07
88.93
86.64
88.18
84.38
86.19
87.88
86.97
85.95
86.66
87.71
84.23
88.32
87.40
86.10
86.92
87.36
87.78
86.43
87.96
89.31
84.80
87.67
86.89
86.46
87.64
87.09
84.74
87.36
87.97
86.89
87.85
86.74
86.86
86.23
88.63
86.12
86.18
88.54
87.66
87.65
86.53
87.36
86.41
87.67
88.12
86.81
86.94
90.32
88.59
86.66
88.19
88.04
87.22
88.76
87.62
87.84
87.46
86.73
87.74
86.73
86.82
88.97
86.17
86.32
88.26
87.54
85.50
88.21
86.44
84.97
87.50
84.82
88.16
86.99
87.86
88.71
88.05
87.51
88.04
86.73
89.13
87.51
86.18
85.64
87.34
85.05
86.63
85.58
87.92
87.72
86.10
87.06
87.52
87.75
87.46
88.30
85.17
83.80
86.18
83.26
89.18
89.27
85.79
88.65
87.05
88.46
88.06
84.83
87.66
84.64
87.13
87.43
88.37
88.24
87.83
87.43
86.78
88.65
87.64
85.86
88.38
86.33
87.08
86.44
85.78
88.37
87.79
86.26
88.21
88.17
87.60
88.35
87.21
89.27
88.37
84.14
89.40
87.98
87.59
87.46
89.06
88.76
85.72
88.25
85.55
84.79
84.57
87.98
88.33
87.88
87.92
86.88
85.48
88.09
87.43
86.46
83.05
86.22
87.24
87.78
88.40
86.75
87.35
88.67
88.28
87.39
88.88
87.31
84.80
87.73
85.02
84.99
87.29
84.32
87.73
84.67
87.10
86.68
87.65
87.00
84.49
87.85
89.06
84.81
86.18
89.11
88.64
86.27
87.88
82.68
87.95
83.12
88.51
86.74
86.73
87.37
88.07
88.74
84.74
83.62
86.59
88.80
87.92
86.70
88.59
87.23
85.44
86.61
88.48
88.35
84.04
87.42
83.61
88.23
83.15
86.49
84.80
88.02
83.91
85.97
88.35
86.59
84.79
84.23
87.40
85.75
87.97
86.65
87.48
87.28
88.07
88.02
86.06
88.12
85.63
85.80
88.09
86.86
84.96
87.12
86.29
86.53
88.96
88.16
88.36
86.37
88.46
87.47
87.19
88.17
88.58
86.13
88.45
84.74
86.74
84.12
88.97
87.45
89.28
86.28
85.93
88.35
87.18
87.82
86.67
87.96
86.39
87.56
86.38
87.06
88.02
87.15
88.44
85.99
88.44
88.59
88.06
88.79
88.19
87.67
87.55
85.66
85.44
88.72
89.34
88.63
89.06
88.94
88.11
86.56
87.77
87.90
84.95
88.70
88.90
89.61
86.44
87.83
86.73
83.43
87.93
86.45
85.08
88.86
86.39
87.00
84.85
86.70
87.90
87.58
85.31
85.52
85.35
85.61
85.97
86.70
90.00
88.14
85.53
85.13
84.39
89.12
86.80
85.88
87.25
89.43
85.30
89.03
84.68
86.12
86.96
85.90
89.13
88.59
85.30
85.07
85.77
88.47
87.43
85.06
88.97
87.15
85.28
83.22
84.25
88.04
89.54
85.72
85.76
86.06
86.14
86.08
82.33
88.51
88.01
87.90
86.39
83.04
84.68
84.24
86.14
84.29
85.96
88.15
87.16
87.46
88.12
85.03
88.96
87.39
87.45
87.08
86.98
87.67
89.21
84.73
85.92
89.16
84.59
86.56
85.44
87.19
81.81
87.06
87.30
85.34
87.89
87.24
89.19
85.79
87.02
87.75
88.69
85.67
87.80
88.21
87.47
84.22
87.81
87.64
88.19
85.65
88.79
88.22
87.77
88.47
87.55
85.11
87.67
86.44
87.75
87.50
87.19
87.74
87.00
83.01
85.60
89.16
83.91
87.69
86.80
87.59
86.50
87.01
86.31
87.04
84.70
88.77
87.47
88.14
88.14
87.01
88.64
88.44
87.01
85.73
89.11
79.92
86.64
87.98
87.15
86.55
85.67
89.47
83.74
87.80
88.62
88.12
87.98
85.31
84.21
88.83
86.79
86.42
86.38
88.20
87.01
88.18
86.39
88.63
88.43
86.49
88.23
88.42
84.72
87.96
85.94
88.77
88.05
86.73
88.12
88.02
86.20
87.71
87.14
89.33
86.60
85.16
87.23
85.76
86.17
85.26
86.29
86.97
86.77
86.29
87.09
85.96
86.60
85.69
88.21
89.51
88.11
85.17
88.17
88.06
86.19
85.34
85.01
86.62
87.61
88.12
87.95
85.09
87.86
88.51
84.99
88.40
87.06
88.20
88.50
87.57
86.84
89.68
85.50
86.68
85.25
84.90
88.06
87.82
87.51
87.78
87.75
86.29
86.32
83.63
86.85
87.30
87.13
88.77
86.51
88.10
86.88
88.32
87.51
86.18
88.96
86.52
88.53
88.11
88.08
84.52
87.64
86.89
86.94
84.47
84.14
86.37
87.66
88.77
88.16
88.58
85.41
85.01
88.55
87.79
87.43
88.99
87.86
86.56
89.46
88.90
88.26
85.16
87.88
87.01
86.92
87.81
86.76
87.48
86.27
84.09
87.13
86.46
85.30
87.53
88.16
85.73
88.07
87.30
87.13
86.62
82.48
85.37
88.99
84.78
85.08
83.89
87.08
88.69
86.57
88.78
87.06
86.96
85.41
89.08
88.31
86.53
87.86
87.52
84.84
85.51
84.71
88.26
88.90
82.58
88.50
88.11
90.01
87.05
86.66
78.54
84.74
89.24
86.76
87.70
85.38
86.95
87.53
87.39
85.79
84.40
88.13
82.58
89.14
86.34
88.63
87.58
87.93
86.51
86.63
87.90
87.83
89.12
86.45
86.62
87.43
87.98
87.89
88.67
87.64
87.62
89.09
88.79
87.77
88.89
87.38
85.69
89.35
85.81
83.89
85.67
87.39
85.19
85.34
87.84
84.02
89.48
88.38
86.05
88.30
89.32
88.53
88.27
87.64
81.25
87.66
84.67
87.73
88.51
87.37
87.50
83.53
86.69
89.56
85.39
87.62
85.49
88.14
88.87
88.85
88.69
88.83
86.79
88.12
83.20
86.03
84.04
88.58
85.19
88.98
87.91
88.17
85.28
87.48
85.90
87.52
87.29
88.09
88.37
86.74
86.88
86.45
85.12
86.53
89.05
84.21
87.62
86.70
87.67
87.02
84.45
85.54
88.18
86.92
87.57
86.71
85.99
86.24
87.34
87.72
86.15
85.69
86.42
88.32
85.21
88.11
85.91
88.84
85.98
86.69
88.55
86.32
85.06
86.95
87.57
87.03
88.12
86.13
88.14
88.40
87.63
88.74
87.33
86.78
87.53
88.40
87.50
87.18
86.88
88.98
88.85
86.61
88.98
85.07
87.67
88.72
87.88
88.33
89.21
87.28
88.24
87.37
84.43
88.18
88.09
86.24
86.37
86.88
85.55
87.93
85.83
87.41
87.69
85.83
86.50
85.49
85.60
88.72
85.31
87.31
86.95
86.05
88.02
86.55
88.13
86.02
88.27
87.83
87.50
87.78
87.12
88.07
85.53
82.63
86.65
86.15
86.19
87.40
89.09
88.01
87.32
88.93
88.36
86.73
84.89
87.74
85.87
86.43
86.65
83.68
88.81
86.73
