89.10
91.41
84.71
92.64
86.14
91.20
90.80
90.73
88.46
89.15
89.40
87.28
85.87
92.83
88.78
91.96
91.12
91.70
89.34
90.34
82.25
83.55
88.98
91.51
90.95
91.47
91.28
92.20
91.35
91.91
87.68
83.27
89.51
88.62
85.33
92.16
90.17
85.54
91.25
89.92
90.81
86.89
91.35
89.97
88.20
90.59
84.37
87.67
81.73
87.36
90.72
90.13
90.27
90.82
87.92
89.62
88.82
89.47
88.33
91.94
91.01
88.47
87.77
86.81
89.59
86.85
91.19
86.08
93.50
85.37
91.47
83.71
89.88
92.18
89.16
90.59
91.62
89.15
89.58
85.29
89.52
88.78
93.24
89.63
88.51
84.81
91.77
87.08
91.53
86.73
90.66
89.56
91.16
85.55
91.26
89.60
92.81
88.58
88.83
90.73
89.54
87.48
90.18
91.73
87.38
90.80
92.61
81.91
91.88
82.79
88.97
85.63
82.54
85.51
92.25
92.68
88.90
80.98
91.54
88.95
88.08
87.35
89.63
91.03
86.09
89.19
89.89
90.23
86.30
91.21
85.42
86.40
88.40
89.12
88.89
91.64
90.22
91.17
85.31
89.70
87.09
88.74
91.54
91.14
92.25
90.12
89.51
92.62
92.38
90.52
89.29
89.58
88.79
91.86
83.26
89.16
85.95
90.25
91.26
92.77
90.28
88.01
91.31
89.46
88.64
90.24
87.49
85.76
86.92
92.12
90.71
81.06
84.75
88.77
90.04
90.67
90.14
90.66
90.07
92.29
88.98
91.28
85.58
92.02
91.84
89.10
93.55
93.21
89.09
87.87
88.65
90.38
90.50
91.75
88.09
79.48
87.78
85.32
83.17
89.09
88.49
84.49
88.83
86.98
91.57
89.27
90.53
89.95
92.59
86.58
89.89
91.05
91.43
91.75
87.83
88.09
91.29
88.19
92.45
86.82
92.18
82.73
87.49
88.66
87.71
92.70
88.62
91.18
89.64
83.21
89.38
88.84
92.31
90.57
90.57
86.69
91.14
90.28
91.15
90.09
92.23
85.26
89.76
88.31
86.35
85.72
88.59
90.73
88.60
84.19
89.88
89.31
82.61
92.04
80.41
89.79
86.84
89.21
88.03
88.62
90.41
90.96
88.55
93.75
82.07
92.17
90.57
86.15
92.86
88.86
79.23
87.44
90.50
86.19
88.33
91.30
86.73
89.70
92.56
85.65
91.85
90.41
89.98
92.93
89.16
91.07
91.39
88.95
92.55
89.74
85.92
89.37
89.53
90.70
90.19
90.78
89.90
90.54
89.78
90.25
93.25
86.38
88.30
88.66
89.64
92.74
91.24
90.14
89.21
88.19
91.78
88.97
90.12
89.08
88.63
89.87
89.38
91.99
87.28
90.88
90.50
90.56
89.13
86.73
91.96
91.46
90.52
88.64
89.52
88.31
85.65
92.25
90.83
91.37
91.26
90.89
85.57
86.76
89.61
85.16
90.95
89.63
92.24
88.42
87.07
85.50
91.54
85.09
90.78
91.23
92.79
82.84
86.49
92.98
84.41
85.93
87.95
91.05
90.99
89.55
88.40
92.43
88.49
90.10
90.93
87.51
83.63
88.70
88.80
86.83
85.44
91.70
91.98
89.39
92.61
89.77
91.72
89.51
85.74
85.42
83.77
91.82
88.56
89.98
91.09
92.55
91.58
86.98
83.06
88.50
88.08
85.17
84.08
90.48
88.74
91.13
87.50
86.18
90.07
88.13
91.49
91.70
91.72
91.46
91.80
86.03
87.26
83.05
89.38
86.45
93.87
91.90
93.74
85.42
86.38
92.04
89.49
87.31
89.64
91.05
86.00
91.10
83.35
89.21
89.50
90.37
90.57
88.90
92.50
90.39
86.96
93.48
87.78
86.60
89.53
93.89
86.69
91.43
89.37
86.56
80.52
86.44
89.97
78.91
91.73
88.94
84.73
91.84
88.19
87.89
88.36
89.46
89.90
92.01
89.79
89.26
87.23
85.80
88.11
84.94
80.05
93.73
91.59
87.82
92.66
88.32
89.53
83.05
86.15
90.00
91.51
78.97
91.84
90.73
86.86
88.24
89.20
87.12
85.30
85.03
85.52
91.20
90.93
87.72
92.13
91.99
87.86
80.35
92.31
89.35
90.22
89.84
83.95
85.74
84.40
83.65
91.63
83.98
89.85
85.63
87.63
91.39
89.91
87.85
92.36
88.50
90.15
87.71
89.61
86.25
90.43
87.98
88.63
88.12
85.29
89.05
83.55
89.75
92.07
88.97
90.51
92.97
81.22
91.64
90.63
83.02
85.16
87.64
88.32
88.83
90.67
93.45
92.02
90.87
92.04
90.95
91.46
90.48
82.95
89.41
92.46
88.40
92.34
86.65
90.09
92.90
84.22
90.96
91.37
87.22
90.86
88.36
87.09
91.68
88.87
80.30
93.78
90.49
93.05
89.84
88.68
85.81
90.84
88.36
92.18
91.66
89.10
89.64
89.74
90.46
86.45
92.57
92.66
87.77
86.92
87.43
90.01
88.63
92.18
92.54
88.82
87.27
89.69
90.35
91.09
88.24
88.78
92.10
89.81
90.61
89.78
87.90
91.12
91.06
90.56
89.00
89.63
87.99
89.77
84.12
91.73
90.19
87.25
88.64
88.54
83.07
86.92
85.41
91.83
86.50
88.52
87.07
90.44
90.28
90.46
88.27
92.50
89.15
86.30
80.31
92.49
92.10
87.40
94.08
91.78
88.61
85.24
91.14
91.25
90.32
91.39
87.69
89.48
87.66
89.78
89.17
91.46
84.98
80.14
88.58
89.35
85.31
88.89
92.70
87.39
92.66
91.60
91.17
91.59
92.30
88.02
91.20
90.16
88.65
88.77
93.12
89.37
93.51
83.64
93.25
83.16
90.38
90.30
89.42
91.67
92.76
89.08
90.55
91.31
92.75
87.61
87.34
90.90
91.07
85.25
90.37
89.90
90.67
89.52
90.15
84.24
89.35
91.14
83.69
91.17
93.31
93.15
85.31
89.62
92.52
86.20
84.03
88.37
88.92
91.38
79.85
83.14
92.15
90.07
90.67
86.41
87.73
90.46
89.01
87.06
87.17
91.24
88.37
87.30
81.01
92.12
91.23
89.71
90.17
84.88
92.00
84.51
90.26
83.89
92.62
88.08
93.32
89.90
91.80
91.07
89.24
89.82
90.31
88.34
90.53
87.10
91.35
86.56
89.89
90.89
85.84
83.36
92.71
90.41
90.61
89.92
87.59
88.78
92.43
91.35
90.16
91.55
84.26
87.33
89.03
88.72
88.74
84.02
88.56
90.97
90.70
77.08
84.64
90.35
90.89
91.33
90.04
89.40
89.42
86.94
88.66
88.94
89.49
90.92
91.88
91.97
90.67
88.94
93.30
89.63
89.15
90.92
79.19
91.69
87.76
88.40
89.35
84.02
81.66
86.77
86.65
91.88
92.18
92.37
93.22
87.84
90.37
87.08
88.78
90.53
89.68
89.46
84.60
88.94
90.22
90.20
89.84
90.24
82.19
86.36
87.94
91.97
88.50
83.67
86.73
84.25
84.25
90.07
89.92
87.37
86.26
93.96
92.64
86.20
91.37
88.92
89.83
89.28
90.14
93.60
86.55
91.20
88.96
83.37
57.55
91.59
89.37
89.28
91.67
85.43
88.68
90.63
90.54
91.06
91.58
91.48
85.74
90.38
86.53
92.15
86.46
91.26
88.49
86.66
90.63
83.72
89.24
89.94
91.84
80.05
92.36
89.38
87.11
93.66
91.31
89.21
91.42
87.11
87.05
90.83
90.62
88.58
89.83
92.26
87.85
84.97
90.74
91.37
86.97
87.91
89.93
91.01
84.60
89.57
89.05
91.85
90.74
89.48
87.73
90.83
85.88
89.14
90.45
86.09
92.30
87.65
85.77
89.24
81.39
84.99
86.15
85.96
90.04
90.51
92.97
92.20
88.48
88.42
89.25
92.36
88.89
90.24
87.51
88.13
91.63
84.16
89.22
83.68
90.08
85.17
89.59
91.75
88.07
90.27
84.36
90.83
89.27
89.23
85.52
87.04
91.78
88.29
92.61
85.26
90.71
91.26
85.57
89.35
88.73
88.88
91.56
91.30
89.94
89.44
82.96
92.08
86.65
89.29
90.10
83.71
89.72
86.37
87.78
91.54
91.41
91.48
87.67
87.71
89.98
82.73
91.59
88.18
83.68
92.82
89.90
91.72
90.89
92.33
88.89
91.67
88.92
93.61
86.16
90.06
87.63
91.77
87.87
87.38
91.81
86.88
87.19
90.64
84.02
91.55
91.45
89.14
87.82
83.47
90.46
91.90
82.89
87.86
90.75
83.55
90.44
85.00
89.44
88.64
91.44
88.64
90.53
87.90
88.02
87.08
85.60
