91.52
92.17
92.03
90.44
90.63
90.53
90.52
90.67
91.38
92.16
91.49
91.82
91.27
90.86
90.13
91.33
90.54
91.71
91.39
90.60
91.50
91.02
91.37
91.63
90.42
91.69
90.68
90.62
90.78
91.19
91.07
90.69
89.99
91.91
91.48
91.90
91.69
90.27
90.62
91.02
91.56
90.97
90.73
89.25
91.33
91.15
90.61
91.59
90.87
90.83
90.83
91.25
91.31
90.70
91.43
90.93
91.07
90.25
91.04
91.04
91.12
91.94
91.48
91.65
91.64
91.56
90.97
91.57
91.60
91.15
91.92
91.95
91.78
91.82
91.42
91.78
91.51
90.73
91.30
90.89
89.98
91.82
91.06
91.10
91.17
90.90
91.30
90.77
90.25
90.91
91.08
91.19
91.58
91.64
91.17
92.29
92.12
90.93
91.33
91.50
91.20
91.92
91.57
91.99
91.69
92.05
92.35
91.50
90.93
91.50
91.54
91.47
91.73
90.60
91.86
91.12
91.21
91.78
91.13
90.74
91.54
90.38
90.75
91.72
89.98
91.88
91.75
91.18
91.64
90.47
91.20
91.01
91.03
91.76
91.50
91.04
90.93
91.02
91.86
91.02
91.36
90.81
91.77
91.22
91.52
91.52
91.53
91.34
90.80
90.89
90.70
92.02
91.39
91.42
91.14
91.29
90.89
90.85
91.49
91.54
90.32
91.33
91.53
89.77
91.44
90.78
91.47
91.76
91.59
90.72
89.79
91.50
91.27
90.81
91.05
91.60
92.17
92.03
91.01
90.78
91.61
91.24
91.89
89.51
90.89
91.61
90.64
90.49
91.59
91.76
91.14
91.06
91.99
91.05
91.77
91.17
89.36
91.56
91.77
90.21
91.07
90.80
91.39
91.89
90.46
90.35
91.27
92.10
91.96
90.63
91.63
90.81
91.26
91.94
91.13
91.40
91.21
90.98
90.65
91.55
91.29
90.54
91.65
90.23
91.45
91.49
91.60
92.33
91.17
91.27
91.86
91.61
91.78
90.44
91.08
91.75
91.67
90.08
91.74
90.75
91.72
91.30
91.85
91.46
90.71
91.56
92.53
91.33
92.35
91.50
91.70
91.75
90.47
91.38
91.12
91.13
89.71
90.27
90.99
90.33
92.03
90.30
91.20
90.63
90.89
90.66
90.04
91.32
90.54
90.88
91.33
91.59
91.54
89.68
91.41
91.08
91.27
90.99
91.56
90.50
91.55
91.88
91.19
89.21
91.47
91.52
91.88
90.70
91.75
90.48
91.85
90.56
91.26
91.68
91.47
92.31
91.56
90.72
91.73
91.20
91.67
91.54
91.93
92.16
91.40
91.53
91.60
91.61
91.06
90.91
90.85
90.62
91.64
91.75
90.40
91.61
92.24
90.75
91.06
91.87
89.92
91.87
91.45
91.47
91.79
90.67
90.23
91.24
91.50
91.47
90.72
91.59
90.38
91.98
91.60
91.63
91.66
91.73
91.01
91.46
91.39
91.53
91.36
91.20
91.66
91.47
91.38
91.82
91.13
92.22
91.74
91.71
91.25
91.32
91.79
91.78
91.09
91.30
90.22
91.36
91.10
91.46
91.57
91.61
91.85
91.45
91.69
90.97
91.60
90.41
91.34
92.17
91.37
91.75
90.91
91.64
90.92
90.08
91.61
91.68
90.60
90.02
90.99
91.66
90.81
90.85
91.33
91.61
91.57
91.59
91.61
91.18
91.46
91.57
92.00
91.31
91.52
91.18
91.22
90.94
92.12
91.86
91.54
90.91
90.99
90.52
91.85
91.14
91.32
91.65
91.74
91.29
90.67
90.84
91.22
92.10
90.82
91.30
91.09
91.88
91.76
90.33
91.72
90.79
91.90
91.58
90.32
91.38
91.58
90.99
91.14
89.91
90.92
91.55
89.85
91.28
91.17
91.01
91.59
91.95
91.11
90.22
91.43
91.03
90.98
90.45
90.74
91.34
90.88
91.52
91.66
91.02
91.28
90.07
90.83
91.17
91.19
91.06
91.88
91.80
92.16
91.54
91.97
91.02
91.87
90.31
91.89
91.58
90.88
90.26
91.76
91.41
91.08
91.70
91.99
91.29
91.65
91.16
89.66
91.54
91.51
91.31
91.00
91.21
91.12
91.69
91.32
90.51
91.29
91.66
90.73
91.22
91.47
91.40
90.99
91.47
89.63
90.27
91.57
90.96
91.55
91.30
90.86
91.56
91.27
90.61
91.33
91.64
91.20
91.07
89.84
91.18
91.31
91.97
91.95
91.24
91.92
90.61
91.18
90.92
91.69
91.22
90.51
91.25
92.30
91.57
91.03
90.80
91.49
90.62
91.23
91.11
91.52
90.16
91.46
91.45
92.16
91.50
91.98
91.38
91.23
91.47
90.60
91.14
91.47
90.83
91.77
91.68
91.82
91.38
91.31
92.12
91.66
91.35
91.64
91.67
91.01
92.01
91.98
90.88
91.58
91.18
91.72
91.70
91.53
90.90
91.16
91.22
91.84
91.33
90.83
91.07
90.81
90.40
91.54
90.90
90.70
90.82
91.09
92.14
90.95
90.90
91.94
90.87
91.02
91.16
91.19
91.39
90.25
91.01
91.52
91.09
90.98
91.80
91.31
90.77
91.66
90.77
91.07
91.23
90.66
90.95
91.14
92.01
91.86
91.80
90.30
90.91
91.01
91.50
91.76
91.68
91.31
91.37
91.50
91.58
89.86
91.59
91.20
90.62
90.61
88.96
92.03
90.93
91.61
91.71
91.85
91.44
91.61
91.66
91.53
91.08
91.71
91.61
90.62
91.51
91.35
91.06
91.45
90.65
91.74
91.40
91.29
91.52
91.34
90.74
90.38
90.51
90.90
91.76
90.62
89.98
91.47
91.88
90.46
91.08
91.64
91.79
91.45
91.91
90.80
91.44
90.98
91.29
91.93
91.75
90.94
91.89
91.88
91.23
91.29
91.93
91.99
91.64
91.65
90.91
91.07
91.36
91.94
90.05
90.87
91.68
91.53
91.89
90.45
91.61
91.60
91.15
92.13
91.42
91.68
91.18
91.65
91.72
90.68
91.40
90.29
91.76
91.55
90.87
91.34
90.89
91.59
91.25
91.85
91.80
91.58
91.09
91.36
91.36
90.67
91.77
91.60
91.48
90.90
91.59
91.49
91.66
90.72
91.57
90.87
91.67
91.45
90.79
91.41
91.96
91.71
90.67
91.50
92.20
91.26
92.18
91.71
92.10
91.55
91.87
90.32
91.17
91.88
91.72
90.92
91.38
91.20
91.63
91.65
88.74
91.12
91.67
91.44
91.14
90.93
91.54
91.78
91.89
91.91
91.68
91.39
91.38
91.06
91.08
91.45
91.60
91.43
91.30
91.68
92.24
90.90
91.23
91.91
91.46
90.56
90.44
91.24
91.38
90.73
91.32
91.59
91.71
91.38
90.76
91.78
90.95
90.84
90.76
91.20
91.17
91.66
91.34
91.33
91.25
91.99
90.49
91.55
91.01
91.47
90.00
91.31
91.48
91.47
91.18
91.05
91.57
90.02
91.63
91.34
92.17
91.52
91.21
91.57
91.21
91.41
91.46
91.45
91.43
91.68
91.54
91.07
91.27
91.71
90.97
90.84
90.10
91.68
92.18
91.21
90.85
90.33
91.91
91.30
91.85
91.07
90.95
91.59
91.78
91.96
91.02
90.79
91.70
91.75
91.97
91.46
91.28
91.39
91.60
91.23
91.45
90.89
91.87
91.15
91.47
90.93
89.06
91.53
89.07
90.83
91.75
90.56
91.49
89.54
91.43
91.44
92.10
90.82
91.40
91.69
91.81
90.24
91.28
91.05
91.78
90.76
91.28
91.20
91.79
90.99
91.63
91.04
91.72
91.31
91.36
91.04
91.78
91.26
91.90
91.63
90.41
91.44
91.25
92.07
91.59
91.15
91.52
91.13
91.16
90.79
91.54
92.39
91.49
91.13
91.78
91.51
92.38
91.37
91.63
91.67
91.26
91.90
90.85
91.90
92.01
91.54
92.17
91.67
91.02
91.10
91.86
92.14
89.58
90.98
91.22
91.50
90.96
91.08
91.05
92.07
91.65
91.64
91.56
91.88
91.91
91.11
91.78
90.91
91.33
91.68
91.87
90.89
91.95
91.75
91.05
91.90
91.54
91.09
91.14
90.68
91.31
92.04
89.87
91.27
91.60
91.99
91.29
92.21
91.03
91.43
91.22
90.69
91.72
91.54
91.60
91.53
91.22
91.51
91.86
91.81
90.53
91.60
90.79
90.01
90.85
91.42
91.30
91.71
91.16
91.28
91.59
91.12
91.60
91.18
91.18
90.23
91.48
91.82
91.21
91.59
90.51
92.08
91.33
91.42
90.88
91.36
91.85
91.72
90.89
91.48
91.76
90.28
91.39
91.26
91.12
