73.07
71.83
67.49
80.88
77.66
68.42
72.41
67.10
76.45
71.98
73.64
77.54
73.65
73.61
72.81
81.37
70.91
71.88
75.85
73.02
73.86
80.58
77.35
76.66
76.70
76.73
71.58
77.99
71.15
71.87
78.00
78.04
79.73
69.38
74.73
71.25
75.50
80.97
73.08
75.69
70.22
64.49
68.73
70.98
73.21
70.83
70.35
73.42
69.31
68.18
79.69
68.64
65.74
72.56
77.14
75.01
74.92
69.97
71.22
77.53
69.37
66.89
72.79
66.13
83.90
70.22
72.74
79.80
75.20
73.71
76.39
75.76
72.72
65.64
79.01
81.04
78.82
74.93
78.70
73.96
78.51
75.77
78.71
72.42
63.35
78.12
77.53
77.04
68.39
82.42
74.77
67.04
80.36
73.59
74.26
76.26
68.94
72.19
73.30
75.11
77.36
74.84
56.19
79.89
79.88
60.49
75.56
74.15
74.69
74.81
70.21
65.18
74.42
66.78
66.67
78.08
72.07
79.12
74.26
59.94
68.54
76.77
68.80
64.51
73.01
75.90
65.69
69.06
77.75
78.36
67.85
73.39
76.50
64.94
75.57
65.67
73.84
70.30
79.48
80.71
80.18
83.03
70.92
73.50
55.54
75.19
73.85
74.76
77.46
63.76
67.20
80.27
72.83
61.26
79.36
71.23
68.93
72.06
70.02
67.32
69.11
72.49
76.03
72.26
74.84
81.08
75.95
68.82
81.20
74.87
64.16
77.74
73.64
80.27
64.97
73.07
76.07
73.76
74.93
81.05
77.08
72.77
78.33
75.26
70.27
64.49
72.18
80.58
72.97
71.09
78.95
64.83
81.08
77.90
74.81
77.98
77.77
75.85
69.37
74.14
78.10
70.89
74.96
70.01
74.83
74.03
69.48
74.57
67.69
77.24
78.07
69.58
75.04
71.90
75.15
73.39
76.54
64.34
75.85
82.48
76.42
73.76
72.70
67.17
74.60
56.32
71.39
72.07
67.06
74.78
64.24
73.62
76.36
74.42
74.35
68.43
69.09
66.47
69.43
64.58
67.44
77.47
69.36
75.14
67.87
77.35
69.06
69.92
68.80
70.85
76.12
68.19
70.54
79.32
73.47
73.85
78.43
69.27
72.75
73.73
74.87
74.43
75.83
73.21
71.97
80.46
75.05
78.92
75.64
74.94
70.89
72.52
76.89
68.49
78.07
80.41
74.03
69.03
65.48
60.36
74.20
71.95
71.47
73.43
79.14
71.17
64.11
77.20
75.17
70.96
78.29
73.80
70.39
69.97
72.45
73.87
71.13
75.64
72.77
79.29
77.92
77.20
82.01
57.98
66.82
74.11
72.12
75.44
65.76
73.59
75.42
66.08
78.91
71.87
78.51
75.25
81.18
73.58
72.63
84.02
71.15
75.19
72.39
65.61
81.23
66.38
72.44
64.43
78.05
80.95
75.18
70.35
75.01
63.26
73.66
68.09
77.90
52.70
74.51
73.38
69.12
72.83
71.05
67.22
60.56
78.41
77.54
74.93
77.80
75.63
66.75
72.44
63.62
75.10
73.88
74.33
77.60
66.36
80.23
74.60
74.46
69.24
69.72
79.82
73.36
78.55
63.09
73.83
73.52
75.09
67.58
82.49
71.41
77.17
72.62
69.84
77.61
83.45
81.55
78.89
77.03
74.69
78.62
77.97
61.58
81.21
81.65
75.73
69.86
74.33
75.45
77.28
75.37
76.58
69.69
72.26
73.38
75.05
75.53
77.56
79.10
81.67
67.37
52.65
75.05
72.31
77.10
73.02
62.04
80.14
81.63
74.00
76.28
71.41
75.98
71.23
80.99
72.93
76.47
73.04
77.03
79.20
67.41
54.62
79.37
71.92
78.51
68.73
72.69
68.52
60.38
62.66
73.85
80.24
75.37
79.39
77.07
75.29
62.10
74.07
73.63
79.61
70.80
73.98
72.81
77.25
76.00
73.25
72.78
76.98
74.59
80.45
74.99
71.89
72.48
73.48
68.06
63.50
74.95
70.31
73.57
83.61
79.35
78.15
75.42
69.58
72.04
72.55
72.58
73.91
77.69
75.23
75.11
70.58
70.96
77.38
69.03
78.69
79.82
66.96
58.57
71.01
69.80
71.78
79.05
72.74
75.66
76.71
75.50
75.81
67.42
75.07
76.11
71.36
80.83
75.48
69.00
77.81
76.12
72.25
76.94
81.27
78.64
72.48
74.52
77.91
76.14
79.41
70.85
71.86
64.39
78.58
71.75
77.70
73.11
73.39
73.78
77.15
77.42
72.97
63.22
65.15
71.37
79.12
71.51
78.66
61.98
71.39
63.52
71.72
73.20
68.75
73.24
74.18
66.02
64.46
73.87
72.09
70.30
79.45
74.77
76.69
73.38
79.26
76.07
77.37
70.02
79.55
70.74
74.69
72.60
68.06
64.73
71.55
73.64
71.80
71.64
69.81
78.10
76.54
76.07
70.86
77.45
76.05
65.89
60.40
78.22
67.24
71.79
63.74
64.42
70.23
75.95
76.58
66.97
77.73
71.14
77.37
71.35
72.34
61.19
77.19
79.30
77.96
72.56
72.01
71.90
67.48
74.23
81.63
73.16
79.08
76.44
80.44
74.26
70.64
76.19
79.14
68.98
72.41
75.44
77.83
69.87
73.80
73.35
72.30
71.51
64.64
78.02
79.45
73.06
70.52
41.94
73.55
68.73
68.47
72.99
79.14
64.77
70.13
73.91
75.66
74.06
78.47
71.15
79.47
76.79
78.52
68.43
71.34
69.24
77.12
77.00
76.09
73.59
60.05
68.78
69.98
73.19
71.27
75.01
71.81
74.86
69.27
71.08
73.71
82.17
79.20
73.55
68.46
77.78
76.64
76.39
66.85
72.28
76.65
79.76
75.03
75.28
73.79
68.26
76.71
74.07
75.18
77.24
77.52
69.39
72.40
80.82
72.04
77.92
79.47
78.46
77.16
74.66
74.46
73.61
77.25
61.24
81.94
66.66
71.43
78.10
75.48
78.18
71.91
72.67
79.96
68.60
74.54
77.24
79.23
71.04
79.95
77.06
74.45
67.28
68.60
64.90
81.29
67.87
73.01
67.79
71.11
76.36
80.49
76.47
70.56
77.96
71.26
71.39
77.00
72.88
64.41
62.83
78.02
60.81
66.54
70.70
71.19
76.68
78.10
73.70
69.47
70.68
69.54
70.30
70.14
80.80
71.46
82.52
74.20
73.06
66.76
73.81
77.49
72.92
81.69
78.27
74.62
78.30
61.96
73.13
65.19
74.11
78.49
70.80
76.07
80.86
66.90
82.40
83.26
77.32
79.33
72.88
72.80
61.94
66.87
67.64
76.84
76.34
69.85
67.70
75.54
68.73
74.87
69.58
75.87
72.62
76.33
68.18
69.59
76.01
80.50
68.15
69.71
72.10
76.46
72.14
77.44
69.45
67.25
73.48
73.70
75.75
79.91
73.23
78.42
68.24
71.36
72.13
78.16
74.01
66.08
77.81
81.29
74.48
74.02
72.69
73.40
66.72
76.87
77.28
68.12
76.26
76.97
69.23
75.74
73.00
68.83
77.53
74.45
74.51
70.67
65.04
77.10
78.26
69.04
74.54
73.03
75.50
74.70
64.69
75.11
78.80
74.99
74.66
70.02
72.94
70.39
76.21
63.88
65.00
66.72
79.56
78.57
71.71
74.60
76.86
74.96
73.24
71.28
73.22
61.70
74.90
73.55
68.41
74.66
74.04
81.82
77.92
72.33
71.18
68.63
71.32
76.77
79.99
71.75
72.62
71.34
76.91
73.07
72.52
67.13
73.87
74.17
76.44
67.18
73.69
67.26
75.43
75.28
67.63
77.21
71.62
73.99
74.43
76.49
64.93
81.03
62.60
73.49
65.96
80.40
71.08
73.81
73.74
76.38
70.82
76.51
71.38
75.67
71.50
75.10
72.32
79.44
77.47
77.32
82.57
72.95
62.25
76.22
81.26
78.79
67.71
81.64
71.05
78.50
78.52
64.96
68.17
63.71
74.07
64.81
70.80
69.34
75.14
61.05
74.20
76.66
73.64
80.87
71.83
67.41
69.29
71.59
67.88
73.68
63.23
78.10
71.73
64.90
78.14
73.66
69.80
77.19
79.14
72.05
73.06
78.66
69.98
81.69
75.76
77.62
73.30
72.58
80.57
77.26
72.22
79.72
72.14
71.67
69.57
79.95
68.85
78.56
65.30
65.95
72.96
76.37
80.59
79.37
71.80
82.41
78.41
53.32
76.99
77.69
72.45
75.60
70.43
72.70
68.83
71.37
72.20
68.57
80.61
68.46
77.10
70.46
71.24
61.60
73.64
71.98
79.44
77.56
77.00
74.55
70.36
77.45
65.36
79.72
70.96
73.34
74.29
69.41
76.33
73.78
81.67
81.37
