88.5600
89.3700
89.6900
89.8200
88.4900
90.1000
88.3900
88.2900
87.3100
87.8900
89.8700
87.1800
85.0100
88.6200
88.7600
89.8100
88.4000
89.7200
88.4700
87.8300
84.4100
87.8400
88.0700
87.5500
85.1600
88.7900
90.0600
88.8200
89.2600
89.2700
88.6100
85.3200
86.9500
90.0700
85.4100
88.3000
77.3500
90.2000
89.3900
89.8900
87.1700
87.7900
88.5800
89.4300
89.2500
88.8700
86.6600
87.6900
85.2600
88.6900
85.8100
88.5300
88.5800
89.1300
88.1500
88.5600
80.5200
87.9300
87.6300
89.6600
86.8200
85.8100
89.2600
88.7700
89.5600
89.4700
85.6200
89.1300
89.5100
88.7800
85.1800
87.4500
88.8000
87.6400
86.2300
89.4400
87.9600
90.1600
88.7400
86.1900
89.4700
89.4500
88.6400
89.1400
88.6200
86.0900
89.4300
89.1000
89.2500
85.2900
89.1400
89.3100
89.5000
88.5700
87.1600
88.8800
89.4300
86.3700
89.2200
86.3100
