89.5700
90.7600
89.0900
89.7900
90.2400
90.9000
89.3000
90.5300
87.8600
87.8500
90.0900
90.6900
88.4500
87.2600
88.4900
89.6500
88.5300
90.6600
90.9200
88.8600
89.2800
90.9300
89.2300
89.5700
89.8700
90.2400
89.8100
91.1200
87.1300
90.2800
90.1600
89.3600
90.8500
86.1500
90.3800
90.6300
89.6800
89.5700
90.1100
87.4800
90.6100
88.8200
91.0700
89.8000
89.8600
90.0400
89.8900
90.2300
90.0100
88.4500
89.4400
89.2200
90.8400
89.0100
88.0100
89.8600
89.6000
90.8400
88.5000
90.7100
89.8600
90.6300
90.3600
89.4600
90.7400
88.4100
87.2300
88.1600
91.0200
89.3500
90.5200
89.4100
90.8700
90.2900
90.9800
90.1900
90.6600
89.6600
90.2700
89.8500
89.1000
90.5900
89.6700
90.5600
90.2700
90.2200
89.5900
89.8000
88.8700
88.8500
90.3000
89.7700
90.1200
88.5800
90.0800
91.0400
90.3700
90.2000
90.5000
90.4900
