87.0700
90.2700
88.6400
89.6200
90.4100
90.6100
89.3100
91.1000
90.9600
88.0700
91.1100
91.1000
90.6000
91.3100
90.8700
88.8900
90.8800
88.6800
90.1700
90.5200
90.4200
91.2300
91.1200
90.8000
89.1100
87.6000
91.2200
87.6200
91.0600
91.1500
89.8400
87.7800
90.0800
90.4700
90.7700
91.1200
90.8500
90.4600
89.6900
90.7600
90.3600
89.2500
89.3100
90.6700
90.9000
90.8800
90.6200
89.0000
91.1900
88.0500
90.7500
89.9600
89.0600
89.6900
90.8300
91.1400
91.4200
88.7400
88.4400
90.6600
89.9200
87.0700
88.7900
88.1900
89.6700
90.2500
91.1600
91.6500
89.9900
88.7000
89.7100
90.9300
91.5800
91.0000
89.6500
90.0400
91.2500
87.5300
89.9200
88.7100
89.5800
91.0200
90.1000
90.1700
90.7000
89.4400
87.7300
91.1200
89.3700
91.0700
90.9100
90.0200
90.0000
89.3300
90.1200
87.6800
89.1700
90.8500
90.0200
91.5600
