87.8500
89.8700
89.8500
89.7500
90.3600
88.6500
89.6600
89.6600
89.3400
89.9100
86.6300
91.1500
90.4800
90.2700
89.5500
90.2500
90.6000
90.5700
88.9600
91.0800
90.2200
89.8000
90.2500
90.5700
90.7300
88.6000
89.2100
89.6300
90.2900
90.4200
89.9200
90.2100
90.4100
90.3400
90.2600
90.8900
91.0300
89.3100
90.5700
89.1300
88.1000
90.5300
89.7500
88.7600
90.1700
90.7100
91.1400
89.8700
89.5400
89.2500
90.5900
88.8700
89.3400
90.6500
89.9500
90.8900
85.6500
91.1600
89.7200
90.5600
90.6100
91.2300
88.5700
87.8600
89.9300
87.6400
90.5000
90.2600
89.9300
90.6800
89.2900
91.1800
89.1700
89.9000
87.8500
88.3200
89.4600
90.4700
88.8200
88.7300
89.7700
87.9100
89.8400
91.1800
89.8600
89.9500
89.4200
89.9700
89.8800
89.8000
90.1900
90.6400
91.2500
89.7500
89.3200
90.1700
90.2000
90.8900
88.8700
89.0400
