73.7100
79.9300
75.9700
74.0800
81.0000
79.5500
79.4400
76.0700
78.8800
83.0300
69.1500
74.2800
80.5500
79.5900
74.9400
80.3400
83.1200
79.8400
75.1500
83.9700
82.3100
73.8200
72.1400
68.1600
84.9500
76.2500
80.9700
72.5500
80.6600
80.5900
69.8100
69.6800
74.8300
72.0200
76.3300
75.9200
83.0800
73.7300
76.8200
70.3600
79.2500
79.1100
71.4600
81.4900
75.6300
78.2600
69.9800
77.9100
83.0300
81.1900
75.5300
59.0900
76.4100
76.6500
74.4200
78.6600
81.5800
79.2600
83.7900
81.7200
76.3200
75.5600
81.7100
66.4000
79.9300
63.5600
76.4300
77.1100
83.5000
79.6000
81.8900
77.2700
58.2300
71.4800
65.6100
60.1800
71.1600
74.4400
72.6000
81.8600
71.6100
70.4400
63.2900
80.5500
76.3400
67.4700
73.6900
76.8400
75.2500
79.8600
78.3600
77.8400
81.6700
73.7500
78.2400
75.6600
72.7200
82.0000
77.2400
71.6200
