87.9200
84.4000
86.7400
78.6000
84.9300
87.3600
84.0800
80.2400
81.8300
83.3400
76.8900
84.3500
87.0100
84.6400
85.1600
81.4700
86.0100
81.0000
83.4900
74.0300
83.3500
83.9900
80.5200
86.0600
86.7500
84.9900
81.5900
78.4900
84.8300
85.5900
80.5100
87.6900
83.2300
83.7200
80.6800
83.7800
82.0300
82.1600
86.1700
86.2100
84.6000
84.0000
88.1200
85.3200
85.1900
85.6500
85.8300
76.2100
86.6700
87.2400
87.7200
86.5800
86.2500
87.3900
84.8900
84.5800
86.8900
87.1900
85.5700
86.2100
83.3300
84.7200
85.7200
85.7800
80.0700
84.5600
84.8800
87.3000
83.6700
86.8400
85.8200
83.1200
80.8800
88.0800
83.5600
83.9200
84.8800
83.3700
87.2900
86.5400
86.2900
86.7200
82.5100
86.9800
80.3100
80.2900
84.6700
83.1900
81.2600
87.7200
87.6100
86.9000
85.7400
86.7900
82.4000
87.8700
86.9800
86.0000
84.4800
84.3000
