87.6100
83.5800
88.4600
87.4400
87.8000
86.0300
85.0700
87.6000
72.6800
85.2500
89.2700
85.3300
88.9300
85.3400
85.9900
84.3700
86.2500
87.0500
86.9900
85.2300
86.1000
84.4300
85.7800
87.7300
83.6400
86.4900
86.3200
88.0000
86.8500
85.8300
84.7600
85.5400
87.0300
86.9300
86.9900
86.7100
83.1200
77.2100
81.1700
86.9000
85.9200
84.5600
80.5400
86.6600
87.6900
85.6400
87.0800
84.5300
87.6900
86.3400
84.3400
85.4400
88.2400
88.4200
87.1400
83.5900
83.6800
87.3100
87.0800
87.2200
84.1000
87.3500
87.5100
86.5700
85.0300
83.1000
87.8600
87.2000
85.5900
84.8900
84.9900
84.4600
85.7100
81.6600
85.0200
85.2300
86.8600
87.0000
87.3900
87.4800
85.2200
84.7700
87.4600
86.4000
87.4000
86.3400
86.8700
84.0300
87.3700
86.6600
88.2100
87.9900
84.0700
86.5400
86.7400
80.8000
88.4700
87.6300
84.4200
84.3200
