88.8700
89.0900
89.4900
90.5500
88.8300
88.5500
87.7000
83.7800
88.6000
87.8500
86.0300
87.1100
88.5100
89.5600
87.4800
89.4000
86.0100
88.6900
88.4800
85.3800
89.1700
89.0900
88.2300
89.6700
89.8100
88.2100
89.4500
89.1900
88.6400
90.7000
88.7200
85.4700
88.8700
88.6000
89.7300
89.3600
89.8400
85.6900
88.1900
90.1300
89.0000
85.8800
88.4800
86.8100
87.6200
84.7600
89.3300
86.1400
89.0700
89.4600
87.3000
89.6900
89.5200
87.7800
88.7400
89.1800
89.1700
90.1000
87.5500
87.6500
88.7300
88.7100
88.7300
87.8900
85.6400
89.9000
89.7000
90.0000
89.1400
89.1300
89.2000
89.3000
85.0900
84.0100
89.9900
89.1400
87.5900
88.7500
87.3700
89.7800
86.9600
88.6500
88.3800
89.2800
89.4400
87.2700
88.1400
89.6900
88.4100
88.8300
89.7900
89.0500
86.6600
89.2900
88.7700
86.0200
90.7200
89.4200
89.3200
84.2700
