85.1800
89.0700
83.8200
89.9300
89.7200
87.1700
88.8700
88.8200
89.6200
87.2400
89.9000
85.3600
84.8500
89.7100
85.4300
87.7500
85.2600
88.0100
84.9700
88.8200
88.1700
85.9700
81.4600
88.6600
82.8900
84.0500
88.4700
87.6800
87.2800
88.1200
88.3200
83.5400
88.1600
83.2700
87.6000
85.5600
87.2300
87.0500
86.0900
87.4900
87.0200
88.3800
88.7100
80.4400
85.5300
84.7800
87.6100
82.7300
87.7000
86.5200
87.4800
86.2100
86.5700
86.5000
88.4800
87.1500
86.3500
87.1600
88.5600
87.1400
85.3300
88.7400
87.2800
85.2300
88.9400
87.8100
88.7800
88.1700
89.2400
88.1200
87.4100
88.5600
88.3300
88.2900
86.8200
88.6200
88.3600
89.2300
88.9000
88.8200
89.3100
85.5500
86.5000
86.8100
85.8300
89.7900
84.4200
89.0400
84.5200
89.5600
86.8500
89.3400
88.0500
85.1800
88.2800
88.4800
86.9500
89.6000
84.8700
87.6000
