79.5100
79.2200
83.4400
80.7000
80.1600
82.3800
77.6200
74.3300
79.4100
79.7300
81.3300
82.4000
83.1900
75.5500
82.6300
77.8400
81.6900
83.2400
84.4600
82.1400
69.9700
77.2900
84.4000
78.2600
78.4700
80.8400
79.7000
74.2000
69.7800
79.9200
79.0200
84.4400
85.1400
76.6600
80.1400
82.3800
84.1600
81.1100
81.1000
85.8100
84.2600
81.4800
80.5600
82.6800
82.6100
82.1800
83.4600
82.2300
79.4000
81.7000
77.1100
87.1600
83.7100
79.4200
82.0700
83.4700
82.4600
84.7000
83.2900
84.6600
81.3600
77.1300
81.0000
85.2300
82.4200
82.4500
82.1900
71.5200
79.4800
85.7300
81.3100
81.0600
80.9000
84.8600
80.9900
77.8500
83.0500
85.2700
83.6500
81.8800
81.8600
73.6700
85.4400
82.2900
84.3700
79.7500
80.8400
82.9600
84.9000
77.6100
86.0500
80.4800
77.1900
77.6900
84.3500
82.8100
82.6400
84.0900
77.4600
79.9400
