83.9100
88.9400
86.7800
87.1800
88.4400
89.1100
85.1400
85.2600
86.1000
87.1100
87.8400
84.8200
87.8900
88.0100
87.8800
88.0200
88.5900
87.5600
88.8000
84.7000
87.9000
88.1700
88.1300
87.8400
89.2000
86.6000
88.1300
86.3500
88.2500
87.7000
88.0400
87.3400
86.9000
88.9000
88.0800
86.8500
78.9900
85.5700
86.3200
86.7500
87.0700
83.4700
85.2900
87.4300
88.6900
86.7400
86.9400
87.9000
88.7400
85.9900
83.9200
85.7900
87.6900
87.5800
87.9900
88.6200
88.8500
86.8800
87.3900
86.7600
87.4700
87.2800
88.4300
88.3400
87.2400
88.3400
88.3100
88.0500
85.9800
87.6300
88.7900
87.9300
88.1500
83.2000
89.1200
88.1200
85.8700
89.0100
87.2000
88.4400
88.3500
87.4100
88.5700
87.2500
88.6700
87.4600
87.9800
86.7600
82.7000
88.8400
87.2400
85.4100
84.4400
86.0100
89.3300
89.3400
83.8600
87.7400
89.6700
86.6100
