90.0800
89.7000
90.5400
89.6600
89.9000
90.3500
89.5200
90.5000
90.0300
89.7900
89.3900
90.3300
89.5900
89.7000
90.4700
90.0800
90.1200
88.8400
90.0700
89.4400
89.8700
89.5900
89.7000
90.6200
90.1700
89.6400
90.5000
90.1000
89.6500
90.4200
90.2200
90.1300
89.7900
89.4100
89.9300
88.4200
90.8400
88.8600
89.6100
88.9800
88.9500
87.7800
89.9900
89.5600
88.8600
90.6600
90.7300
89.3000
88.2700
90.3000
90.1700
89.5300
90.3200
90.1200
88.2900
88.9400
88.7400
89.9700
90.1400
88.5700
88.0000
89.5300
90.7700
90.2800
89.6900
89.9100
89.7900
90.5700
89.0000
89.5500
89.4000
89.5300
88.5500
90.1200
89.8200
89.0900
90.5000
89.2300
90.3500
90.0000
90.5600
90.6200
89.5100
90.4000
88.7500
89.8400
90.6700
90.2100
89.6300
90.2200
89.6200
89.2900
90.2100
89.5700
89.8600
89.4600
90.4300
90.1200
90.4800
90.2700
