89.1700
86.0900
88.1800
88.3900
87.1400
86.6300
89.8700
89.0100
87.4300
88.7600
88.6500
87.3700
88.3800
87.5300
89.1900
85.1800
88.4400
86.7900
86.6600
87.4800
87.0300
88.1800
88.9500
88.3700
88.9900
88.1100
89.5400
88.3700
87.3800
88.1300
89.6400
89.9800
88.3200
87.2500
88.9300
88.8900
87.7900
85.9300
89.0500
84.6000
86.9800
89.1700
88.1500
88.7900
88.8500
89.5300
87.4400
88.6600
89.3200
88.1800
89.4900
88.6500
86.7300
87.5500
89.5900
87.3000
87.5100
89.2800
87.6200
88.3000
88.1500
88.9600
89.3000
89.4500
89.1500
89.5700
87.7100
88.6900
88.7000
88.6000
88.6300
88.3300
88.7100
89.3500
89.2600
88.5300
89.1600
88.5100
89.2800
88.0600
84.3500
89.3800
87.4100
89.2900
87.6400
86.7400
86.1500
87.2900
87.4000
88.6900
89.1700
88.1300
86.8800
88.8300
87.7300
89.0200
85.3100
88.5300
88.5100
88.4800
