90.1500
89.9800
89.8100
89.1200
90.5400
90.7900
90.0400
90.3300
90.4500
89.7400
89.1500
90.2800
89.8000
89.5400
90.1300
87.5000
88.9800
89.3300
90.2500
89.9200
89.9000
89.9400
90.1000
89.5900
89.1200
89.1600
89.7100
90.0400
89.4400
89.9900
89.2700
90.0500
88.2200
90.0700
90.1100
89.7800
90.0500
90.5500
90.2100
89.2900
90.1600
88.8700
89.4800
90.0400
88.0600
90.0400
88.8200
89.1200
89.4400
89.7100
89.4800
89.9400
89.3900
89.7300
89.6400
88.9500
88.8700
90.4100
90.3700
89.0500
90.2200
90.0500
89.4900
90.3400
90.1000
89.2300
90.0100
89.9100
88.9600
90.0700
89.7800
89.9000
89.3900
90.0200
88.9700
89.9500
90.1300
89.9000
89.3600
89.8800
90.4100
89.6200
90.4800
90.0100
90.0200
89.7900
90.5000
89.3700
89.0500
89.7500
90.0000
89.4000
89.8600
90.5600
89.7900
89.6000
89.6500
88.7200
88.7000
89.4300
