90.5100
90.9000
90.7000
91.5200
90.9300
90.5600
90.7100
91.0300
91.1600
90.9100
90.2000
90.6100
90.8500
91.1100
91.0100
90.9200
91.0700
90.8700
90.1400
90.8500
91.4300
90.8400
91.2100
91.0000
91.2600
90.2700
91.3700
91.1900
91.0300
91.1000
90.9100
91.1600
91.5400
90.5500
91.0800
91.0200
91.2600
91.2000
89.7400
90.7000
90.4300
91.0300
91.5500
91.3000
90.9600
91.2300
91.0900
91.3800
90.8000
91.3800
91.3700
91.2200
90.9100
91.0200
91.3400
91.2500
91.2000
90.9100
91.2000
90.2400
91.1600
91.2400
90.5800
90.5900
90.8600
90.9600
90.8800
90.9800
90.9300
90.6300
90.6400
91.0700
91.1300
90.5600
90.7400
90.2100
90.6900
91.2200
91.1800
90.4200
91.2100
91.4600
90.9700
90.9900
91.2300
89.9300
90.5000
90.7800
91.0500
90.8400
90.8100
90.4200
90.6100
91.0500
90.8200
90.7300
91.2100
91.1300
90.6900
90.8100
