91.0400
90.5000
90.5600
91.1300
90.6300
90.6900
90.5700
90.6600
90.3300
90.9600
90.7300
90.3600
90.5000
90.9300
90.6300
90.9700
90.5600
90.9500
90.7200
90.5800
90.5700
90.0100
90.7200
90.4500
90.0700
89.9700
90.4100
91.0200
90.7300
90.7100
89.6500
90.7900
90.5400
90.9000
89.5200
90.6400
90.1500
90.7500
90.7700
90.3100
90.6300
90.0500
90.7000
90.1700
90.5600
90.8000
90.0000
90.5700
90.7800
91.0100
91.1000
90.0300
90.2100
91.0400
90.7600
90.5400
90.4800
90.3100
90.7300
90.3100
90.4400
90.6200
90.5700
90.5400
90.9000
90.8700
90.4900
90.9900
90.5300
90.3700
90.8000
90.3100
91.2300
90.8800
90.7700
90.4400
90.9100
89.3400
90.7900
91.0700
90.8700
90.7800
90.8300
89.3600
90.7200
90.4700
90.5800
90.3100
90.6800
90.0000
90.4600
90.5700
90.6500
90.5100
90.0900
90.6500
90.8100
90.8800
90.6100
90.4900
