89.6400
88.6200
88.0100
89.5300
88.1600
88.1100
88.5000
88.1600
89.0100
87.0800
88.4900
88.5200
87.0400
89.7700
89.1600
89.3600
89.3100
89.1800
87.2000
89.6200
88.4800
89.6700
89.3400
88.4600
89.2500
90.0100
89.0200
88.4400
89.1800
88.8100
89.2900
89.1200
87.9800
87.6300
89.2600
89.6100
87.9500
83.4500
89.0200
89.2000
89.1000
89.6500
87.5500
89.4800
87.0800
87.5300
89.1000
87.2200
88.9900
88.4300
89.8000
89.5800
89.4500
88.4200
89.5600
88.3700
88.5500
87.9100
88.2500
87.9600
89.3100
87.9600
88.7200
88.1600
88.8400
87.8500
88.9700
88.2100
86.6500
89.4000
89.0200
88.3900
89.6100
89.7500
89.7300
89.4500
89.7700
88.0400
89.4100
89.5500
89.6800
88.3900
90.2800
87.4800
88.5700
89.1900
87.9300
90.3200
89.4200
89.5400
89.0500
88.4100
89.4400
88.7500
89.5000
89.8000
89.3800
88.8500
89.1200
89.5900
