90.5900
90.5500
90.5700
90.3300
90.2500
89.9600
90.5200
90.9900
91.3600
91.1500
89.9900
90.1000
90.6200
90.8200
90.5200
90.2200
90.5700
90.1700
91.0100
90.0600
90.4900
91.0500
90.6900
90.0300
89.9800
89.7300
90.8700
90.5400
89.1400
90.4200
90.3800
90.7000
89.7800
90.8900
90.6300
90.5800
90.3400
89.7300
91.6400
90.1400
90.8200
90.6800
91.2800
90.9700
89.9700
90.4200
89.9100
90.9200
90.7500
90.9200
90.4500
91.0400
90.4700
90.4100
90.4400
90.2400
90.3200
91.0700
89.8800
89.9400
89.7500
90.6700
91.1000
89.4300
90.6200
90.8700
89.7500
90.3100
90.9200
89.8200
90.2600
89.5500
90.0300
89.7400
89.5800
91.2000
90.1900
89.7200
90.1900
90.4100
89.9700
90.3600
90.5100
91.2200
90.0000
91.1100
86.9400
89.7200
90.6300
90.1400
90.2700
90.7700
90.7800
90.4400
89.4700
90.8500
90.1100
90.1300
90.6000
90.1700
