0.9878
0.9872
0.9872
0.9890
0.9905
0.9931
0.9943
0.9953
0.9957
0.9957
0.9967
0.9969
0.9968
0.9967
0.9974
0.9975
0.9974
0.9984
0.9980
0.9980
0.9985
0.9983
0.9980
0.9987
0.9987
0.9989
0.9992
0.9986
0.9990
0.9992
0.9992
0.9993
0.9995
0.9995
0.9996
0.9994
0.9995
0.9996
0.9995
0.9997
0.9997
0.9996
0.9994
0.9996
0.9997
0.9996
0.9996
0.9996
0.9996
0.9997
0.9996
0.9996
0.9997
0.9997
0.9997
0.9996
0.9997
0.9997
0.9995
0.9996
0.9997
0.9996
0.9997
0.9995
0.9997
0.9996
0.9995
0.9997
0.9996
0.9997
0.9995
0.9996
0.9996
0.9997
0.9997
0.9996
0.9998
0.9996
0.9997
0.9998
0.9997
0.9996
0.9996
0.9996
0.9996
0.9995
0.9997
0.9996
0.9997
0.9998
0.9998
0.9997
0.9996
0.9997
0.9997
0.9996
0.9997
0.9997
0.9998
0.9997
