0.8982
0.9090
0.9341
0.9492
0.9574
0.9635
0.9705
0.9751
0.9780
0.9796
0.9822
0.9842
0.9867
0.9853
0.9856
0.9862
0.9867
0.9871
0.9886
0.9894
0.9875
0.9878
0.9901
0.9907
0.9902
0.9898
0.9906
0.9900
0.9896
0.9910
0.9914
0.9936
0.9956
0.9963
0.9970
0.9971
0.9975
0.9974
0.9983
0.9974
0.9979
0.9978
0.9982
0.9979
0.9982
0.9982
0.9982
0.9981
0.9982
0.9983
0.9982
0.9987
0.9986
0.9986
0.9985
0.9984
0.9983
0.9985
0.9983
0.9988
0.9987
0.9986
0.9986
0.9986
0.9988
0.9984
0.9987
0.9987
0.9987
0.9985
0.9986
0.9987
0.9984
0.9987
0.9987
0.9986
0.9987
0.9985
0.9987
0.9986
0.9989
0.9986
0.9987
0.9989
0.9990
0.9987
0.9987
0.9989
0.9989
0.9986
0.9989
0.9987
0.9987
0.9988
0.9988
0.9984
0.9986
0.9987
0.9987
0.9987
