0.8014
0.8477
0.8952
0.9198
0.9340
0.9423
0.9489
0.9526
0.9551
0.9612
0.9643
0.9682
0.9669
0.9714
0.9733
0.9731
0.9734
0.9749
0.9763
0.9779
0.9774
0.9774
0.9792
0.9786
0.9787
0.9809
0.9826
0.9828
0.9831
0.9828
0.9825
0.9859
0.9909
0.9922
0.9932
0.9935
0.9947
0.9945
0.9949
0.9944
0.9944
0.9954
0.9951
0.9959
0.9945
0.9950
0.9957
0.9959
0.9959
0.9958
0.9956
0.9961
0.9960
0.9961
0.9962
0.9963
0.9959
0.9967
0.9967
0.9964
0.9964
0.9966
0.9968
0.9966
0.9968
0.9966
0.9964
0.9965
0.9964
0.9965
0.9968
0.9965
0.9966
0.9964
0.9966
0.9965
0.9964
0.9967
0.9969
0.9969
0.9970
0.9968
0.9967
0.9969
0.9972
0.9969
0.9970
0.9966
0.9967
0.9968
0.9967
0.9966
0.9962
0.9967
0.9969
0.9968
0.9965
0.9974
0.9971
0.9969
