0.7123
0.8067
0.8614
0.8841
0.9000
0.9115
0.9203
0.9307
0.9345
0.9376
0.9414
0.9446
0.9471
0.9521
0.9569
0.9555
0.9587
0.9601
0.9617
0.9620
0.9633
0.9676
0.9675
0.9680
0.9685
0.9708
0.9731
0.9729
0.9731
0.9751
0.9748
0.9798
0.9832
0.9864
0.9871
0.9882
0.9888
0.9888
0.9893
0.9900
0.9901
0.9906
0.9912
0.9904
0.9917
0.9914
0.9916
0.9912
0.9920
0.9921
0.9919
0.9923
0.9914
0.9929
0.9929
0.9931
0.9927
0.9932
0.9924
0.9929
0.9928
0.9935
0.9936
0.9935
0.9935
0.9935
0.9940
0.9931
0.9936
0.9932
0.9930
0.9939
0.9931
0.9931
0.9935
0.9932
0.9942
0.9933
0.9934
0.9934
0.9939
0.9936
0.9938
0.9942
0.9934
0.9939
0.9947
0.9935
0.9937
0.9934
0.9947
0.9938
0.9938
0.9935
0.9937
0.9940
0.9939
0.9941
0.9940
0.9940
