0.8309
0.8768
0.9132
0.9332
0.9438
0.9542
0.9569
0.9632
0.9665
0.9703
0.9724
0.9742
0.9753
0.9770
0.9789
0.9789
0.9807
0.9816
0.9827
0.9829
0.9847
0.9844
0.9844
0.9854
0.9854
0.9858
0.9854
0.9858
0.9869
0.9872
0.9881
0.9899
0.9927
0.9937
0.9951
0.9949
0.9956
0.9956
0.9959
0.9962
0.9961
0.9961
0.9965
0.9964
0.9968
0.9970
0.9974
0.9967
0.9972
0.9973
0.9969
0.9971
0.9973
0.9971
0.9973
0.9976
0.9967
0.9974
0.9973
0.9974
0.9977
0.9979
0.9976
0.9972
0.9973
0.9974
0.9976
0.9980
0.9977
0.9977
0.9974
0.9979
0.9979
0.9978
0.9977
0.9977
0.9977
0.9977
0.9975
0.9979
0.9975
0.9977
0.9976
0.9975
0.9976
0.9981
0.9976
0.9976
0.9975
0.9982
0.9981
0.9978
0.9977
0.9977
0.9974
0.9974
0.9977
0.9974
0.9975
0.9979
