0.9727
0.9708
0.9751
0.9790
0.9833
0.9846
0.9863
0.9885
0.9905
0.9917
0.9916
0.9938
0.9943
0.9946
0.9952
0.9954
0.9956
0.9958
0.9962
0.9970
0.9957
0.9965
0.9964
0.9969
0.9967
0.9966
0.9970
0.9971
0.9962
0.9978
0.9975
0.9984
0.9987
0.9990
0.9991
0.9990
0.9993
0.9993
0.9991
0.9993
0.9993
0.9994
0.9991
0.9992
0.9991
0.9992
0.9992
0.9995
0.9996
0.9992
0.9994
0.9995
0.9995
0.9995
0.9994
0.9994
0.9994
0.9994
0.9994
0.9993
0.9995
0.9996
0.9996
0.9996
0.9994
0.9995
0.9995
0.9994
0.9995
0.9996
0.9995
0.9996
0.9996
0.9995
0.9996
0.9996
0.9996
0.9994
0.9996
0.9996
0.9995
0.9996
0.9995
0.9996
0.9995
0.9995
0.9996
0.9997
0.9996
0.9996
0.9994
0.9996
0.9995
0.9995
0.9997
0.9994
0.9996
0.9996
0.9995
0.9993
