92.25
91.63
91.55
89.14
94.06
92.58
93.68
93.96
91.41
92.98
93.19
93.33
92.15
94.11
91.15
92.47
92.85
92.81
92.26
92.87
92.32
92.49
87.53
93.10
90.10
90.39
88.81
91.73
92.73
92.98
92.91
91.73
92.37
92.82
92.36
92.40
92.91
92.81
93.47
90.15
93.47
91.35
92.51
92.25
91.88
91.24
93.13
92.25
93.48
93.05
92.99
92.12
91.74
90.45
92.93
91.45
93.86
92.07
91.92
91.33
92.73
92.56
92.74
92.85
93.47
91.41
92.22
91.09
91.72
93.25
92.47
93.24
92.21
92.39
93.85
92.38
93.67
92.51
91.95
92.29
90.82
92.98
92.58
91.60
84.70
92.84
94.25
90.25
93.51
92.71
92.35
93.18
90.34
92.09
91.56
92.33
91.98
90.69
92.41
92.45
90.70
92.81
92.40
92.36
92.98
91.76
92.73
93.15
93.11
93.38
92.43
92.73
93.21
90.38
90.83
93.38
91.75
92.45
91.14
92.97
91.66
90.76
93.21
91.62
93.36
90.54
93.32
91.80
92.09
93.32
91.65
93.21
90.79
93.56
93.25
94.04
92.25
92.20
93.08
94.42
93.79
92.88
92.67
92.25
92.56
93.72
92.31
92.06
91.41
89.35
93.13
91.18
93.79
93.02
90.26
92.41
92.29
93.80
93.07
93.89
93.80
92.21
93.57
91.76
91.49
91.92
91.87
93.76
92.35
90.95
92.88
94.18
91.93
92.80
90.76
91.84
94.19
92.95
92.70
92.09
89.27
89.20
91.33
91.27
91.64
92.59
91.24
93.49
93.19
90.48
92.44
91.48
91.25
92.86
93.66
92.47
93.68
91.22
92.50
91.76
93.18
91.49
93.49
94.20
90.13
93.73
93.41
91.95
93.15
89.56
93.09
92.72
91.59
92.73
92.94
91.74
93.26
91.67
93.38
92.01
91.44
91.46
93.41
92.15
93.27
91.64
91.42
92.38
92.40
91.35
89.87
93.36
91.38
90.85
91.74
93.03
92.53
92.73
93.63
93.99
92.19
91.31
89.60
90.84
93.22
93.35
93.69
93.04
92.45
92.44
92.86
92.36
92.92
92.25
92.70
92.83
91.55
91.79
92.41
93.77
90.07
90.73
93.27
93.92
91.77
92.63
92.49
92.73
91.71
92.06
92.95
93.13
93.18
89.92
93.27
93.60
90.41
91.45
92.82
92.86
93.27
91.11
91.81
93.00
93.24
91.79
91.32
92.98
92.47
92.85
91.57
93.51
91.53
91.12
91.24
93.00
92.59
93.94
93.65
91.01
92.85
94.29
92.14
93.58
92.99
90.81
92.23
93.36
91.39
93.91
89.96
93.25
91.34
91.58
91.92
93.03
92.95
92.37
89.78
92.64
92.79
93.92
90.95
90.75
94.13
92.95
92.73
91.44
90.32
91.58
92.89
93.42
94.15
92.68
93.85
91.36
91.59
93.74
91.57
90.70
92.51
92.99
93.24
93.94
90.77
90.78
93.28
92.28
90.51
92.96
90.00
93.76
93.54
91.57
93.66
92.43
93.39
93.17
94.09
92.88
93.17
91.59
92.90
89.82
92.87
92.47
94.12
92.82
93.40
94.03
93.00
92.39
92.20
92.88
92.42
91.90
92.13
91.11
91.47
91.22
92.69
92.85
91.82
93.01
91.38
93.88
92.31
92.88
91.46
92.79
91.64
93.01
90.94
91.22
94.09
91.09
94.10
91.58
91.96
92.99
93.59
93.01
92.48
86.94
91.75
92.12
93.45
92.86
93.33
93.22
93.64
90.95
92.69
91.08
92.64
93.51
93.51
93.42
93.27
89.67
93.76
91.94
90.75
93.06
93.40
93.87
94.58
91.81
93.23
92.36
91.98
91.81
91.74
93.27
92.52
93.16
92.09
92.95
93.52
88.88
93.08
93.01
93.03
92.20
91.25
92.05
92.07
92.77
90.74
93.01
93.31
90.01
94.19
91.13
91.26
92.37
91.61
90.96
93.07
92.82
92.81
93.71
93.17
93.26
92.83
92.86
90.77
93.09
92.80
94.04
90.41
90.75
93.22
91.72
92.65
94.31
93.33
93.95
93.75
92.61
92.39
92.90
92.32
93.45
93.93
92.03
90.82
92.86
90.45
94.28
93.15
93.20
92.79
92.85
93.30
93.24
92.96
93.53
91.30
93.32
90.95
93.01
93.78
93.31
92.92
92.61
92.72
90.92
89.73
93.31
93.14
92.13
91.03
94.13
90.98
90.44
93.03
93.24
93.58
92.94
92.29
91.99
93.18
91.70
93.44
92.35
92.37
91.84
93.31
92.97
92.74
93.53
90.80
92.23
91.99
91.81
92.94
92.60
92.89
94.03
91.80
93.32
92.04
91.30
93.19
92.51
92.05
94.02
93.00
91.51
91.83
91.11
91.42
92.40
92.80
93.40
92.18
91.46
93.84
91.75
90.71
89.63
92.21
91.38
92.18
93.09
90.36
94.25
92.60
93.90
92.69
92.74
93.30
92.37
92.52
93.34
92.76
92.72
91.84
92.57
91.34
89.99
93.46
93.30
93.84
93.21
93.04
93.43
92.60
91.79
93.35
91.71
90.67
91.35
91.61
93.00
91.51
92.15
91.86
92.63
94.41
93.14
93.11
93.22
92.76
93.10
93.14
92.43
93.34
90.11
93.54
92.63
88.74
94.13
91.93
93.18
93.90
92.43
91.84
93.34
92.01
91.13
93.57
92.60
92.94
92.30
93.88
91.55
91.74
93.54
93.63
93.83
92.07
91.36
89.62
94.30
91.88
92.69
92.27
93.76
92.23
91.09
90.14
92.06
94.02
92.70
93.46
92.06
90.93
93.14
90.42
90.88
93.51
93.05
92.88
94.77
92.32
93.12
92.91
93.72
92.56
92.53
93.61
93.42
91.46
91.51
92.83
91.93
92.67
93.80
92.42
90.84
92.63
93.04
93.68
92.69
91.63
92.15
93.47
89.07
91.15
92.07
92.41
93.79
91.03
92.41
92.02
92.70
93.57
92.04
92.91
92.86
93.37
93.20
91.90
93.57
91.54
94.01
93.70
89.49
93.36
92.87
92.24
92.40
90.13
92.82
92.98
90.61
91.80
93.15
93.60
92.23
92.03
91.51
92.76
92.73
93.03
91.64
92.58
93.01
92.68
90.32
91.58
92.63
92.96
93.12
92.82
91.94
91.83
91.90
91.59
91.38
93.76
91.61
92.72
92.65
92.67
91.07
93.14
92.73
92.45
93.01
91.26
92.26
92.55
89.83
92.65
92.39
92.31
92.91
91.79
92.38
92.55
92.25
92.60
88.38
93.81
91.51
91.03
91.35
93.44
91.38
92.55
91.46
91.68
93.15
93.03
93.70
92.33
92.83
93.10
91.77
93.44
91.74
92.53
92.93
92.36
90.60
91.11
92.18
93.65
93.18
92.25
93.70
93.06
91.92
93.32
91.32
92.64
92.25
93.19
93.20
92.46
92.19
92.73
92.65
92.80
93.87
90.16
93.83
94.44
93.05
93.41
93.25
93.07
92.75
91.92
94.02
92.10
88.48
91.67
93.14
92.43
93.07
93.12
92.29
93.38
92.54
93.20
90.92
91.65
93.30
93.34
91.06
91.16
92.97
91.97
91.99
92.98
93.15
92.96
92.59
92.47
94.07
91.97
92.31
92.37
90.62
93.01
92.51
93.47
92.91
91.46
91.47
93.36
91.97
93.17
94.11
88.80
92.30
91.09
92.11
92.10
91.24
93.66
92.46
92.78
92.91
89.00
92.17
93.71
91.89
90.62
91.12
91.55
93.03
93.34
92.94
93.72
92.81
92.47
90.89
93.05
91.84
91.73
92.12
92.21
92.18
91.17
92.88
93.70
91.79
91.55
93.38
91.76
92.80
92.94
92.65
92.62
92.47
92.64
93.04
93.61
91.74
91.10
92.27
92.51
93.52
90.61
92.60
92.01
92.04
93.08
92.51
92.77
93.39
91.91
92.72
93.63
93.58
91.42
93.61
92.64
92.01
92.54
93.27
93.85
91.12
90.70
93.16
93.71
93.65
92.37
91.75
91.91
91.81
91.25
92.60
92.98
92.82
91.79
92.54
92.38
93.50
90.89
92.67
90.36
93.61
93.16
91.76
91.87
92.01
92.33
92.93
91.20
92.18
90.07
93.45
94.12
92.37
91.47
92.20
91.65
91.74
93.44
93.27
92.87
94.23
90.66
93.64
91.90
93.55
92.11
93.93
92.92
92.10
93.78
92.15
91.34
92.34
92.26
92.08
91.92
88.04
93.14
93.62
93.61
92.39
88.56
93.10
91.68
93.06
92.22
90.99
91.47
92.50
92.87
92.59
92.88
90.46
90.68
90.85
91.72
92.22
93.20
93.06
93.26
92.94
91.65
91.42
