96.89
97.25
97.14
97.03
97.01
97.38
96.47
96.66
97.35
97.00
97.03
96.78
97.30
97.08
97.09
97.16
97.21
96.83
96.75
96.74
96.74
96.75
97.19
96.81
97.04
97.08
97.15
96.88
97.13
96.80
97.41
97.18
97.36
97.18
96.82
97.08
96.67
97.27
96.79
97.06
97.16
97.52
96.93
97.25
97.11
97.09
96.23
97.19
97.16
96.95
97.12
97.04
96.76
97.03
97.02
96.59
96.21
97.15
97.42
96.92
97.05
95.82
97.05
96.28
97.05
97.26
97.25
96.99
97.17
96.93
97.22
96.66
96.84
97.04
96.92
97.15
97.17
97.09
96.79
97.02
97.08
97.03
97.25
97.18
97.22
96.80
97.04
96.75
97.10
96.80
96.54
97.17
96.78
97.26
97.06
97.14
97.14
97.31
97.11
96.78
96.91
97.08
97.11
96.81
97.18
96.80
97.15
97.07
97.33
96.48
97.36
97.26
97.13
96.80
97.09
96.74
97.02
97.19
97.05
96.88
96.62
97.45
97.40
96.89
96.71
97.27
97.22
97.05
97.32
97.01
96.55
97.33
97.06
97.08
97.16
97.11
96.87
97.17
97.12
96.37
96.81
97.10
96.80
97.28
96.44
97.28
96.73
96.97
97.33
97.40
97.36
97.35
97.21
96.76
96.71
97.51
96.46
96.99
96.87
97.14
96.63
97.14
96.42
96.90
97.01
97.26
96.49
97.34
96.52
97.26
96.88
97.03
97.45
97.10
97.16
96.46
97.01
97.05
97.20
96.67
97.08
97.16
96.79
97.26
97.17
97.11
97.15
97.15
97.31
97.04
96.78
97.01
97.27
97.04
96.86
97.18
97.24
96.90
96.83
96.97
96.82
97.08
96.93
97.27
96.41
97.21
96.94
96.82
97.27
97.18
97.00
97.16
96.57
97.23
97.08
97.03
97.57
97.56
97.11
97.06
96.60
97.12
97.38
96.52
97.34
97.20
96.98
97.17
96.74
97.34
97.05
97.08
97.19
96.87
96.99
97.03
96.95
96.90
97.02
97.32
96.88
97.15
96.98
96.98
97.01
96.78
97.31
96.53
97.44
96.99
96.91
96.92
97.00
97.65
97.12
97.16
96.66
97.04
97.27
96.77
97.12
96.68
97.02
97.25
96.90
96.62
96.74
97.49
97.24
97.00
96.64
96.89
96.74
97.23
97.06
96.59
96.54
97.00
97.17
97.16
96.72
97.39
97.27
97.14
96.86
97.22
96.12
97.36
96.91
96.74
96.69
96.98
97.05
97.23
97.12
97.02
97.30
97.52
97.31
96.97
97.39
96.88
97.09
96.82
96.82
97.18
96.49
96.89
97.14
97.13
97.37
97.07
97.21
97.30
96.88
96.90
96.88
97.09
96.97
97.11
97.04
96.81
97.15
96.89
97.49
97.23
97.28
96.95
97.30
97.12
97.49
97.30
97.38
97.40
97.21
97.43
96.71
96.43
96.92
96.76
97.06
97.11
97.18
96.73
97.19
97.14
97.04
97.14
96.94
97.00
96.54
96.78
96.99
97.25
97.00
97.49
97.24
96.82
96.82
96.48
97.25
96.99
97.22
97.37
97.10
97.20
97.20
97.00
96.53
97.28
97.11
97.22
97.34
97.23
97.33
97.44
96.83
97.09
97.11
96.89
97.14
97.16
97.12
97.59
96.88
97.32
97.14
97.20
96.94
97.07
96.75
96.95
97.31
97.30
96.82
97.12
96.48
97.36
96.98
97.25
96.98
97.09
96.93
97.14
97.37
97.12
97.10
97.18
97.08
96.72
96.95
96.94
96.49
96.98
97.44
96.56
96.74
97.27
97.32
97.21
96.89
97.25
97.00
96.65
96.82
96.88
97.27
96.94
97.07
97.07
97.29
96.96
97.14
96.12
97.34
96.88
97.40
97.23
96.57
96.80
97.29
96.99
97.34
97.29
97.30
96.94
96.76
97.10
96.81
97.16
97.04
97.33
96.97
96.36
97.44
97.39
96.92
97.07
96.63
97.13
96.98
97.13
97.11
97.11
97.06
96.73
96.80
96.49
97.14
96.78
97.00
97.28
96.90
97.32
97.15
97.32
97.24
97.12
97.36
97.14
96.02
97.10
96.32
97.11
97.11
97.05
96.97
97.08
97.16
96.69
97.11
97.04
97.17
96.89
96.56
96.81
96.42
96.84
97.43
97.09
96.74
97.48
96.64
96.64
96.89
96.53
96.78
97.23
97.08
97.10
97.19
96.89
96.84
96.98
97.24
97.35
97.17
96.88
96.99
96.45
97.20
97.07
97.17
96.69
96.68
96.97
97.00
96.93
97.04
97.22
96.99
96.92
97.09
97.03
97.01
96.90
96.78
97.27
96.94
96.99
97.26
97.09
97.32
96.97
97.16
97.04
97.02
97.00
97.03
97.33
96.72
97.18
96.78
97.37
96.88
96.73
97.21
96.76
96.71
97.08
96.90
97.03
96.95
96.47
96.98
96.92
97.22
96.86
96.90
97.23
97.06
97.32
97.19
96.85
97.18
96.91
97.33
96.36
97.06
97.00
97.15
97.23
97.33
97.05
96.85
96.67
96.77
97.30
97.17
97.40
97.25
97.27
97.54
96.83
96.89
97.02
95.86
96.78
97.15
97.39
96.93
96.74
96.20
97.34
96.87
97.07
96.75
97.42
96.93
96.38
97.27
97.24
96.86
96.83
97.44
96.96
97.25
97.18
96.89
97.19
97.36
97.33
97.13
96.96
96.64
96.08
97.07
97.02
97.01
97.45
97.06
97.10
97.13
97.26
96.63
97.39
96.79
97.10
96.92
97.18
97.21
97.08
97.18
97.14
96.99
96.72
96.60
96.96
97.18
96.86
96.68
97.33
96.94
96.72
96.72
96.87
96.96
97.49
97.13
97.15
96.10
96.97
97.23
96.39
97.34
97.18
96.62
97.24
96.91
97.06
97.25
96.82
96.72
96.49
96.78
96.60
97.33
97.32
97.14
96.96
97.16
97.48
97.19
97.37
97.09
96.99
97.19
97.38
96.77
97.18
97.00
97.15
96.94
96.94
97.07
97.24
96.99
96.57
96.27
96.98
97.08
97.24
96.94
97.36
97.00
97.34
97.02
97.36
97.08
96.97
97.33
97.27
97.23
96.71
96.93
97.31
97.13
97.02
97.08
97.13
96.80
97.03
96.82
97.33
96.53
96.49
97.15
97.05
96.40
96.82
97.27
97.03
96.31
96.99
96.31
97.18
97.14
97.02
96.76
97.09
96.96
97.25
96.94
96.87
97.32
96.48
97.04
96.40
97.23
97.12
97.02
96.54
97.16
96.94
96.99
96.88
97.06
97.02
96.69
97.49
96.88
96.91
97.11
97.38
97.23
97.31
97.07
96.88
97.12
97.15
97.12
97.15
97.14
97.39
96.53
96.13
97.22
97.03
96.96
97.01
97.40
97.03
97.31
97.32
96.84
96.92
97.13
96.84
96.59
97.22
97.23
97.37
97.30
97.30
97.29
97.03
97.10
95.61
96.44
96.50
97.21
97.39
97.17
97.46
97.12
97.03
97.31
97.07
96.85
97.26
96.62
97.12
97.17
96.73
96.78
96.63
97.05
97.11
95.99
97.25
97.20
97.42
96.77
97.16
96.71
96.38
97.19
97.38
97.14
97.31
96.87
97.43
96.81
97.06
96.81
96.91
96.60
97.00
97.05
97.03
97.08
97.18
96.79
97.37
97.09
96.84
97.15
97.00
97.17
97.25
97.04
96.86
97.07
97.16
96.95
96.42
97.10
97.22
97.22
96.91
97.17
97.13
97.45
97.20
97.36
96.81
97.06
97.19
97.18
97.21
97.15
96.56
96.57
96.78
97.13
97.15
96.74
97.20
96.75
97.21
96.91
96.78
97.10
96.85
96.51
97.43
97.05
96.99
97.09
97.40
97.10
96.94
96.69
97.05
97.16
97.52
96.93
97.03
97.20
97.07
96.99
97.22
96.83
96.93
97.28
97.01
97.32
97.27
96.88
97.14
96.96
96.98
97.02
96.95
97.11
96.21
97.20
97.27
97.12
97.23
96.92
97.21
97.10
96.50
96.86
97.31
97.03
96.99
96.96
97.01
96.88
97.17
97.00
97.11
96.61
97.06
96.89
96.74
96.96
97.14
97.23
96.99
97.30
97.07
97.19
97.12
97.28
96.58
97.13
97.19
96.57
97.30
96.89
97.33
97.18
97.33
96.86
97.11
96.39
97.12
97.09
97.16
96.79
97.11
96.90
97.03
97.21
97.06
96.78
96.92
97.15
97.24
96.80
97.38
96.96
96.25
96.87
97.12
97.16
97.23
96.95
97.23
97.01
96.35
97.13
96.98
96.99
97.24
96.81
97.39
96.77
97.11
97.21
97.05
96.98
97.41
97.31
96.96
96.61
96.81
