96.94
96.90
97.03
97.19
97.05
96.94
96.71
97.28
97.13
96.90
97.31
97.01
97.15
96.62
96.97
97.19
97.23
96.86
97.00
97.28
97.40
97.08
97.37
96.88
96.79
97.22
96.89
96.87
97.04
97.05
97.30
96.61
96.98
97.02
97.31
96.96
97.01
97.06
96.89
96.56
97.17
97.40
96.86
96.95
96.97
96.92
97.29
97.32
97.13
97.04
96.98
97.15
96.85
97.21
97.18
97.25
96.59
96.82
97.01
97.00
97.18
97.26
96.91
97.11
97.07
97.24
96.88
97.42
97.09
96.84
96.94
97.20
96.90
96.99
97.04
97.33
97.01
97.06
97.02
97.15
96.79
97.16
97.03
96.95
96.76
97.29
97.28
97.25
97.21
97.25
96.82
97.08
97.26
96.91
97.24
97.12
97.33
97.10
97.16
97.20
96.78
97.19
96.76
97.10
97.22
97.17
97.28
97.06
96.73
97.03
96.96
97.16
96.89
97.14
96.93
97.14
96.95
97.28
97.32
96.96
97.07
96.61
96.87
96.80
96.92
96.53
97.27
97.05
97.11
96.75
97.29
97.14
97.15
97.13
96.78
97.17
96.96
97.09
97.40
97.09
96.89
96.71
97.07
96.74
96.76
97.06
97.24
96.87
96.85
97.11
96.90
97.37
97.03
97.12
97.07
97.42
97.17
96.97
97.11
97.14
97.02
97.42
97.12
96.93
96.97
97.30
97.10
97.25
96.96
96.98
97.19
96.92
97.20
97.13
97.04
96.87
97.17
96.87
96.91
96.94
96.88
97.05
97.50
96.81
96.91
97.26
97.44
96.80
96.56
97.17
97.09
97.02
97.18
97.01
97.06
97.32
97.14
97.25
97.06
96.58
97.32
96.80
96.88
96.77
97.19
96.80
96.69
96.94
97.02
97.19
97.11
96.98
97.23
97.23
97.21
96.78
96.62
97.25
96.63
97.05
97.14
97.14
97.01
97.18
97.14
97.14
97.14
97.25
97.23
97.19
97.22
97.13
96.59
96.98
97.02
97.28
97.26
97.11
97.23
97.21
97.21
97.21
96.96
96.92
97.04
96.99
97.38
96.85
97.33
96.85
97.22
96.75
97.01
97.22
97.23
96.83
97.29
97.32
97.28
96.91
97.05
96.90
96.77
96.93
97.15
97.08
97.12
97.21
97.36
97.30
97.10
96.83
97.21
96.79
97.32
97.15
97.39
96.97
97.23
96.85
97.19
97.24
97.28
96.95
97.14
97.21
96.95
97.39
96.94
96.88
97.20
97.03
97.31
97.02
96.85
97.46
96.67
96.80
96.94
96.88
96.72
96.98
97.00
97.04
96.97
97.15
96.88
97.11
97.31
97.11
97.08
97.21
97.08
96.73
97.14
97.29
97.04
97.22
97.10
97.15
96.87
97.08
96.85
97.12
96.97
96.85
97.15
97.56
96.81
96.86
96.87
97.07
97.36
97.37
97.37
97.10
96.86
97.27
96.80
97.37
97.26
97.10
97.05
97.18
97.21
96.78
96.90
97.21
96.78
97.04
97.00
96.89
97.08
97.11
97.02
96.81
96.90
97.00
96.72
96.93
97.30
97.07
96.92
96.71
96.71
97.13
96.84
97.28
97.04
97.13
97.04
97.27
97.33
96.96
96.62
97.10
96.86
97.16
96.91
96.78
96.96
97.04
96.63
97.01
97.31
97.05
97.04
97.17
96.74
97.32
97.20
97.35
97.15
96.74
96.30
97.18
97.01
96.75
97.23
96.97
97.11
97.07
97.33
97.29
97.21
96.96
97.09
96.68
97.17
97.06
97.45
96.97
97.03
96.81
97.26
96.89
97.16
97.12
96.92
97.31
96.96
97.19
97.08
97.03
97.07
96.93
97.11
96.49
97.07
96.80
96.82
97.04
97.12
97.23
96.91
96.78
96.72
96.95
97.10
96.94
97.04
97.35
97.03
97.12
97.20
97.38
97.02
97.05
96.76
97.05
96.80
97.09
96.67
96.89
97.01
97.22
97.15
97.02
96.72
96.93
97.19
97.11
97.24
97.24
97.12
97.09
97.31
96.98
97.23
97.11
97.20
96.75
97.27
97.02
96.92
97.29
96.87
96.93
97.08
96.85
97.13
97.20
97.29
96.97
97.25
97.23
97.00
97.01
97.05
96.90
96.94
96.64
96.97
96.77
97.07
97.05
96.66
97.24
97.13
97.12
96.94
97.06
96.84
97.15
97.10
97.18
97.08
97.24
97.04
96.97
97.15
97.26
96.99
97.09
96.97
96.93
97.14
97.11
96.92
97.08
97.14
96.97
97.16
97.19
97.43
97.15
97.03
96.85
96.82
97.27
97.15
97.08
97.27
97.12
97.01
97.05
97.15
97.03
96.89
97.19
96.79
97.16
97.07
97.02
97.10
97.35
97.06
97.32
97.01
97.12
97.28
96.99
97.12
96.86
96.85
96.63
97.16
96.96
97.38
96.88
97.12
96.78
96.91
96.76
96.95
97.21
96.70
97.08
97.38
97.18
97.01
97.03
96.83
97.00
97.00
97.23
97.09
96.89
96.61
97.39
96.29
97.40
96.84
97.30
96.33
97.20
97.25
97.05
97.07
97.07
97.13
96.95
96.93
97.26
97.03
97.27
96.94
96.80
97.21
96.82
97.09
96.93
97.31
97.36
96.94
97.09
96.89
97.15
97.30
96.73
97.09
97.15
97.34
96.64
97.22
96.96
97.24
97.08
96.68
97.11
97.07
97.24
96.89
97.13
97.06
96.96
97.07
96.96
97.11
97.07
97.04
97.08
97.00
96.89
96.84
96.99
96.99
96.31
97.28
96.96
97.27
96.82
96.81
96.66
97.02
97.38
96.91
97.14
97.05
97.10
97.28
97.14
97.17
97.12
96.66
96.97
96.89
97.06
96.36
97.05
97.21
97.33
97.25
97.34
96.66
96.77
97.01
96.90
96.69
97.23
96.89
97.24
96.93
96.77
97.13
96.85
97.12
96.79
97.19
96.28
97.26
96.73
96.54
97.00
97.06
97.07
96.98
96.93
97.01
97.19
97.11
96.78
97.00
96.72
97.01
97.14
96.84
97.09
97.11
97.12
96.87
97.04
97.03
97.20
97.02
97.21
97.01
97.10
96.94
96.60
97.35
97.14
96.94
97.23
97.04
97.37
97.11
97.14
97.03
97.05
97.13
96.80
97.18
97.11
97.31
97.14
97.24
97.07
96.98
96.94
97.07
96.84
97.16
97.06
97.30
96.88
97.18
97.05
97.21
97.05
97.18
96.84
97.18
96.84
96.72
96.62
97.19
96.87
97.25
97.09
97.14
97.02
96.81
97.04
96.93
96.90
96.98
96.94
96.98
96.40
97.31
96.97
96.95
96.97
96.91
96.64
97.24
96.57
96.84
97.22
97.18
97.11
97.24
97.30
97.20
96.92
96.87
96.99
97.10
96.84
97.01
97.16
97.26
97.10
97.08
97.13
97.11
96.94
96.76
97.13
97.15
97.22
97.32
97.10
97.10
97.16
97.12
97.10
97.01
96.75
97.08
96.94
96.77
97.19
96.94
97.32
97.10
96.74
97.28
97.27
96.74
96.94
97.14
96.52
96.98
96.90
97.21
96.75
96.73
96.99
96.95
97.31
96.89
97.10
97.02
97.26
97.12
97.30
97.11
97.03
97.16
96.99
97.30
96.85
97.20
96.51
96.84
97.13
96.71
97.07
97.22
96.97
97.09
96.86
97.19
96.91
97.35
97.23
97.35
96.83
96.68
97.24
97.08
97.03
97.09
97.12
96.93
96.95
97.00
97.25
96.99
97.00
97.23
97.19
96.87
96.91
96.92
97.21
97.02
97.21
96.96
96.81
97.12
96.59
97.01
96.41
97.24
97.04
97.02
97.13
96.94
96.91
97.09
96.87
96.95
96.74
97.03
97.02
97.37
97.31
97.08
97.38
97.33
96.71
97.02
97.10
97.18
96.90
96.95
97.14
97.13
97.07
96.99
96.95
97.08
96.60
96.77
96.75
96.86
97.21
97.39
96.91
97.09
96.87
96.85
97.28
97.29
97.00
96.91
97.21
96.97
96.99
97.17
97.01
97.34
97.30
96.64
96.73
97.22
96.67
97.23
97.17
96.90
97.08
97.03
96.64
96.70
96.95
97.06
96.89
97.18
97.18
96.53
97.03
96.85
96.93
97.28
97.21
96.71
96.77
96.99
97.12
97.02
97.19
97.15
96.99
97.04
97.00
96.66
97.25
96.84
97.16
97.14
97.14
97.02
96.95
96.76
97.12
96.97
96.68
97.13
97.18
96.76
97.28
97.12
96.96
96.64
96.46
97.15
96.95
96.97
96.78
97.29
96.86
96.94
97.03
96.79
96.62
96.84
97.20
97.21
97.28
97.01
97.36
97.13
97.36
97.10
96.57
97.11
97.29
