0.24
0.37
0.43
0.47
0.51
0.54
0.57
0.59
0.61
0.63
0.65
0.67
0.68
0.69
0.70
0.71
0.73
0.73
0.74
0.75
0.75
0.76
0.76
0.78
0.78
0.78
0.79
0.79
0.79
0.81
0.81
0.81
0.81
0.82
0.82
0.82
0.82
0.82
0.83
0.83
0.83
0.83
0.83
0.83
0.84
0.84
0.84
0.84
0.84
0.84
0.84
0.84
0.85
0.85
0.85
0.85
0.85
0.85
0.85
0.86
0.86
0.86
0.86
0.86
0.86
0.86
0.87
0.86
0.87
0.86
0.87
0.87
0.87
0.86
0.87
0.87
0.87
0.87
0.87
0.87
0.87
0.87
0.87
0.87
0.87
0.87
0.87
0.88
0.87
0.88
0.88
0.88
0.88
0.88
0.88
0.88
0.88
0.88
0.88
0.88
