89.1300
87.8600
89.6500
87.3800
88.2700
82.1200
88.7000
87.8200
89.9700
87.1600
88.2600
89.3500
87.2800
87.6900
87.2700
89.3300
88.1100
87.0300
88.1800
87.6100
88.7900
88.6700
88.3600
84.1700
86.2900
88.6300
87.6100
88.4400
87.2900
89.3600
89.1200
87.9000
88.4400
90.1200
88.5000
88.6800
88.3700
86.7400
84.7800
88.6200
87.2400
88.0200
89.3400
88.1400
89.3600
87.5400
87.1200
89.1600
88.6600
89.4300
80.9300
88.3800
89.2100
87.3400
88.8000
86.2100
89.2400
87.6000
85.8900
87.9600
89.2600
87.7300
88.8200
85.2100
88.5500
87.8700
86.4100
87.3000
86.9400
89.5200
88.0900
86.8900
88.0000
88.5500
87.8700
84.7900
88.4600
87.8400
88.9500
84.6400
88.7500
84.9100
88.3000
86.5400
87.3400
88.9700
89.5800
89.7800
87.6100
90.0200
88.9500
88.2500
89.3900
85.0100
89.1100
89.7300
88.4000
89.8000
88.0500
88.1900
