89.9100
90.2400
89.8800
89.3800
90.8800
89.4200
90.0200
90.3700
90.2900
90.5400
89.9200
89.0500
89.7800
89.3700
90.7700
90.3100
89.6500
90.7900
90.6800
90.6800
90.5100
87.2900
90.0100
89.2200
91.0400
89.7600
90.6900
88.9400
89.8600
89.8300
90.3300
90.9300
89.7900
90.4900
90.2800
89.6500
89.6700
89.4100
89.8200
90.0100
90.1300
89.5300
90.1700
88.5600
89.3900
88.9900
89.1500
89.8800
90.3700
88.2500
89.2600
89.3900
90.8200
89.9200
89.3400
88.6300
89.3900
89.5700
89.1700
89.4400
90.2200
89.1700
89.4100
89.8100
89.9100
88.7600
89.8700
90.0400
88.4300
89.7300
90.3400
90.1400
90.1800
89.7600
90.2900
90.6600
89.9000
90.3700
89.2100
89.5200
90.2400
89.8400
89.9500
89.9000
90.4900
89.9900
90.3700
88.2200
90.0400
89.4000
88.0100
89.7300
90.1400
88.6400
89.8900
89.4000
90.7000
90.2600
89.9300
89.7600
