89.5800
89.6000
89.8700
89.0400
89.9200
88.9600
89.5900
90.0000
90.0200
89.7200
90.4900
89.9700
88.5500
89.7600
89.4700
89.9000
89.8600
90.2100
90.0700
88.1300
88.9600
89.8100
89.9800
89.4900
89.2200
89.8600
89.2800
89.2900
90.6400
89.5800
89.6300
89.4200
89.1000
89.6300
90.2200
90.6800
89.4300
90.2100
89.6600
88.7300
88.2600
89.6800
90.1100
89.6700
88.6300
89.8600
89.4100
89.3000
90.1900
88.5600
90.3400
88.6800
89.4000
90.4200
89.3200
90.2600
89.7500
90.3800
89.5800
89.6400
89.4600
90.4400
89.5100
89.0300
89.8100
89.8200
89.3100
90.0500
87.9500
89.9000
90.0200
88.1700
89.6100
88.5500
88.1800
88.8300
89.2100
89.3000
89.9700
89.7400
90.0900
89.6000
90.2300
88.9100
89.3100
89.1700
89.3700
90.1900
89.6300
89.3200
87.9000
89.2700
89.8700
89.9600
90.1200
88.7900
90.0200
89.7000
89.6100
89.5300
