73.4600
83.5100
75.0300
72.7100
82.2600
79.8300
81.6900
80.9000
78.0800
79.2100
82.4800
75.6000
83.2300
82.8100
80.3200
77.0500
85.0000
75.9900
72.8600
78.8800
80.8300
84.1300
78.0100
82.8000
82.5300
82.6500
79.6600
84.4700
80.7900
85.8800
84.1900
81.5600
79.4900
82.2800
82.2600
79.2400
85.5700
78.1600
82.7800
84.6000
76.3100
78.4000
82.7000
84.5500
84.1000
75.8600
78.9600
73.9400
82.6400
84.6200
79.1000
85.8100
78.9400
74.4500
83.3000
82.0700
83.4000
82.7200
78.8500
82.3100
84.5100
82.9500
81.4600
80.4900
84.8000
81.7500
78.1200
78.3400
83.8000
79.8100
84.9200
83.1400
81.8400
74.3700
79.1400
74.5700
81.1700
83.4400
86.0100
76.7100
85.0000
78.8300
83.3000
79.3500
81.7600
81.1900
85.3400
84.9400
79.8000
86.0100
83.1500
78.9700
81.7500
85.1200
86.4600
86.2100
82.7300
82.8000
81.7600
81.7200
