88.1100
88.9000
85.9100
88.5200
89.0500
87.1700
89.4300
87.2500
87.7300
90.1800
89.3800
87.1200
88.5900
89.8600
88.7000
89.5600
88.0600
88.5600
86.1500
83.8200
87.7900
87.4200
88.9400
89.4800
88.8700
88.3600
87.4700
89.4100
89.2900
88.5400
87.8100
87.7400
89.2400
88.9800
88.2000
88.0500
89.9500
86.6700
88.4000
89.6100
88.2800
89.5000
88.4100
88.8700
89.5900
85.7600
89.3600
85.9400
88.1600
84.8500
87.4500
87.8500
87.3300
87.6700
88.8500
89.2900
88.7000
87.6800
89.0600
87.3000
86.6200
87.7400
89.2000
89.1800
88.7700
87.1500
88.9600
89.1800
83.6700
89.3900
87.6200
88.4600
89.3700
88.1400
88.6700
88.6600
88.1200
88.2100
89.4700
88.2600
89.1400
88.9000
88.9400
88.0000
88.9900
88.8100
88.4300
89.0100
89.3800
88.9200
88.6400
88.1600
89.2400
88.7500
86.4300
86.1300
88.6800
89.2900
86.8600
88.5400
