90.1900
90.6000
90.3900
89.0400
90.4400
90.9600
90.0600
90.5500
90.7200
90.7300
90.7400
90.1000
90.6300
90.5700
90.0800
89.6600
90.6000
90.2400
90.8300
90.0500
90.5700
90.8600
89.8900
90.6400
90.4200
89.2300
90.8200
90.7000
90.5000
90.0600
91.0700
89.8200
90.4500
90.0700
90.9900
91.1000
90.5200
90.7300
90.3000
90.3200
90.7800
89.5500
89.8900
90.4100
90.0800
90.8100
90.3100
90.2600
90.1000
89.9400
89.9200
90.4200
90.1900
91.0300
90.3900
90.6100
91.0200
90.3900
90.2300
90.8200
90.2000
90.0700
91.1100
90.4700
90.8700
90.7400
90.2100
90.5800
90.5700
90.5800
90.8100
90.8700
90.6100
90.7700
90.7400
91.1400
90.8500
90.5200
90.2200
90.7800
90.4900
90.8400
90.4900
91.1000
91.0300
90.3600
90.2300
90.6400
90.0400
90.5100
90.0400
90.7000
91.1600
90.0400
90.4900
90.3200
90.7700
90.2700
90.5700
90.6200
