90.2500
89.9200
89.9600
90.8100
89.2200
90.3500
88.9300
89.9300
90.6700
90.5400
89.8600
90.5500
90.6400
90.3500
90.6000
90.9400
90.7100
90.5600
90.6000
90.6500
90.2200
89.4100
89.6100
90.2100
90.9800
90.2100
88.7500
90.4300
89.7800
90.6700
90.6300
89.2100
90.6600
90.9900
90.2100
90.4200
90.1300
90.5300
89.9500
90.4000
90.7700
90.6800
90.2700
89.4700
90.6100
90.4100
89.8200
90.0900
90.2000
90.2900
90.1100
90.5400
90.7300
90.7600
91.0600
90.3400
90.6800
90.4100
90.3900
88.9400
90.4300
90.6600
89.3700
90.4300
90.0500
90.2400
89.8200
89.7700
90.0800
90.5600
90.8300
90.7000
90.8000
90.0800
90.7400
90.6500
90.4800
90.1300
90.3500
90.6300
90.3500
89.8800
90.6600
90.3400
89.0600
90.7600
89.8800
90.0400
90.2100
90.3200
90.5500
90.7900
90.4500
90.4900
90.7100
90.3100
89.4200
90.1800
89.7800
89.7200
