90.4400
90.8900
90.5600
91.1000
90.8700
91.4000
90.1300
90.8300
90.6400
91.4300
89.8200
91.4900
90.9100
90.4500
91.1800
90.7900
90.6700
90.5700
91.4400
91.3700
91.4000
91.1800
91.3900
91.1300
90.9600
91.1400
90.5700
91.4600
91.0000
91.5300
91.1500
91.1300
90.9100
91.1600
90.9700
91.2300
91.0200
89.9100
91.3300
91.5200
90.4600
90.8300
90.9900
90.9800
91.1900
89.4600
91.0400
90.9700
90.4700
90.1600
90.2300
90.3100
90.7000
91.2900
90.7400
90.9500
90.8700
91.0200
91.3700
90.9200
90.9000
89.7700
91.5200
91.1500
90.3400
90.6500
91.2200
90.4300
89.8500
91.1500
91.1200
91.3000
90.7800
90.8400
91.0900
90.8000
91.2400
91.3200
91.1300
91.1300
91.1300
89.8200
91.4700
90.1300
91.0200
91.1200
91.3300
91.0500
90.6500
90.6300
91.7100
90.7700
91.3000
91.2000
91.4000
90.9400
90.9700
91.4500
90.8200
91.3000
