87.9300
86.8300
84.0200
78.0200
88.0300
87.9700
87.3400
86.4600
88.0700
87.3200
87.3500
88.1500
85.6400
87.1400
80.8500
88.1300
86.1000
87.9900
87.5500
89.0700
87.2300
85.6300
87.2000
87.6200
88.4600
88.3300
87.5800
89.0100
87.5800
87.3400
87.0500
88.3900
87.3800
88.1900
86.9900
85.8900
87.0500
85.0400
86.6000
88.6300
87.7100
87.5200
87.2800
87.6800
88.7700
84.8600
85.9400
87.6700
87.4300
86.4700
86.8600
85.9100
86.1800
84.1300
87.7800
86.8400
85.5900
84.9800
88.0500
88.6200
87.2900
85.9000
88.5400
87.0000
86.7300
85.5800
83.3000
87.2400
88.2100
88.1000
86.4000
87.5200
87.1100
87.2100
87.4300
86.7200
84.7900
85.4700
86.2800
85.9900
87.8100
86.6300
85.9000
85.9000
87.5800
88.1400
87.2600
85.5900
86.6400
87.5500
88.4600
86.7200
87.8200
87.1900
87.1500
82.1200
89.4000
86.5800
87.8300
84.7100
