90.9400
90.9600
90.9300
91.1500
91.3100
90.7600
91.0800
90.6200
90.6700
91.0800
91.3600
91.2500
90.4900
91.2800
90.7500
90.8700
90.8500
91.2300
91.1300
90.5600
91.1900
90.8200
90.5400
91.2200
90.4900
91.2000
91.0000
91.1200
90.9300
90.8500
90.9100
90.8000
90.6700
90.6500
90.7300
90.7700
90.3100
90.5300
90.5100
90.6500
90.8400
90.9900
90.9700
91.0100
90.7300
91.0000
90.6500
91.2600
90.7600
90.3900
91.1600
90.8900
90.8400
90.3900
90.9600
90.3700
90.9000
91.1200
91.2400
91.2100
90.7600
91.1900
91.3500
90.9500
90.7300
91.1300
90.7300
90.6100
91.3300
90.8000
91.0500
90.8800
90.4000
90.8800
90.8200
90.8900
91.0700
90.6500
90.8200
91.0400
91.0800
90.9200
90.9100
90.5500
91.4000
91.1900
90.9700
91.2300
90.9900
90.8000
91.2600
90.7200
90.8100
90.5700
90.7300
90.7400
91.0100
90.7900
91.0600
91.0000
