91.6600
91.1900
91.2600
91.5500
91.5700
91.6200
91.0700
91.4200
91.5600
91.3800
91.1100
90.9500
91.3800
91.4900
91.9500
91.3500
91.2200
91.8300
91.3100
91.3000
91.4800
91.3900
91.5800
91.5300
91.4600
91.4800
91.4500
91.2100
91.8300
91.0500
91.4600
91.6200
91.2200
91.5300
91.4300
91.6500
91.4400
91.4500
91.7700
91.4600
91.3800
91.3500
91.4900
91.4700
91.7000
91.6900
91.6400
91.4600
91.4200
91.5000
91.2900
91.4400
91.6700
91.3700
91.6300
91.3100
91.2200
91.6900
91.7100
91.4600
91.7000
91.2700
91.2300
91.9000
91.4000
91.3500
91.5500
91.2600
91.6000
91.5100
91.7600
91.3200
91.7300
91.6700
91.6400
91.5100
91.2100
90.8000
91.4200
91.3500
91.6400
91.9000
91.4700
91.0900
91.6700
90.8900
91.3400
91.6000
91.3800
91.6300
91.7100
91.6200
91.2800
91.4200
91.7400
91.5700
91.4500
91.3400
91.7700
91.6600
