88.4300
88.9400
88.5200
87.0800
88.1300
89.3400
89.3500
87.5900
88.2900
88.8600
86.4000
89.3200
86.4500
88.3500
88.8700
86.3500
88.2400
86.9300
87.7400
88.7900
87.9900
88.5900
87.8900
88.0000
85.9800
86.3600
86.4900
90.1600
86.6700
89.3600
86.0100
88.0800
87.1700
88.0600
88.7400
87.7000
89.7200
88.7300
88.3100
89.1800
88.8200
87.6400
88.1700
87.2200
89.4500
87.9100
89.2700
89.2000
89.5200
86.4100
88.5400
87.1800
89.0500
85.9900
89.2500
88.2800
87.7700
86.8400
87.0100
87.1300
88.2100
86.1900
87.1800
87.6400
88.4200
88.6700
89.4900
89.7300
87.4100
89.0200
88.5600
88.5300
86.8300
88.5500
88.0300
88.3300
87.7800
88.1600
88.9600
88.5200
87.3500
87.6300
88.2300
87.4900
87.2000
88.4600
88.0500
88.3200
88.6600
88.4000
88.1600
83.8000
88.7200
87.1400
87.8800
88.1400
86.9400
88.2500
89.0900
89.7800
