90.8300
90.8500
89.9100
90.8600
89.3800
90.4800
90.8100
90.0200
90.4800
89.9600
90.8900
90.6200
90.9100
90.0100
90.8300
89.9800
89.9200
90.7600
89.9400
89.5100
91.0500
90.9200
89.9200
89.3600
91.0600
89.9500
89.9200
90.4200
90.4200
90.9100
89.4200
90.2800
88.9600
91.0200
89.6300
90.4600
90.1800
91.1200
90.1200
90.0400
90.2100
90.6500
90.6200
90.5300
90.3200
90.1700
90.1600
90.6400
90.4900
90.3400
91.2300
91.0800
90.8700
90.6700
90.2400
89.2000
90.8600
88.9000
88.7700
90.6300
91.0500
90.3400
90.8500
90.2000
90.4700
90.3800
90.6000
90.1200
89.6600
90.3800
89.9000
90.5400
89.2400
90.6500
90.4300
90.6000
89.7000
90.4800
89.2000
90.4400
90.9500
89.8800
90.0500
90.3400
90.1700
90.4500
90.8800
89.0700
90.2600
90.4800
90.2800
90.2700
90.4400
90.9300
90.4300
90.6500
89.7700
90.3500
89.8400
90.0800
