88.6100
89.5700
89.4400
89.8300
87.3200
89.9000
89.8500
88.7300
90.0800
89.0000
90.3700
88.7100
89.4600
88.9400
89.4900
90.2500
89.9000
89.0000
89.2800
89.4700
90.1000
90.1500
90.0900
89.4500
89.8500
89.8300
89.9700
89.2200
88.1400
89.0600
89.4500
89.4200
89.9600
89.4300
88.9300
89.3900
88.7700
90.1000
89.3000
90.5100
89.8500
89.0000
89.1800
89.8000
90.1900
90.3100
89.6700
89.3300
89.1900
90.1100
89.7600
89.9700
88.6900
90.1000
90.1300
89.9100
90.0000
89.0400
89.7200
89.0600
88.7200
90.0200
90.1100
90.1000
90.1400
89.3600
90.0100
89.2700
89.0800
89.1600
90.1700
89.7500
89.2300
89.5000
90.0100
89.6100
90.3800
89.2800
88.9000
90.1300
89.8700
89.9700
90.0200
90.1000
90.2900
89.7400
88.9700
88.7700
90.1300
88.7800
89.8000
90.0900
88.7700
89.6800
89.5700
89.6100
90.5500
89.8500
89.2800
90.3800
