88.3500
88.8000
88.2800
88.7400
87.7800
88.9100
89.5400
88.6100
89.0600
88.7700
89.7800
87.4600
88.8400
89.2100
89.2800
88.8700
88.2700
88.1900
89.6800
88.3100
88.6300
88.4900
88.4400
88.7300
86.9500
87.0800
90.1200
89.3900
89.5700
88.2800
87.2500
88.7000
88.1500
88.6500
90.0100
89.0900
88.2000
90.4800
87.9900
89.0700
88.4800
88.8300
89.5400
89.1300
89.6500
84.3700
88.5700
89.8300
88.5900
87.2800
88.6100
89.3800
89.0100
88.8700
89.0400
89.4500
88.1500
89.1800
89.5100
90.0600
88.9800
89.7000
87.4200
89.6800
88.5800
89.3500
89.5000
89.2800
86.6100
89.0900
89.4400
89.6000
88.4500
88.8200
88.4400
89.3200
88.9300
89.7800
87.0400
88.2300
88.8600
87.9600
88.6600
88.8400
89.5300
87.9500
87.7300
88.7000
89.3600
88.6100
85.8000
89.0000
89.2300
89.3400
89.0500
89.1200
89.6700
89.8500
89.0900
87.7000
