90.8800
90.8300
90.5300
90.6900
90.9000
90.9100
90.9900
91.1700
90.8700
90.9100
90.8800
91.0100
90.9900
91.1200
90.8300
90.8200
90.9600
91.2500
90.3600
90.6900
90.8100
90.8700
90.9700
90.7700
90.9800
91.1400
90.7500
90.8400
90.7800
91.0300
90.6700
90.9400
91.1200
91.1700
90.9100
90.8400
90.8100
91.1600
90.2300
90.8400
91.1300
91.3900
90.3800
91.0700
91.0500
90.5300
90.2100
90.9500
90.3000
90.9100
90.7300
90.7200
90.7800
90.8900
90.1600
90.6800
90.3900
91.1400
91.0800
90.8500
90.9300
90.3800
91.0500
90.2400
90.8900
90.8700
90.7000
91.1000
91.0600
91.0400
91.0900
90.6900
90.4400
91.1000
91.4700
90.4300
91.0300
91.1300
90.9500
90.5100
90.7200
91.0400
90.6000
90.3100
90.5300
90.7300
90.9600
90.6400
91.0300
90.7800
91.1000
90.8600
90.9500
90.7100
90.6800
90.9300
90.6500
90.8000
90.4100
91.2100
