90.4000
90.1900
89.6800
89.9300
90.4500
90.3800
90.3100
89.9100
90.7900
90.5900
90.4300
88.8100
90.0600
90.3300
90.4800
90.2600
89.8100
90.1700
90.6600
90.8300
89.4400
89.0400
90.1500
90.5000
90.4300
90.2500
89.7500
90.5500
90.3600
90.1300
90.4400
90.7200
90.7600
90.1300
90.5500
89.9000
90.1400
90.3600
89.6100
90.0100
90.0600
89.7300
90.4600
90.9900
90.6900
90.1700
89.9800
90.3400
90.2900
90.5300
90.5000
90.4800
90.6100
89.1100
90.7500
91.0100
90.1200
90.4300
90.2200
90.4300
90.3800
90.5100
90.5800
90.5700
89.8800
90.5700
90.1900
89.7400
90.1800
89.8900
89.8300
90.6100
90.1800
90.1700
89.5700
90.5600
89.9500
90.5400
89.9900
90.1200
89.8100
90.5800
90.7700
90.3900
90.3400
90.5600
90.0600
90.0700
90.6600
90.5500
90.2900
90.5200
90.3900
89.7000
90.4800
90.0200
90.2500
90.8300
90.3800
90.7200
