78.2400
80.7100
87.1000
78.7700
84.1400
85.3200
84.6500
84.1100
84.3800
79.7100
81.2100
85.4200
85.6900
84.7000
78.3200
83.2600
80.2100
85.4100
86.5600
86.4300
85.5800
80.7300
85.8800
86.1200
84.3600
82.2800
84.8700
84.9400
75.9200
86.0700
82.2100
82.9700
86.5300
83.6900
83.7400
84.8400
77.2800
84.3000
77.5200
82.7600
83.1500
84.7500
82.6000
82.4600
82.4200
85.4900
82.6400
79.3500
86.3200
84.8500
83.4200
84.5900
84.6100
84.7800
85.3200
84.9400
86.6700
84.8600
85.7200
85.0500
84.0200
81.7000
83.9800
84.9500
84.3700
79.4700
86.0800
83.8400
86.1000
79.2500
85.5000
86.4800
84.1300
86.1200
84.2800
83.4700
82.8400
84.6600
83.4200
84.6000
84.2400
83.1000
81.5400
86.2100
84.8700
83.9300
83.8500
81.6600
86.4100
84.1700
77.8500
83.8700
82.9200
83.0400
85.0400
83.8400
85.5300
84.3300
84.5500
86.6900
