91.4800
91.2900
91.1500
90.8500
91.0800
91.0000
90.5500
90.9600
90.4200
89.4100
91.0500
90.3500
90.9200
90.2800
90.9800
91.0100
91.0100
90.7200
90.9300
90.9500
90.1900
90.5500
90.6300
91.0200
91.2500
91.4400
91.2500
90.5600
91.3400
90.7800
91.3300
89.9800
91.0500
90.1200
90.1000
91.1500
90.5300
91.0200
90.8500
91.2700
90.9200
91.3000
90.2200
90.7900
90.9100
90.8300
90.6500
91.4900
90.5800
90.9600
90.1100
90.2800
90.7500
90.9300
91.5000
90.0400
91.0600
90.7900
91.1300
90.7900
90.7400
90.7700
91.0400
90.8500
90.0400
90.6700
90.7200
90.7200
91.0300
90.9800
90.6200
90.5400
90.8600
91.1000
90.8700
89.2200
90.9400
90.9400
91.2400
91.1300
91.3400
91.1500
90.3800
90.0500
90.4700
91.3300
91.0800
90.6300
90.6300
90.7700
90.8400
91.6600
90.8600
91.1400
90.8800
91.0600
90.9400
90.5300
90.1800
90.1100
