27.6500
34.9200
36.6600
38.4200
34.4000
28.4600
49.0900
46.1500
49.7800
26.7300
51.9700
28.5600
47.2800
46.8800
30.0700
46.9400
47.3300
40.6300
49.8900
30.8800
29.4500
40.2000
33.6600
36.6900
31.4800
31.3500
32.0300
38.6700
36.5100
34.8600
35.9200
49.3500
35.1100
31.4400
41.3000
53.4800
44.8600
31.3600
28.5400
45.5400
38.1700
22.6700
47.5100
37.5000
36.0200
47.3400
40.1900
45.5800
34.6500
32.3600
47.4600
32.0600
30.1300
41.6300
31.2100
56.5900
45.4400
43.3100
30.9400
53.9200
52.8600
43.2300
29.2600
38.5300
42.9400
33.1400
45.4300
33.1000
44.6600
34.4400
48.4800
35.7300
45.1100
43.6100
33.0000
54.5300
37.3900
22.8600
44.4700
44.1300
41.1700
42.7200
47.7100
36.3100
34.8600
50.3800
46.9800
41.7200
25.4500
37.3200
33.0500
27.0600
37.5400
37.6400
41.2400
38.5000
40.5800
39.9100
41.2100
28.1900
