79.9000
78.3200
84.6700
77.5800
83.4700
79.8100
80.5900
81.3000
84.1600
86.3100
74.4900
83.4200
82.3400
78.6700
84.0000
83.5700
79.4800
84.6600
81.8500
82.8900
68.5900
83.1200
86.7800
84.7300
75.6000
81.4700
76.2000
84.0200
72.2600
75.5800
76.2900
80.8200
82.8300
81.1500
83.2300
82.5100
83.1600
79.6500
80.3000
86.2200
77.4700
83.9500
81.4500
83.0000
82.8000
84.6000
84.3400
83.2000
66.1400
79.8900
84.1500
79.6200
81.9700
86.0500
82.3900
77.4900
77.3800
83.9800
79.8200
84.6100
81.9200
82.6400
81.4000
85.8300
77.9000
82.5800
82.5800
83.0500
84.9400
85.5300
72.5500
86.8800
74.9600
79.1500
64.1100
87.4100
84.0200
81.6100
85.2300
84.3700
83.1600
78.1200
85.3300
81.9200
81.8400
84.8800
83.2000
83.2200
81.0100
78.7700
81.2300
74.0200
83.7000
80.5400
86.0000
80.4900
83.8700
78.7200
77.1700
73.8900
