41.2200
55.8000
64.6200
43.5800
61.8300
54.6500
52.9100
57.2300
65.8300
67.1400
43.8900
66.3300
45.2800
44.5100
61.5800
38.7500
33.8900
63.2500
66.3800
42.5400
62.4000
53.3700
54.4000
45.5000
51.5000
54.6200
37.8800
47.9700
60.6200
52.9600
31.7500
70.9900
41.9900
53.2700
53.1900
60.5200
48.9900
54.7800
70.3100
49.6100
41.6500
58.0300
68.3000
39.1100
55.3200
66.1300
66.5900
37.1700
55.6900
48.5500
51.7900
51.2500
61.8700
64.1400
60.1900
60.1100
42.7100
63.6400
72.4900
63.9000
66.0800
42.1800
60.6400
61.8100
55.7200
51.3800
63.4900
56.3900
65.1400
54.2600
53.5800
66.7500
50.3500
60.2200
58.6000
61.0900
39.6800
50.2300
36.3400
63.0100
60.4100
44.9600
60.0700
56.3500
75.3100
54.7500
47.8400
57.0200
52.2200
61.2900
51.8200
44.1400
71.9500
55.3000
61.2000
56.9700
55.7000
72.5900
57.1300
55.9500
