0.8594
0.8950
0.9102
0.9144
0.9191
0.9250
0.9295
0.9296
0.9339
0.9354
0.9357
0.9384
0.9396
0.9402
0.9432
0.9431
0.9458
0.9432
0.9442
0.9450
0.9471
0.9471
0.9497
0.9495
0.9485
0.9508
0.9520
0.9540
0.9516
0.9524
0.9535
0.9625
0.9785
0.9802
0.9833
0.9865
0.9861
0.9872
0.9878
0.9889
0.9890
0.9884
0.9903
0.9907
0.9915
0.9909
0.9910
0.9919
0.9913
0.9921
0.9922
0.9921
0.9919
0.9921
0.9928
0.9932
0.9934
0.9933
0.9919
0.9929
0.9929
0.9934
0.9938
0.9937
0.9941
0.9939
0.9944
0.9941
0.9948
0.9942
0.9941
0.9942
0.9943
0.9947
0.9939
0.9950
0.9945
0.9949
0.9950
0.9947
0.9943
0.9945
0.9946
0.9950
0.9948
0.9956
0.9944
0.9950
0.9954
0.9946
0.9947
0.9940
0.9950
0.9955
0.9943
0.9952
0.9948
0.9944
0.9949
0.9953
0.9948
0.9950
0.9950
0.9948
0.9947
0.9948
0.9949
0.9949
0.9950
0.9946
0.9950
0.9950
0.9953
0.9954
0.9956
0.9950
0.9954
0.9943
0.9947
0.9955
