0.7824
0.8441
0.8620
0.8671
0.8737
0.8787
0.8808
0.8823
0.8866
0.8890
0.8902
0.8908
0.8950
0.8972
0.8979
0.8994
0.9018
0.8995
0.9008
0.9041
0.9038
0.9053
0.9054
0.9051
0.9061
0.9066
0.9069
0.9076
0.9078
0.9070
0.9113
0.9235
0.9324
0.9380
0.9390
0.9414
0.9412
0.9433
0.9444
0.9471
0.9458
0.9459
0.9471
0.9469
0.9478
0.9472
0.9463
0.9476
0.9497
0.9505
0.9501
0.9526
0.9517
0.9512
0.9518
0.9524
0.9530
0.9529
0.9533
0.9523
0.9527
0.9538
0.9554
0.9555
0.9545
0.9561
0.9564
0.9548
0.9570
0.9577
0.9554
0.9563
0.9575
0.9572
0.9580
0.9575
0.9568
0.9567
0.9572
0.9578
0.9588
0.9559
0.9581
0.9573
0.9558
0.9572
0.9563
0.9567
0.9552
0.9588
0.9574
0.9568
0.9574
0.9578
0.9594
0.9581
0.9571
0.9558
0.9580
0.9578
0.9570
0.9573
0.9593
0.9579
0.9565
0.9593
0.9580
0.9581
0.9581
0.9569
0.9594
0.9573
0.9586
0.9583
0.9580
0.9580
0.9577
0.9568
0.9591
0.9570
