0.6592
0.7733
0.7991
0.8141
0.8236
0.8322
0.8340
0.8359
0.8427
0.8449
0.8448
0.8491
0.8537
0.8526
0.8554
0.8569
0.8565
0.8589
0.8610
0.8602
0.8606
0.8641
0.8640
0.8652
0.8687
0.8682
0.8644
0.8663
0.8664
0.8706
0.8691
0.8775
0.8855
0.8903
0.8942
0.8934
0.8937
0.8975
0.8957
0.8980
0.8987
0.8997
0.8954
0.9003
0.9012
0.8992
0.9026
0.9005
0.9038
0.9013
0.9031
0.9023
0.9037
0.9024
0.9041
0.9054
0.9025
0.9055
0.9034
0.9049
0.9033
0.9043
0.9065
0.9070
0.9074
0.9058
0.9059
0.9074
0.9072
0.9086
0.9077
0.9064
0.9087
0.9060
0.9076
0.9075
0.9085
0.9076
0.9098
0.9088
0.9089
0.9068
0.9093
0.9074
0.9063
0.9110
0.9079
0.9114
0.9070
0.9078
0.9088
0.9083
0.9079
0.9083
0.9093
0.9088
0.9074
0.9096
0.9100
0.9099
0.9094
0.9090
0.9087
0.9093
0.9106
0.9094
0.9106
0.9109
0.9088
0.9101
0.9090
0.9078
0.9084
0.9086
0.9088
0.9101
0.9125
0.9085
0.9068
0.9106
