0.3094
0.5131
0.6054
0.6560
0.6866
0.7096
0.7216
0.7334
0.7454
0.7533
0.7560
0.7626
0.7681
0.7740
0.7753
0.7816
0.7853
0.7866
0.7881
0.7907
0.7922
0.7908
0.7949
0.7976
0.7962
0.7985
0.8015
0.8046
0.8050
0.8063
0.8066
0.8129
0.8235
0.8246
0.8288
0.8279
0.8294
0.8296
0.8309
0.8315
0.8330
0.8303
0.8318
0.8342
0.8359
0.8363
0.8325
0.8347
0.8354
0.8354
0.8366
0.8370
0.8356
0.8366
0.8377
0.8371
0.8370
0.8380
0.8378
0.8355
0.8367
0.8361
0.8391
0.8421
0.8425
0.8396
0.8392
0.8421
0.8431
0.8406
0.8409
0.8396
0.8436
0.8386
0.8419
0.8428
0.8412
0.8419
0.8393
0.8391
0.8414
0.8386
0.8423
0.8427
0.8403
0.8398
0.8402
0.8425
0.8423
0.8427
0.8405
0.8416
0.8417
0.8410
0.8408
0.8415
0.8414
0.8420
0.8409
0.8419
0.8448
0.8448
0.8432
0.8429
0.8415
0.8430
0.8430
0.8419
0.8403
0.8435
0.8413
0.8436
0.8434
0.8429
0.8413
0.8431
0.8401
0.8402
0.8450
0.8412
