0.8207
0.8726
0.8849
0.8931
0.8980
0.9022
0.9055
0.9093
0.9091
0.9141
0.9148
0.9183
0.9196
0.9210
0.9201
0.9258
0.9262
0.9246
0.9287
0.9297
0.9292
0.9301
0.9299
0.9310
0.9325
0.9326
0.9326
0.9330
0.9343
0.9369
0.9378
0.9459
0.9583
0.9613
0.9653
0.9671
0.9690
0.9707
0.9699
0.9709
0.9722
0.9716
0.9730
0.9743
0.9738
0.9746
0.9749
0.9749
0.9757
0.9762
0.9751
0.9761
0.9767
0.9780
0.9772
0.9769
0.9777
0.9768
0.9785
0.9782
0.9789
0.9793
0.9786
0.9795
0.9795
0.9812
0.9803
0.9808
0.9808
0.9798
0.9813
0.9806
0.9805
0.9808
0.9811
0.9814
0.9817
0.9817
0.9816
0.9811
0.9807
0.9810
0.9821
0.9815
0.9812
0.9805
0.9812
0.9820
0.9806
0.9822
0.9806
0.9817
0.9817
0.9809
0.9812
0.9818
0.9825
0.9819
0.9826
0.9812
0.9816
0.9812
0.9826
0.9822
0.9821
0.9821
0.9825
0.9817
0.9812
0.9814
0.9826
0.9822
0.9823
0.9817
0.9827
0.9827
0.9820
0.9824
0.9814
0.9831
