93.62
93.98
93.52
93.75
94.12
94.05
93.60
93.72
94.30
94.31
93.28
94.05
94.26
94.27
93.45
92.69
93.90
93.56
93.16
94.26
93.20
93.06
94.25
93.23
93.51
94.59
93.05
93.16
93.05
94.09
92.89
93.97
93.58
93.64
92.61
93.86
94.32
93.37
94.05
93.16
91.60
93.95
93.71
93.13
93.94
93.72
92.71
93.03
94.27
93.43
93.34
92.28
93.89
94.12
92.97
93.81
93.74
93.68
94.29
93.61
93.79
93.72
93.83
93.89
93.01
93.97
93.53
93.86
93.87
93.30
94.09
94.34
93.39
93.36
94.37
93.74
93.81
93.64
93.16
93.57
92.79
93.91
93.95
93.23
93.05
93.41
94.26
94.36
93.76
92.85
93.73
92.76
93.58
94.28
93.49
93.77
93.85
93.98
93.12
93.30
93.02
93.78
91.30
93.67
93.56
94.05
93.54
93.80
93.23
93.21
92.76
93.62
92.63
92.63
93.78
93.78
93.89
93.35
94.06
93.71
92.39
93.94
92.54
94.16
93.98
94.20
93.49
93.85
93.89
93.19
93.23
92.65
93.74
94.27
94.68
93.55
93.62
93.62
93.16
92.96
94.08
93.53
93.09
93.40
93.55
94.05
94.44
93.56
93.90
93.94
92.99
93.39
93.77
93.20
92.14
94.12
93.33
93.76
94.01
93.78
93.89
93.80
92.88
93.50
92.77
92.82
94.05
93.56
93.59
93.63
93.72
93.99
93.44
93.90
93.45
93.58
93.61
94.27
93.42
94.58
93.02
93.54
93.12
94.07
94.03
93.43
93.37
92.89
93.70
93.77
93.52
94.17
93.48
93.93
93.77
93.77
93.12
94.25
94.02
93.88
93.70
93.65
93.12
93.15
94.40
93.36
93.47
92.57
93.32
94.08
93.44
94.40
92.83
94.06
94.17
92.73
94.06
93.76
92.87
93.95
93.46
93.67
93.53
94.00
94.12
94.33
93.63
93.34
93.91
94.24
93.77
93.09
92.17
93.95
93.02
93.65
93.04
93.57
93.55
93.74
94.03
92.61
93.37
93.18
94.17
93.57
94.10
93.11
93.66
94.58
92.92
93.17
93.79
92.39
93.17
93.30
93.99
93.41
94.40
93.50
94.02
94.36
93.43
93.73
94.04
93.72
93.39
94.40
92.74
93.91
93.55
93.70
94.22
93.11
93.92
92.97
94.38
93.64
93.06
93.89
94.16
93.63
92.08
93.73
92.75
93.95
93.87
93.42
93.06
93.34
94.11
93.77
93.57
94.35
93.94
93.52
93.81
92.94
93.28
94.12
94.26
92.95
92.97
92.33
93.61
93.28
93.46
92.27
93.83
93.16
94.62
93.40
94.11
93.44
92.94
93.72
93.10
93.66
93.86
93.85
93.12
93.54
93.60
93.56
93.04
93.86
93.17
93.35
92.84
94.02
93.65
93.65
93.58
94.13
93.11
93.54
93.83
93.02
93.84
93.25
94.15
94.08
93.31
92.86
93.88
94.43
94.09
93.49
93.90
93.73
93.81
93.52
93.24
94.19
92.84
93.99
93.16
93.90
93.31
93.82
94.36
94.20
93.89
93.98
94.01
94.16
93.96
93.03
93.50
93.59
93.91
94.10
93.40
93.84
93.56
94.05
94.16
93.34
94.03
93.50
93.48
93.96
93.13
93.67
93.18
93.66
92.47
93.48
94.22
93.08
93.53
93.61
93.92
94.36
92.68
92.48
93.04
93.51
93.20
93.45
93.02
92.42
92.47
93.21
93.58
92.94
93.49
93.61
93.16
93.36
94.38
93.80
94.07
93.14
93.25
94.22
93.37
93.98
93.60
93.40
93.68
93.65
94.34
93.79
92.83
93.55
93.36
92.27
93.54
93.89
93.99
93.17
93.35
93.25
94.24
93.54
94.08
93.21
91.31
93.49
94.02
92.91
94.17
93.50
94.22
92.92
93.51
93.93
94.07
93.14
93.26
93.17
93.11
94.52
94.28
93.34
94.18
94.27
91.10
93.53
92.98
93.06
93.28
93.57
93.24
94.02
92.22
93.29
93.76
94.08
93.44
94.17
94.35
92.00
94.12
93.71
92.66
94.01
93.10
93.23
93.06
92.84
94.16
93.48
93.68
93.99
93.78
93.74
94.35
93.63
92.73
93.83
93.98
94.12
93.08
94.16
93.68
93.13
94.58
93.31
93.32
94.01
93.01
94.29
93.00
94.58
93.19
93.53
93.63
94.26
92.38
93.62
93.56
94.18
93.68
93.11
93.61
94.04
93.84
94.11
94.12
93.95
93.24
94.05
93.81
94.43
92.82
93.79
93.31
94.29
93.42
93.69
92.36
92.76
93.95
93.84
92.90
93.73
93.84
93.77
92.82
92.76
94.29
93.97
93.93
93.77
93.13
94.00
93.55
93.45
93.44
93.46
93.39
91.64
94.01
93.64
94.10
93.48
92.65
94.09
94.18
93.28
93.27
93.33
94.13
94.26
93.31
92.58
92.21
94.26
93.66
93.64
93.56
92.56
93.25
93.05
93.67
94.34
93.17
93.76
92.94
93.41
93.73
93.26
92.52
92.33
93.70
93.87
93.84
93.89
92.51
92.89
93.51
93.76
93.46
93.82
94.03
92.54
93.25
93.14
93.73
93.92
94.16
93.77
93.44
93.67
93.72
94.38
93.52
93.59
93.64
93.24
93.27
93.22
94.16
93.99
94.04
94.11
93.34
94.06
93.56
93.94
94.86
93.16
93.08
93.31
92.60
93.33
93.83
92.47
93.97
94.04
93.90
92.75
93.70
94.00
94.14
92.24
92.64
92.99
93.48
93.82
94.77
92.68
92.87
94.50
93.73
94.27
94.08
92.43
93.63
94.13
93.41
94.00
93.15
93.71
93.51
92.98
93.62
93.97
92.77
93.81
93.82
93.43
94.08
92.09
94.23
93.53
94.34
93.39
94.15
93.35
93.91
91.75
93.68
93.07
93.96
94.20
93.18
91.77
92.93
94.37
94.04
93.02
94.13
92.84
93.65
94.01
93.83
93.68
93.94
93.58
93.08
93.89
93.04
92.13
93.26
93.52
93.21
94.02
93.84
92.93
94.54
93.48
93.43
93.51
94.54
94.39
93.83
93.83
93.73
93.04
93.34
93.92
93.91
93.31
93.67
94.17
93.78
94.22
92.77
93.41
93.33
93.60
94.02
93.97
93.86
93.34
93.61
93.94
93.06
93.83
93.84
93.27
93.29
93.83
93.36
93.63
93.20
94.11
93.23
93.28
93.81
93.86
94.33
93.18
92.99
93.39
92.80
92.98
94.24
92.21
93.04
94.13
92.84
93.20
93.80
93.54
94.11
93.34
93.54
93.78
94.37
93.53
94.20
93.76
93.61
93.87
94.14
93.26
93.03
93.13
94.23
94.02
93.37
92.74
93.08
92.66
93.80
93.97
93.84
93.71
93.93
94.31
93.45
92.60
92.97
93.91
93.31
93.16
93.17
93.31
92.58
93.21
93.50
94.00
93.99
93.97
93.48
94.50
93.42
93.20
92.27
93.67
93.70
94.37
93.74
94.15
93.48
93.92
93.89
93.79
94.18
94.06
93.37
94.61
92.95
94.13
93.75
93.08
93.45
93.71
94.04
93.40
93.68
94.15
92.98
92.98
93.68
94.43
93.99
93.43
94.13
93.79
94.13
93.46
93.49
93.96
93.72
93.42
94.50
93.55
93.23
93.78
94.18
91.98
93.94
93.53
93.48
94.13
92.58
93.02
93.06
93.63
94.06
93.65
93.50
92.91
93.15
93.82
94.53
93.21
91.08
94.38
92.55
92.59
94.04
92.57
94.17
94.02
93.35
93.83
93.61
94.71
93.51
93.53
94.11
93.89
94.25
93.61
93.29
93.92
93.20
93.42
93.56
93.43
93.62
93.07
93.75
93.45
92.51
92.97
94.28
94.24
93.98
92.29
93.15
94.36
94.10
93.64
92.80
94.53
93.37
92.87
94.02
93.63
93.71
93.09
93.64
93.91
93.48
93.30
93.49
93.37
92.81
93.37
93.93
92.39
93.34
92.44
93.29
93.41
93.91
93.04
93.38
93.84
93.85
93.26
94.64
94.63
93.37
94.45
93.43
93.81
93.94
93.74
93.69
93.14
93.89
93.42
94.51
93.63
93.29
93.49
93.55
93.48
93.58
93.84
93.17
93.65
93.69
92.31
93.83
94.23
94.58
93.82
93.74
94.34
92.68
93.91
94.05
93.04
94.36
93.51
92.75
92.53
92.87
94.02
93.58
93.04
93.16
94.46
93.43
93.64
94.18
93.48
92.71
94.14
94.53
93.33
93.72
93.28
93.86
93.06
93.79
93.40
93.48
93.71
93.97
93.49
93.58
93.68
93.68
93.87
93.82
94.19
94.07
92.49
93.56
93.99
