94.45
94.41
92.58
94.40
90.95
94.58
94.72
92.17
94.37
95.07
94.01
93.50
93.46
94.44
94.79
94.26
93.51
91.40
94.82
92.57
94.64
94.11
93.94
95.21
95.18
95.53
95.12
92.78
93.64
94.30
94.47
94.56
94.38
88.31
92.82
94.31
92.85
95.01
92.28
94.00
93.82
94.98
95.16
91.27
92.80
92.94
93.12
94.82
95.32
95.26
93.92
90.81
94.10
94.28
92.40
92.00
92.97
94.86
93.39
90.85
94.44
93.32
94.20
94.78
93.00
94.61
94.77
91.93
90.72
94.95
94.33
94.40
92.72
94.65
95.58
92.28
95.56
93.81
93.06
93.83
94.66
93.20
94.61
93.44
95.14
94.85
91.90
94.94
92.23
91.66
93.74
93.40
92.94
93.05
95.05
92.75
94.41
94.62
92.39
93.93
94.47
93.29
93.84
92.64
95.20
92.36
93.60
91.66
93.43
94.05
92.87
93.12
92.52
93.74
94.37
94.89
94.48
92.96
93.92
95.66
93.16
93.42
94.08
95.43
94.15
93.92
93.99
93.51
95.55
93.49
94.66
93.84
90.20
90.01
90.35
93.86
93.82
93.36
94.70
94.52
92.91
93.89
93.69
95.27
94.42
96.06
90.70
95.06
94.99
93.38
92.31
93.93
94.42
93.59
93.79
94.18
94.72
94.09
94.87
94.15
94.33
92.16
93.85
94.47
92.26
93.37
93.66
94.33
91.26
92.68
94.53
93.44
88.49
93.53
94.56
95.13
94.04
94.54
93.79
93.94
94.84
94.84
93.31
92.56
94.78
93.86
93.92
92.51
92.15
94.22
90.71
93.00
91.06
94.19
94.87
94.27
94.70
93.45
93.97
92.33
95.25
91.97
93.17
93.99
92.39
95.34
92.56
95.25
94.57
93.32
93.16
95.23
93.12
94.03
94.77
93.21
92.21
94.16
95.54
94.84
92.26
92.82
88.83
95.31
94.31
95.31
95.65
93.44
93.25
93.34
92.89
93.68
93.01
93.16
90.04
91.26
93.67
92.50
91.72
94.66
90.14
94.74
94.65
95.15
94.86
94.17
91.34
92.64
94.63
93.86
93.15
84.28
93.98
93.17
92.34
94.39
94.53
90.87
94.12
91.82
94.90
93.19
94.23
94.41
92.85
92.74
94.99
93.08
95.24
93.44
94.49
92.98
92.28
93.21
93.48
93.70
93.40
94.50
95.40
93.48
94.75
94.48
94.95
94.85
93.93
94.46
93.08
94.54
93.34
95.01
91.88
94.48
95.26
93.70
92.95
94.33
94.71
93.63
93.70
92.93
94.48
94.21
92.91
94.95
95.42
95.33
95.70
93.04
93.24
94.94
95.26
95.19
94.40
94.66
95.35
93.20
95.44
89.65
93.72
94.16
93.61
95.02
91.66
94.31
94.92
94.50
94.86
93.59
93.94
93.95
94.11
93.93
92.87
89.93
94.00
95.45
93.31
90.67
92.85
93.49
95.05
94.32
92.49
94.63
94.07
94.37
93.07
94.27
94.24
91.88
93.28
93.82
93.78
93.53
92.62
95.25
94.00
90.09
93.98
95.88
91.82
94.36
92.53
88.67
94.94
93.75
94.91
95.24
91.85
92.91
91.98
93.03
93.77
95.32
94.88
94.28
93.84
94.65
87.73
94.56
91.55
95.44
94.67
94.19
94.50
94.29
94.74
95.57
91.88
94.24
93.97
94.32
93.71
95.45
94.65
95.16
93.80
94.52
93.74
93.26
91.18
93.69
92.22
93.98
94.10
93.54
93.30
92.35
94.66
92.72
90.78
93.33
94.73
94.83
94.99
94.49
94.28
92.97
93.81
95.70
95.08
94.64
94.40
92.89
94.22
94.34
94.74
93.31
92.69
94.79
94.25
91.53
94.63
92.20
85.57
94.98
94.73
93.75
93.79
92.48
94.32
94.63
94.21
92.68
94.95
94.93
93.34
90.82
92.75
94.95
93.66
92.89
94.67
94.48
92.89
95.09
94.37
93.69
90.46
93.85
93.08
92.72
93.17
90.88
92.28
90.28
94.45
94.28
94.65
93.52
94.44
95.10
93.48
93.35
89.12
94.23
93.21
91.63
95.03
94.68
92.24
92.72
93.99
94.80
93.59
94.67
90.24
91.61
94.46
92.94
94.75
94.17
91.21
94.55
94.51
94.22
94.90
95.23
94.35
92.94
95.19
93.77
92.17
90.70
94.28
92.79
93.60
92.66
94.50
93.71
90.44
92.40
92.51
93.15
94.16
95.03
93.80
94.48
94.57
94.45
93.00
95.00
94.36
93.07
95.33
93.25
94.60
92.65
94.58
92.86
94.24
94.13
94.63
94.66
89.85
92.84
92.77
93.90
94.79
94.22
94.25
94.33
94.88
94.51
92.98
90.93
93.10
94.95
94.86
92.46
94.34
94.96
94.68
92.59
94.19
94.69
93.04
94.97
93.95
91.00
95.24
91.00
94.10
95.37
90.39
95.58
94.93
92.98
92.08
93.86
93.94
94.48
93.43
95.05
93.68
92.92
94.50
91.07
91.67
94.47
95.42
95.26
93.37
94.43
93.82
94.34
94.81
95.28
95.17
94.55
94.45
95.25
91.24
94.09
95.14
95.01
94.79
93.03
94.70
93.43
94.48
89.52
93.98
91.46
91.93
92.36
95.02
93.49
94.10
91.51
94.52
94.20
91.95
93.84
94.00
95.10
93.18
92.71
93.47
93.05
95.25
94.02
93.46
93.10
95.20
93.59
95.00
95.23
94.16
94.48
93.93
95.38
93.32
92.21
92.85
93.79
95.24
95.33
93.54
94.19
90.60
94.23
93.76
93.91
94.06
92.62
94.62
93.16
90.58
94.88
92.28
93.09
92.70
90.52
93.15
93.70
91.92
94.72
94.54
95.06
94.09
92.98
94.95
93.85
93.66
95.21
93.16
93.10
95.23
94.80
94.11
95.35
94.18
93.06
90.49
93.51
92.99
93.60
94.82
94.39
93.52
94.45
94.14
92.92
93.23
91.33
93.13
95.14
92.67
92.40
95.66
94.10
93.24
94.20
93.84
94.51
94.07
95.15
94.34
92.84
92.70
92.87
89.66
95.03
94.47
94.13
90.00
92.98
93.77
94.33
94.40
93.72
92.14
95.18
94.18
91.64
93.21
95.11
94.27
94.40
94.01
93.99
92.44
94.66
94.19
93.66
91.09
87.54
93.06
94.80
90.90
93.11
93.89
92.84
94.24
95.12
91.73
92.89
93.30
94.40
91.46
95.75
93.50
93.58
93.85
92.97
91.64
92.49
93.72
94.71
92.40
93.41
94.06
94.01
93.42
93.30
95.01
92.96
93.94
94.28
93.26
90.02
87.47
92.32
92.43
94.40
93.09
95.19
95.27
94.64
93.59
91.32
93.57
95.48
93.09
92.40
93.43
95.06
93.30
92.70
92.36
92.13
94.57
93.70
92.05
94.04
95.18
92.85
94.42
93.51
92.45
94.50
94.65
95.46
93.85
94.88
94.71
95.04
93.59
92.99
94.64
94.68
93.49
94.56
94.81
93.89
93.50
94.32
94.89
91.08
94.41
93.68
94.15
93.84
94.57
94.78
94.87
92.93
93.09
93.53
92.46
91.67
92.81
93.20
95.95
92.09
93.83
91.82
94.62
95.78
93.32
92.88
93.90
93.54
93.78
88.68
93.47
91.35
93.72
92.61
92.95
93.97
94.23
94.03
93.23
92.25
92.82
93.03
94.22
93.73
94.87
94.83
94.02
95.73
94.19
95.90
95.39
94.74
92.94
94.84
94.31
92.79
95.68
94.04
93.87
93.02
92.56
94.27
94.83
93.57
95.71
95.33
91.29
95.06
90.96
93.67
94.03
94.20
94.63
93.69
93.60
93.96
94.25
95.06
93.41
90.47
93.39
95.56
92.99
94.04
92.59
90.61
93.98
93.06
94.65
92.90
94.25
92.01
93.80
93.89
93.35
93.58
95.06
95.13
94.06
91.89
94.53
95.23
93.21
94.80
92.35
93.88
94.25
94.83
94.21
94.69
92.83
93.64
94.53
91.52
92.99
94.41
93.77
93.12
94.68
93.78
92.55
93.61
93.82
94.60
94.59
94.46
92.60
95.45
92.94
94.01
94.91
93.14
93.91
94.20
94.10
94.28
91.52
91.03
94.60
94.34
91.67
91.37
93.89
94.98
95.11
93.57
93.17
94.40
93.06
94.18
94.61
92.42
93.59
91.81
94.22
94.23
92.81
92.32
92.05
94.61
92.89
93.91
92.80
90.43
92.99
95.09
93.90
92.61
94.09
93.07
94.70
92.84
92.09
92.35
92.83
93.11
93.66
94.38
94.00
93.37
93.12
92.67
90.94
93.56
92.73
94.95
93.30
93.27
93.22
92.82
94.13
94.56
93.88
95.38
