88.43
88.11
89.04
90.10
84.40
83.92
89.02
89.23
86.54
90.32
87.23
90.56
84.58
88.72
84.47
86.32
91.73
89.37
90.36
90.10
88.83
91.71
90.43
90.06
89.88
92.67
89.41
90.08
83.54
87.98
85.31
89.25
91.15
91.78
89.28
89.43
88.61
86.46
87.32
90.03
88.33
84.89
90.52
90.73
90.48
84.18
88.18
87.32
92.43
91.04
88.95
89.21
90.18
88.37
88.25
83.95
82.84
90.73
90.65
91.83
86.96
87.73
86.97
83.10
89.74
89.73
90.93
81.16
88.49
87.00
90.40
87.58
90.51
88.86
88.49
89.81
91.76
84.41
90.28
88.78
90.77
88.81
90.97
86.21
91.53
85.21
87.50
85.54
87.40
89.41
87.07
91.39
89.35
85.75
89.58
86.94
90.64
91.16
90.16
87.47
88.22
79.97
88.07
90.03
90.80
86.94
88.78
88.26
87.76
91.87
90.18
85.95
89.77
82.25
87.22
87.84
86.28
91.97
91.61
90.21
90.07
90.80
89.51
83.65
89.38
88.45
83.49
79.74
89.03
90.53
88.98
89.31
90.69
86.94
85.86
89.75
81.19
85.58
82.23
87.77
89.00
85.19
86.61
89.61
87.86
91.64
87.67
91.15
85.71
90.17
85.42
92.54
88.12
90.59
91.95
89.40
89.13
90.48
91.68
88.48
92.20
88.59
88.99
89.68
90.22
88.83
88.11
88.36
90.02
86.47
92.46
92.26
88.48
91.01
90.05
88.12
89.45
90.09
91.83
86.01
88.61
87.60
84.87
90.69
87.61
90.21
85.32
89.56
92.05
87.59
89.53
89.75
91.99
80.73
84.51
87.52
84.98
82.67
89.61
88.90
84.66
89.32
83.39
90.06
90.49
91.15
82.48
91.50
92.06
85.85
85.55
89.91
90.21
88.07
90.78
88.93
89.69
89.02
89.37
88.95
89.64
89.10
84.96
87.77
90.32
90.63
89.63
88.45
89.34
90.82
89.46
87.80
92.25
89.08
90.08
84.27
87.90
88.35
91.23
85.70
90.34
89.23
87.02
89.30
86.09
90.86
84.25
82.46
80.57
92.27
74.76
88.51
88.99
88.76
86.82
91.89
82.36
90.96
89.71
90.63
88.10
90.61
89.12
88.73
85.85
90.08
88.32
89.41
87.80
90.77
91.81
90.26
89.65
93.08
92.27
86.64
89.34
88.93
91.54
84.85
87.43
88.15
89.26
92.42
91.00
87.14
90.14
85.88
89.67
85.18
87.66
88.64
87.69
90.26
85.88
89.99
89.33
86.03
91.66
82.82
88.26
87.61
88.64
91.09
90.17
87.29
88.06
92.46
84.31
88.75
89.06
90.57
89.84
87.83
91.39
87.09
89.88
87.43
90.60
85.00
89.06
82.74
89.26
83.48
89.44
83.75
91.00
88.35
88.90
90.75
88.64
86.97
88.27
88.10
89.46
86.25
88.92
88.04
87.89
88.10
89.67
88.93
85.36
84.41
84.19
84.33
91.28
88.22
89.57
87.46
90.24
89.62
87.61
81.48
88.16
93.21
90.72
89.38
87.86
83.26
83.64
89.06
85.51
91.12
91.99
84.69
87.68
88.75
90.12
90.10
87.45
89.94
87.19
88.90
76.20
87.58
86.88
89.43
91.36
88.13
91.80
89.39
92.09
86.98
87.35
87.60
89.02
85.05
89.26
84.78
87.18
89.06
89.47
89.67
86.83
88.84
86.57
90.51
88.10
91.57
89.58
90.66
84.04
86.91
91.09
90.06
90.39
81.48
88.39
90.01
91.21
89.97
91.17
90.99
84.41
87.19
89.83
82.43
86.92
88.14
90.58
88.61
89.68
89.18
89.61
86.88
85.93
85.20
86.73
89.54
91.07
91.32
88.89
88.27
89.86
89.85
91.19
84.13
87.62
81.38
86.24
88.26
91.42
90.93
85.59
86.57
86.34
87.19
90.74
90.00
86.73
88.53
88.81
90.06
86.84
83.64
87.66
90.18
89.85
87.80
90.05
91.95
86.38
86.32
89.26
89.78
84.84
90.06
89.87
91.14
84.70
89.77
89.10
88.87
91.09
87.55
92.02
89.72
91.20
91.84
88.80
91.83
89.20
91.29
85.55
90.25
87.61
88.43
85.69
89.69
86.17
89.22
92.09
92.03
87.79
89.66
89.04
90.89
86.90
90.34
86.28
86.06
88.20
86.73
90.53
89.30
89.54
88.73
88.66
88.45
89.83
91.09
84.04
90.59
89.15
89.58
88.93
90.77
80.68
87.15
84.91
87.07
89.67
87.72
90.58
90.47
86.49
91.27
88.71
90.91
83.40
89.52
87.93
85.25
88.48
87.49
89.35
88.90
88.87
88.14
90.83
89.76
83.46
91.96
85.87
88.11
85.81
85.54
88.68
89.07
89.02
86.61
88.69
88.27
90.23
87.39
88.21
88.64
89.24
89.37
87.73
90.24
89.90
88.92
88.68
89.96
86.91
92.97
89.60
87.20
89.11
90.87
87.46
84.45
89.00
83.17
89.16
90.90
92.04
88.19
87.83
92.26
89.10
86.44
89.82
89.47
90.46
89.63
87.51
88.21
80.98
89.17
85.66
91.66
84.70
87.08
91.77
89.20
83.88
90.05
89.41
81.93
85.96
86.40
89.56
88.11
89.51
90.37
90.28
87.18
89.76
88.59
84.61
86.88
85.70
86.70
82.46
90.62
89.24
88.57
84.95
88.12
90.57
91.20
84.54
87.98
89.98
83.78
90.10
89.83
85.07
86.44
89.46
91.46
90.15
88.04
88.34
90.29
90.43
86.96
89.90
85.35
87.43
83.84
88.21
90.30
90.09
89.60
91.35
87.03
90.38
86.50
83.86
82.35
87.19
85.17
89.30
87.04
89.35
89.48
89.55
88.71
88.86
91.49
89.19
89.47
82.66
77.77
89.58
87.97
87.27
89.99
90.99
91.19
85.52
86.98
86.68
88.16
89.04
84.79
88.47
89.54
88.92
84.53
90.59
86.13
89.26
90.56
88.51
88.18
89.70
89.58
90.02
83.50
86.00
92.47
77.83
91.37
87.40
86.26
87.95
90.85
88.29
91.39
90.43
85.41
84.29
82.90
86.89
89.38
89.16
90.63
88.12
92.82
84.36
90.89
92.06
88.84
88.42
89.21
90.68
84.58
87.91
87.45
85.11
90.19
87.90
89.70
90.94
88.94
90.76
89.09
86.25
85.00
91.37
88.45
87.59
89.22
90.69
87.32
90.23
90.46
87.55
84.85
87.80
90.95
85.89
83.99
87.20
88.34
91.53
89.36
80.71
87.70
88.60
90.22
87.52
88.37
88.97
85.34
88.91
88.73
92.11
89.36
89.59
89.90
87.75
87.51
89.86
89.12
88.67
89.07
85.79
87.06
90.81
89.26
88.21
90.99
87.27
91.13
86.58
82.69
88.00
83.95
88.64
87.68
91.89
93.02
87.67
87.83
90.51
82.73
85.08
90.16
90.02
86.25
88.41
88.54
89.38
85.00
85.84
86.62
80.19
89.33
88.19
90.11
89.53
91.30
85.47
91.88
89.94
85.32
86.49
89.30
87.53
87.06
90.91
91.30
86.57
87.51
91.04
88.66
89.56
88.90
91.68
88.79
90.81
78.63
88.50
92.16
85.66
89.71
89.55
92.36
90.17
89.38
87.13
86.82
89.67
86.63
88.63
89.24
89.37
81.82
89.64
90.14
85.83
88.37
86.94
88.16
89.63
90.45
83.98
84.90
89.49
88.51
88.05
88.67
83.23
88.20
88.98
89.64
90.02
88.81
90.64
90.31
88.43
91.93
89.64
88.02
88.13
88.61
86.45
81.17
91.60
92.12
89.09
88.73
86.77
90.17
90.22
85.06
89.45
87.88
86.72
89.64
89.70
87.65
84.77
91.92
82.79
91.74
87.00
90.02
87.87
87.38
89.82
85.69
88.65
88.09
84.43
87.07
87.67
83.96
86.91
87.27
87.75
89.49
89.25
88.49
86.75
90.44
82.26
89.82
88.82
90.54
86.53
90.54
83.52
86.38
89.06
89.58
89.10
88.09
87.96
87.93
84.80
90.43
88.84
88.69
83.01
88.14
89.89
90.11
88.60
92.27
87.95
91.68
91.57
84.74
89.36
82.49
86.43
91.17
92.68
83.83
84.43
86.44
90.66
85.10
84.99
88.82
89.42
91.11
85.54
87.60
82.83
91.58
87.12
90.46
81.29
89.05
91.29
90.86
92.23
88.38
83.56
88.03
88.70
89.65
84.30
91.74
89.67
91.95
86.92
90.70
89.86
84.33
89.98
91.04
88.30
87.96
86.41
82.66
91.25
85.71
83.96
92.18
89.11
88.46
91.36
87.18
86.14
89.12
86.82
83.86
79.84
85.50
88.45
90.91
