81.18
84.43
86.73
86.08
81.95
82.78
83.45
80.57
84.23
84.76
83.61
83.73
84.96
81.08
84.22
83.54
82.19
86.17
82.18
81.85
82.51
84.80
83.89
83.39
79.68
83.88
84.97
81.86
81.61
80.61
83.36
74.12
80.71
83.65
85.71
82.39
83.03
85.72
81.69
85.59
82.17
81.81
84.04
84.91
81.05
81.32
82.92
79.71
83.55
81.20
80.80
83.79
80.65
82.00
84.25
84.14
81.48
84.68
85.08
79.52
85.46
85.35
84.39
81.58
84.06
85.96
84.35
82.44
82.50
82.46
79.50
80.74
84.83
81.74
82.68
85.58
84.91
82.36
78.15
81.93
82.10
85.49
86.17
85.32
83.56
83.29
83.33
82.79
83.68
81.81
83.26
83.32
79.72
85.55
78.68
85.95
82.79
82.07
83.95
83.15
84.21
85.98
81.27
82.15
82.78
82.98
84.24
80.50
83.86
85.31
82.71
84.38
80.02
84.82
84.91
82.58
83.41
79.54
81.29
80.79
83.13
83.56
80.49
81.52
86.28
85.00
82.98
76.71
82.76
76.49
79.69
81.73
79.09
84.47
82.99
81.46
79.49
82.87
86.19
86.25
84.54
82.58
81.97
82.85
84.10
82.45
85.62
81.67
83.97
83.08
84.54
82.33
81.99
86.60
83.86
79.89
81.51
83.97
79.75
84.71
82.49
75.64
84.23
83.21
80.87
78.32
81.70
84.27
83.55
83.14
81.07
82.59
82.91
84.32
82.59
83.61
83.84
80.21
84.10
86.53
84.97
84.04
85.51
78.93
82.47
83.60
78.80
82.59
83.91
83.10
80.52
81.05
85.96
86.61
83.27
85.17
85.32
82.17
87.29
85.93
85.73
83.92
83.21
85.47
85.41
83.24
83.38
82.89
84.60
84.43
85.21
81.49
75.89
80.62
85.95
85.22
87.24
81.62
84.67
83.56
81.90
78.13
86.58
85.22
84.58
82.62
83.06
81.99
84.27
80.96
81.79
82.52
84.96
83.31
84.07
81.26
80.26
83.69
80.75
80.09
81.30
86.30
80.66
84.35
80.51
87.16
86.68
83.06
84.80
86.18
82.28
84.25
84.19
83.85
85.91
80.68
78.77
83.40
85.44
80.39
78.27
81.82
76.57
83.26
85.50
79.19
83.13
82.58
75.56
81.62
87.58
83.38
84.87
82.00
78.76
84.94
82.94
83.90
79.64
82.50
81.95
83.00
85.52
80.63
84.01
80.85
80.76
85.46
83.27
83.02
82.12
80.34
84.51
85.59
84.74
84.42
83.35
81.74
83.28
83.40
85.80
86.04
83.60
79.29
84.99
84.38
85.41
85.68
77.18
82.76
83.88
83.52
82.10
84.95
83.89
82.32
83.35
82.94
80.47
80.83
78.98
86.15
81.22
85.03
83.36
80.74
81.40
84.32
82.17
83.05
84.07
81.35
79.64
81.44
83.70
84.39
85.11
83.60
82.41
79.20
78.01
82.98
86.36
82.85
83.13
84.79
82.86
83.08
81.66
83.61
80.00
80.10
80.88
82.53
82.65
84.35
82.09
81.61
83.61
79.85
85.19
81.91
81.32
86.45
81.74
74.76
77.83
86.14
83.35
84.06
82.75
82.98
81.94
83.39
80.76
83.48
84.97
83.43
83.25
83.21
82.17
81.82
84.23
83.36
83.09
79.48
84.95
79.65
85.75
83.37
83.56
81.05
85.47
87.45
83.26
80.85
81.78
83.70
80.71
77.43
78.03
80.87
85.38
82.78
85.24
78.64
85.24
84.95
84.17
84.00
84.67
85.59
83.63
84.82
84.68
84.56
85.40
83.96
84.78
82.81
77.06
81.50
86.02
83.50
82.10
85.89
84.83
80.03
82.19
87.53
82.86
84.00
81.84
84.48
83.52
83.12
80.29
84.21
76.22
80.36
77.77
85.51
80.74
78.80
84.64
82.38
79.66
75.10
84.08
82.25
85.21
81.52
84.43
82.28
79.41
79.72
84.44
83.46
83.53
84.13
82.05
84.42
82.19
85.14
82.63
85.43
82.56
83.33
82.77
79.02
83.97
82.95
81.65
82.97
84.02
73.31
84.19
84.54
85.01
82.86
79.66
84.12
81.02
82.88
83.97
83.58
86.89
80.50
85.19
83.42
83.12
84.37
85.34
82.60
80.97
81.47
87.02
82.26
82.08
80.62
83.11
82.50
86.14
84.42
80.78
84.10
85.86
81.32
86.13
83.29
79.65
83.09
84.27
83.75
81.46
84.65
80.98
84.11
80.06
75.81
83.71
78.86
81.59
85.32
79.59
85.74
84.92
85.16
81.58
84.54
81.87
84.71
86.40
84.16
80.89
83.46
84.34
81.37
82.08
85.79
83.65
81.62
81.46
80.97
86.68
83.50
85.59
85.20
84.62
80.80
81.92
84.53
83.79
78.99
84.95
81.88
82.20
78.90
84.86
85.04
83.22
86.70
84.37
84.09
84.85
81.16
83.23
70.48
80.41
82.70
83.66
82.74
81.34
84.40
85.10
83.80
81.70
85.71
80.98
84.83
85.20
84.40
84.29
76.84
85.26
80.78
80.42
83.88
83.77
84.62
85.52
85.47
71.33
85.38
83.44
79.14
82.81
83.26
82.69
82.79
81.78
84.06
81.56
81.27
82.40
84.38
82.63
83.30
84.18
83.21
84.30
78.12
86.28
78.89
81.46
85.34
85.58
78.26
85.90
83.06
80.17
85.88
81.84
86.12
83.58
83.36
83.72
84.30
78.95
83.87
82.64
79.33
85.01
83.78
79.90
79.15
84.67
82.36
82.45
85.83
84.87
82.79
83.63
80.35
81.13
83.74
85.70
82.64
75.98
85.39
83.67
76.20
83.72
85.14
83.66
82.15
83.25
83.09
82.03
81.93
79.62
72.76
82.18
84.73
82.78
79.09
82.96
83.69
84.49
83.07
84.16
84.38
85.01
82.67
80.22
84.46
83.88
82.22
83.51
80.33
84.85
86.09
81.08
75.00
79.70
76.97
84.11
79.76
84.10
80.31
83.12
83.89
86.56
79.05
82.14
86.11
83.49
85.08
84.40
75.79
81.80
80.93
85.68
80.83
83.84
79.00
81.95
85.05
85.01
83.17
77.81
85.41
80.09
86.69
79.67
84.33
87.01
83.53
80.48
80.86
79.68
82.04
84.58
82.93
83.90
86.49
82.62
82.10
83.26
85.55
84.19
79.67
84.98
82.91
84.78
81.78
84.86
81.42
79.26
86.68
83.73
86.21
80.11
82.00
78.41
80.82
78.95
83.15
75.73
85.76
83.24
85.57
85.25
81.62
80.92
82.32
84.92
83.71
82.98
85.70
83.25
84.69
84.82
83.51
80.11
79.82
85.07
84.32
77.70
80.52
83.10
85.90
80.22
79.52
84.77
79.15
79.10
82.68
82.83
84.64
79.45
77.78
83.78
83.94
80.33
84.43
84.40
83.56
81.34
82.13
82.24
80.56
84.68
81.78
84.71
81.64
81.52
82.44
84.46
83.29
82.73
85.67
81.13
84.64
81.66
78.50
83.55
85.73
84.32
80.50
81.99
74.70
83.58
86.65
78.31
80.57
79.51
82.64
75.19
79.96
84.67
78.49
85.37
84.29
85.17
79.91
84.08
83.51
81.13
80.47
85.16
83.37
83.14
84.58
84.39
84.12
81.33
82.23
82.03
80.77
83.91
84.29
83.24
82.26
83.85
85.91
83.77
79.50
84.96
83.59
80.36
84.97
81.77
76.62
84.74
81.84
83.65
81.55
84.94
79.92
84.00
86.46
86.24
83.07
86.30
85.49
81.28
82.53
85.39
83.77
80.89
82.25
83.60
80.84
85.67
80.34
80.67
83.88
84.83
85.23
83.81
86.52
82.01
84.21
79.14
80.11
81.82
83.62
75.20
87.34
84.53
81.35
80.59
83.39
81.44
81.55
77.51
82.80
85.47
82.29
84.29
85.52
82.52
83.20
84.83
81.82
83.80
84.31
79.91
79.82
81.59
84.32
84.01
82.08
81.11
81.49
80.04
86.55
85.69
78.73
85.32
84.91
82.20
83.30
85.12
81.22
83.68
83.56
84.39
83.14
83.59
84.63
83.71
80.32
81.32
79.53
84.94
84.76
82.76
82.81
85.10
85.10
83.45
84.19
71.57
82.67
84.28
84.80
82.31
84.85
81.72
81.64
85.97
83.07
83.58
77.47
85.60
83.68
82.39
81.82
81.98
86.83
82.46
86.10
84.73
84.63
81.28
83.39
85.40
78.58
84.01
83.40
85.04
82.86
82.90
86.14
85.19
82.96
80.65
82.12
82.34
76.42
82.32
82.48
81.62
86.73
84.30
83.06
80.81
83.92
84.48
83.19
84.41
79.22
82.26
81.75
76.79
84.30
85.63
80.57
