84.55
83.52
82.00
83.28
87.93
79.04
82.13
80.40
85.67
84.22
83.77
83.94
82.92
84.71
84.52
77.44
81.63
81.66
82.53
84.22
83.05
84.66
85.04
80.06
82.89
83.02
82.24
81.75
83.53
85.04
84.12
85.44
82.97
83.84
80.74
81.02
81.24
80.68
81.84
83.54
84.02
82.36
85.32
79.13
86.28
83.29
82.14
84.04
83.86
79.10
79.61
85.65
82.47
82.51
82.36
84.75
84.87
87.32
82.74
79.71
76.97
78.46
81.68
83.14
83.77
79.34
85.47
83.51
82.85
85.06
82.48
84.42
80.31
81.80
81.04
84.85
83.47
80.66
83.62
82.05
85.85
80.85
82.37
85.36
78.93
80.35
82.86
81.35
82.50
83.12
84.31
82.70
82.61
84.92
83.40
86.31
85.89
82.83
82.90
81.95
82.81
82.95
87.33
84.61
84.32
85.39
79.84
82.06
80.21
79.88
80.40
82.40
82.40
77.91
83.57
80.65
84.31
85.07
81.77
83.61
83.60
83.76
82.48
79.36
84.78
85.09
81.74
78.39
84.28
86.44
79.51
84.75
83.42
84.22
84.01
83.05
83.43
82.33
83.45
80.26
84.34
81.22
84.52
80.72
84.10
82.42
84.80
80.81
81.28
82.44
79.54
85.37
77.72
80.94
82.77
79.71
85.14
83.65
81.02
84.01
82.60
83.44
78.60
84.47
83.01
84.01
82.07
83.49
84.14
82.06
83.06
80.95
85.95
76.92
84.42
80.36
82.69
85.00
82.69
84.77
80.52
82.23
79.09
85.42
80.35
84.20
84.49
82.74
82.93
82.85
85.24
81.35
84.37
83.17
83.72
87.11
83.13
83.23
81.11
84.50
86.49
80.15
85.05
84.06
84.52
80.46
84.94
84.23
83.12
83.01
85.40
84.31
82.71
85.49
83.84
85.73
84.64
82.00
84.24
83.02
80.19
83.75
84.43
83.43
81.37
85.12
80.53
81.74
82.98
84.55
81.94
81.04
80.78
84.50
84.75
86.36
79.49
84.54
79.66
85.33
86.60
84.44
83.24
83.77
85.40
83.87
81.45
85.05
85.33
83.17
85.09
83.73
82.96
86.66
82.54
83.57
81.21
85.45
81.39
85.12
76.77
83.89
83.58
84.22
81.13
82.97
84.16
79.95
79.87
83.47
85.70
85.51
83.92
83.93
82.09
85.49
81.24
83.11
82.80
80.00
83.87
79.98
77.33
82.80
81.00
82.79
84.04
80.77
86.04
83.01
80.35
86.81
79.89
83.15
82.48
84.15
80.82
77.64
83.77
82.13
84.25
86.33
84.26
84.05
84.42
84.39
84.62
85.59
81.42
83.88
84.77
83.47
81.71
84.45
83.91
83.95
83.95
82.01
76.15
84.36
85.21
82.85
81.21
83.97
83.74
83.03
84.76
77.21
84.40
85.00
83.50
76.94
85.03
84.98
87.05
80.20
84.17
85.45
79.86
87.65
84.98
77.24
77.42
80.86
82.74
75.66
86.81
79.39
85.21
85.07
82.81
82.06
80.23
82.09
82.98
79.72
80.34
79.42
82.94
85.55
81.38
85.66
84.48
86.15
83.62
80.12
83.57
82.44
83.32
84.05
78.59
79.92
85.09
85.61
86.19
83.56
82.58
83.26
83.49
84.90
82.79
83.23
78.89
83.73
82.42
85.84
80.62
83.05
78.82
82.71
81.40
85.75
82.06
84.28
82.19
81.83
86.32
82.54
84.78
85.11
83.34
82.20
84.52
87.58
80.74
83.24
84.47
82.72
83.33
84.19
83.58
79.56
80.61
85.43
83.77
85.51
85.95
84.29
80.89
80.30
86.29
83.11
76.49
81.73
74.05
82.81
84.52
83.34
83.56
73.07
80.82
84.25
81.39
82.38
82.32
81.79
84.61
82.96
71.89
83.69
83.00
86.27
83.83
81.98
83.50
84.21
83.18
78.01
80.96
79.70
84.07
79.06
80.08
82.55
85.69
83.70
81.35
79.38
83.82
84.03
83.21
81.90
84.80
84.18
80.92
84.58
78.74
79.59
73.61
78.00
83.63
80.13
79.14
81.57
82.60
82.27
81.56
81.74
85.85
82.27
81.06
83.98
73.76
83.54
80.85
79.63
81.46
80.23
80.73
83.38
82.36
80.19
80.67
83.82
73.51
83.07
82.22
82.36
84.73
82.11
80.54
82.66
80.89
83.00
79.79
82.96
77.27
82.38
78.10
84.98
82.07
84.35
84.36
79.10
81.45
83.60
82.30
84.40
82.31
84.26
79.45
81.82
84.01
85.91
83.25
84.71
85.26
80.34
82.55
82.68
84.68
84.80
85.28
84.80
84.49
81.40
79.57
82.63
87.30
85.07
83.96
83.06
84.10
84.19
82.91
84.58
84.43
86.01
85.66
80.99
83.05
84.57
82.18
82.73
85.36
85.75
82.07
79.44
84.70
82.89
85.21
86.00
81.15
85.82
85.46
82.68
84.95
79.96
82.79
84.41
83.05
78.96
80.18
80.71
81.51
84.87
83.85
81.14
83.90
83.01
85.99
82.35
83.75
85.86
84.07
80.79
85.49
80.00
82.84
82.72
84.13
86.37
83.20
87.45
84.18
83.13
80.96
82.56
84.52
80.53
81.38
80.73
82.96
82.79
85.34
80.65
80.78
77.56
81.47
86.15
81.89
83.22
80.02
84.21
84.48
82.88
82.31
79.79
82.98
83.20
80.35
86.85
83.01
80.59
83.76
82.32
84.32
75.77
83.21
82.82
84.28
85.71
85.68
78.63
80.93
83.64
82.44
80.99
85.57
81.63
84.79
82.21
80.41
85.09
83.78
86.13
84.73
79.86
79.85
84.36
80.83
73.29
83.58
84.37
78.20
85.22
85.94
81.52
78.79
86.45
84.56
82.35
79.82
76.40
85.24
81.15
82.03
80.10
84.21
77.50
87.29
84.96
81.85
75.18
86.39
82.54
83.77
78.91
84.08
82.93
82.68
79.14
83.54
80.98
82.81
82.44
81.55
84.39
83.58
79.35
86.16
80.85
81.61
83.74
83.94
80.93
84.40
83.92
81.14
82.26
85.55
81.99
79.71
84.75
86.08
85.19
86.23
80.68
80.96
82.72
79.10
81.89
79.92
80.27
79.38
81.35
84.99
83.00
83.13
85.19
78.47
81.25
82.50
81.47
78.30
83.77
80.12
82.29
81.74
84.88
82.13
84.79
83.55
81.40
85.71
83.01
83.82
86.08
84.16
82.86
81.99
79.93
82.59
84.57
82.95
81.74
82.80
83.91
78.69
85.05
81.30
82.76
82.89
85.76
86.01
81.17
78.99
82.90
81.14
84.93
83.51
81.57
81.79
84.40
82.11
84.65
84.24
82.84
82.47
82.77
83.34
85.34
84.70
86.37
84.67
76.20
85.70
83.63
77.90
80.85
80.59
81.43
80.41
85.87
82.73
84.65
84.93
82.92
83.10
80.31
86.09
81.28
84.39
78.03
82.07
86.39
73.34
82.80
81.32
85.51
79.05
81.92
82.95
83.42
86.39
82.87
82.09
76.96
82.58
76.01
83.32
86.57
86.32
83.25
80.65
84.16
86.01
83.08
81.61
78.94
77.01
86.85
82.67
83.27
82.60
80.00
83.34
77.74
83.28
83.32
81.30
84.57
84.47
83.40
81.44
80.36
82.72
82.88
79.05
82.34
84.50
79.79
85.13
83.29
81.26
86.13
81.58
83.64
84.78
80.76
84.98
84.79
86.08
82.35
83.85
83.57
82.38
85.16
81.60
84.05
81.59
87.24
79.91
83.87
79.80
78.91
79.61
83.13
83.14
82.68
84.34
81.61
82.07
82.76
80.75
84.62
80.72
85.63
79.41
85.61
82.94
81.72
79.43
80.52
85.70
84.82
86.32
81.38
85.73
82.07
79.65
82.33
81.67
83.29
79.93
83.53
79.47
79.12
83.28
81.33
79.42
84.84
84.08
82.89
81.36
79.86
82.10
76.81
86.17
82.57
83.80
75.59
78.21
83.11
83.19
83.40
83.11
83.93
82.96
82.22
83.59
82.14
78.92
79.45
86.38
83.31
85.22
84.69
83.20
85.70
81.35
86.05
82.69
84.37
78.09
83.36
80.73
88.07
83.94
82.51
86.34
83.42
83.98
83.77
83.41
84.22
79.70
80.02
83.30
77.12
79.66
83.88
84.88
80.63
83.57
80.55
82.71
78.74
80.02
85.35
81.41
80.17
85.59
82.29
82.65
85.06
78.26
84.11
86.41
82.09
82.60
83.74
81.77
82.96
82.56
82.19
85.31
81.44
82.52
86.14
84.08
83.09
85.05
84.36
86.63
79.51
81.50
84.95
83.81
81.37
80.95
83.44
85.73
81.90
82.90
79.46
81.37
84.58
80.74
85.80
