92.73
92.46
91.44
92.61
91.64
89.91
89.27
87.38
91.59
90.50
91.42
91.42
89.92
93.25
93.21
91.73
91.93
91.11
92.45
92.55
92.03
92.66
92.51
92.72
91.89
89.16
91.96
91.68
92.91
92.46
92.67
91.52
91.50
92.30
90.86
91.94
92.10
88.19
92.12
92.92
92.77
92.30
91.33
92.92
91.24
92.53
89.39
92.33
93.28
91.08
93.33
92.98
92.78
92.10
90.42
91.51
92.70
91.07
89.92
92.78
91.42
91.75
91.07
91.65
93.08
91.92
92.05
92.41
91.67
92.48
91.62
92.24
93.33
92.70
90.47
92.33
92.14
90.44
91.27
93.20
91.78
92.29
91.53
92.49
90.60
90.87
92.54
91.29
91.77
91.30
89.45
91.05
88.90
90.65
92.55
92.49
91.71
91.12
91.16
93.53
91.93
91.82
93.24
92.24
92.27
92.44
91.06
91.38
91.86
92.83
92.32
92.41
91.61
92.88
92.40
91.62
91.87
91.85
91.65
91.29
91.49
92.39
93.10
91.26
91.61
92.76
91.56
90.37
88.59
93.44
91.43
92.84
91.34
91.94
91.87
90.39
91.88
91.62
91.79
93.20
91.39
91.15
89.88
92.10
92.68
92.96
92.13
92.74
90.32
92.35
90.84
91.05
91.97
90.09
92.01
91.76
91.32
91.94
92.25
92.08
90.88
91.86
88.79
91.12
89.61
93.10
92.27
90.20
91.63
93.08
91.92
91.92
92.60
91.39
93.13
91.23
92.19
93.36
90.27
88.62
92.63
91.95
91.68
91.04
91.08
90.08
92.19
91.93
93.00
92.82
92.50
91.35
92.23
91.92
91.67
92.62
91.71
91.76
92.03
89.77
92.15
91.85
91.77
91.33
91.47
93.02
92.63
91.68
93.05
92.51
92.73
90.40
91.34
92.49
92.58
90.96
92.80
91.25
92.15
93.09
93.14
91.84
92.20
92.81
92.74
90.25
90.77
93.21
91.88
92.32
91.84
91.75
88.28
91.54
92.37
92.85
91.01
92.19
91.85
90.97
91.25
92.09
92.11
90.42
91.80
90.32
91.75
91.60
90.35
92.71
92.72
92.51
90.95
88.93
91.75
92.40
92.34
91.89
92.53
90.82
92.15
92.50
93.04
91.87
91.35
92.99
92.52
92.03
90.66
92.24
93.10
91.32
92.85
90.32
88.32
91.95
92.80
87.06
92.56
91.67
89.98
91.74
91.79
91.01
92.52
92.14
91.55
91.99
93.25
92.74
92.13
90.69
92.21
90.93
92.11
92.43
93.16
91.37
92.51
90.90
89.30
90.70
89.08
92.23
92.07
91.26
91.49
92.57
91.99
92.65
91.85
92.57
92.14
90.88
90.61
90.94
91.86
89.38
91.38
92.95
90.93
92.09
92.70
90.74
91.72
92.45
92.85
89.29
88.56
91.19
91.09
91.17
91.91
92.18
89.97
92.67
92.08
91.44
92.33
92.48
93.59
91.92
91.77
92.37
92.14
92.30
91.84
91.58
90.71
92.49
93.18
92.07
92.91
93.20
92.13
92.10
92.15
90.35
90.58
90.89
92.59
92.43
90.62
93.10
91.76
92.41
92.70
91.67
91.04
92.30
90.20
90.39
91.86
90.95
90.90
90.52
92.01
91.52
88.46
91.47
92.44
91.38
91.87
91.42
91.68
90.35
92.07
91.43
90.66
90.91
92.88
93.54
92.37
91.99
90.73
92.69
92.76
91.55
92.76
91.53
89.54
92.04
87.51
92.97
93.26
92.33
92.41
91.44
92.53
92.07
89.06
90.54
92.40
92.17
93.13
92.99
92.36
92.83
92.72
88.95
89.96
92.88
92.50
91.14
90.91
92.75
91.77
91.51
93.05
90.72
92.04
93.31
93.10
90.12
92.93
91.59
90.43
91.47
92.22
91.23
91.15
93.28
91.46
91.43
90.72
92.53
91.85
93.34
91.29
91.30
91.64
92.80
91.94
92.26
87.39
91.79
90.97
90.70
90.93
91.93
92.65
89.27
91.59
92.75
93.08
91.71
91.80
92.38
91.30
90.79
90.40
91.98
91.91
91.99
89.56
92.06
92.45
92.61
92.94
93.20
90.55
89.02
91.64
92.73
91.21
92.05
93.17
90.49
92.89
90.06
88.26
90.43
90.02
90.46
91.18
92.78
91.29
91.64
92.00
91.74
90.79
91.38
91.38
91.53
91.20
91.84
92.91
91.26
91.28
91.41
90.69
91.68
92.47
92.52
91.85
91.90
92.72
90.54
87.78
91.54
91.42
90.10
92.96
91.55
91.27
92.68
91.80
92.37
93.53
91.06
92.73
90.28
89.95
90.71
89.39
91.90
91.46
93.12
91.74
88.77
92.50
91.30
91.28
92.44
92.55
91.99
90.75
89.36
92.52
92.42
92.72
91.54
91.79
93.06
89.90
93.01
92.57
91.81
90.12
92.30
90.73
89.74
92.59
91.77
91.53
89.43
91.66
90.73
92.34
92.93
89.95
87.40
91.59
91.55
93.29
90.28
91.50
92.76
92.07
89.70
91.35
92.17
92.57
91.89
90.50
90.12
91.76
89.76
91.57
90.92
91.95
92.37
92.81
91.76
90.46
92.70
91.78
92.15
91.56
89.46
92.28
92.51
91.35
93.04
93.09
86.65
92.27
91.80
90.80
90.20
90.28
91.89
89.78
90.53
92.36
92.34
91.12
91.74
92.42
89.94
92.34
88.06
91.98
90.99
91.25
89.83
93.09
92.43
88.73
93.06
91.35
91.47
90.52
93.21
91.27
90.23
89.98
91.62
92.32
91.28
91.15
92.24
91.95
91.68
87.82
92.42
92.33
91.60
90.32
92.50
90.29
92.07
90.54
93.70
92.83
90.33
92.54
89.05
90.98
92.38
89.22
92.99
90.80
93.17
91.27
89.76
91.67
92.34
92.37
92.71
93.24
90.03
92.16
91.38
90.41
91.38
89.90
92.53
92.42
92.07
91.99
93.18
92.62
92.38
91.56
93.43
93.29
92.49
91.75
87.30
90.83
91.39
91.68
91.39
90.75
91.17
91.01
93.72
91.06
92.30
91.75
91.41
89.71
91.67
91.06
90.45
91.57
91.54
92.50
93.19
92.17
93.32
92.41
92.78
93.34
91.97
91.77
92.37
93.38
91.45
91.79
92.27
91.18
89.83
91.17
91.54
91.43
90.66
91.68
91.28
90.95
90.14
91.40
91.16
93.64
90.72
90.34
91.31
92.61
93.23
92.38
92.83
92.15
93.08
89.64
92.26
90.26
92.90
90.79
92.80
91.75
91.48
92.72
92.70
92.12
92.28
91.94
91.02
91.30
92.45
91.99
92.57
91.94
91.21
92.22
93.13
91.48
93.12
93.01
92.20
90.84
91.46
90.43
90.95
86.37
91.92
92.19
92.76
92.52
90.59
91.84
93.68
89.72
90.88
92.64
92.82
92.04
92.63
90.53
92.29
90.39
91.15
91.04
93.08
93.47
92.16
90.95
91.15
91.97
92.65
90.62
90.65
91.17
92.14
92.75
91.30
91.33
90.88
92.83
90.08
91.10
91.65
91.90
87.92
89.13
91.44
91.71
93.07
91.44
92.78
91.57
93.39
91.43
91.00
92.62
91.98
92.83
92.64
92.26
91.58
92.49
92.35
92.93
92.24
87.65
91.88
92.56
90.82
92.48
92.17
92.93
92.91
93.50
92.24
86.59
90.58
92.64
91.99
90.14
92.60
92.23
92.93
92.35
90.99
90.41
92.73
92.24
91.31
86.58
91.67
91.70
91.63
90.47
91.73
91.91
92.36
89.00
90.80
91.00
90.86
93.07
91.92
92.14
91.57
92.39
91.70
91.96
92.97
92.75
92.83
89.99
91.31
86.42
89.67
90.62
91.68
91.13
90.87
92.34
90.93
91.81
92.67
93.00
93.05
92.47
91.99
91.15
92.16
92.96
92.46
91.79
92.10
91.29
92.10
93.22
92.50
93.21
93.12
93.44
90.82
91.91
92.49
92.11
91.69
86.44
92.12
92.02
91.22
90.45
91.22
92.05
92.80
92.50
92.40
92.13
91.36
92.86
91.85
92.08
92.67
89.57
93.14
92.92
91.06
91.73
91.64
92.01
92.30
91.16
93.17
92.11
93.45
92.34
92.17
90.92
92.59
91.99
92.96
92.56
92.13
90.49
93.43
90.20
92.21
91.90
90.65
89.00
93.04
92.23
92.52
92.28
91.68
91.66
90.70
92.63
92.87
92.47
91.97
91.65
92.90
92.56
90.66
91.83
92.52
91.62
91.57
91.34
91.90
91.07
90.64
90.84
93.04
92.41
92.70
90.27
92.21
92.77
91.12
90.42
91.55
91.07
92.21
90.75
91.51
91.41
91.35
91.84
92.01
91.77
91.08
