96.59
97.01
97.10
97.22
96.01
96.98
97.11
97.18
96.86
97.38
96.62
96.89
96.97
97.06
96.89
96.81
96.91
96.88
96.58
97.25
97.08
96.74
97.06
97.18
97.06
96.84
96.56
96.64
96.59
97.42
97.10
96.21
97.30
97.22
97.09
96.76
96.85
97.37
96.78
96.79
97.05
97.15
97.39
96.32
97.31
96.96
97.48
97.00
96.76
96.96
96.81
97.11
97.20
97.21
97.13
97.46
97.35
96.93
96.73
96.94
96.63
96.80
97.27
96.90
96.97
97.12
97.00
97.12
97.20
96.82
97.13
96.59
96.51
97.16
97.07
96.82
96.94
97.47
97.32
97.29
96.66
97.28
97.12
96.96
96.53
96.93
96.79
96.37
96.89
97.18
97.30
97.29
97.48
96.69
96.89
96.99
96.87
96.83
96.60
96.62
96.93
97.34
97.52
96.94
97.28
96.82
97.18
97.00
96.64
97.11
97.34
97.37
97.21
97.11
97.05
97.48
96.79
97.00
96.72
96.76
96.99
96.89
96.90
97.24
96.58
97.13
96.74
97.44
96.79
97.26
96.97
97.29
96.61
96.91
96.39
96.95
96.62
97.06
96.83
97.30
97.00
97.03
96.80
96.89
97.25
97.12
97.14
97.33
97.33
97.04
97.00
96.66
96.93
96.57
97.02
96.40
96.88
96.80
96.76
97.21
97.27
96.97
97.04
97.27
97.36
97.17
97.30
97.22
96.71
96.66
97.13
96.90
96.80
96.54
97.23
97.07
97.10
96.64
97.31
96.90
97.20
97.12
96.86
96.73
97.38
97.19
97.15
97.04
96.81
96.88
97.51
96.91
96.69
96.98
97.00
97.19
96.78
97.10
96.98
97.03
97.32
96.86
97.00
96.79
97.31
97.15
97.05
97.12
96.89
96.93
96.92
97.02
97.30
97.29
97.17
97.09
97.43
96.84
96.99
96.80
97.09
96.91
96.71
97.06
97.03
96.43
97.19
97.09
96.70
97.29
97.06
97.14
96.83
97.21
96.73
97.19
97.32
96.68
97.31
97.01
96.75
97.23
97.01
97.39
97.09
97.24
96.52
97.14
96.76
96.79
97.28
96.96
97.19
97.11
96.94
97.41
96.92
97.27
97.05
97.13
97.12
97.25
97.28
96.66
97.02
97.19
97.18
96.80
97.14
97.23
97.11
97.19
96.37
96.97
97.23
97.13
97.25
96.86
97.07
97.02
97.09
97.22
96.75
97.02
97.32
96.99
96.84
96.90
97.15
96.97
97.10
97.28
96.99
97.41
96.87
97.20
96.99
96.85
97.10
97.10
97.36
96.93
97.22
96.26
96.65
97.13
97.18
97.32
96.89
97.01
97.22
97.23
97.12
96.68
96.37
97.40
97.18
96.89
97.12
96.90
97.14
97.20
96.97
96.99
96.78
96.99
96.90
97.32
97.17
96.97
96.63
96.96
97.05
96.61
97.22
96.82
97.17
97.30
97.11
97.28
97.36
96.87
97.34
97.19
97.09
96.57
97.11
97.12
97.17
97.20
97.17
97.19
96.54
97.19
96.75
96.57
96.96
97.12
97.34
96.99
97.37
96.71
96.85
97.16
96.28
97.23
97.20
97.11
96.03
97.23
96.90
96.79
97.19
97.34
96.81
97.19
96.72
97.11
97.14
96.94
97.16
97.16
97.00
96.88
96.98
97.27
97.30
97.02
97.20
97.08
97.19
97.09
97.38
97.03
96.79
97.01
96.78
97.22
97.09
97.11
96.88
96.98
96.84
97.08
96.70
96.83
97.17
96.28
96.24
97.03
96.72
97.23
97.09
97.01
96.16
97.15
97.01
97.09
97.19
96.83
97.41
96.94
97.08
97.33
97.23
97.34
97.12
97.21
97.13
97.19
96.94
97.01
96.84
97.16
96.97
97.23
97.14
97.00
97.04
96.80
96.77
97.03
96.60
96.96
97.15
97.30
97.23
97.18
97.13
97.21
97.03
97.37
97.03
97.16
96.73
97.10
97.02
97.11
97.15
96.79
96.81
97.25
97.10
97.36
97.42
96.66
97.16
96.72
96.57
97.44
97.04
97.06
96.89
97.09
96.90
96.90
96.98
96.98
96.71
97.05
97.08
96.64
97.15
96.92
96.84
97.07
97.12
97.48
96.52
96.87
96.75
96.99
97.01
96.77
96.98
97.25
96.71
97.20
96.99
97.25
97.48
96.85
97.44
97.35
97.14
97.31
97.01
97.38
96.72
97.10
97.37
97.06
96.93
97.19
97.07
97.44
97.14
97.52
97.04
96.86
97.35
97.26
97.12
97.08
97.08
97.09
96.55
97.23
96.78
97.39
95.92
96.84
97.32
96.79
97.47
97.28
95.98
97.04
97.25
96.86
97.23
97.07
97.04
97.54
96.95
97.30
96.88
97.34
97.18
97.42
97.24
96.79
96.86
97.10
97.23
96.82
95.92
96.83
96.40
97.28
96.97
97.06
97.34
96.72
96.80
97.26
96.95
97.08
97.19
96.99
97.31
97.14
97.08
96.58
97.29
97.22
97.19
96.53
97.20
96.93
96.88
97.07
97.11
96.86
96.88
96.98
96.67
97.36
97.34
97.03
96.84
97.11
96.93
97.25
97.17
97.12
96.45
97.14
97.28
97.10
96.92
97.52
96.89
97.16
97.03
96.83
97.23
97.10
96.95
96.94
97.22
97.06
97.17
96.64
97.27
97.23
97.04
96.85
96.99
96.77
97.50
97.32
97.13
97.27
97.09
96.85
97.30
97.29
97.20
96.96
97.15
96.79
96.88
97.32
97.27
97.09
96.95
97.11
96.64
96.76
96.74
97.24
97.03
96.98
96.76
97.15
96.93
96.77
96.77
97.13
97.35
97.24
96.92
96.87
96.52
96.86
97.00
97.50
97.28
97.29
97.16
97.22
97.25
97.09
97.34
96.99
97.17
97.26
97.24
97.00
97.16
96.70
97.11
97.17
97.37
96.70
96.27
97.22
96.75
97.11
97.14
97.46
97.16
97.12
97.46
96.72
97.26
97.22
96.81
96.99
97.36
97.16
96.07
96.83
97.40
96.88
97.50
97.44
97.44
97.24
96.69
96.92
97.06
97.16
96.31
97.41
96.83
96.98
97.21
97.39
97.21
97.09
97.13
97.13
97.28
97.22
96.64
97.41
96.69
97.15
96.82
97.02
97.24
97.08
97.01
97.22
96.88
96.93
97.27
96.94
97.05
97.31
96.61
97.09
96.35
96.37
96.63
97.06
97.16
97.05
97.12
96.34
96.83
96.38
96.97
97.23
96.86
97.21
97.13
96.78
97.26
96.90
97.00
97.05
96.80
97.02
97.33
97.07
97.46
96.84
97.03
97.16
96.96
96.87
97.14
96.88
97.27
96.37
97.20
96.95
96.86
97.51
96.90
97.23
96.99
97.08
97.20
97.12
97.12
97.18
97.10
97.08
97.45
97.21
96.78
97.02
97.09
97.22
97.04
96.96
96.85
97.17
97.02
97.35
96.86
96.88
97.02
96.95
97.30
97.03
97.15
97.04
96.90
96.87
97.14
97.46
96.93
96.89
97.31
97.18
97.39
96.58
97.06
96.49
97.25
97.33
97.21
96.91
96.84
97.22
96.92
97.18
97.10
96.62
96.83
97.32
96.45
97.33
96.92
97.29
96.97
97.01
97.15
96.90
97.08
97.17
96.94
97.25
96.68
96.89
97.54
96.80
96.75
96.60
96.96
97.47
96.87
96.80
97.20
96.99
97.10
97.01
97.01
97.05
96.60
97.09
96.87
97.13
97.07
97.05
97.37
97.37
96.46
97.04
97.13
96.83
97.27
97.07
96.60
96.91
96.81
97.01
97.33
96.61
97.05
97.32
96.87
96.42
97.00
96.62
96.04
97.09
97.18
97.03
96.94
97.06
97.36
97.31
96.79
96.38
96.87
96.88
97.52
96.88
97.28
96.92
96.67
97.22
97.08
97.40
97.05
97.08
97.26
96.53
96.96
96.36
97.23
97.04
96.85
97.13
97.21
96.87
97.06
97.14
97.34
96.84
96.82
97.06
96.82
97.37
97.28
96.93
96.74
97.10
96.92
96.72
97.24
97.26
97.17
97.38
97.18
97.27
97.31
97.08
96.85
97.21
97.35
97.04
97.23
96.95
96.95
97.07
96.69
96.60
96.74
97.27
97.35
97.01
96.36
96.86
97.10
97.41
97.18
97.29
97.21
97.50
97.34
97.11
97.24
97.33
96.76
97.27
96.81
97.20
96.82
97.14
97.11
96.69
97.30
96.96
97.37
96.86
97.07
96.67
96.93
97.30
96.29
97.25
97.26
97.28
97.01
97.29
96.82
96.86
96.88
96.99
97.03
97.03
97.10
96.80
96.93
96.95
96.56
97.26
96.94
95.93
97.07
97.11
96.75
97.11
