97.74
97.75
97.59
97.57
97.65
97.65
97.52
97.82
97.73
97.69
97.69
97.67
97.76
97.73
97.76
97.69
97.82
97.81
97.69
97.70
97.59
97.75
97.94
97.75
97.73
97.57
97.58
97.79
97.59
97.73
97.58
97.64
97.70
97.67
97.83
97.72
97.65
97.65
97.56
97.62
97.62
97.77
97.51
97.62
97.51
97.44
97.79
97.67
97.74
97.69
97.76
97.71
97.69
97.66
97.72
97.58
97.73
97.67
97.71
97.64
97.49
97.47
97.66
97.61
97.63
97.64
97.54
97.27
97.60
97.47
97.70
97.66
97.56
97.62
97.52
97.41
97.64
97.67
97.70
97.71
97.39
97.61
97.81
97.83
97.54
97.54
97.75
97.71
97.72
97.56
97.63
97.67
97.64
97.82
97.63
97.64
97.85
97.77
97.46
97.53
97.81
97.68
97.78
97.66
97.66
97.68
97.54
97.76
97.69
97.75
97.73
97.76
97.67
97.50
97.50
97.58
97.69
97.68
97.73
97.66
97.68
97.50
97.59
97.72
97.20
97.79
97.65
97.76
97.55
97.67
97.75
97.69
97.74
97.76
97.77
97.69
97.59
97.65
97.53
97.59
97.69
97.78
97.66
97.49
97.61
97.65
97.66
97.71
97.57
97.67
97.73
97.71
97.70
97.64
97.50
97.75
97.64
97.58
97.64
97.80
97.70
97.60
97.55
97.68
97.70
97.62
97.80
97.73
97.67
97.80
97.72
97.76
97.61
97.69
97.66
97.57
97.48
97.70
97.70
97.60
97.61
97.84
97.67
97.56
97.60
97.63
97.84
97.80
97.74
97.56
97.77
97.76
97.50
97.74
97.75
97.82
97.69
97.33
97.62
97.68
97.76
97.65
97.74
97.66
97.70
97.64
97.73
97.82
97.77
97.63
97.73
97.77
97.52
97.59
97.57
97.75
97.73
97.82
97.59
97.76
97.56
97.70
97.73
97.54
97.41
97.66
97.69
97.67
97.64
97.50
97.55
97.67
97.72
97.62
97.72
97.65
97.46
97.66
97.52
97.88
97.64
97.92
97.76
97.73
97.83
97.71
97.74
97.65
97.76
97.77
97.73
97.89
97.58
97.78
97.73
97.79
97.55
97.76
97.77
97.69
97.71
97.61
97.74
97.66
97.69
97.53
97.77
97.65
97.59
97.78
97.60
97.62
97.71
97.65
97.68
97.76
97.74
97.70
97.87
97.69
97.67
97.42
97.69
97.68
97.80
97.43
97.76
97.63
97.62
97.49
97.52
97.67
97.77
97.54
97.70
97.74
97.46
97.58
97.82
97.71
97.55
97.61
97.70
97.65
97.63
97.83
97.60
97.74
97.66
97.83
97.53
97.67
97.78
97.54
97.58
97.52
97.76
97.65
97.68
97.61
97.77
97.73
97.72
97.67
97.72
97.81
97.64
97.55
97.53
97.84
97.66
97.56
97.70
97.66
97.75
97.70
97.83
97.78
97.75
97.57
97.53
97.67
97.51
97.67
97.51
97.79
97.75
97.60
97.65
97.51
97.69
97.59
97.71
97.55
97.59
97.54
97.54
97.71
97.75
97.73
97.55
97.79
97.47
97.51
97.66
97.51
97.72
97.58
97.74
97.78
97.66
97.72
97.57
97.60
97.50
97.72
97.64
97.63
97.76
97.48
97.79
97.84
97.65
97.69
97.80
97.43
97.56
97.68
97.81
97.60
97.63
97.74
97.71
97.70
97.79
97.49
97.66
97.58
97.66
97.81
97.69
97.69
97.61
97.67
97.48
97.68
97.79
97.60
97.65
97.79
97.69
97.82
97.65
97.77
97.68
97.63
97.79
97.58
97.69
97.58
97.71
97.76
97.79
97.60
97.62
97.80
97.52
97.69
97.88
97.71
97.68
97.60
97.72
97.61
97.72
97.75
97.70
97.60
97.58
97.69
97.69
97.85
97.75
97.73
97.63
97.54
97.86
97.71
97.73
97.61
97.71
97.65
97.68
97.76
97.76
97.79
97.69
97.74
97.72
97.71
97.56
97.70
97.53
97.79
97.62
97.49
97.69
97.80
97.68
97.57
97.78
97.64
97.48
97.74
97.53
97.61
97.84
97.60
97.66
97.64
97.63
97.58
97.67
97.77
97.86
97.75
97.75
97.53
97.71
97.62
97.57
97.48
97.56
97.74
97.65
97.88
97.75
97.64
97.63
97.63
97.62
97.66
97.42
97.75
97.54
97.68
97.76
97.71
97.62
97.56
97.40
97.81
97.66
97.84
97.68
97.56
97.70
97.75
97.65
97.70
97.62
97.66
97.67
97.63
97.63
97.59
97.69
97.66
97.56
97.59
97.65
97.73
97.70
97.60
97.85
97.56
97.52
97.67
97.90
97.70
97.77
97.68
97.60
97.69
97.63
97.69
97.63
97.64
97.73
97.68
97.61
97.79
97.29
97.73
97.64
97.59
97.43
97.64
97.66
97.62
97.70
97.65
97.79
97.67
97.66
97.73
97.62
97.65
97.45
97.64
97.45
97.55
97.66
97.69
97.65
97.70
97.68
97.86
97.79
97.52
97.62
97.59
97.64
97.75
97.74
97.71
97.80
97.60
97.50
97.70
97.63
97.59
97.76
97.66
97.82
97.68
97.77
97.69
97.77
97.65
97.76
97.60
97.82
97.81
97.64
97.53
97.68
97.62
97.63
97.54
97.55
97.66
97.68
97.74
97.73
97.72
97.65
97.64
97.73
97.67
97.73
97.68
97.67
97.88
97.56
97.59
97.58
97.75
97.79
97.58
97.62
97.78
97.82
97.66
97.61
97.65
97.60
97.61
97.72
97.52
97.59
97.57
97.81
97.52
97.76
97.59
97.75
97.56
97.75
97.72
97.72
97.47
97.69
97.74
97.61
97.56
97.63
97.66
97.93
97.63
97.55
97.77
97.73
97.73
97.67
97.45
97.77
97.77
97.73
97.73
97.68
97.63
97.78
97.61
97.71
97.74
97.70
97.58
97.70
97.63
97.70
97.77
97.82
97.61
97.75
97.77
97.75
97.50
97.82
97.74
97.65
97.82
97.62
97.52
97.49
97.83
97.55
97.64
97.51
97.57
97.51
97.50
97.69
97.81
97.76
97.54
97.63
97.61
97.31
97.62
97.54
97.73
97.50
97.70
97.59
97.83
97.69
97.57
97.57
97.64
97.41
97.66
97.74
97.77
97.69
97.53
97.78
97.64
97.46
97.61
97.83
97.75
97.83
97.61
97.66
97.96
97.76
97.71
97.64
97.58
97.62
97.69
97.62
97.46
97.65
97.67
97.60
97.81
97.73
97.74
97.54
97.80
97.73
97.57
97.76
97.70
97.75
97.39
97.73
97.60
97.72
97.81
97.60
97.70
97.63
97.68
97.61
97.73
97.60
97.77
97.71
97.58
97.81
97.55
97.71
97.57
97.67
97.74
97.69
97.55
97.71
97.85
97.73
97.65
97.61
97.79
97.66
97.68
97.76
97.67
97.80
97.62
97.77
97.66
97.43
97.58
97.69
97.61
97.87
97.56
97.59
97.74
97.61
97.70
97.76
97.57
97.54
97.70
97.72
97.81
97.68
97.70
97.60
97.64
97.66
97.73
97.54
97.85
97.51
97.68
97.86
97.58
97.56
97.63
97.58
97.58
97.59
97.62
97.67
97.64
97.76
97.63
97.93
97.62
97.74
97.69
97.67
97.76
97.64
97.51
97.65
97.82
97.53
97.65
97.85
97.73
97.81
97.80
97.89
97.73
97.59
97.74
97.62
97.86
97.70
97.79
97.78
97.71
97.59
97.64
97.80
97.79
97.67
97.80
97.69
97.84
97.69
97.64
97.48
97.67
97.66
97.70
97.77
97.83
97.68
97.84
97.67
97.74
97.88
97.82
97.74
97.84
97.45
97.76
97.59
97.59
97.63
97.66
97.45
97.70
97.78
97.91
97.60
97.68
97.78
97.84
97.62
97.68
97.42
97.46
97.77
97.60
97.78
97.78
97.75
97.57
97.48
97.84
97.66
97.53
97.67
97.77
97.61
97.72
97.76
97.57
97.76
97.65
97.57
97.65
97.52
97.72
97.79
97.59
97.79
97.76
97.59
97.69
97.58
97.80
97.64
97.54
97.62
97.70
97.70
97.72
97.54
97.65
97.84
97.63
97.53
97.84
97.46
97.67
97.69
97.63
97.67
97.51
97.80
97.69
97.79
97.84
97.50
97.50
97.62
97.59
97.74
97.56
97.51
97.72
97.71
97.67
97.59
97.64
97.63
97.75
97.85
97.84
97.66
97.48
97.69
97.69
97.66
97.84
97.76
97.63
97.86
97.65
97.53
97.62
97.72
97.50
97.64
97.55
97.70
97.76
97.51
97.81
97.57
97.61
97.46
97.82
97.54
97.72
97.60
97.92
97.76
97.76
97.57
97.61
