97.43
97.62
97.61
97.61
97.52
97.63
97.86
97.39
97.08
97.53
97.48
97.65
97.43
97.52
97.62
97.61
97.66
97.72
97.22
97.35
97.39
97.54
97.63
97.66
97.49
97.46
97.74
97.51
97.34
97.63
97.68
97.66
97.58
97.55
97.64
97.47
97.53
97.62
97.58
97.65
97.34
97.53
97.68
97.55
97.71
97.67
97.38
97.62
97.58
97.50
97.52
97.54
97.73
97.43
97.36
97.37
97.68
97.38
97.66
97.56
97.53
97.56
97.65
97.32
97.42
97.27
97.69
97.45
97.57
97.54
97.63
97.40
97.52
97.64
97.66
97.59
97.32
97.55
97.40
97.71
97.50
97.60
97.67
97.63
97.27
97.66
97.16
97.60
97.59
97.56
97.61
97.60
97.55
97.57
97.63
97.60
97.72
97.21
97.34
97.55
97.43
97.65
97.58
97.70
97.50
97.38
97.50
97.44
97.29
97.45
97.47
97.60
97.58
97.70
97.54
97.63
97.46
97.60
97.56
97.48
97.35
97.60
97.63
97.62
97.57
97.75
97.78
97.50
97.47
97.71
97.31
97.54
97.55
97.59
97.68
97.62
97.61
97.65
97.68
97.34
97.64
97.46
97.65
97.66
97.43
97.36
97.67
97.54
97.49
97.64
97.60
97.70
97.66
97.49
97.48
97.41
97.62
97.57
97.44
97.49
97.62
97.64
97.55
97.51
97.65
97.42
97.60
97.64
97.75
97.52
97.52
97.60
97.31
97.66
97.51
97.57
97.51
97.58
97.52
97.65
97.65
97.51
97.57
97.71
97.46
97.53
97.55
97.36
97.46
97.45
97.67
97.56
97.79
97.40
97.42
97.49
97.57
97.67
97.63
97.56
97.64
97.55
97.59
97.55
97.39
97.57
97.48
97.56
97.41
97.80
97.79
97.50
97.58
97.59
97.67
97.79
97.22
97.58
97.46
97.64
97.68
97.50
97.71
97.46
97.56
97.68
97.77
97.55
97.53
97.44
97.60
97.55
97.69
97.45
97.43
97.65
97.57
97.41
97.59
97.50
97.44
97.48
97.32
97.46
97.45
97.41
97.57
97.48
97.38
97.61
97.40
97.54
97.54
97.53
97.61
97.61
97.52
97.57
97.60
97.50
97.69
97.57
97.54
97.64
97.66
97.66
97.51
97.42
97.63
97.65
97.58
97.46
97.55
97.68
97.66
97.49
97.42
97.44
97.62
97.63
97.62
97.42
97.46
97.54
97.51
97.57
97.57
97.77
97.45
97.64
97.53
97.64
97.59
97.54
97.57
97.64
97.69
97.52
97.67
97.55
97.48
97.74
97.51
97.70
97.60
97.59
97.43
97.62
97.59
97.50
97.56
97.56
97.53
97.47
97.56
97.38
97.52
97.56
97.47
97.47
97.62
97.69
97.61
97.36
97.64
97.54
97.66
97.63
97.53
97.52
97.58
97.54
97.40
97.63
97.47
97.41
97.71
97.83
97.63
97.63
97.53
97.69
97.77
97.46
97.66
97.66
97.58
97.28
97.56
97.53
97.53
97.34
97.64
97.65
97.44
97.50
97.48
97.67
97.65
97.66
97.61
97.51
97.60
97.65
97.66
97.54
97.60
97.59
97.59
97.69
97.64
97.35
97.56
97.56
97.27
97.55
97.61
97.53
97.47
97.19
97.56
97.58
97.63
97.46
97.36
97.40
97.54
97.45
97.64
97.32
97.35
97.48
97.57
97.69
97.54
97.71
97.52
97.57
97.26
97.52
97.52
97.29
97.34
97.71
97.63
97.58
97.49
97.68
97.43
97.65
97.57
97.68
97.71
97.50
97.65
97.37
97.69
97.69
97.42
97.67
97.46
97.40
97.47
97.51
97.58
97.69
97.59
97.16
97.38
97.45
97.61
97.64
97.65
97.20
97.78
97.39
97.44
97.71
97.63
97.55
97.35
97.51
97.68
97.64
97.58
97.51
97.53
97.38
97.66
97.56
97.55
97.72
97.39
97.84
97.39
97.59
97.61
97.73
97.63
97.57
97.48
97.56
97.57
97.43
97.48
97.51
97.48
97.55
97.45
97.52
97.61
97.37
97.72
97.64
97.70
97.54
97.70
97.50
97.55
97.49
97.45
97.64
97.49
97.44
97.20
97.58
97.70
97.72
97.36
97.54
97.52
97.49
97.44
97.54
97.43
97.41
97.62
97.41
97.51
97.62
97.66
97.65
97.34
97.46
97.56
97.50
97.66
97.31
97.57
97.56
97.35
97.48
97.64
97.65
97.58
97.47
97.72
97.57
97.65
97.60
97.68
97.55
97.70
97.73
97.48
97.61
97.67
97.82
97.37
97.64
97.52
97.36
97.52
97.22
97.60
97.62
97.72
97.51
97.77
97.55
97.51
97.66
97.73
97.65
97.58
97.63
97.56
97.69
97.48
97.62
97.56
97.57
97.44
97.63
97.56
97.53
97.61
97.64
97.52
97.37
97.58
97.50
97.53
97.75
97.60
97.48
97.76
97.65
97.40
97.68
97.48
97.47
97.58
97.48
97.39
97.67
97.55
97.53
97.55
97.50
97.61
97.50
97.47
97.46
97.43
97.74
97.23
97.41
97.56
97.50
97.73
97.57
97.42
97.57
97.66
97.54
97.68
97.49
97.52
97.45
97.58
97.70
97.70
97.49
97.58
97.54
97.60
97.55
97.71
97.74
97.51
97.66
97.51
97.56
97.63
97.64
97.58
97.49
97.43
97.57
97.48
97.56
97.49
97.76
97.25
97.54
97.48
97.53
97.41
97.64
97.41
97.32
97.57
97.56
97.43
97.53
97.46
97.59
97.66
97.40
97.67
97.73
97.38
97.65
97.45
97.40
97.63
97.57
97.63
97.47
97.51
97.48
97.66
97.44
97.59
97.69
97.38
97.59
97.67
97.42
97.57
97.57
97.54
97.44
97.49
97.50
97.57
97.28
97.70
97.57
97.68
97.44
97.52
97.57
97.49
97.68
97.55
97.52
97.75
97.45
97.61
97.81
97.49
97.53
97.40
97.56
97.55
97.18
97.70
97.65
97.45
97.64
97.63
97.51
97.69
97.69
97.33
97.51
97.40
97.45
97.74
97.35
97.30
97.49
97.63
97.36
97.34
97.44
97.43
97.62
97.44
97.68
97.70
97.71
97.64
97.51
97.60
97.55
97.49
97.55
97.55
97.53
97.53
97.59
97.28
97.68
97.53
97.67
97.50
97.67
97.54
97.43
97.64
97.62
97.51
97.55
97.67
97.54
97.61
97.67
97.49
97.61
97.58
97.55
97.59
97.48
97.44
97.69
97.70
97.66
97.53
97.55
97.57
97.69
97.44
97.73
97.40
97.49
97.52
97.46
97.54
97.60
97.44
97.58
97.67
97.44
97.11
97.39
97.64
97.57
97.52
97.51
97.46
97.69
97.46
97.47
97.61
97.47
97.63
97.44
97.41
97.60
97.86
97.43
97.52
97.29
97.59
97.58
97.72
97.47
97.41
97.65
97.60
97.54
97.72
97.45
97.52
97.83
97.71
97.66
97.52
97.53
97.41
97.68
97.55
97.68
97.37
97.45
97.62
97.62
97.71
97.84
97.38
97.78
97.76
97.36
97.57
97.71
97.55
97.42
97.58
97.75
97.55
97.59
97.62
97.61
97.66
97.54
97.71
97.47
97.54
97.66
97.65
97.71
97.48
97.38
97.67
97.45
97.65
97.83
97.59
97.73
97.47
97.72
97.64
97.55
97.22
97.55
97.45
97.63
97.48
97.37
97.60
97.52
97.69
97.29
97.52
97.61
97.54
97.51
97.41
97.31
97.53
97.58
97.54
97.73
97.54
97.37
97.52
97.61
97.54
97.43
97.53
97.56
97.67
97.61
97.42
97.48
97.66
97.44
97.72
97.50
97.34
97.72
97.56
97.61
97.51
97.53
97.39
97.36
97.56
97.36
97.49
97.65
97.58
97.42
97.64
97.72
97.26
97.55
97.48
97.40
97.63
97.46
97.58
97.48
97.50
97.63
97.52
97.84
97.50
97.71
97.83
97.43
97.50
97.42
97.62
97.58
97.47
97.53
97.53
97.67
97.61
97.64
97.69
97.76
97.51
97.53
97.76
97.50
97.19
97.51
97.52
97.41
97.37
97.63
97.19
97.60
97.41
97.55
97.49
97.15
97.48
97.43
97.53
97.57
97.69
97.62
97.44
97.48
97.40
97.56
97.46
97.59
97.40
97.48
97.71
97.42
97.67
97.56
97.63
97.59
97.57
97.46
97.30
97.47
97.66
97.34
97.67
97.57
97.44
97.42
97.74
97.64
97.37
97.52
97.64
97.51
97.68
97.68
97.48
97.57
97.47
97.70
97.56
97.48
97.43
97.49
97.53
97.36
97.64
97.47
97.62
97.41
97.48
97.56
97.45
97.57
97.57
97.30
