97.82
97.92
97.69
97.46
97.86
97.54
97.75
97.69
97.56
97.70
97.68
97.54
97.73
97.70
97.71
97.62
97.61
97.69
97.69
97.48
97.68
97.82
97.84
97.57
97.69
97.65
97.65
97.58
97.86
97.77
97.61
97.57
97.72
97.75
97.58
97.59
97.78
97.67
97.73
97.69
97.68
97.74
97.63
97.63
97.66
97.86
97.78
97.57
97.72
97.56
97.73
97.66
97.67
97.47
97.68
97.96
97.82
97.55
97.67
97.68
97.81
97.79
97.61
97.69
97.56
97.62
97.77
97.62
97.62
97.89
97.68
97.78
97.52
97.80
97.86
97.52
97.54
97.60
97.66
97.65
97.57
97.49
97.64
97.64
97.60
97.58
97.64
97.68
97.64
97.60
97.71
97.83
97.69
97.68
97.64
97.62
97.75
97.63
97.77
97.63
97.53
97.65
97.85
97.61
97.64
97.69
97.65
97.36
97.58
97.62
97.73
97.70
97.80
97.74
97.45
97.44
97.83
97.69
97.67
97.85
97.65
97.65
97.57
97.82
97.69
97.57
97.85
97.65
97.62
97.74
97.50
97.62
97.64
97.64
97.81
97.65
97.64
97.77
97.44
97.38
97.66
97.74
97.67
97.59
97.52
97.91
97.77
97.62
97.69
97.66
97.64
97.71
97.52
97.64
97.44
97.61
97.65
97.61
97.82
97.65
97.73
97.50
97.78
97.55
97.40
97.63
97.62
97.56
97.50
97.65
97.38
97.33
97.82
97.56
97.71
97.56
97.81
97.65
97.72
97.84
97.59
97.73
97.61
97.68
97.49
97.73
97.74
97.68
97.66
97.71
97.53
97.68
97.51
97.66
97.50
97.88
97.71
97.69
97.44
97.76
97.49
97.69
97.74
97.54
97.71
97.70
97.66
97.78
97.57
97.53
97.72
97.72
97.86
97.70
97.59
97.61
97.79
97.50
97.75
97.76
97.66
97.65
97.57
97.77
97.56
97.72
97.55
97.42
97.83
97.74
97.56
97.67
97.32
97.66
97.62
97.52
97.43
97.84
97.85
97.52
97.42
97.64
97.64
97.84
97.78
97.89
97.67
97.61
97.81
97.56
97.61
97.52
97.70
97.58
97.80
97.71
97.88
97.62
97.67
97.50
97.64
97.82
97.60
97.60
97.73
97.64
97.59
97.83
97.67
97.72
97.51
97.72
97.50
97.88
97.70
97.72
97.50
97.73
97.51
97.54
97.74
97.59
97.66
97.47
97.77
97.67
97.71
97.59
97.43
97.76
97.69
97.72
97.44
97.71
97.72
97.90
97.59
97.61
97.90
97.82
97.70
97.73
97.74
97.69
97.76
97.88
97.46
97.69
97.87
97.70
97.67
97.86
97.52
97.62
97.73
97.45
97.89
97.39
97.64
97.69
97.77
97.29
97.69
97.59
97.80
97.70
97.53
97.66
97.66
97.78
97.59
97.73
97.74
97.68
97.70
97.72
97.71
97.63
97.64
97.52
97.61
97.80
97.72
97.77
97.69
97.73
97.63
97.70
97.64
97.66
97.82
97.55
97.71
97.56
97.61
97.89
97.68
97.57
97.83
97.78
97.50
97.60
97.73
97.81
97.57
97.74
97.49
97.65
97.76
97.79
97.76
97.75
97.39
97.75
97.64
97.61
97.58
97.79
97.54
97.57
97.47
97.83
97.64
97.66
97.86
97.62
97.57
97.73
97.66
97.59
97.78
97.64
97.52
97.47
97.44
97.81
97.55
97.57
97.67
97.54
97.66
97.72
97.79
97.68
97.59
97.54
97.56
97.74
97.67
97.52
97.86
97.82
97.48
97.74
97.58
97.65
97.53
97.62
97.85
97.65
97.54
97.70
97.67
97.48
97.68
97.68
97.73
97.50
97.75
97.77
97.87
97.56
97.83
97.76
97.62
97.72
97.83
97.64
97.93
97.52
97.84
97.68
97.82
97.74
97.68
97.91
97.48
97.73
97.82
97.64
97.90
97.59
97.70
97.71
97.61
97.78
97.67
97.71
97.68
97.94
97.87
97.74
97.68
97.57
97.81
97.63
97.60
97.82
97.69
97.91
97.66
97.44
97.74
97.80
97.76
97.50
97.81
97.78
97.44
97.65
97.72
97.61
97.72
97.71
97.70
97.55
97.73
97.72
97.71
97.72
97.67
97.77
97.71
97.91
97.63
97.70
97.70
97.69
97.53
97.80
97.90
97.59
97.69
97.73
97.74
97.84
97.67
97.60
97.82
97.53
97.49
97.57
97.63
97.60
97.62
97.70
97.87
97.63
97.81
97.83
97.60
97.73
97.87
97.81
97.53
97.78
97.57
97.58
97.67
97.49
97.65
97.72
97.40
97.62
97.67
97.75
97.74
97.59
97.58
97.55
97.68
97.50
97.66
97.58
97.70
97.50
97.56
97.69
97.56
97.49
97.75
97.86
97.78
97.68
97.57
97.50
97.61
97.65
97.76
97.51
97.39
97.70
97.71
97.58
97.71
97.58
97.84
97.67
97.73
97.94
97.61
97.85
97.61
97.73
97.55
97.83
97.97
97.67
97.64
97.64
97.62
97.30
97.64
97.81
97.60
97.40
97.60
97.72
97.71
97.61
97.61
97.51
97.75
97.54
97.57
97.59
97.57
97.68
97.63
97.67
97.56
97.76
97.84
97.66
97.43
97.75
97.66
97.57
97.54
97.71
97.66
97.71
97.62
97.71
97.70
97.70
97.62
97.54
97.62
97.45
97.70
97.62
97.70
97.61
97.55
97.64
97.57
97.45
97.73
97.73
97.55
97.48
97.66
97.74
97.62
97.49
97.73
97.44
97.73
97.72
97.78
97.69
97.68
97.64
97.75
97.57
97.82
97.60
97.78
97.52
97.67
97.64
97.59
97.67
97.60
97.66
97.85
97.74
97.48
97.70
97.55
97.67
97.63
97.74
97.68
97.72
97.57
97.63
97.51
97.44
97.73
97.72
97.68
97.56
97.78
97.63
97.58
97.43
97.57
97.34
97.73
97.75
97.75
97.80
97.78
97.65
97.67
97.45
97.61
97.67
97.66
97.63
97.72
97.65
97.44
97.78
97.59
97.69
97.75
97.77
97.55
97.73
97.68
97.51
97.73
97.66
97.90
97.50
97.54
97.69
97.56
97.77
97.49
97.76
97.76
97.68
97.70
97.64
97.67
97.65
97.47
97.52
97.59
97.79
97.62
97.72
97.83
97.59
97.76
97.63
97.59
97.74
97.68
97.87
97.67
97.86
97.73
97.55
97.58
97.84
97.75
97.62
97.73
97.75
97.78
97.85
97.50
97.66
97.93
97.80
97.62
97.65
97.43
97.72
97.74
97.78
97.68
97.97
97.66
97.69
97.80
97.82
97.76
97.67
97.63
97.43
97.69
97.58
97.49
97.76
97.56
97.67
97.71
97.64
97.59
97.51
97.74
97.67
97.56
97.80
97.67
97.51
97.66
97.58
97.75
97.45
97.69
97.89
97.50
97.61
97.62
97.68
97.49
97.88
97.71
97.68
97.81
97.86
97.64
97.52
97.72
97.68
97.84
97.71
97.40
97.56
97.77
97.76
97.78
97.69
97.53
97.93
97.59
97.62
97.79
97.63
97.81
97.63
97.64
97.61
97.75
97.48
97.72
97.79
97.53
97.58
97.86
97.62
97.71
97.78
97.54
97.68
97.58
97.75
97.74
97.89
97.48
97.54
97.76
97.57
97.69
97.98
97.64
97.43
97.73
97.66
97.63
97.59
97.94
97.64
97.68
97.55
97.73
97.69
97.76
97.66
97.51
97.62
97.81
97.75
97.59
97.65
97.87
97.86
97.79
97.72
97.71
97.51
97.66
97.55
97.80
97.69
97.84
97.73
97.93
97.65
97.81
97.69
97.85
97.65
97.72
97.64
97.66
97.41
97.52
97.77
97.76
97.44
97.71
97.73
97.78
97.82
97.75
97.55
97.69
97.61
97.57
97.69
97.47
97.57
97.84
97.76
97.60
97.59
97.72
97.60
97.62
97.50
97.59
97.39
97.63
97.62
97.58
97.55
98.05
97.54
97.75
97.70
97.70
97.62
97.72
97.80
97.60
97.76
97.65
97.68
97.88
97.63
97.55
97.63
97.79
97.52
97.62
97.48
97.62
97.68
97.68
97.59
97.69
97.56
97.53
97.73
97.55
97.64
97.56
97.65
97.62
97.64
97.53
97.52
97.77
97.66
97.57
97.64
97.76
97.77
97.29
97.71
97.74
97.79
97.64
97.73
97.68
97.65
97.60
97.65
97.71
97.50
97.76
97.64
97.86
97.48
97.55
97.81
97.83
97.53
97.67
97.80
97.62
97.66
97.74
97.75
97.41
97.56
97.50
97.71
97.60
97.82
97.72
97.70
97.60
97.60
97.67
97.74
97.63
97.58
97.72
97.68
97.55
97.63
