91.50
94.01
93.19
94.65
95.43
95.40
93.73
95.53
92.93
94.38
93.53
93.84
94.35
94.19
93.30
92.40
93.15
93.20
92.61
93.30
93.99
94.95
94.93
94.14
93.84
94.72
93.96
93.68
93.98
94.72
91.44
94.78
94.56
92.05
93.67
95.07
93.61
93.14
94.70
93.93
94.33
94.99
94.76
92.75
93.65
89.88
95.56
94.12
94.68
93.54
92.89
92.01
94.42
95.08
93.98
92.87
92.86
94.55
92.59
92.40
93.63
91.76
95.00
94.96
91.93
92.47
92.99
93.85
90.69
93.60
92.00
94.62
94.45
92.22
93.35
94.76
93.08
93.90
94.63
93.62
92.98
92.80
90.95
93.81
95.45
93.38
94.78
95.27
92.81
91.90
94.77
91.20
94.13
93.01
94.78
94.74
93.49
94.03
94.15
92.89
93.67
92.80
93.19
93.78
92.02
90.04
92.72
95.02
94.23
93.54
94.29
94.47
90.55
94.86
93.75
92.82
92.51
94.48
94.17
93.14
92.75
93.28
94.60
90.49
94.51
93.93
94.41
93.14
91.19
93.44
94.11
90.95
94.98
94.77
92.57
92.91
93.48
94.26
92.51
94.78
92.31
92.23
93.24
92.95
93.02
93.72
94.90
92.70
93.46
94.35
93.24
91.78
93.70
94.98
92.45
91.13
94.25
94.89
93.95
93.19
92.89
94.30
94.42
94.26
92.69
94.25
93.29
92.50
95.20
94.34
94.70
93.40
93.04
95.08
95.10
90.43
94.03
95.01
94.53
92.56
92.26
95.16
94.70
92.58
94.09
94.96
93.99
93.25
94.79
94.46
92.66
95.00
93.88
90.57
95.71
94.53
95.04
93.60
93.11
94.12
95.34
92.43
92.49
93.27
94.08
93.87
95.03
94.74
92.63
92.20
94.47
93.73
92.48
94.45
95.10
93.83
93.47
95.34
94.48
91.84
92.49
91.30
93.50
93.36
95.36
93.77
95.73
93.75
95.11
94.25
93.83
94.31
93.15
95.19
88.11
93.00
92.05
95.14
94.89
94.07
94.10
95.13
94.70
93.15
90.79
93.67
92.80
92.98
93.95
92.69
91.94
92.79
95.17
93.53
93.66
92.84
94.93
93.66
92.58
93.12
93.22
94.29
95.56
93.09
95.02
94.57
91.63
91.72
93.37
94.10
92.06
93.29
95.10
94.52
94.13
95.41
94.86
94.90
93.02
94.05
92.31
95.03
94.89
93.14
94.24
95.11
94.83
94.86
95.35
92.32
94.65
94.60
94.64
93.89
92.70
93.74
94.26
93.18
93.39
94.53
92.61
93.38
95.01
95.26
92.82
92.59
92.97
92.88
93.67
94.22
94.08
94.71
94.49
94.25
90.86
94.45
92.98
94.62
93.98
95.39
94.22
94.54
94.60
93.57
94.98
93.25
92.69
92.42
92.87
92.37
92.56
93.65
94.92
94.00
92.75
92.99
91.84
93.18
92.84
94.24
94.20
94.25
93.97
95.37
94.70
95.35
94.70
95.46
94.09
91.34
88.74
92.53
94.20
89.59
92.34
93.42
94.74
93.63
95.18
93.98
90.79
90.61
95.25
94.09
93.20
93.76
94.75
93.03
92.92
93.52
94.63
93.14
94.68
92.65
94.37
94.64
94.76
94.43
93.26
93.08
94.59
93.21
94.31
94.25
94.17
94.02
94.13
89.23
94.86
93.04
93.72
95.51
92.32
93.98
95.21
92.30
94.55
92.69
91.86
93.69
94.04
94.78
94.34
94.86
92.74
94.35
92.88
95.07
92.26
94.96
93.85
90.76
86.99
93.57
94.85
94.18
94.42
93.30
94.24
91.69
93.98
94.83
94.64
94.38
92.90
92.56
94.95
93.74
93.93
92.19
89.49
94.29
93.60
94.76
95.03
94.52
93.94
91.64
92.81
92.83
95.47
94.70
93.18
92.52
94.74
94.74
93.88
94.58
92.59
95.61
93.80
95.24
94.58
95.37
93.02
93.32
93.29
94.33
92.26
94.03
94.39
93.42
92.78
93.48
93.33
94.43
93.45
95.05
95.45
87.40
93.34
94.02
94.24
94.03
91.20
93.50
94.84
94.22
93.87
92.96
93.83
95.21
94.77
93.99
93.34
91.71
95.32
94.74
93.89
93.64
93.01
93.10
94.56
92.79
95.05
92.74
94.89
92.56
93.15
93.75
94.18
89.70
93.96
94.39
93.44
94.53
94.93
94.16
93.55
93.69
93.32
94.28
91.50
94.16
94.12
95.30
93.15
94.76
93.00
93.86
95.05
90.41
92.24
93.12
94.98
91.13
93.93
94.27
95.24
92.98
93.99
94.50
95.46
94.51
93.71
93.89
93.80
94.76
93.74
92.71
94.36
92.28
94.84
93.85
93.91
94.30
93.75
94.04
89.99
94.74
93.21
93.69
93.97
93.24
93.80
93.85
93.08
94.22
94.38
94.75
91.55
94.85
94.51
94.50
93.98
95.53
95.69
92.34
92.94
92.56
92.40
93.73
95.18
90.82
94.51
94.95
94.78
92.79
94.02
92.34
94.46
93.67
94.25
93.30
91.63
92.83
89.25
93.45
93.83
90.81
93.56
93.66
95.19
94.24
93.38
94.01
94.88
94.28
94.00
94.61
93.75
94.20
93.05
94.34
94.00
94.06
94.53
93.70
92.84
92.87
94.32
93.05
94.64
93.01
93.84
96.06
92.17
94.04
94.68
95.27
93.16
92.63
93.35
93.33
93.97
94.53
93.86
93.94
92.59
92.45
94.15
94.86
93.97
90.98
91.34
93.73
94.03
94.31
94.32
91.47
94.98
93.11
93.51
94.17
95.32
94.42
95.15
93.88
93.21
94.01
92.74
93.39
92.24
94.21
94.38
94.77
93.89
92.60
95.52
93.77
94.72
91.56
91.70
93.94
95.07
94.38
94.73
93.21
92.78
92.13
93.30
93.54
95.21
95.33
94.66
90.12
93.64
93.82
93.22
93.81
93.84
94.07
93.88
95.04
94.81
94.91
93.77
91.03
93.76
94.57
93.98
93.03
94.54
94.46
92.99
93.72
93.90
95.32
94.96
93.04
92.92
95.11
92.51
94.88
93.97
94.02
94.17
94.14
94.67
93.94
90.77
94.35
93.44
94.61
93.78
94.77
93.96
94.94
94.77
95.02
91.67
92.57
93.76
95.52
94.42
91.91
92.78
93.79
94.33
94.62
94.93
95.38
94.41
94.68
93.00
94.11
92.91
94.25
92.94
93.31
94.53
94.97
94.00
95.14
93.56
94.49
93.32
93.57
92.49
92.85
94.58
94.34
94.34
92.56
93.06
94.89
92.31
94.44
94.90
94.71
93.92
92.84
93.17
95.14
93.62
92.42
94.91
93.70
95.07
85.97
93.24
94.53
90.45
93.36
94.81
94.30
91.29
94.01
90.99
93.60
94.72
94.62
94.25
94.77
92.76
94.71
93.63
93.65
93.88
90.24
94.07
90.63
94.74
93.42
94.63
93.70
94.55
95.43
93.07
93.24
94.72
94.20
94.83
92.12
91.49
94.74
94.69
92.45
93.87
94.81
92.61
92.09
93.60
94.98
93.10
94.67
92.85
94.28
92.44
94.25
94.64
94.44
93.92
93.96
94.42
93.30
94.98
94.10
92.53
94.33
92.44
93.16
93.15
95.58
94.24
92.84
94.44
92.67
94.90
94.07
93.44
94.66
95.12
92.25
94.22
93.24
94.61
93.75
94.03
93.48
93.52
93.30
92.20
92.95
92.94
93.30
94.34
94.90
92.78
93.23
94.98
92.67
95.73
94.65
94.74
94.87
94.28
92.39
95.42
92.71
93.77
93.40
93.08
93.30
94.14
93.66
93.92
92.13
94.20
94.82
94.02
94.82
92.03
95.04
93.99
93.60
95.21
94.20
94.04
95.23
94.26
94.80
92.52
95.12
93.26
93.89
93.03
93.27
94.78
93.23
94.51
94.99
94.25
94.77
90.05
94.97
92.48
92.73
92.12
94.04
93.71
95.03
93.27
92.95
92.85
94.19
94.13
92.56
95.19
94.42
93.92
94.53
92.89
91.86
94.15
90.27
92.91
93.55
94.38
93.11
94.24
94.35
94.10
94.69
94.87
94.71
92.92
91.44
94.80
92.00
92.39
94.57
92.87
94.17
94.22
93.39
93.53
93.14
93.07
94.31
94.30
94.11
95.31
91.76
94.08
93.85
93.45
93.63
94.88
95.38
92.84
93.53
94.46
94.95
93.53
95.25
94.54
93.58
93.98
94.37
94.47
93.21
93.72
94.33
94.99
91.66
94.25
94.07
92.79
92.28
94.70
92.89
95.04
94.89
93.47
94.49
95.46
93.91
92.53
93.85
94.58
93.55
94.98
91.88
94.31
94.42
94.58
93.14
93.94
92.66
