96.43
95.22
96.08
94.78
96.06
95.88
96.07
95.62
96.10
95.00
95.56
95.23
95.70
96.03
95.36
96.14
96.42
96.48
96.12
95.56
95.20
96.29
96.04
95.64
95.12
95.28
96.72
96.28
95.17
94.32
96.34
95.32
95.68
96.22
96.04
95.97
96.34
96.51
95.87
95.05
95.52
95.73
95.11
95.06
95.47
96.21
95.91
96.05
95.52
96.48
96.46
95.93
95.92
96.20
95.92
96.26
95.24
96.02
96.34
95.74
95.52
95.32
95.45
94.30
93.43
95.45
95.21
94.80
96.35
94.91
95.74
96.01
95.80
96.08
94.37
96.11
95.93
95.55
94.57
96.45
95.90
96.37
96.32
95.05
96.19
96.11
93.16
95.77
95.70
96.12
95.49
96.18
96.17
94.07
95.17
95.53
96.62
96.17
95.71
95.64
95.61
96.40
95.52
96.94
96.35
93.59
96.21
95.13
95.45
95.39
95.83
95.15
95.99
96.35
95.78
95.47
96.28
95.66
96.34
96.22
94.11
96.02
96.07
95.76
94.13
95.14
96.31
96.06
95.93
96.26
95.11
95.72
95.20
96.36
96.59
95.48
96.46
95.73
95.10
94.69
96.59
95.57
95.84
95.04
95.69
94.90
95.29
95.58
95.61
95.39
96.10
96.02
95.98
95.51
95.94
95.02
96.26
95.01
96.10
95.31
95.99
95.74
96.27
95.49
96.28
96.30
96.31
96.09
95.93
94.43
95.97
95.86
96.05
96.34
96.15
96.69
95.67
95.55
96.04
94.65
94.94
94.18
95.01
96.27
95.95
95.53
95.58
95.10
95.70
96.30
95.13
93.20
95.42
95.65
95.98
95.32
95.28
95.20
96.36
94.97
95.57
95.65
96.12
96.16
95.66
96.29
96.30
95.79
96.10
96.25
95.58
94.98
96.06
95.89
96.03
95.73
95.47
96.27
95.96
95.38
95.60
96.16
95.54
95.95
95.97
93.85
94.65
94.13
94.93
95.99
95.60
95.84
96.13
95.05
95.91
96.41
96.03
96.13
96.36
96.67
95.90
95.92
96.06
95.76
96.16
96.56
96.01
96.14
94.94
96.21
95.93
96.16
95.52
95.31
96.48
95.10
95.89
95.64
96.67
95.39
96.33
95.49
95.91
95.53
96.25
95.43
96.42
95.57
95.71
94.82
95.06
96.33
95.76
95.70
93.26
95.83
96.32
95.26
95.43
95.11
95.59
93.82
95.15
95.39
95.53
96.23
96.25
95.36
96.16
96.23
96.47
96.23
94.37
96.38
95.54
96.47
95.13
95.73
95.65
95.52
95.27
95.33
95.13
93.56
95.55
95.80
96.26
95.63
95.99
95.77
96.24
96.40
96.35
95.13
95.43
95.99
95.14
95.37
95.24
96.19
95.05
95.89
95.72
96.39
95.85
95.67
96.30
96.01
96.20
96.51
95.11
94.53
96.43
96.26
94.50
93.85
96.63
95.48
96.29
95.83
96.18
95.96
94.51
95.86
96.25
96.27
95.92
96.19
95.86
95.58
96.14
96.91
95.17
95.52
95.27
95.50
95.72
96.40
95.55
96.03
95.47
94.65
96.15
95.64
95.37
96.58
95.43
95.91
95.34
94.81
94.85
96.65
95.68
95.53
95.35
95.93
96.42
96.16
96.30
95.32
96.10
95.85
95.62
95.51
94.88
95.99
96.35
95.11
93.73
95.36
96.04
96.05
95.52
95.54
96.33
96.09
96.60
96.03
95.88
94.96
96.16
95.70
95.72
95.22
95.09
96.16
95.99
95.36
95.38
95.95
95.80
94.19
95.33
95.46
95.88
95.68
95.68
95.11
96.28
95.85
95.85
96.08
95.95
95.31
95.95
96.69
96.44
94.66
96.09
95.29
95.98
95.27
94.65
95.43
96.08
95.85
95.17
95.71
96.14
94.02
96.02
94.48
95.50
95.40
94.92
96.08
96.87
92.41
96.81
95.31
95.35
95.94
96.02
95.88
95.09
95.68
95.73
96.09
96.41
95.91
94.99
95.20
96.14
94.69
95.51
95.41
95.30
94.57
95.49
95.86
95.11
96.37
94.88
94.64
94.10
95.27
96.41
95.93
95.86
96.02
96.26
94.99
94.16
96.40
95.51
95.50
96.19
95.11
95.40
96.39
95.52
95.39
95.62
96.31
96.33
95.93
96.13
96.39
94.69
96.47
94.37
95.32
95.94
96.65
93.23
96.42
94.87
96.50
95.76
95.80
96.12
96.30
94.04
94.73
96.26
96.34
95.66
95.99
96.15
94.75
96.21
96.72
95.15
96.24
96.14
95.97
95.45
96.11
95.31
96.61
95.51
95.53
96.04
96.41
96.40
95.97
95.14
95.53
94.55
95.77
96.21
95.94
94.43
96.23
96.15
96.02
96.23
96.04
95.40
96.02
95.81
94.87
95.33
95.31
95.71
95.29
95.63
95.96
96.31
96.05
96.39
95.25
94.91
95.16
96.39
95.78
96.36
96.08
95.83
96.32
95.16
95.20
96.45
96.05
95.53
95.13
95.78
96.12
95.31
96.54
95.60
95.94
96.33
95.15
96.06
95.72
96.48
96.20
95.46
95.80
96.38
95.28
95.61
95.62
95.79
93.34
95.92
95.31
95.61
94.94
95.73
95.97
95.31
96.44
96.31
95.78
95.27
95.84
95.46
96.12
95.88
95.73
95.79
96.53
96.14
96.19
96.23
95.35
96.18
96.58
95.89
94.22
96.00
95.33
95.87
95.70
95.24
95.70
96.49
96.59
95.88
95.99
95.57
95.47
96.00
96.20
96.18
96.16
94.98
96.04
95.91
94.69
96.07
94.81
96.26
95.43
95.67
95.30
96.10
94.50
95.32
95.35
96.60
95.63
95.66
95.40
96.18
96.53
95.33
96.09
95.78
95.47
95.67
95.57
95.11
95.54
95.15
95.48
94.39
95.56
96.18
96.03
95.53
95.96
95.43
95.86
93.65
95.63
94.39
96.49
95.89
96.16
95.73
95.87
94.64
95.57
96.12
95.39
96.09
95.27
95.80
96.23
96.25
95.68
94.55
95.72
96.48
95.36
95.72
94.77
94.09
94.68
95.13
95.33
96.08
95.89
95.26
95.77
96.20
94.57
95.93
95.27
96.22
94.95
94.41
95.65
95.66
96.15
96.36
95.68
95.34
95.50
95.57
96.55
96.05
95.07
95.59
96.48
95.71
95.72
96.35
95.74
96.18
94.91
96.39
96.07
96.62
95.30
95.85
95.57
96.04
95.13
96.28
96.33
94.81
94.87
95.91
96.19
95.71
95.51
96.23
95.47
96.20
95.44
95.91
96.14
95.19
95.51
95.70
96.21
96.13
96.35
96.39
96.11
95.99
95.30
96.52
95.34
95.63
95.77
95.83
96.46
96.11
95.98
96.54
95.97
96.62
95.24
96.01
95.77
95.08
96.02
95.71
96.61
96.37
96.01
94.79
93.46
96.49
96.38
95.84
95.83
95.69
95.74
96.20
95.37
95.21
96.35
96.29
94.78
95.52
95.32
95.15
95.67
95.76
94.45
96.07
95.43
95.67
95.34
94.91
96.22
95.65
96.26
96.18
95.88
96.16
96.25
95.78
96.86
96.01
96.21
95.35
96.14
95.66
95.19
96.26
94.53
96.41
94.96
94.98
95.47
95.85
94.92
96.17
95.59
95.61
95.51
95.90
95.07
94.61
93.96
95.68
96.32
96.70
96.27
95.46
95.89
95.38
95.30
95.70
95.43
95.57
94.84
96.54
96.15
95.87
95.38
94.81
96.01
94.60
95.88
93.60
95.48
96.45
95.05
95.16
95.80
95.08
96.01
96.42
93.81
96.38
96.14
95.12
95.85
95.98
94.67
95.94
94.43
96.12
96.77
95.66
96.19
94.76
95.10
93.98
95.78
96.49
95.98
96.18
95.97
95.96
95.78
95.54
95.55
94.80
93.75
94.57
96.03
95.37
96.19
94.41
95.65
95.19
95.92
94.91
95.95
95.35
95.51
95.79
95.59
95.96
94.33
95.70
95.92
95.33
95.98
94.60
95.61
95.33
94.28
95.06
96.33
95.69
95.96
95.93
95.41
95.81
95.58
96.04
95.70
95.46
94.29
93.99
95.48
96.06
96.45
94.28
93.87
95.22
95.40
96.60
96.03
96.62
95.81
96.44
96.05
95.29
96.02
96.48
95.38
95.98
95.02
96.28
95.55
95.85
95.29
96.86
94.73
94.80
94.50
96.25
94.64
96.01
96.35
95.86
94.74
95.30
96.11
96.00
95.69
95.63
96.03
96.63
95.74
96.74
94.53
92.92
95.47
95.95
96.06
95.88
96.29
96.63
96.00
96.45
95.87
95.47
95.99
95.00
95.92
96.28
96.25
95.73
96.05
95.03
96.16
94.26
95.64
