97.06
97.06
97.32
97.02
97.29
97.24
97.21
97.09
97.02
97.17
97.06
97.28
97.05
97.14
96.90
97.24
97.41
97.06
97.30
96.86
97.47
97.20
97.31
97.06
97.58
97.51
97.17
97.25
97.41
97.08
97.41
96.88
97.33
96.77
97.20
96.86
97.37
97.39
97.62
97.29
96.92
97.11
96.98
97.40
97.44
97.23
97.12
97.35
97.22
97.39
97.22
97.23
97.21
97.27
97.13
97.27
97.55
97.24
97.15
97.27
97.40
97.30
97.20
97.39
97.37
97.16
97.48
97.15
97.15
97.35
97.53
97.15
97.38
97.21
96.93
97.07
97.30
97.06
97.34
97.40
97.17
97.40
97.54
97.25
97.45
97.33
97.05
97.13
97.22
97.27
97.48
97.01
97.32
97.13
97.42
97.42
97.37
97.37
97.24
97.14
96.99
97.30
96.88
97.13
97.08
96.94
97.35
97.43
97.22
97.37
97.17
96.92
97.33
97.36
97.19
96.90
97.29
97.27
97.30
97.07
97.19
97.02
97.10
97.07
97.04
97.05
97.03
96.91
97.26
97.41
97.08
97.01
96.91
97.18
97.23
97.18
97.23
97.00
97.40
97.13
96.99
96.98
97.09
97.24
97.16
97.31
97.16
97.22
96.74
97.04
97.10
97.06
96.80
97.29
97.34
97.20
97.40
97.38
97.01
97.02
97.13
96.85
96.84
96.88
97.17
97.11
97.09
97.39
97.40
96.87
97.11
97.22
97.56
97.18
96.82
97.38
96.83
97.16
97.03
97.27
97.37
97.06
97.29
97.01
96.86
97.18
96.94
97.01
97.22
97.22
97.15
97.14
97.14
96.86
97.11
97.15
97.24
96.91
97.10
96.92
97.35
97.05
97.26
97.27
97.33
97.24
97.06
96.84
97.42
97.20
96.95
97.40
97.33
97.27
97.38
97.11
97.23
97.40
97.13
97.13
97.27
97.51
97.40
97.21
96.91
97.47
97.06
97.28
97.25
97.02
97.23
97.30
96.99
97.07
96.32
97.46
97.31
97.23
97.29
96.87
97.09
97.39
97.02
97.33
97.19
97.05
97.04
97.31
97.00
96.89
97.37
96.84
97.30
97.30
97.40
97.42
97.25
97.14
97.10
97.17
97.26
97.25
97.21
97.35
97.06
97.44
97.42
97.32
97.31
97.33
97.17
97.35
97.08
97.35
96.75
97.47
97.65
97.15
97.36
97.22
97.28
97.30
97.47
97.24
97.10
96.86
97.05
97.53
97.23
97.31
97.24
97.00
97.12
97.31
97.19
97.45
97.08
97.46
97.30
97.15
97.35
97.00
97.31
97.07
97.44
97.34
96.99
97.49
97.31
96.67
97.47
97.19
97.22
97.04
97.07
97.25
96.71
97.52
97.23
97.49
97.33
97.38
97.22
97.36
97.33
96.96
97.39
97.17
97.23
97.24
97.03
96.78
97.08
96.78
97.22
96.93
96.76
97.23
97.19
96.90
97.25
97.27
96.90
97.41
97.05
96.72
97.29
97.16
97.38
97.12
96.71
97.28
96.94
97.20
96.86
97.20
97.50
97.38
97.07
97.45
97.22
97.24
97.00
97.24
97.56
97.17
97.24
97.11
97.28
97.37
97.05
97.28
97.47
97.44
97.20
97.09
97.26
97.21
96.90
97.27
97.20
96.86
97.54
97.01
97.47
97.21
97.31
97.23
97.19
97.01
97.38
97.25
97.31
97.28
97.16
97.16
97.33
97.48
97.18
97.02
97.04
97.17
97.18
96.92
97.15
97.36
97.01
97.18
97.11
97.24
97.42
97.24
97.55
97.17
97.07
97.27
96.59
97.51
96.79
97.37
97.08
97.10
97.10
97.24
97.09
97.08
97.27
97.20
97.20
97.21
97.23
97.10
97.32
97.13
97.51
96.54
96.62
97.12
97.38
96.67
97.17
96.94
97.38
97.48
96.93
97.38
97.17
97.16
97.24
97.29
97.47
96.89
96.84
96.51
97.24
96.89
97.22
97.11
96.93
97.30
97.00
97.26
97.18
97.25
97.37
97.31
97.34
97.20
97.23
97.18
97.33
97.12
97.13
97.24
97.31
97.27
97.36
97.34
97.08
97.33
97.42
96.98
97.15
97.30
97.16
96.99
97.26
97.17
97.35
97.41
97.23
97.35
96.89
96.92
97.36
97.32
97.13
97.15
97.15
97.31
97.18
97.32
97.34
97.46
97.10
97.00
97.31
97.27
97.42
97.29
97.32
97.16
97.05
97.02
97.10
97.34
97.27
97.17
96.97
97.17
97.23
97.09
97.45
96.96
97.17
97.28
97.01
97.44
97.14
97.24
97.24
96.84
97.48
97.27
97.19
97.20
97.00
97.18
97.09
97.33
97.24
97.51
97.14
97.22
97.50
97.47
97.20
96.89
97.15
97.13
97.16
97.38
97.11
97.28
97.06
97.48
96.96
97.25
97.21
97.25
97.30
97.30
97.19
97.31
97.00
97.23
97.18
96.84
96.87
97.09
96.73
97.06
97.08
97.10
97.11
97.34
97.16
97.04
96.72
97.35
97.49
97.39
97.28
97.06
97.40
96.85
96.70
97.37
97.26
97.24
97.24
97.40
97.25
97.41
97.24
96.97
96.82
97.22
97.40
97.15
97.49
97.15
97.29
97.31
97.52
97.03
97.14
97.04
97.27
97.36
97.13
97.21
97.18
97.18
97.40
97.03
97.07
96.98
97.15
96.78
97.03
97.22
97.34
97.39
97.29
97.18
97.40
96.89
97.32
97.06
97.24
96.90
97.27
97.22
97.03
97.29
97.25
97.23
97.06
97.23
97.18
96.97
97.37
97.39
97.29
97.28
96.92
97.46
97.21
96.98
96.98
97.21
97.48
97.33
97.04
97.41
97.39
97.24
97.23
97.22
97.26
97.01
97.14
97.19
96.76
96.85
97.13
97.30
97.20
97.36
97.30
97.26
97.35
96.86
97.30
97.10
96.88
97.30
97.35
97.15
97.24
97.27
97.19
97.07
97.26
97.25
97.43
97.08
97.02
97.14
97.37
96.94
97.32
97.38
97.21
96.95
97.28
97.01
97.27
96.73
96.59
97.37
96.98
96.29
97.36
96.72
97.24
96.88
97.38
97.43
97.25
97.15
97.32
97.29
96.93
97.28
97.31
96.97
96.48
97.18
97.39
96.96
96.98
97.38
96.88
97.19
97.11
97.39
96.94
96.88
96.90
97.16
97.13
97.15
97.17
97.49
97.23
96.82
97.50
96.86
97.08
97.32
97.14
97.41
97.40
97.39
96.97
97.22
97.39
97.40
97.29
97.18
97.26
97.10
97.24
97.19
97.33
97.46
97.17
97.17
97.20
97.06
97.22
97.15
97.25
97.48
97.45
96.81
97.33
97.15
97.24
97.28
97.34
97.35
97.55
97.30
97.24
97.34
97.61
97.07
97.26
97.08
97.34
97.03
97.44
97.16
97.38
97.24
96.68
97.09
97.19
97.04
97.19
97.39
97.36
97.20
96.92
97.16
97.15
97.15
97.15
97.06
96.98
97.30
97.34
97.31
97.48
97.49
97.36
97.08
97.28
97.11
97.08
97.29
97.18
97.45
97.45
97.23
97.23
97.28
97.02
97.41
97.26
97.22
97.18
97.38
97.14
96.84
97.15
97.16
97.34
97.27
97.24
97.24
97.04
97.33
97.21
97.09
96.99
97.47
97.33
97.29
97.55
96.57
97.19
97.08
96.98
97.17
97.34
97.14
97.15
97.46
97.41
97.26
97.28
97.36
97.23
97.53
96.85
97.15
97.61
96.94
96.77
97.14
97.07
97.21
97.48
97.38
97.30
97.30
96.96
97.15
97.27
97.08
97.12
97.10
97.13
97.24
96.84
96.98
96.84
97.15
97.43
97.29
96.96
97.30
97.49
97.27
97.03
96.84
97.30
97.19
96.45
97.12
97.02
97.03
97.45
97.12
97.57
97.34
96.96
97.22
97.32
97.36
96.91
97.35
97.37
97.39
97.20
97.17
96.78
96.92
97.16
97.21
97.09
97.19
97.47
97.19
97.15
97.37
97.38
96.92
97.19
97.26
97.34
97.42
97.30
97.28
96.89
97.37
97.36
96.85
96.97
97.25
97.20
97.16
97.40
97.11
97.19
97.05
96.79
97.31
97.42
97.13
97.13
97.34
97.31
97.26
96.98
97.30
97.11
97.43
97.39
97.33
97.19
97.20
96.87
97.18
97.26
96.63
96.67
97.24
97.34
97.44
97.07
97.52
97.19
96.87
97.15
97.67
97.23
96.89
96.84
97.20
97.09
97.49
97.06
97.46
97.24
97.40
97.07
97.36
97.31
97.29
96.76
97.41
97.38
97.13
97.43
96.87
97.46
97.26
97.38
97.41
97.15
97.28
97.02
97.40
97.23
96.95
