97.74
97.55
97.68
97.72
97.29
97.63
97.56
97.64
97.69
97.79
97.70
97.70
97.69
97.60
97.59
97.62
97.67
97.88
97.56
97.67
97.67
97.62
97.57
97.53
97.67
97.66
97.55
97.62
97.72
97.68
97.68
97.71
97.73
97.70
97.43
97.65
97.81
97.49
97.63
97.71
97.67
97.57
97.63
97.62
97.88
97.55
97.66
97.41
97.64
97.78
97.56
97.62
97.79
97.62
97.63
97.75
97.69
97.66
97.69
97.40
97.71
97.64
97.68
97.56
97.43
97.72
97.73
97.66
97.76
97.56
97.71
97.51
97.65
97.65
97.77
97.55
97.62
97.48
97.80
97.47
97.49
97.80
97.45
97.69
97.62
97.85
97.72
97.71
97.52
97.58
97.43
97.57
97.54
97.71
97.65
97.20
97.72
97.55
97.83
97.43
97.71
97.72
97.68
97.89
97.69
97.86
97.77
97.74
97.50
97.73
97.79
97.80
97.64
97.74
97.65
97.73
97.71
97.51
97.61
97.71
97.67
97.74
97.82
97.73
97.44
97.64
97.79
97.31
97.76
97.39
97.63
97.47
97.60
97.43
97.32
97.56
97.71
97.70
97.86
97.79
97.66
97.67
97.56
97.70
97.75
97.84
97.64
97.67
97.67
97.85
97.85
97.58
97.32
97.78
97.76
97.68
97.65
97.65
97.66
97.65
97.73
97.92
97.58
97.57
97.74
97.59
97.78
97.69
97.33
97.75
97.63
97.56
97.51
97.69
97.67
97.57
97.72
97.93
97.62
97.82
97.65
97.75
97.67
97.78
97.68
97.66
97.81
97.73
97.53
97.73
97.84
97.83
97.46
97.70
97.75
97.46
97.69
97.55
97.66
97.74
97.74
97.73
97.73
97.47
97.57
97.39
97.50
97.61
97.54
97.49
97.59
97.65
97.75
97.85
97.62
97.54
97.65
97.73
97.47
97.73
97.50
97.53
97.62
97.57
97.62
97.38
97.71
97.32
97.78
97.43
97.74
97.85
97.42
97.50
97.61
97.70
97.72
97.55
97.69
97.44
97.68
97.45
97.64
97.84
97.69
97.48
97.73
97.47
97.52
97.61
97.75
97.48
97.70
97.59
97.54
97.48
97.64
97.63
97.60
97.50
97.57
97.48
97.72
97.54
97.65
97.72
97.65
97.78
97.76
97.71
97.76
97.70
97.75
97.77
97.62
97.46
97.65
97.62
97.76
97.38
97.67
97.80
97.87
97.77
97.63
97.67
97.66
97.66
97.61
97.72
97.79
97.56
97.72
97.74
97.78
97.61
97.55
97.71
97.84
97.66
97.59
97.34
97.55
97.85
97.95
97.63
97.53
97.66
97.73
97.81
97.88
97.42
97.78
97.89
97.72
97.86
97.79
97.77
97.64
97.66
97.55
97.45
97.79
97.86
97.59
97.60
97.67
97.60
97.77
97.63
97.53
97.64
97.69
97.45
97.74
97.74
97.65
97.79
97.81
97.69
97.60
97.66
97.65
97.69
97.71
97.65
97.72
97.75
97.45
97.74
97.71
97.59
97.71
97.58
97.67
97.56
97.57
97.40
97.57
97.40
97.70
97.73
97.69
97.69
97.76
97.76
97.49
97.51
97.73
97.46
97.65
97.43
97.71
97.81
97.75
97.59
97.81
97.53
97.71
97.47
97.60
97.72
97.54
97.78
97.55
97.71
97.69
97.62
97.53
97.78
97.53
97.56
97.70
97.72
97.88
97.60
97.53
97.70
97.87
97.85
97.72
97.66
97.66
97.77
97.73
97.71
97.76
97.69
97.56
97.73
97.69
97.73
97.67
97.70
97.76
97.68
97.91
97.60
97.74
97.37
97.81
97.71
97.51
97.74
97.62
97.63
97.68
97.93
97.68
97.71
97.77
97.60
97.48
97.60
97.46
97.81
97.52
97.61
97.66
97.77
97.81
97.74
97.75
97.55
97.77
97.58
97.65
97.60
97.67
97.74
97.65
97.74
97.74
97.58
97.77
97.56
97.63
97.66
97.67
97.66
97.75
97.58
97.84
97.71
97.83
97.56
97.75
97.68
97.54
97.82
97.45
97.78
97.79
97.80
97.65
97.81
97.37
97.85
97.53
97.70
97.54
97.67
97.63
97.54
97.63
97.65
97.52
97.58
97.79
97.72
97.60
97.75
97.53
97.66
97.64
97.45
97.75
97.49
97.69
97.65
97.73
97.82
97.60
97.84
97.76
97.75
97.78
97.80
97.48
97.44
97.73
97.62
97.75
97.77
97.71
97.69
97.82
97.49
97.60
97.67
97.61
97.64
97.73
97.70
97.41
97.66
97.61
97.63
97.74
97.73
97.72
97.60
97.47
97.83
97.67
97.70
97.63
97.98
97.37
97.71
97.71
97.59
97.75
97.85
97.75
97.81
97.50
97.42
97.71
97.66
97.69
97.81
97.64
97.55
97.59
97.57
97.66
97.50
97.83
97.79
97.74
97.50
97.63
97.75
97.81
97.72
97.50
97.62
97.48
97.57
97.79
97.50
97.64
97.67
97.66
97.66
97.85
97.80
97.68
97.70
97.69
97.51
97.69
97.53
97.52
97.74
97.49
97.76
97.73
97.61
97.72
97.63
97.67
97.62
97.69
97.41
97.67
97.65
97.43
97.72
97.70
97.91
97.71
97.76
97.57
97.46
97.62
97.61
97.68
97.42
97.62
97.35
97.65
97.45
97.47
97.47
97.64
97.84
97.74
97.59
97.84
97.40
97.72
97.53
97.74
97.60
97.40
97.35
97.84
97.90
97.42
97.64
97.40
97.47
97.72
97.63
97.55
97.70
97.50
97.76
97.53
97.71
97.54
97.59
97.53
97.62
97.39
97.52
97.66
97.68
97.69
97.88
97.73
97.20
97.43
97.60
97.64
97.57
97.59
97.71
97.71
97.60
97.73
97.76
97.63
97.72
97.50
97.44
97.70
97.73
97.74
97.69
97.72
97.79
97.61
97.42
97.62
97.65
97.47
97.59
97.59
97.68
97.73
97.61
97.54
97.71
97.43
97.58
97.64
97.64
97.63
97.72
97.80
97.61
97.66
97.70
97.68
97.78
97.82
97.62
97.55
97.59
97.59
97.82
97.67
97.66
97.64
97.66
97.75
97.75
97.48
97.65
97.75
97.80
97.72
97.52
97.67
97.90
97.56
97.60
97.59
97.66
97.73
97.67
97.62
97.59
97.70
97.61
97.57
97.49
97.68
97.59
97.71
97.73
97.33
97.63
97.64
97.76
97.51
97.64
97.94
97.65
97.50
97.63
97.58
97.53
97.61
97.84
97.64
97.90
97.86
97.73
97.75
97.52
97.70
97.56
97.83
97.81
97.89
97.69
97.50
97.68
97.71
97.65
97.69
97.52
97.75
97.70
97.58
97.76
97.70
97.53
97.46
97.90
97.60
97.76
97.72
97.73
97.22
97.35
97.76
97.64
97.73
97.76
97.57
97.72
97.53
97.89
97.49
97.66
97.66
97.64
97.36
97.78
97.63
97.62
97.79
97.73
97.48
97.63
97.76
97.75
97.61
97.37
97.77
97.72
97.58
97.47
97.78
97.66
97.65
97.52
97.67
97.59
97.65
97.80
97.70
97.70
97.83
97.57
97.69
97.67
97.96
97.86
97.60
97.61
97.53
97.76
97.82
97.85
97.62
97.62
97.54
97.51
97.75
97.58
97.91
97.69
97.53
97.65
97.76
97.94
97.61
97.77
97.72
97.62
97.85
97.63
97.84
97.73
97.90
97.60
97.79
97.61
97.54
97.75
97.65
97.79
97.46
97.63
97.32
97.53
97.78
97.52
97.76
97.74
97.62
97.98
97.57
97.77
97.72
97.66
97.43
97.51
97.79
97.36
97.54
97.71
97.56
97.67
97.67
97.70
97.62
97.79
97.30
97.74
97.54
97.74
97.51
97.76
97.67
97.59
97.81
97.74
97.73
97.82
97.67
97.82
97.62
97.47
97.83
97.65
97.51
97.66
97.70
97.56
97.70
97.61
97.73
97.65
97.59
97.37
97.73
97.68
97.81
97.73
97.47
97.67
97.76
97.73
97.64
97.53
97.61
97.67
97.61
97.75
97.68
97.83
97.64
97.85
97.80
97.83
97.70
97.58
97.70
97.60
97.47
97.61
97.64
97.55
97.54
97.78
97.63
97.63
97.79
97.55
97.61
97.77
97.63
97.80
97.76
97.80
97.71
97.68
97.53
97.73
97.61
97.85
97.56
97.58
97.71
97.84
97.58
97.79
97.74
97.74
97.75
97.83
97.51
97.52
97.79
97.69
97.56
97.73
97.78
97.44
97.71
97.66
97.66
97.70
97.69
97.79
97.57
97.65
97.76
97.42
97.56
97.70
97.58
97.72
97.63
97.47
97.47
97.55
97.61
97.64
97.58
97.81
97.55
97.72
