96.96
97.37
96.84
97.05
97.09
96.99
97.11
96.87
96.98
96.84
96.54
96.69
97.03
97.23
96.87
96.71
97.20
96.82
96.92
96.64
96.77
97.01
96.50
96.88
96.93
96.57
97.13
96.18
97.05
96.99
96.61
97.00
96.99
96.83
96.81
96.45
96.95
96.47
97.01
96.78
97.06
97.09
97.17
96.70
97.13
96.84
97.03
96.52
97.10
96.73
96.80
96.95
96.87
97.09
97.11
96.56
97.00
96.09
97.26
97.34
96.73
97.32
97.03
96.84
96.88
96.84
96.64
96.12
96.16
96.75
96.67
97.17
96.68
96.69
97.06
97.35
96.52
96.46
97.02
96.98
96.59
97.41
96.85
96.61
96.73
96.49
96.88
96.92
96.72
97.44
97.09
97.23
96.94
97.25
97.03
96.27
96.59
96.68
96.61
96.66
97.01
96.89
96.25
96.80
96.85
97.25
96.92
97.03
96.79
97.12
96.57
97.02
96.93
96.81
97.22
96.26
97.03
95.83
96.74
96.77
96.64
97.29
97.07
96.80
97.34
96.83
96.82
96.90
96.66
96.86
96.77
96.69
97.20
97.23
96.99
96.81
96.38
96.90
97.00
96.72
96.68
97.22
96.94
97.01
97.38
96.81
96.91
96.52
97.06
97.12
96.20
97.24
96.99
96.68
96.94
96.59
96.83
96.66
97.19
97.26
96.26
97.21
97.11
96.88
96.85
96.40
96.83
96.46
96.76
96.87
96.43
96.88
96.49
96.61
97.01
96.67
96.86
96.83
96.91
96.81
96.46
96.78
97.01
96.64
96.89
96.76
97.13
97.17
96.98
97.35
96.22
96.69
96.80
96.64
96.64
96.46
96.83
97.09
96.49
96.55
96.99
97.26
96.91
96.46
97.19
96.88
96.87
96.90
97.24
96.95
96.38
97.29
97.13
97.16
97.29
97.19
96.70
96.80
97.01
97.11
96.88
97.12
96.64
97.13
96.64
96.67
97.20
96.76
97.32
96.85
97.28
96.91
97.14
96.44
97.07
97.07
97.21
96.94
96.81
96.90
97.01
97.03
96.86
96.84
96.80
96.48
96.76
96.94
97.33
96.95
96.52
96.71
96.81
97.20
97.08
97.14
97.03
96.45
96.90
97.07
96.42
97.10
96.76
96.26
96.87
97.00
97.24
96.57
96.34
96.63
96.97
97.10
96.99
96.72
97.09
96.80
96.86
97.25
97.21
96.87
96.96
96.42
96.83
96.73
96.68
96.68
97.19
96.71
96.86
96.73
97.01
97.34
96.99
96.97
96.93
96.99
96.86
96.79
96.18
96.81
96.71
96.76
96.73
96.78
96.91
96.81
96.97
97.22
96.97
96.86
96.95
96.87
97.02
97.07
97.44
96.98
97.24
96.81
96.86
96.95
96.77
96.64
96.95
96.82
96.65
97.57
97.32
96.80
96.36
96.87
97.03
96.89
97.09
96.94
97.01
96.91
97.00
96.91
96.98
96.88
96.68
96.93
96.58
96.62
96.98
96.89
97.00
96.59
96.78
97.26
96.86
96.62
96.66
97.17
97.04
96.99
97.20
96.85
97.22
96.92
96.72
96.54
96.69
97.20
96.44
97.14
96.57
96.97
96.93
97.06
97.35
97.23
96.94
96.79
96.42
96.84
96.45
96.24
97.09
96.71
96.53
96.89
97.14
97.30
96.60
97.04
96.86
96.94
97.11
97.07
96.83
97.24
96.52
97.30
97.36
97.11
97.19
96.95
97.06
97.04
96.91
96.61
96.98
97.22
96.65
96.83
97.03
97.17
97.09
96.87
96.87
97.06
97.14
97.18
96.92
96.74
96.97
96.81
96.64
97.04
96.11
97.10
97.08
96.72
96.83
97.08
96.80
97.11
96.92
96.93
97.04
96.42
97.33
97.24
96.83
97.04
96.91
97.00
96.99
97.07
96.60
96.73
96.72
97.02
97.27
96.56
97.01
96.85
97.09
96.71
96.78
97.18
97.26
96.97
96.70
96.90
97.17
96.64
96.74
96.67
96.87
96.69
96.92
97.00
96.90
96.86
96.83
97.02
96.89
97.25
96.40
97.11
96.17
96.96
96.83
96.96
96.48
96.84
96.97
96.77
96.67
96.78
96.98
96.93
96.78
96.85
96.75
96.74
97.27
96.48
97.28
96.86
96.22
96.76
97.06
96.78
97.26
97.10
96.38
96.98
97.21
96.73
97.09
97.18
96.78
97.27
96.72
97.13
97.21
96.85
97.05
96.20
97.15
96.08
97.23
96.43
96.37
96.48
96.85
96.88
96.90
96.78
96.43
96.95
97.11
96.93
96.86
96.74
96.85
96.57
97.47
96.77
97.09
97.01
97.27
96.78
96.85
96.96
96.68
96.94
96.32
96.46
97.03
96.99
96.81
97.15
96.92
96.77
97.24
97.18
96.90
96.92
96.69
96.76
96.66
96.58
96.46
97.32
96.85
97.11
96.61
96.86
97.18
96.41
96.06
96.91
96.84
96.93
97.23
96.68
96.61
97.14
96.99
96.97
96.97
96.65
96.57
96.07
96.65
96.85
97.33
96.89
96.94
97.05
97.27
97.14
96.63
97.11
97.14
96.75
96.87
96.80
96.91
96.80
96.99
97.15
97.16
97.00
97.15
97.27
97.38
97.19
97.00
96.90
96.56
97.03
96.92
96.65
96.75
97.06
97.01
97.18
96.32
96.74
96.98
96.76
97.10
97.01
97.24
96.93
97.24
96.71
97.48
96.96
97.16
96.84
96.77
96.73
96.68
97.10
96.49
97.10
96.85
97.00
97.21
96.45
97.04
96.82
96.94
96.52
97.03
97.22
97.11
97.00
96.78
97.16
96.78
96.98
97.44
97.12
96.77
96.62
96.81
96.99
97.02
96.19
96.15
96.54
97.46
96.63
97.18
96.78
96.46
97.14
96.92
96.08
97.11
97.05
96.95
96.73
96.88
97.25
96.80
97.00
97.03
96.72
96.95
96.80
97.14
96.66
96.63
97.19
96.75
96.93
97.00
96.67
96.74
97.24
97.05
96.73
97.03
97.13
96.89
97.03
96.78
96.61
96.49
96.47
96.71
97.15
96.61
97.02
96.70
97.25
97.17
96.39
96.29
96.90
97.25
96.69
96.92
97.07
96.95
96.95
96.71
97.05
96.86
96.87
97.05
96.11
96.65
96.90
97.05
96.85
96.15
97.03
96.63
97.08
95.93
97.04
96.74
96.76
96.01
96.84
96.79
96.92
96.56
96.70
97.14
96.52
97.15
96.94
96.69
97.03
97.12
96.43
96.91
96.89
96.99
96.59
96.58
96.68
96.75
96.63
97.18
97.18
96.82
97.26
97.05
96.96
96.74
96.71
97.11
96.52
97.27
96.99
96.35
97.26
96.84
96.86
96.99
97.02
97.23
96.71
97.02
96.55
97.14
97.24
96.98
97.24
97.05
96.86
97.25
97.01
96.78
96.69
97.20
97.12
97.17
97.04
97.07
96.65
97.06
97.35
97.06
96.76
96.86
97.10
96.43
96.95
97.00
96.67
96.90
97.03
96.56
96.59
96.67
96.70
97.12
97.12
96.19
96.53
96.74
96.90
97.00
97.08
97.03
96.44
96.55
96.94
96.50
96.88
96.03
96.90
97.11
96.83
96.78
96.85
97.22
96.93
97.20
96.95
96.75
96.96
96.90
97.11
97.12
96.70
97.17
96.75
96.85
97.02
97.31
96.53
96.64
96.41
97.28
97.24
96.59
96.80
96.88
96.25
96.95
97.10
96.94
96.86
97.09
96.93
97.17
96.25
97.14
97.07
96.60
96.38
96.81
96.81
97.24
96.49
96.50
97.24
97.21
97.57
96.41
96.71
97.22
96.96
96.92
97.08
96.91
96.60
96.78
96.56
96.85
96.11
97.17
97.08
96.42
96.54
96.53
96.82
96.46
97.32
96.71
95.59
97.06
96.56
97.35
97.11
96.37
96.87
96.56
97.05
97.04
97.00
97.19
96.82
96.38
97.14
97.03
96.78
96.76
96.92
97.32
96.26
97.13
96.74
96.61
96.94
96.99
96.67
96.84
96.97
97.15
96.87
96.76
96.88
97.12
96.83
96.69
96.43
96.58
97.20
97.09
97.11
96.34
97.10
96.94
97.25
96.98
97.19
96.98
97.00
96.63
97.05
97.02
96.95
97.19
96.71
95.97
97.10
97.33
96.86
97.00
96.77
97.00
97.14
97.28
97.20
96.85
96.52
96.62
96.68
97.22
96.72
96.75
96.65
96.77
96.79
96.98
96.14
97.06
96.56
96.52
96.42
96.51
96.87
96.97
97.13
96.97
97.10
97.04
97.25
97.31
96.95
96.99
96.96
96.87
97.16
97.24
96.95
96.46
96.96
96.95
97.19
96.58
96.99
97.16
96.72
96.81
97.18
