96.30
97.01
95.81
96.08
96.48
96.93
96.93
96.66
96.67
96.39
96.75
96.20
96.22
96.72
96.26
96.84
96.47
96.49
96.69
96.78
96.91
96.59
96.74
96.52
96.26
96.18
96.68
96.86
96.56
96.93
96.61
96.35
96.72
96.82
96.20
96.91
96.63
96.30
96.52
97.12
96.50
97.09
96.80
96.95
96.35
96.44
96.83
97.00
96.26
96.42
96.41
96.52
96.09
96.89
96.05
96.58
96.77
96.71
96.61
96.63
96.95
96.41
96.45
96.07
96.76
96.58
96.21
96.52
96.79
96.97
97.08
96.29
95.81
96.41
96.30
96.52
96.43
96.70
96.94
96.59
96.93
96.49
96.39
96.53
96.51
96.62
96.75
96.30
96.80
96.66
95.10
96.43
96.55
96.67
96.65
96.48
95.84
96.72
96.48
96.80
96.43
96.70
96.80
96.85
96.32
96.37
96.43
96.48
96.12
96.09
96.52
96.90
96.54
97.00
96.34
95.85
97.03
96.32
96.36
95.95
96.37
96.64
96.04
96.80
96.79
96.62
96.22
96.79
96.86
95.83
96.59
96.45
96.87
96.87
96.59
96.52
96.92
96.26
96.43
96.80
95.25
96.99
96.56
96.64
96.97
96.55
96.56
95.42
97.16
96.79
96.24
96.85
96.79
96.86
96.96
96.43
96.80
96.21
96.81
96.30
96.08
96.95
97.09
96.89
96.32
97.28
96.37
96.61
96.21
96.40
96.77
96.24
96.56
96.26
96.53
96.59
97.05
96.94
96.77
96.62
96.53
96.64
96.12
96.21
96.83
97.08
95.88
96.36
96.79
96.96
96.91
96.79
95.88
96.55
95.72
96.71
96.31
96.42
95.87
96.54
96.71
96.54
96.95
96.77
96.31
96.95
96.88
96.27
95.75
96.26
96.50
96.61
96.80
96.87
96.32
96.92
96.42
96.29
96.61
96.98
96.77
96.63
96.41
96.89
96.44
96.47
96.44
96.52
95.98
96.37
96.54
96.41
96.71
96.63
96.88
96.95
96.86
96.74
96.33
96.39
96.52
96.41
96.74
96.72
96.07
96.51
96.53
96.95
96.55
96.68
96.60
96.65
96.70
96.73
96.31
96.24
96.57
96.32
96.54
96.84
96.78
96.78
96.64
96.85
96.87
96.49
96.11
96.60
96.65
96.28
96.65
96.76
96.70
96.13
96.64
95.89
96.86
96.57
96.58
96.44
95.83
96.79
96.73
97.01
96.58
96.69
96.61
96.73
96.49
96.33
96.29
96.15
96.30
96.60
96.80
96.30
96.91
96.59
96.45
96.15
96.16
96.52
96.58
96.84
96.76
96.51
96.43
96.59
96.34
96.58
95.88
96.79
96.59
96.95
96.57
96.45
96.51
96.71
96.51
97.02
96.53
96.16
96.48
96.53
96.83
96.64
96.70
96.73
96.67
96.82
97.09
96.62
96.46
96.72
96.42
96.51
96.57
96.61
97.01
96.65
96.34
96.33
96.85
96.78
96.88
96.84
95.41
96.61
96.71
96.88
96.42
96.88
96.26
96.81
96.88
96.69
96.92
96.27
97.17
96.50
96.84
96.50
96.88
96.80
96.90
95.99
96.70
95.87
96.41
95.69
96.52
96.54
96.98
96.80
96.01
96.54
96.72
96.77
96.92
96.60
96.37
96.81
97.12
96.65
96.63
95.84
96.71
96.87
96.66
97.01
96.62
96.09
96.58
96.44
96.55
97.00
95.76
96.37
96.44
96.74
96.54
96.82
95.80
96.93
96.77
96.78
96.89
96.89
96.21
96.82
96.66
96.38
96.69
96.55
96.14
96.24
96.84
97.03
96.62
96.80
96.26
96.86
96.33
96.17
96.51
96.35
96.58
96.71
96.96
96.66
95.99
96.87
96.64
96.60
96.19
96.62
96.60
96.77
96.18
97.03
96.33
96.81
96.50
96.25
96.71
96.93
95.92
96.34
96.60
96.93
96.15
96.57
96.57
96.05
96.41
96.53
96.31
96.73
96.66
96.61
97.07
96.57
96.67
96.37
96.98
97.07
97.00
96.89
96.72
96.57
96.57
96.59
96.51
96.37
96.75
96.74
96.99
96.79
96.46
96.13
96.89
96.69
96.99
96.76
96.72
96.85
96.76
96.17
96.60
96.30
96.65
96.23
96.59
96.33
96.38
96.70
96.75
96.34
94.87
95.77
96.45
97.10
96.94
96.72
96.73
95.92
96.74
96.78
96.77
96.64
96.92
96.00
97.07
96.63
96.66
96.64
96.32
96.59
96.60
96.85
96.77
96.68
96.92
96.92
96.10
96.40
96.38
96.24
96.62
96.67
95.90
96.67
96.84
96.44
97.20
96.42
96.34
96.79
96.41
96.63
96.99
96.90
96.85
96.77
96.37
96.91
96.54
96.13
97.15
96.85
96.64
96.18
96.14
96.79
96.92
96.67
96.38
96.31
96.58
96.81
96.20
96.00
96.54
95.64
96.60
96.69
97.00
96.85
96.65
96.84
96.65
96.23
96.65
96.95
96.68
96.58
96.70
96.26
96.34
96.63
96.19
96.40
96.30
96.33
96.24
96.55
96.72
96.95
96.79
96.62
96.39
96.51
96.63
96.21
96.20
96.29
96.68
96.60
96.70
96.44
96.45
96.67
96.43
96.67
96.94
96.84
96.46
96.78
96.62
96.88
96.37
97.00
96.95
96.96
96.34
96.71
96.72
96.92
96.82
96.82
96.60
96.58
96.08
96.36
96.39
96.13
95.94
97.17
96.47
96.13
96.12
96.32
96.72
96.84
96.48
96.18
96.59
96.22
96.83
95.31
96.35
96.66
96.82
96.40
96.52
96.53
96.19
96.97
95.99
96.79
96.99
96.48
96.19
96.41
96.57
96.82
96.35
96.51
96.43
96.92
97.18
96.87
96.41
96.87
96.80
96.77
96.78
96.20
97.10
96.51
96.36
96.07
96.93
96.74
96.83
96.68
96.50
96.68
96.43
96.78
96.50
96.68
96.53
96.23
95.75
96.89
96.63
96.57
97.08
96.04
96.62
96.03
96.39
96.72
96.65
96.95
97.13
96.56
96.83
96.51
97.04
95.81
97.11
96.54
96.08
96.74
96.31
96.54
96.37
96.97
96.94
96.24
96.46
96.55
96.53
96.62
96.50
96.90
96.36
96.44
97.26
96.55
95.82
96.68
96.82
96.80
96.59
96.41
96.43
96.11
96.74
96.86
96.52
96.50
96.87
96.48
97.08
96.51
96.75
95.65
96.11
96.52
95.45
96.28
96.74
96.43
96.56
96.85
96.64
96.15
96.96
95.87
96.38
96.39
95.96
96.91
96.96
96.86
96.55
96.59
96.43
96.62
96.65
97.31
96.65
96.86
95.78
97.01
96.20
96.05
97.00
96.25
96.26
96.62
96.93
95.88
96.78
96.35
96.04
96.80
96.42
95.95
95.97
96.56
96.51
96.40
96.29
96.54
96.77
97.10
96.58
96.68
96.68
96.26
96.57
96.70
96.88
96.86
96.75
95.87
96.75
97.01
95.94
96.81
95.93
96.27
96.57
96.71
96.40
96.51
96.20
96.68
97.10
96.11
96.24
96.74
96.38
96.43
96.90
96.59
96.33
96.61
96.19
96.79
96.60
96.42
96.15
96.40
96.31
96.77
96.39
96.10
96.53
96.59
96.69
96.56
96.71
96.61
96.89
96.18
96.50
96.79
96.68
96.68
96.48
96.86
96.50
96.42
96.83
96.25
96.68
96.62
96.26
97.03
96.38
96.77
97.11
96.34
96.38
96.45
96.46
96.50
96.05
96.41
96.35
96.72
96.75
96.78
97.02
96.78
96.80
96.61
95.91
96.22
96.63
96.81
96.57
96.73
96.77
96.78
96.46
96.42
95.73
96.67
96.30
96.11
96.55
96.97
96.94
96.64
96.29
96.10
96.68
96.53
96.41
96.98
96.32
96.63
96.70
96.68
96.05
96.23
96.42
96.85
96.43
95.96
96.75
96.76
96.46
96.10
97.26
96.50
96.40
96.78
96.50
96.79
96.66
97.00
96.71
96.67
96.63
96.74
96.63
95.83
96.59
96.42
96.66
96.91
96.60
96.63
96.35
96.19
96.69
96.13
96.34
97.17
96.69
97.03
96.38
96.32
96.71
96.58
96.92
96.94
96.69
96.71
96.21
96.36
96.22
96.80
96.97
96.41
96.72
96.50
96.87
96.91
95.88
96.94
96.29
96.77
96.52
96.18
96.05
96.39
96.86
96.91
95.83
96.10
96.93
96.89
96.72
96.69
96.35
96.27
96.54
96.62
96.56
97.01
96.34
96.42
95.59
95.62
97.01
96.74
96.51
96.50
95.96
96.91
96.84
96.34
95.81
96.72
96.66
96.68
96.22
96.38
96.01
96.81
95.25
96.66
