94.54
89.46
91.29
93.98
93.42
93.73
94.75
92.95
90.77
93.78
92.78
94.27
94.19
95.09
89.83
94.84
95.44
94.81
95.41
94.18
93.11
94.27
94.20
93.55
94.88
94.99
92.54
91.48
93.02
94.79
93.91
93.67
91.81
94.84
94.93
92.86
92.59
89.27
93.57
95.22
92.96
93.56
94.97
92.37
93.24
95.01
94.64
94.90
90.96
92.40
92.62
94.75
94.06
94.59
92.07
94.36
92.99
94.63
91.76
94.25
93.70
93.40
91.68
93.17
91.71
94.24
95.22
92.24
93.49
93.88
94.24
95.05
95.16
93.97
91.54
93.45
93.39
94.88
92.97
94.27
93.35
93.47
88.94
94.70
94.11
89.19
93.44
92.76
92.17
94.88
94.66
94.99
94.07
94.43
94.43
92.27
94.43
94.94
94.52
92.72
91.89
92.45
94.98
93.99
90.97
93.35
91.79
93.36
93.28
92.97
93.58
93.00
94.43
94.29
93.21
94.54
94.12
92.30
93.12
92.19
90.61
92.03
93.34
90.24
95.00
91.88
93.51
91.57
91.96
93.68
92.23
93.89
91.06
93.59
94.87
92.91
93.20
94.49
92.04
95.17
94.37
94.36
94.45
93.38
94.25
94.60
92.93
93.30
92.06
94.82
92.82
94.54
92.90
94.51
93.13
93.89
94.02
94.47
94.23
92.48
93.98
93.63
92.75
94.44
93.38
93.74
95.31
93.17
93.40
93.98
91.70
94.11
94.12
93.73
95.24
93.27
92.03
94.09
94.50
95.23
94.62
93.44
92.12
94.79
93.89
93.80
95.07
95.10
92.97
92.68
91.36
92.91
94.27
94.18
91.84
92.79
93.53
95.47
93.08
94.24
93.87
88.84
93.99
94.14
94.94
90.91
94.49
94.32
94.85
94.39
94.78
91.85
91.81
92.07
94.21
91.08
91.74
93.99
93.74
93.13
93.74
93.89
94.24
94.46
95.61
95.03
94.47
92.38
94.96
94.54
94.80
93.43
94.02
91.63
95.14
95.23
93.76
88.66
94.42
91.84
94.48
91.80
93.02
94.94
93.54
89.69
94.60
93.01
94.41
91.67
95.24
94.48
94.49
93.44
94.23
94.71
94.56
94.39
93.99
93.79
94.75
93.17
93.46
90.62
93.68
93.86
94.84
93.39
92.65
92.89
91.09
95.17
93.61
93.80
92.00
92.66
94.16
94.17
94.54
93.70
94.48
92.47
94.48
93.14
94.00
92.36
94.36
93.48
94.46
93.79
95.09
93.42
94.40
93.95
93.02
92.34
94.56
88.83
92.20
92.66
94.03
93.15
93.85
93.92
92.76
93.30
94.71
91.49
92.69
92.61
94.27
94.62
95.98
94.08
94.97
92.24
94.78
94.27
93.56
91.28
94.86
94.28
93.32
91.67
92.51
94.24
91.08
91.68
94.64
94.35
93.18
93.90
94.84
93.26
93.39
93.93
89.90
95.59
95.46
93.03
95.09
91.90
94.21
93.24
94.26
95.58
92.60
93.89
90.61
92.91
95.16
91.97
95.32
95.26
88.68
95.26
95.10
92.21
95.16
93.48
92.25
94.06
94.25
93.75
94.98
93.29
94.59
90.73
90.19
93.72
92.84
94.31
93.22
95.29
93.80
94.05
93.54
95.40
91.62
95.26
93.47
92.72
94.52
94.15
95.05
94.43
93.89
95.02
91.02
92.90
91.96
93.05
92.85
89.97
93.07
94.49
93.97
94.57
90.95
94.92
93.62
92.79
93.08
94.35
92.85
93.87
94.15
93.31
93.09
94.73
94.37
91.85
93.86
93.50
94.17
89.80
94.61
94.41
92.19
92.32
95.59
94.54
94.33
93.35
94.74
94.87
93.30
94.93
94.64
95.06
94.53
94.31
91.68
93.97
93.08
94.95
93.34
92.18
94.16
94.15
93.55
92.92
94.79
92.03
92.55
94.70
93.53
92.50
93.61
92.78
94.67
93.94
93.23
92.87
94.59
94.00
94.19
94.57
93.21
93.87
90.87
94.31
92.60
94.23
94.38
93.83
92.46
94.29
89.58
94.61
94.74
93.00
89.36
94.80
94.79
94.60
92.49
94.58
94.95
91.57
94.17
94.52
93.89
93.09
94.19
92.61
94.40
94.27
93.31
93.43
91.87
94.97
89.83
91.64
93.24
93.20
94.71
94.12
95.06
94.31
95.17
91.96
94.09
94.73
93.76
93.59
94.94
93.60
94.28
93.93
93.21
92.82
92.36
93.36
93.09
91.55
92.54
93.53
94.12
93.22
92.29
94.80
92.06
91.22
93.01
92.06
92.92
92.24
93.79
93.91
93.08
94.47
94.09
94.19
94.30
94.25
92.55
94.44
93.96
94.89
90.97
94.40
94.33
93.35
93.86
92.45
91.42
87.93
91.83
92.91
93.72
93.76
95.21
93.92
94.71
93.67
93.93
94.46
92.29
93.66
91.84
94.41
93.64
94.73
95.02
90.05
94.95
93.79
91.66
93.43
93.32
95.02
94.87
94.77
95.20
93.88
94.00
94.78
94.06
89.05
94.33
93.67
93.79
92.25
93.63
92.87
90.97
93.69
93.51
93.12
90.00
93.25
95.14
94.36
93.42
93.82
95.60
94.12
92.90
92.56
94.60
92.96
93.87
95.03
94.72
93.76
94.03
93.85
93.64
95.50
92.69
94.58
93.92
95.49
94.57
92.95
91.94
94.62
92.40
94.67
94.20
94.45
94.67
94.37
94.23
94.00
92.79
92.89
90.51
94.14
93.10
92.98
95.26
94.30
95.29
95.41
92.52
93.61
91.49
94.97
93.46
93.97
94.68
93.39
93.44
94.39
94.87
92.92
93.74
94.28
93.38
94.67
94.37
94.11
93.48
92.84
92.61
93.97
94.17
94.50
90.47
93.67
95.67
91.36
92.99
92.98
95.64
94.45
94.49
92.15
92.91
95.23
93.68
92.53
93.63
94.94
93.53
94.69
94.10
93.58
92.36
92.99
91.84
93.00
91.83
94.45
95.82
94.39
93.57
94.49
94.15
92.75
92.28
93.91
93.57
94.07
92.88
94.48
94.11
94.49
93.41
95.04
91.26
95.27
94.13
94.24
94.81
94.98
92.26
91.53
94.91
94.47
94.04
93.73
95.48
92.29
90.51
92.21
93.17
92.25
92.52
92.23
93.09
93.93
94.67
95.63
93.90
92.10
94.26
94.94
95.53
92.38
91.26
90.93
94.51
94.19
94.52
95.88
93.75
94.59
94.22
93.40
92.75
94.55
94.69
95.40
94.84
91.31
94.50
94.01
93.59
93.18
92.73
95.49
94.90
94.80
93.86
95.45
94.83
93.01
94.71
95.23
94.30
94.13
92.67
94.21
94.45
93.61
92.21
94.98
92.71
93.94
93.86
94.43
93.43
93.74
94.25
93.45
94.22
93.37
93.76
90.92
94.95
94.43
92.29
94.50
94.60
95.28
93.62
94.01
89.44
93.62
93.01
94.02
94.88
92.25
93.90
88.85
93.77
94.11
94.42
94.07
93.87
92.82
94.11
93.07
94.04
94.30
94.88
93.64
93.55
94.25
93.29
95.36
93.25
91.89
93.37
88.45
92.52
93.56
92.33
90.51
94.32
90.20
92.76
95.53
94.98
92.77
93.79
94.28
92.66
92.35
93.68
92.69
91.21
92.17
92.20
95.06
94.89
93.51
94.46
94.52
94.04
92.57
95.30
91.52
95.03
93.31
94.52
94.59
95.35
94.06
93.07
92.78
94.82
92.07
93.52
92.76
91.78
94.41
90.25
94.93
90.77
92.57
92.34
94.87
94.34
92.92
94.25
94.57
95.70
94.68
93.43
94.40
94.49
91.15
95.08
94.94
92.96
91.32
91.36
94.67
94.86
91.21
95.58
93.87
94.79
94.61
94.56
95.28
94.77
93.54
94.26
93.62
92.95
94.21
94.04
92.37
95.33
95.00
94.73
93.21
93.81
93.32
94.30
92.02
94.43
94.63
94.19
93.93
92.94
95.48
90.09
92.72
92.16
93.93
95.14
94.48
92.88
93.73
92.76
94.25
92.47
94.34
91.46
94.67
93.11
94.25
93.95
93.47
94.21
94.37
92.55
91.79
93.19
94.57
95.01
95.41
91.27
90.22
94.54
93.23
95.53
94.52
93.55
92.37
94.26
94.19
92.87
94.21
94.39
94.13
94.51
95.12
94.65
94.84
94.40
94.64
92.47
94.62
94.51
93.62
93.27
94.45
93.92
91.72
94.84
94.19
95.18
94.07
94.36
94.37
94.14
95.11
93.52
93.82
95.01
93.14
94.36
93.56
93.37
92.62
94.49
92.97
93.66
93.53
94.51
93.47
94.25
93.96
90.96
93.41
93.06
95.52
93.14
92.73
91.92
90.97
94.23
94.28
