96.24
96.50
96.70
97.07
96.40
96.80
97.12
96.96
96.84
96.86
96.82
96.77
96.72
97.07
96.62
97.04
97.05
96.99
96.37
96.86
96.84
97.08
96.72
96.23
97.08
96.66
96.86
96.38
96.94
97.00
97.13
97.01
96.50
97.23
97.00
97.18
97.03
96.45
96.51
96.84
96.86
96.91
96.96
97.15
96.32
96.84
95.92
96.96
96.81
96.37
96.58
96.77
96.87
96.73
97.00
97.11
97.03
96.86
96.52
96.66
97.01
96.81
96.19
96.69
96.91
96.91
96.27
96.21
96.71
96.56
97.17
96.19
96.51
97.11
96.58
96.58
96.89
96.95
96.29
96.01
96.40
97.09
97.06
96.61
96.50
97.01
96.97
96.85
96.28
96.05
96.53
96.63
97.07
96.56
96.71
96.64
96.80
96.93
96.83
95.47
96.77
97.09
96.69
96.98
97.21
96.41
96.44
96.78
96.26
97.04
97.20
97.12
96.88
97.20
97.06
96.60
97.16
96.37
97.06
96.14
97.18
96.86
96.86
96.88
96.95
96.88
96.07
96.98
96.55
97.31
95.92
96.97
96.22
96.70
97.56
96.81
96.80
96.91
96.81
97.16
96.60
96.80
97.21
96.83
96.95
96.94
96.71
96.83
96.96
97.02
97.07
96.94
96.66
96.38
96.85
96.33
96.70
96.83
96.30
96.80
96.91
97.01
96.64
96.88
96.24
96.49
97.03
96.51
96.79
96.42
97.15
97.16
96.78
96.94
96.84
96.22
96.65
96.72
96.87
97.01
97.12
97.02
96.48
97.25
95.49
96.56
96.95
97.23
96.62
96.70
96.92
97.17
95.99
96.83
96.46
97.38
96.67
96.81
96.73
96.54
96.80
96.97
97.01
96.57
96.93
96.52
96.23
96.78
96.62
96.46
96.32
96.22
96.72
97.24
96.99
96.67
96.73
96.42
96.09
96.70
96.95
96.83
96.72
96.62
97.13
96.95
96.43
97.19
96.96
97.09
96.71
96.94
96.16
96.33
96.91
97.03
97.16
96.69
96.80
96.59
96.95
97.05
96.70
96.70
96.76
96.69
97.09
97.17
96.49
96.43
96.87
97.00
96.81
96.31
96.76
97.06
97.18
96.64
96.58
95.80
96.76
96.97
96.24
96.77
96.93
96.77
97.02
96.94
97.04
96.63
96.93
96.24
96.84
96.91
96.95
97.06
96.58
97.06
96.34
96.83
96.81
96.95
96.81
96.39
97.08
96.68
97.03
96.59
96.07
96.87
96.43
96.94
97.08
97.14
97.04
96.89
97.12
97.16
96.74
96.97
96.97
96.63
96.97
97.09
96.78
96.86
96.84
96.06
96.71
96.99
97.09
96.91
96.47
96.14
96.75
97.13
96.47
96.90
96.46
96.97
96.69
96.59
97.06
97.07
96.77
96.91
96.92
97.07
96.93
96.94
96.67
96.74
97.03
96.75
97.04
96.54
97.00
96.65
96.99
96.67
97.04
96.85
96.93
96.89
96.89
96.64
96.77
97.26
97.04
96.72
96.56
96.09
96.41
96.68
96.36
97.09
96.70
96.92
96.92
96.79
96.68
96.87
96.51
96.98
96.94
96.33
97.17
97.08
96.57
96.85
96.52
96.81
96.87
97.10
97.31
96.87
96.14
97.04
97.02
97.17
97.05
96.79
96.59
96.45
96.91
96.61
97.00
96.72
97.07
96.96
97.10
96.54
96.94
96.84
96.53
96.82
96.80
97.02
97.04
97.02
97.07
96.39
96.16
97.11
97.15
97.04
96.43
97.31
96.89
96.29
97.09
96.83
95.97
97.10
96.82
96.67
97.21
97.30
96.78
97.15
96.71
96.72
96.52
96.58
97.07
97.05
96.56
95.63
96.75
97.01
96.91
96.58
96.73
96.80
96.00
96.81
96.17
96.97
96.76
96.50
96.91
96.91
96.58
96.50
96.63
96.44
96.59
96.87
96.68
96.75
96.56
96.32
97.03
96.48
97.38
96.56
96.96
96.97
96.70
97.23
96.94
96.23
96.84
97.03
97.16
97.01
96.87
97.10
96.84
96.63
96.54
96.87
96.66
96.52
96.90
96.39
96.35
96.86
96.81
97.30
96.76
96.61
97.27
97.46
96.62
96.40
97.04
96.83
96.86
96.84
96.96
96.97
96.92
96.93
96.78
97.30
96.50
96.46
96.53
97.14
97.27
96.58
97.09
97.02
97.14
96.43
96.50
96.99
97.07
96.01
96.67
96.69
96.52
96.98
96.83
96.95
96.75
97.12
96.71
97.29
96.92
96.93
96.34
96.42
96.94
96.46
96.41
97.02
96.42
96.63
96.02
96.89
96.31
96.89
97.05
96.77
96.69
96.54
96.37
96.77
96.88
97.04
96.64
96.27
96.78
96.44
96.68
96.82
97.05
96.47
96.30
97.12
96.47
97.04
96.71
96.98
96.38
96.55
96.70
96.69
96.78
96.31
96.89
96.21
97.21
96.87
96.62
96.33
96.76
96.67
96.31
96.70
96.63
96.68
96.67
96.92
97.02
95.82
96.42
97.32
96.63
97.27
96.54
96.69
96.82
96.98
96.80
95.98
96.68
96.75
96.99
96.96
96.69
96.46
96.83
96.67
96.14
96.89
96.67
96.82
96.82
96.63
96.66
96.73
96.02
96.77
96.87
96.96
97.08
96.51
96.62
96.91
96.79
96.83
97.05
96.78
96.98
97.04
97.14
97.06
96.59
96.40
96.13
96.38
96.92
96.29
97.00
96.96
96.98
97.00
97.11
96.57
96.47
96.86
96.92
97.01
96.73
96.94
97.01
97.07
96.92
96.87
96.96
97.30
96.70
97.02
96.96
97.07
96.71
96.72
97.10
96.60
96.87
96.28
96.88
96.68
96.18
95.80
96.76
97.01
97.30
96.48
96.92
97.10
96.88
96.97
97.21
97.02
97.09
96.59
96.98
96.87
96.83
97.08
96.78
96.13
96.81
96.67
96.93
96.78
96.71
96.69
96.39
96.99
97.15
96.59
97.26
97.13
97.09
96.95
96.61
96.89
97.06
96.79
96.57
96.56
97.21
96.96
97.00
96.52
97.13
97.00
97.17
97.09
96.47
97.01
96.81
96.60
97.05
96.90
96.72
96.91
96.99
96.75
96.23
96.42
97.19
96.97
96.76
96.53
96.86
96.99
96.91
96.72
97.19
96.69
96.90
97.37
96.78
95.84
96.72
97.18
96.75
96.57
96.72
96.53
97.01
97.00
96.76
96.85
96.53
96.78
97.35
96.75
97.09
97.04
96.94
96.91
96.61
96.92
97.01
96.67
96.74
96.94
96.89
96.72
96.66
96.51
96.98
96.99
96.61
96.76
96.87
96.83
96.97
96.41
97.07
97.14
96.90
96.69
96.25
97.17
96.77
96.90
97.05
96.98
96.67
96.41
96.87
97.17
96.62
96.49
96.79
96.59
96.64
96.51
96.94
96.74
96.81
96.69
96.90
96.23
96.87
96.27
97.08
96.78
96.95
96.30
96.53
96.35
97.00
96.91
96.92
96.74
96.93
97.20
96.91
96.50
96.90
96.83
96.66
96.26
96.98
96.88
96.37
96.49
97.27
97.10
96.82
96.68
97.09
96.74
96.31
96.64
96.71
96.90
96.94
97.00
96.47
96.83
96.91
96.35
96.63
97.10
97.04
96.35
96.90
96.96
96.84
96.66
97.19
96.83
96.43
96.54
96.71
97.20
96.83
97.18
97.21
96.46
96.99
96.69
96.90
96.86
96.96
96.47
96.89
96.64
96.40
96.96
96.79
96.49
96.78
97.02
96.43
96.94
96.85
96.26
96.80
96.58
96.23
96.56
97.16
96.86
97.11
96.89
96.88
96.91
97.17
97.01
96.83
96.66
97.31
96.82
96.96
96.97
97.11
97.10
97.12
97.14
96.62
97.28
96.64
97.02
96.73
96.75
97.11
95.90
96.67
96.99
96.53
96.56
96.80
96.78
96.36
96.67
96.72
96.96
97.22
96.67
96.77
96.99
96.95
96.63
96.73
96.75
96.71
97.01
96.66
96.39
97.00
96.85
97.01
96.66
96.76
95.78
96.57
96.37
97.14
96.77
96.52
95.64
96.95
97.01
97.19
96.79
95.71
96.57
97.28
96.71
96.76
97.16
96.50
96.61
96.50
96.44
96.68
96.37
97.22
96.62
96.74
96.52
97.02
96.73
96.56
96.84
96.64
96.16
97.19
96.39
96.83
96.93
96.78
96.42
96.80
97.21
97.27
96.65
97.26
96.33
96.56
96.94
96.75
96.89
96.83
97.11
97.05
96.77
96.51
97.02
96.75
96.56
96.89
96.76
96.66
96.73
97.08
96.77
96.96
97.09
96.57
96.23
95.87
97.02
97.29
96.48
97.14
96.57
96.95
96.35
