97.72
97.51
97.73
97.84
97.70
98.00
97.80
97.67
97.88
97.79
97.79
97.87
97.76
97.84
98.01
97.75
97.76
97.79
97.81
97.80
97.89
97.73
97.71
97.86
97.90
97.82
97.88
97.84
97.66
97.92
97.74
97.78
97.83
97.58
97.73
97.81
97.67
97.60
97.94
98.00
97.66
97.66
97.74
97.83
97.95
97.77
97.85
97.66
97.84
97.79
97.74
97.80
97.80
97.76
97.66
97.67
97.96
97.73
97.67
97.68
97.82
97.88
97.87
97.68
97.78
97.71
97.63
97.85
97.82
97.82
97.84
97.79
97.65
97.58
97.81
97.90
97.69
97.66
97.70
97.92
97.77
97.93
97.98
98.00
97.87
97.91
97.78
97.73
97.93
97.65
97.63
97.83
97.90
97.67
97.69
97.74
97.86
97.74
97.84
97.77
97.85
97.91
97.88
97.72
97.80
97.71
98.03
97.81
97.74
97.57
97.67
97.88
97.87
97.70
97.84
97.84
97.67
97.87
97.74
97.65
97.54
97.77
97.89
97.85
97.75
97.78
97.70
97.77
97.87
97.83
97.85
97.75
97.91
97.84
97.95
97.61
97.82
97.59
97.85
97.78
97.71
97.83
97.76
97.87
97.81
97.84
97.86
97.82
97.73
97.90
97.77
97.85
97.73
97.75
97.78
97.86
97.70
97.87
97.81
97.69
97.75
97.52
97.78
97.79
97.80
97.79
97.72
97.72
97.53
97.85
97.82
97.88
97.69
98.00
97.77
97.69
97.68
97.76
97.58
97.98
97.79
97.80
97.98
97.68
97.62
97.85
97.81
97.88
97.57
97.97
97.81
97.61
97.70
97.53
97.73
97.79
97.65
97.66
97.87
97.75
97.59
97.90
97.86
97.95
97.60
97.79
97.70
98.03
97.97
97.87
97.79
97.76
97.73
97.69
97.54
97.85
97.75
97.66
97.66
97.55
97.85
97.77
97.79
97.86
97.94
97.69
97.67
97.87
97.62
97.78
97.71
97.69
97.93
97.53
97.52
97.73
97.72
97.41
97.78
97.61
97.72
97.71
97.69
97.80
97.78
97.68
97.74
97.79
97.61
97.66
97.69
97.78
97.69
97.84
97.94
97.97
97.74
97.65
97.71
97.77
97.83
97.85
97.80
97.66
97.67
97.72
97.89
97.99
97.76
97.70
97.72
97.54
97.68
97.79
97.84
97.87
97.67
97.71
97.76
97.75
98.03
97.84
97.74
97.70
97.99
97.78
97.72
97.80
97.74
97.78
97.80
97.80
97.87
97.59
97.79
97.77
97.86
97.78
97.94
97.74
97.95
97.67
97.74
97.86
97.58
97.74
97.65
97.67
97.57
97.60
97.58
97.86
97.88
97.90
97.81
98.02
97.75
98.02
97.81
97.93
97.69
97.83
97.67
97.79
97.72
97.66
97.92
97.75
97.85
97.73
97.54
97.62
97.96
97.63
97.88
97.70
97.87
97.84
97.81
97.95
97.70
97.78
98.02
97.81
97.60
97.71
97.81
97.88
97.85
97.86
97.66
97.91
97.79
97.66
97.74
97.63
97.78
97.81
97.97
97.68
97.77
97.76
97.63
97.64
97.65
97.85
97.67
97.66
97.71
97.95
97.70
97.69
97.81
97.83
97.68
97.77
97.95
97.78
97.75
97.65
97.47
97.87
97.77
97.75
97.72
97.66
97.86
97.63
97.68
97.72
97.80
97.86
97.73
98.01
97.79
97.80
97.69
97.81
97.87
97.85
97.62
97.68
97.90
97.91
97.55
97.82
97.76
97.82
97.74
97.73
97.77
97.75
97.88
97.67
97.77
97.82
97.86
97.83
97.65
97.71
97.84
97.83
97.93
97.74
97.82
97.47
97.89
97.88
97.73
97.57
97.94
97.87
97.85
97.73
97.62
97.69
97.94
97.80
97.52
97.76
97.62
97.82
97.77
97.70
97.69
97.78
97.84
97.89
97.90
97.76
97.83
97.91
97.94
97.73
97.77
97.67
97.71
97.73
97.67
97.74
97.61
97.78
97.70
97.82
97.72
97.88
97.80
97.82
97.95
97.63
97.63
97.67
97.58
97.93
97.76
97.84
97.60
97.74
97.73
97.79
97.91
97.78
97.83
97.76
97.70
97.57
97.82
97.66
97.75
97.80
97.86
97.65
97.80
97.65
97.89
97.75
97.63
97.74
97.85
97.67
97.74
97.73
97.80
97.76
97.89
97.78
97.71
97.70
97.80
97.80
97.70
97.84
97.83
97.96
97.62
97.87
97.90
97.69
97.70
97.80
97.68
97.60
97.68
97.69
97.51
97.84
97.76
97.84
97.76
97.81
97.77
97.80
97.73
97.82
97.71
97.96
97.86
97.72
97.82
97.80
97.87
97.70
97.91
97.89
97.83
97.79
97.77
97.66
97.65
97.54
97.78
97.76
97.50
97.79
97.93
97.75
97.57
97.94
97.58
97.85
97.49
97.88
97.71
97.63
97.83
97.68
97.86
97.73
97.74
97.59
98.04
97.82
97.80
97.90
97.73
97.71
97.69
97.76
97.61
97.69
97.82
97.59
97.67
97.94
97.94
97.92
97.91
97.65
97.82
97.85
97.72
97.84
97.89
97.73
97.85
97.60
97.79
97.80
97.76
97.71
97.72
97.95
97.75
97.71
97.72
97.78
97.69
97.72
97.68
97.79
97.81
97.89
97.87
97.79
97.79
97.66
97.92
97.73
97.88
97.73
97.83
97.72
97.72
97.75
97.69
97.68
97.84
97.64
97.76
97.73
97.81
97.95
97.73
97.83
97.53
97.75
97.85
97.80
97.67
97.77
97.76
97.63
97.89
97.84
97.93
97.62
97.96
97.78
97.59
97.70
97.81
97.77
97.43
97.79
97.88
97.86
97.87
97.87
97.73
97.71
97.77
97.96
97.82
97.71
97.68
97.81
97.51
97.71
97.56
97.59
97.62
97.67
97.72
97.90
97.71
97.64
97.68
97.79
97.62
97.85
97.89
97.84
97.97
97.73
97.83
97.66
97.89
97.83
97.66
97.59
97.89
97.98
97.70
97.82
97.71
97.70
97.69
97.62
97.66
97.76
97.85
97.79
97.86
97.78
97.95
97.62
97.94
97.71
97.90
97.64
97.58
97.81
97.85
97.79
97.79
97.69
97.75
97.55
97.58
97.79
97.72
98.00
97.87
97.85
97.67
97.70
97.83
97.71
97.69
97.88
97.69
97.59
97.64
97.55
97.92
97.83
97.89
97.78
97.85
97.58
97.78
97.76
97.86
97.65
97.58
97.66
98.01
97.79
97.81
97.85
97.79
97.70
97.90
97.77
97.65
97.74
97.79
97.93
97.70
97.75
97.78
97.89
97.60
97.91
98.04
97.65
97.87
97.91
97.79
97.78
97.73
97.78
97.60
97.77
97.86
97.76
97.83
97.58
97.82
97.76
97.90
97.64
97.78
97.88
97.71
97.80
97.79
97.78
97.93
97.83
97.64
97.73
97.79
97.66
97.80
97.58
97.80
97.86
97.80
97.92
97.59
97.86
97.89
97.82
97.79
97.77
97.79
97.77
97.44
97.55
97.88
97.82
97.97
97.84
97.88
97.83
97.73
97.79
97.79
97.96
97.87
97.86
97.65
97.71
97.59
97.60
97.74
97.86
97.78
97.74
97.69
97.78
97.73
97.80
97.86
97.79
97.65
97.68
97.54
97.80
97.91
97.89
97.74
97.64
97.87
97.77
97.78
97.82
97.80
97.71
97.77
97.80
97.76
97.75
97.77
97.96
97.80
97.77
97.70
97.76
97.79
97.66
97.80
97.66
97.97
97.72
97.77
97.81
97.70
97.80
97.61
97.86
97.76
97.76
97.87
97.87
97.93
97.65
97.79
98.00
97.61
97.82
97.61
97.73
97.84
97.80
97.72
97.61
97.75
97.77
97.85
97.83
97.61
97.82
97.63
97.72
97.69
97.76
97.93
97.83
97.92
97.95
97.66
97.76
97.82
97.75
97.76
97.74
97.91
97.82
97.79
97.76
97.93
97.99
97.66
97.65
97.74
97.75
97.87
97.86
97.76
97.75
97.78
97.81
97.89
97.81
97.80
97.86
97.80
97.56
97.63
97.63
97.66
97.83
97.78
97.74
98.01
97.82
97.77
97.71
97.86
97.84
97.84
97.78
97.55
97.73
97.69
97.64
97.71
97.74
97.76
97.91
97.76
97.54
97.61
97.79
97.92
97.76
97.78
97.77
97.96
97.77
97.88
97.65
97.70
97.80
97.83
97.68
97.75
97.86
97.87
97.69
97.82
97.63
97.66
97.69
97.84
97.89
97.67
97.89
97.68
97.93
97.64
97.80
97.77
97.93
97.85
97.83
97.97
97.76
97.89
97.89
97.66
97.91
98.00
97.76
97.71
97.79
97.78
97.95
