97.43
97.41
97.05
97.44
97.65
97.17
97.30
97.69
97.24
97.18
96.91
97.22
97.11
97.10
97.43
97.78
97.30
97.51
96.94
97.18
97.67
97.72
97.37
97.58
96.82
97.65
97.62
97.34
97.02
97.52
97.55
97.65
97.28
97.01
97.58
97.47
97.66
97.24
97.19
97.12
97.34
97.31
97.50
97.46
97.27
97.42
97.50
97.12
97.37
97.49
97.00
97.32
97.57
97.53
97.21
97.58
96.84
96.93
97.37
97.56
97.46
97.23
97.69
97.27
97.12
97.57
97.43
97.48
97.32
97.63
97.45
97.35
97.37
97.74
97.57
97.74
96.52
97.10
97.38
97.80
96.50
96.91
97.56
97.61
97.21
97.56
97.61
97.43
97.63
97.11
97.47
97.46
97.27
97.55
97.26
97.41
97.60
97.38
97.59
97.12
97.69
97.40
97.30
97.44
97.48
97.48
97.69
97.18
97.52
97.12
97.30
97.66
97.68
97.43
97.30
96.77
97.22
96.81
97.54
97.57
97.34
97.37
97.36
97.67
97.49
97.25
97.49
97.54
97.16
97.55
97.36
97.62
97.58
97.59
96.86
97.44
97.35
97.67
97.48
97.45
97.11
97.29
96.97
97.32
97.40
96.88
97.29
97.77
97.23
97.37
97.27
97.46
97.39
97.27
97.28
97.69
97.49
97.56
97.30
97.56
97.58
97.15
97.15
97.65
97.13
97.30
97.65
97.38
97.58
96.89
97.49
97.53
97.51
97.43
97.65
97.38
96.71
97.28
97.24
97.29
97.29
97.62
97.63
97.47
97.58
97.19
97.50
96.84
97.66
97.58
97.44
97.60
97.46
97.19
97.60
97.44
96.94
97.30
97.46
97.47
96.95
97.39
97.61
97.36
97.24
97.22
97.38
97.48
97.26
97.50
97.33
97.56
97.63
97.23
97.34
97.64
97.37
97.16
97.19
97.42
97.79
97.55
97.37
97.65
97.59
97.51
97.41
97.72
97.41
97.14
97.50
97.71
97.08
97.61
97.42
97.34
97.24
97.37
97.44
97.60
97.08
97.44
97.52
97.34
97.61
97.55
97.55
97.39
96.69
97.65
97.52
97.56
97.60
97.48
97.14
97.20
97.62
97.49
97.22
97.20
97.57
97.22
97.46
97.31
97.36
97.53
97.21
97.24
97.13
97.34
97.16
97.36
97.27
97.23
97.59
97.63
97.33
97.56
97.45
97.54
97.45
96.97
97.19
96.97
97.55
96.94
97.31
97.43
97.53
97.29
97.64
97.62
97.45
97.53
97.36
97.41
97.11
97.37
97.53
97.15
97.39
97.66
97.50
97.61
97.70
97.10
97.68
97.45
97.44
97.71
97.55
97.56
97.01
97.66
97.54
97.52
97.65
97.37
97.48
97.34
97.12
97.53
97.52
97.49
97.19
97.53
97.26
97.04
97.48
97.27
97.25
97.62
97.22
97.12
97.35
97.24
97.31
97.35
97.52
97.50
97.53
97.02
97.45
97.10
97.73
97.39
97.48
97.00
97.08
97.36
97.68
97.25
97.39
97.58
97.17
96.88
97.20
97.61
97.57
97.35
97.18
97.50
97.43
97.30
97.30
97.44
97.23
97.67
96.91
97.26
97.47
97.50
97.39
97.41
97.43
97.63
97.60
97.57
97.20
97.40
97.54
97.39
97.21
97.22
97.11
97.60
97.15
97.60
97.20
96.66
97.54
97.61
97.51
97.39
96.95
97.41
97.59
97.34
97.38
97.51
97.44
97.54
97.25
97.38
97.66
97.24
97.19
97.41
97.10
97.42
97.47
97.65
97.34
97.49
97.40
97.50
97.42
97.63
97.34
97.53
97.52
97.44
97.16
97.59
97.59
97.50
97.70
97.39
97.15
97.51
97.37
97.33
97.53
97.44
97.40
97.01
97.67
97.65
97.60
96.55
97.53
97.42
97.54
97.50
97.48
97.75
96.79
97.70
97.45
97.52
97.61
97.34
97.34
97.30
96.44
97.07
97.58
97.58
97.73
97.53
97.26
97.34
97.14
97.27
97.74
97.49
97.13
97.44
97.11
97.28
97.43
97.26
97.07
97.36
97.29
96.93
97.20
97.72
97.41
97.55
97.37
97.42
97.60
97.58
97.69
97.36
97.47
97.33
97.45
97.33
97.00
97.56
97.66
97.33
97.26
97.58
97.49
97.41
97.71
97.46
97.64
97.18
97.63
97.48
97.44
97.25
97.53
97.49
97.31
97.44
97.55
97.58
97.25
97.40
97.21
97.09
97.71
97.51
97.61
97.61
97.74
97.23
97.70
97.56
97.56
97.63
97.31
97.69
97.33
97.50
97.36
97.37
97.07
97.05
97.45
97.17
97.44
97.42
97.66
97.41
97.20
97.36
97.50
97.20
97.38
97.55
97.32
97.04
97.64
97.10
97.54
97.46
97.54
97.54
97.05
97.59
96.98
97.36
97.47
97.22
97.29
97.47
97.53
97.32
97.54
97.33
97.55
97.37
97.04
97.41
97.20
97.41
97.57
97.52
97.10
97.17
97.55
97.53
97.47
97.37
97.39
97.40
97.60
97.60
97.35
96.73
97.42
97.32
97.59
97.38
97.21
97.47
97.49
97.68
96.79
96.92
97.33
96.89
97.34
97.68
97.48
97.50
97.37
97.49
97.40
97.42
97.46
97.76
97.23
97.36
97.16
97.52
97.45
97.42
97.08
97.32
97.47
97.32
97.56
97.40
97.46
97.46
97.41
97.43
97.68
97.30
97.48
97.18
97.43
97.37
97.58
97.50
97.70
97.46
97.49
97.43
97.42
97.33
97.48
97.36
97.59
97.24
97.46
97.13
97.54
97.47
97.35
97.40
97.55
97.15
97.40
97.24
97.32
97.16
97.37
97.56
97.59
97.20
97.61
97.48
97.59
97.22
97.20
97.22
97.47
97.38
97.34
97.24
97.59
97.34
97.47
97.65
97.73
97.43
97.29
97.41
97.43
97.41
97.52
97.37
97.03
97.48
97.45
97.70
97.19
97.34
96.96
97.70
97.22
97.79
97.60
96.89
97.27
97.58
96.99
97.61
97.62
97.44
97.35
97.55
97.05
97.45
96.96
97.33
97.66
97.30
97.24
97.35
97.37
97.49
97.63
97.44
97.37
97.67
97.52
97.62
97.47
97.29
97.44
97.24
97.52
97.62
97.68
97.25
97.44
97.06
97.25
97.65
97.38
97.40
97.52
97.44
96.65
97.11
97.37
97.55
97.02
97.40
97.52
97.66
97.17
97.15
97.61
97.57
97.49
97.39
97.21
97.45
97.04
97.50
97.25
97.51
97.18
97.42
96.78
97.58
97.10
97.33
97.38
97.30
97.14
97.10
97.58
97.47
97.44
97.56
97.50
97.66
97.43
97.30
97.13
97.40
97.23
97.34
97.51
97.68
97.60
97.29
97.56
97.45
97.48
97.20
97.34
97.03
97.03
97.36
97.67
97.53
97.19
97.14
97.42
96.98
97.41
97.43
97.11
96.96
97.46
97.28
97.66
97.10
97.49
97.22
97.49
97.34
97.63
97.63
97.50
97.24
96.66
97.25
97.15
97.47
97.36
97.49
97.10
97.10
97.28
97.17
97.19
97.55
97.33
97.47
97.38
97.57
97.35
97.57
97.61
97.33
97.64
97.22
97.36
97.08
97.19
97.02
97.33
97.33
97.14
97.54
97.41
97.18
97.15
96.76
97.53
97.21
97.48
97.30
97.23
97.75
97.65
97.40
97.77
97.35
97.53
97.20
97.28
97.69
97.35
97.52
97.66
97.37
97.03
97.27
97.53
97.69
97.50
97.70
97.17
97.38
97.43
97.04
97.11
97.56
97.24
97.34
97.25
97.82
97.63
97.35
97.58
96.96
97.47
97.35
97.49
97.47
97.69
97.37
97.73
97.64
97.46
97.41
97.55
97.24
97.15
97.20
97.15
97.04
97.65
97.24
97.47
97.20
97.44
97.32
97.40
97.49
97.12
97.35
96.80
97.20
97.73
97.62
97.49
97.53
97.37
97.40
97.47
97.15
97.61
97.17
97.61
97.48
97.20
97.43
97.69
97.06
97.08
97.32
97.30
97.11
97.47
97.51
97.62
96.97
97.34
97.26
97.28
97.65
97.51
97.34
97.32
97.44
97.66
97.45
97.76
97.26
97.35
97.53
97.47
97.68
96.99
97.66
97.50
97.15
97.44
97.09
97.41
97.48
97.30
97.39
97.49
97.12
97.65
97.54
97.03
97.70
97.56
97.66
97.57
97.06
97.53
97.53
97.42
97.76
97.54
97.54
97.50
97.39
97.41
97.07
97.50
97.41
97.09
97.51
97.43
97.41
97.54
97.21
97.43
97.49
97.51
97.51
97.27
97.55
97.48
97.65
97.58
97.30
97.32
97.35
97.58
97.42
