94.74
92.39
94.99
94.45
94.60
91.05
94.83
94.72
93.30
94.79
93.68
94.08
94.88
93.46
93.34
95.42
92.84
92.57
93.12
94.82
93.29
91.61
93.18
94.33
94.35
93.95
93.44
95.60
95.51
92.92
96.02
92.19
93.66
95.01
94.25
94.84
92.68
95.17
93.15
93.88
93.56
94.98
93.78
95.14
93.72
94.33
94.03
95.33
94.06
95.09
94.15
94.21
93.22
94.82
93.37
95.62
94.47
94.75
93.56
94.68
95.17
93.63
92.73
93.71
94.40
94.96
94.87
95.62
93.93
92.64
93.88
94.66
94.19
93.73
94.68
93.22
93.00
94.04
95.07
95.03
92.95
94.70
94.60
93.36
94.07
93.36
94.78
95.26
94.22
94.81
95.44
91.78
93.91
94.35
93.02
94.93
93.87
94.75
93.52
93.73
94.92
92.93
94.05
94.36
94.04
94.75
93.58
93.30
93.90
93.03
94.24
95.65
94.36
94.79
93.97
94.88
93.87
93.46
95.18
94.74
93.78
94.74
93.92
95.94
94.43
94.15
93.30
93.44
94.77
95.15
95.31
94.30
94.93
94.67
95.09
92.57
94.74
93.51
92.92
93.84
94.15
94.33
94.13
94.10
93.16
93.90
93.84
94.81
92.18
95.35
94.45
94.45
94.75
92.79
95.05
93.56
94.09
91.32
95.06
91.30
94.55
92.37
95.98
93.97
94.51
95.27
93.96
94.24
92.16
94.69
94.30
93.61
95.78
94.67
94.86
93.49
92.52
94.25
93.86
93.79
92.13
94.52
93.73
94.68
92.00
93.54
94.70
95.19
94.51
92.27
95.10
95.20
94.84
93.43
94.00
94.05
92.99
93.59
93.97
95.24
93.90
94.11
95.03
94.67
95.16
95.49
93.15
94.60
92.44
93.77
94.58
92.71
94.82
94.34
92.81
94.51
93.74
93.05
95.05
94.87
92.72
94.15
95.21
93.79
94.56
94.03
95.31
94.97
93.45
94.33
94.83
92.64
95.06
93.06
93.20
94.20
93.14
95.52
95.71
94.82
93.94
92.56
91.45
92.48
92.69
94.70
92.58
95.36
94.22
93.69
95.25
94.00
93.06
94.59
95.01
93.06
95.23
94.31
95.35
92.98
93.36
91.81
93.54
94.57
95.33
94.97
93.92
94.85
94.82
93.06
91.78
93.12
95.41
93.92
91.71
94.27
94.45
94.24
95.48
93.58
93.49
93.12
94.97
94.07
94.46
95.12
95.04
93.66
93.18
94.51
94.53
95.92
94.72
94.29
94.79
91.37
93.92
95.01
94.49
94.93
92.23
95.62
94.63
92.99
94.47
95.64
93.39
94.56
94.15
93.64
91.31
95.21
93.79
94.15
95.16
88.80
95.23
94.15
92.15
92.57
95.98
93.65
93.05
95.11
93.38
93.20
94.86
95.41
94.12
93.13
95.66
94.28
95.08
93.47
94.36
95.39
94.78
94.15
94.71
94.24
93.18
94.03
92.85
92.51
95.22
94.84
95.63
93.38
93.37
94.83
93.86
93.45
94.96
92.58
94.58
94.23
95.07
93.28
95.02
94.02
92.96
92.75
95.05
94.64
94.69
94.06
94.42
93.72
94.11
93.22
95.78
95.55
94.80
93.57
93.75
95.20
94.78
90.07
94.43
94.34
93.85
94.43
94.62
94.23
95.27
94.38
95.40
91.93
95.44
94.80
94.47
95.71
92.67
94.15
94.65
94.28
93.13
92.96
92.56
93.63
93.53
94.50
94.38
93.34
94.42
94.99
93.79
95.05
93.68
94.74
93.32
93.38
95.06
94.23
94.50
95.26
93.28
94.17
94.28
94.70
94.50
93.13
94.47
93.11
95.19
92.21
92.50
90.64
95.56
94.12
94.30
92.03
93.56
92.81
95.08
93.11
93.92
94.45
94.07
95.62
93.49
94.53
93.51
91.47
92.30
94.08
95.56
94.64
93.99
93.58
95.02
93.30
92.91
94.92
92.57
95.02
93.12
93.49
95.00
92.06
94.46
94.04
91.77
94.39
91.88
94.98
95.19
93.79
95.24
91.96
94.41
93.83
94.51
95.09
94.86
94.82
93.30
95.47
92.92
93.16
94.90
94.75
93.64
91.69
94.57
95.61
93.83
93.69
95.14
93.89
95.50
93.47
93.67
94.16
93.41
91.92
94.50
94.15
95.80
95.08
94.69
95.58
93.72
94.93
95.12
95.03
93.74
93.33
95.03
93.72
93.80
94.62
94.11
94.62
94.70
94.04
94.27
95.65
94.20
93.87
93.05
94.37
94.22
91.41
91.04
93.12
94.95
95.40
93.80
93.95
94.49
94.74
90.17
95.11
93.36
91.57
94.92
92.55
95.49
93.22
92.01
92.43
92.83
92.36
94.32
93.13
95.79
95.65
94.68
88.62
93.23
92.40
94.12
92.64
95.38
92.59
94.37
94.04
93.81
94.90
94.73
93.78
93.97
94.53
95.24
94.54
91.74
95.36
93.92
93.49
94.40
94.11
93.31
90.63
94.96
95.41
94.88
94.23
94.20
92.18
95.45
94.51
95.61
94.40
93.26
92.23
93.61
95.12
94.51
94.53
94.94
92.65
95.25
90.44
94.75
94.60
93.18
93.69
95.21
95.72
92.24
95.08
93.34
94.16
95.41
95.27
89.47
94.44
93.70
93.75
93.45
94.63
91.66
94.75
95.29
94.94
93.67
95.59
94.14
94.77
95.18
94.50
93.89
95.44
92.89
94.40
94.36
93.75
93.74
95.47
93.34
94.17
93.70
94.39
93.66
95.02
93.62
95.24
93.21
95.17
95.45
93.03
94.11
92.35
93.94
94.50
94.92
93.36
93.65
91.18
93.99
94.82
94.75
94.61
93.71
95.38
89.27
94.31
94.63
93.63
93.83
95.45
94.40
94.92
91.99
93.65
92.38
94.88
94.80
94.16
95.24
93.20
93.06
94.39
94.13
93.53
92.56
95.35
95.57
93.19
93.80
90.73
94.12
93.68
94.77
95.57
95.03
93.06
94.43
94.30
94.94
94.19
92.55
94.24
93.90
94.15
95.34
94.75
95.10
94.10
94.76
92.08
94.78
91.95
93.13
95.33
93.95
93.38
95.21
93.88
93.11
93.28
92.41
92.90
95.16
94.70
92.06
91.39
93.82
95.09
93.62
92.21
94.29
94.99
94.13
93.11
92.06
95.65
94.22
93.95
94.35
93.37
93.11
93.36
95.92
94.21
93.87
93.38
93.49
95.45
89.26
92.83
94.13
94.43
93.30
94.49
94.89
94.30
93.23
91.52
95.07
94.18
93.29
92.65
94.21
95.04
94.65
93.74
94.87
92.70
94.73
94.33
93.07
93.23
94.31
93.49
94.47
95.25
95.02
92.05
94.94
92.54
93.65
92.21
89.00
94.18
93.59
91.54
94.50
94.52
93.90
93.79
93.97
93.69
93.00
93.85
94.86
93.46
94.94
93.70
94.60
94.91
94.23
93.35
94.20
93.28
93.70
93.59
95.46
94.33
95.78
93.95
88.64
95.07
91.88
94.11
94.60
95.60
94.08
95.73
94.74
94.96
95.09
94.94
92.30
92.74
95.18
95.09
94.05
94.57
94.26
94.21
94.90
94.56
94.57
94.79
94.78
93.80
92.73
93.72
94.35
93.49
94.85
94.36
94.61
94.34
95.14
92.24
94.47
94.60
92.65
93.07
95.52
93.08
93.25
95.10
94.85
94.58
94.96
93.21
93.24
93.87
93.91
94.55
93.64
94.50
94.70
95.03
94.87
93.45
91.26
91.57
95.70
93.91
94.20
94.21
92.31
94.63
91.94
94.16
94.50
94.74
93.79
95.90
94.07
93.72
92.36
95.34
90.14
93.39
95.27
93.63
94.60
93.44
93.93
94.79
93.93
93.90
91.89
95.03
93.54
95.19
93.96
94.25
92.59
94.92
92.69
93.96
95.04
95.36
93.23
95.57
93.53
93.12
93.97
95.42
94.69
93.76
92.98
92.67
94.62
93.24
94.13
94.69
95.40
94.71
95.51
93.60
92.62
94.89
92.99
94.51
94.78
95.52
89.30
95.18
94.61
94.82
91.26
94.71
94.74
93.53
92.74
91.92
94.30
93.85
95.07
94.74
94.61
94.15
93.27
94.30
93.36
94.35
94.36
93.05
95.27
93.71
91.66
93.75
92.21
94.31
94.66
93.47
94.10
94.64
93.49
92.33
92.00
94.31
95.22
92.54
91.61
94.86
94.00
94.50
94.61
95.69
93.24
93.23
94.21
94.54
95.06
93.62
95.60
93.71
93.50
93.19
93.87
94.85
94.04
91.84
93.92
95.20
94.00
95.24
94.95
95.11
94.72
93.32
93.53
95.12
94.93
95.95
94.59
94.70
94.70
94.29
95.90
92.82
