97.75
97.86
97.61
97.73
97.92
97.66
97.68
97.58
97.64
97.83
97.68
97.55
97.78
97.70
97.63
97.85
97.75
97.57
97.66
97.78
97.87
97.67
97.54
97.46
97.67
97.81
97.66
97.56
97.66
97.73
97.74
97.44
97.57
97.72
97.89
97.62
97.69
97.59
97.61
97.76
97.71
97.77
97.78
97.65
97.69
97.59
97.77
97.67
97.64
97.74
97.71
97.78
97.71
97.75
97.56
97.72
97.51
97.61
97.69
97.70
97.60
97.53
97.84
97.74
97.55
97.64
97.49
97.86
97.66
97.66
97.63
97.83
97.71
97.66
97.64
97.54
97.73
97.64
97.72
97.71
97.73
97.63
97.78
97.66
97.70
97.69
97.62
97.40
97.73
97.58
97.82
97.50
97.35
97.67
97.76
97.77
97.68
97.73
97.72
97.69
97.63
97.81
97.63
97.76
97.74
97.75
97.53
97.76
97.75
97.56
97.67
97.73
97.77
97.76
97.79
97.77
97.81
97.70
97.55
97.73
97.63
97.66
97.63
97.69
97.72
97.79
97.75
97.62
97.70
97.59
97.71
97.63
97.79
97.62
97.73
97.63
97.80
97.64
97.68
97.74
97.74
97.63
97.64
97.65
97.66
97.79
97.75
97.80
97.83
97.70
97.74
97.72
97.52
97.80
97.57
97.61
97.66
97.71
97.61
97.70
97.54
97.78
97.64
97.74
97.83
97.81
97.75
97.77
97.67
97.65
97.81
97.80
97.78
97.61
97.72
97.71
97.70
97.76
97.68
97.52
97.59
97.75
97.80
97.71
97.73
97.72
97.88
97.68
97.54
97.75
97.65
97.73
97.56
97.71
97.79
97.62
97.70
97.67
97.50
97.63
97.66
97.68
97.65
97.49
97.77
97.65
97.84
97.64
97.81
97.64
97.66
97.88
97.57
97.64
97.68
97.68
97.79
97.69
97.68
97.69
97.80
97.64
97.73
97.78
97.59
97.68
97.62
97.86
97.67
97.60
97.80
97.72
97.51
97.84
97.64
97.74
97.62
97.62
97.85
97.62
97.66
97.79
97.65
97.78
97.68
97.66
97.68
97.62
97.68
97.68
97.52
97.60
97.58
97.77
97.77
97.87
97.66
97.78
97.83
97.45
97.70
97.63
97.65
97.62
97.60
97.73
97.69
97.65
97.79
97.77
97.82
97.59
97.60
97.81
97.69
97.77
97.75
97.59
97.66
97.49
97.83
97.73
97.70
97.71
97.75
97.84
97.58
97.74
97.66
97.68
97.72
97.67
97.56
97.73
97.69
97.74
97.78
97.76
97.87
97.77
97.67
97.69
97.74
97.67
97.64
97.78
97.73
97.67
97.65
97.68
97.61
97.72
97.82
97.64
97.68
97.70
97.65
97.70
97.61
97.59
97.55
97.62
97.71
97.69
97.65
97.76
97.70
97.62
97.71
97.86
97.78
97.46
97.80
97.90
97.86
97.76
97.62
97.82
97.61
97.65
97.58
97.70
97.68
97.75
97.69
97.73
97.73
97.30
97.81
97.59
97.53
97.60
97.75
97.77
97.67
97.83
97.63
97.75
97.66
97.74
97.58
97.70
97.59
97.82
97.75
97.93
97.68
97.62
97.57
97.68
97.69
97.61
97.70
97.43
97.70
97.60
97.51
97.72
97.93
97.54
97.55
97.89
97.65
97.63
97.75
97.65
97.73
97.53
97.58
97.80
97.66
97.65
97.81
97.81
97.64
97.58
97.71
97.66
97.58
97.67
97.73
97.62
97.70
97.51
97.60
97.77
97.68
97.70
97.58
97.62
97.73
97.67
97.81
97.86
97.82
97.67
97.73
97.64
97.61
97.65
97.59
97.69
97.80
97.79
97.76
97.55
97.60
97.71
97.78
97.55
97.75
97.56
97.75
97.67
97.58
97.57
97.73
97.70
97.72
97.68
97.75
97.84
97.81
97.72
97.63
97.70
97.76
97.71
97.70
97.64
97.76
97.78
97.73
97.61
97.89
97.80
97.68
97.64
97.55
97.82
97.57
97.77
97.55
97.65
97.66
97.60
97.75
97.70
97.69
97.71
97.60
97.83
97.60
97.65
97.69
97.83
97.71
97.80
97.76
97.77
97.79
97.51
97.80
97.61
97.81
97.74
97.65
97.84
97.64
97.83
97.70
97.82
97.50
97.57
97.78
97.69
97.64
97.72
97.74
97.77
97.51
97.85
97.77
97.78
97.81
97.75
97.75
97.60
97.75
97.63
97.62
97.75
97.67
97.64
97.78
97.68
97.57
97.74
97.65
97.69
97.50
97.85
97.68
97.60
97.57
97.67
97.74
97.85
97.61
97.75
97.52
97.47
97.63
97.75
97.56
97.79
97.65
97.75
97.72
97.76
97.71
97.72
97.67
97.81
97.68
97.75
97.69
97.75
97.74
97.68
97.74
97.65
97.65
97.74
97.74
98.01
97.77
97.70
97.72
97.71
97.67
97.55
97.66
97.74
97.63
97.54
97.71
97.44
97.76
97.69
97.72
97.56
97.67
97.50
97.83
97.76
97.64
97.68
97.72
97.60
97.48
97.77
97.74
97.67
97.74
97.69
97.79
97.81
97.62
97.73
97.71
97.60
97.65
97.68
97.85
97.76
97.77
97.78
97.68
97.60
97.71
97.64
97.61
97.61
97.75
97.75
97.69
97.72
97.71
97.72
97.76
97.54
97.74
97.55
97.60
97.74
97.81
97.67
97.69
97.69
97.65
97.77
97.72
97.54
97.55
97.70
97.76
97.81
97.61
97.72
97.77
97.68
97.78
97.65
97.61
97.68
97.66
97.60
97.55
97.70
97.69
97.72
97.61
97.72
97.76
97.73
97.61
97.66
97.73
97.69
97.55
97.66
97.67
97.67
97.64
97.54
97.63
97.68
97.57
97.61
97.54
97.55
97.65
97.64
97.63
97.73
97.72
97.80
97.54
97.68
97.75
97.62
97.73
97.60
97.71
97.86
97.63
97.53
97.62
97.77
97.60
97.61
97.82
97.74
97.75
97.78
97.81
97.56
97.69
97.68
97.67
97.69
97.67
97.66
97.74
97.72
97.66
97.67
97.81
97.34
97.61
97.64
97.69
97.63
97.56
97.57
97.76
97.65
97.85
97.67
97.73
97.76
97.79
97.62
97.53
97.82
97.77
97.74
97.89
97.56
97.76
97.68
97.82
97.88
97.65
97.93
97.73
97.61
97.61
97.76
97.72
97.65
97.61
97.83
97.79
97.70
97.69
97.65
97.71
97.73
97.72
97.74
97.58
97.84
97.67
97.67
97.76
97.61
97.59
97.66
97.67
97.96
97.70
97.59
97.88
97.54
97.67
97.51
97.74
97.82
97.74
97.64
97.83
97.75
97.76
97.62
97.70
97.72
97.59
97.78
97.75
97.75
97.85
97.67
97.70
97.76
97.64
97.71
97.94
97.83
97.59
97.69
97.72
97.42
97.75
97.77
97.86
97.73
97.63
97.75
97.55
97.64
97.78
97.64
97.65
97.70
97.80
97.60
97.71
97.66
97.47
97.93
97.76
97.77
97.62
97.59
97.77
97.63
97.60
97.64
97.71
97.72
97.67
97.79
97.58
97.78
97.77
97.65
97.68
97.72
97.70
97.71
97.49
97.90
97.67
97.56
97.69
97.77
97.59
97.66
97.79
97.83
97.66
97.67
97.65
97.85
97.66
97.58
97.80
97.48
97.55
97.69
97.61
97.62
97.69
97.72
97.75
97.62
97.70
97.81
97.83
97.67
97.82
97.71
97.71
97.88
97.72
97.64
97.84
97.63
97.87
97.91
97.78
97.74
97.47
97.72
97.78
97.70
97.62
97.66
97.62
97.64
97.55
97.69
97.77
97.37
97.67
97.66
97.69
97.50
97.62
97.77
97.75
97.65
97.79
97.81
97.60
97.59
97.87
97.35
97.52
97.69
97.59
97.77
97.57
97.59
97.63
97.58
97.76
97.73
97.49
97.70
97.88
97.82
97.67
97.62
97.92
97.70
97.49
97.57
97.79
97.68
97.75
97.52
97.69
97.64
97.76
97.92
97.67
97.73
97.70
97.64
97.70
97.78
97.72
97.70
97.62
97.68
97.71
97.65
97.55
97.67
97.58
97.68
97.63
97.59
97.75
97.77
97.63
97.64
97.72
97.60
97.72
97.84
97.73
97.77
97.72
97.64
97.65
97.77
97.50
97.79
97.74
97.57
97.87
97.62
97.69
97.66
97.63
97.82
97.75
97.74
97.61
97.79
97.56
97.73
97.61
97.75
97.67
97.82
97.73
97.44
97.53
97.70
97.66
97.76
97.64
97.63
97.50
97.57
97.69
97.45
97.76
97.75
97.72
97.72
97.51
97.65
97.72
97.63
97.71
97.86
97.61
97.71
97.79
97.88
97.75
97.62
97.75
97.62
