90.22
93.92
94.21
95.50
92.43
94.53
92.85
94.56
94.12
93.70
93.44
92.79
93.29
94.51
96.23
94.48
94.13
95.18
93.49
94.45
94.48
95.47
93.75
89.92
94.71
95.09
92.49
93.43
92.66
94.17
94.92
93.43
90.71
94.29
94.87
94.32
93.24
92.51
90.74
92.99
93.67
94.45
94.15
95.38
94.47
91.32
93.96
93.88
95.25
95.10
93.98
95.57
94.60
94.28
92.82
92.61
94.40
88.81
93.94
94.96
91.84
93.13
94.53
95.07
94.08
93.99
94.87
93.25
94.23
95.65
94.48
95.27
92.52
92.99
95.31
94.54
88.80
92.08
94.94
93.75
94.73
94.29
94.80
93.54
92.12
92.31
93.23
89.99
95.48
91.40
93.00
90.87
90.42
94.81
95.04
93.57
95.38
94.65
94.06
94.60
94.52
89.90
93.47
94.49
93.78
93.89
93.10
93.75
90.95
94.18
94.24
94.04
93.49
93.57
93.46
93.60
94.32
93.51
92.68
90.44
94.47
94.04
93.78
94.85
95.41
93.41
93.00
95.12
94.33
92.28
93.28
92.04
95.31
93.55
93.97
94.81
94.16
94.17
96.15
94.23
92.33
94.17
93.45
92.23
92.90
95.62
93.49
94.50
94.62
92.48
95.01
94.50
95.21
95.65
93.28
95.02
94.62
95.74
93.42
94.14
95.04
93.49
94.03
92.27
94.27
92.88
94.75
94.38
94.17
94.95
93.14
94.34
95.14
93.81
93.56
95.45
94.85
94.47
92.20
94.47
93.22
94.63
92.60
94.57
94.67
93.63
94.22
92.08
90.99
94.45
93.80
94.71
95.00
91.91
94.31
94.34
89.65
91.29
95.44
94.73
93.69
93.25
94.51
93.89
94.37
94.11
92.67
93.37
91.41
89.83
94.37
92.86
94.21
95.08
92.76
95.47
93.49
93.29
92.66
93.64
95.23
93.99
93.98
94.71
94.90
93.87
94.79
93.92
94.11
95.32
93.90
91.64
95.15
92.47
93.93
94.66
93.96
94.43
95.23
93.35
94.20
92.56
93.94
94.27
93.57
91.17
93.28
95.34
94.47
94.18
92.97
95.10
93.41
92.70
94.00
94.89
93.71
95.60
94.58
94.87
93.11
94.66
92.73
88.29
89.76
92.51
94.57
94.15
94.71
91.71
91.48
95.18
91.00
95.40
92.83
93.82
93.99
93.30
92.75
95.11
94.76
93.13
92.96
91.36
94.74
92.73
93.74
94.12
94.14
93.48
93.26
93.94
94.71
95.86
94.79
92.98
94.43
91.92
89.09
94.34
88.84
91.32
93.36
94.77
93.20
94.29
94.89
95.31
94.65
94.10
94.18
95.12
93.10
94.34
93.30
94.35
93.77
95.46
93.60
93.75
93.43
93.72
93.22
91.20
93.65
94.39
86.41
94.95
92.33
94.56
90.18
91.44
92.42
91.28
94.64
95.11
95.18
94.66
93.24
93.70
94.66
95.24
93.41
94.08
93.16
94.93
92.31
94.29
95.36
94.10
94.49
92.99
94.95
92.47
95.55
91.00
92.26
90.92
93.99
95.53
94.34
94.89
91.45
91.66
91.98
90.64
91.21
91.06
91.78
94.61
92.34
94.86
91.23
94.26
92.00
95.59
93.99
94.42
93.71
93.75
94.60
93.53
93.97
92.47
95.35
91.14
94.20
94.72
94.75
94.26
95.59
93.33
92.98
93.82
94.03
93.92
92.57
94.84
92.51
94.29
94.05
95.17
93.80
93.19
95.37
94.11
92.93
94.74
91.01
94.04
93.03
93.86
95.68
92.67
90.10
94.30
95.06
96.07
92.87
92.58
93.47
91.00
94.66
92.57
94.92
94.12
94.54
94.77
90.15
93.58
91.95
93.67
94.48
94.35
95.69
91.83
93.09
93.69
94.34
93.33
94.52
93.43
92.55
91.10
95.05
95.38
95.16
94.54
93.34
92.03
94.17
93.62
93.35
91.94
94.60
94.26
94.89
95.50
92.16
91.46
93.52
93.58
93.38
91.03
91.82
92.60
93.48
93.68
94.03
93.00
93.59
92.45
93.97
92.02
95.13
92.83
92.30
93.34
91.17
95.05
95.34
93.45
93.49
91.31
94.00
93.61
92.19
95.71
93.93
92.08
93.18
94.82
94.78
95.05
93.77
91.45
95.48
94.07
93.84
90.07
92.88
95.23
92.57
94.18
92.32
93.99
94.56
94.52
94.00
94.82
94.62
94.59
91.64
94.67
92.78
92.69
94.10
94.78
95.23
92.74
92.14
94.24
93.25
93.41
93.21
90.85
94.56
94.91
95.53
93.37
91.64
94.76
95.30
93.32
95.08
93.73
93.90
95.15
94.72
91.47
93.19
93.92
93.62
93.84
94.19
94.29
94.62
94.29
93.12
92.26
93.95
94.51
94.43
94.89
92.66
93.63
92.82
93.17
92.81
94.07
92.65
92.13
93.07
90.41
92.48
90.21
95.58
94.10
93.06
88.95
95.29
91.68
94.91
91.94
93.45
92.88
93.71
92.73
93.64
93.08
95.09
95.31
94.55
93.60
89.66
92.79
94.58
91.30
93.49
91.30
92.94
94.20
94.28
95.38
94.00
94.47
93.81
91.45
93.46
94.04
92.62
94.14
94.48
94.48
92.94
95.13
92.09
94.14
93.40
94.94
94.19
94.32
95.45
94.63
93.89
94.79
94.69
92.91
92.94
92.98
93.75
92.50
95.32
94.10
93.44
91.46
94.28
92.38
93.95
95.99
95.45
91.53
93.68
92.12
93.49
92.46
94.70
93.54
93.89
94.40
94.48
94.53
94.79
92.70
90.97
93.60
94.69
91.69
91.20
95.02
93.85
90.70
90.62
91.84
95.21
92.29
94.81
93.19
95.50
94.65
91.84
90.09
90.46
93.98
94.18
94.59
91.36
93.43
95.26
92.88
94.99
95.76
93.75
93.06
94.55
90.67
91.97
95.01
94.79
94.52
94.29
88.87
93.05
94.51
95.00
95.05
94.05
94.83
92.91
94.80
92.42
93.30
92.96
94.48
90.18
95.27
93.83
94.02
91.34
93.49
93.94
95.73
94.05
93.08
95.04
94.06
93.10
94.43
92.34
93.26
95.10
92.15
95.04
94.25
94.86
89.17
93.74
95.08
94.74
94.51
94.94
93.09
95.06
94.52
94.05
94.86
89.94
91.70
93.84
87.68
94.07
94.13
94.39
94.83
92.22
93.48
94.50
94.81
93.62
94.37
93.15
93.16
94.60
94.60
93.18
92.88
91.74
93.49
96.27
92.64
92.54
93.40
93.03
91.19
94.33
92.27
94.23
93.98
94.02
94.65
93.75
90.76
94.29
92.19
95.06
94.39
94.03
90.26
94.42
94.31
90.70
93.98
94.58
95.59
94.16
94.62
94.10
94.52
95.17
94.57
95.03
93.25
95.11
94.24
94.67
91.07
92.99
94.97
92.86
93.67
93.93
92.52
95.28
93.86
90.73
92.35
94.17
95.74
94.10
92.60
94.77
92.80
95.04
92.71
91.73
94.61
94.22
92.16
94.56
91.80
95.03
87.74
95.34
94.05
93.70
94.70
94.06
91.71
93.90
94.98
94.34
94.24
94.45
94.27
91.13
94.66
91.79
95.02
94.30
94.40
92.56
95.02
94.71
93.56
91.79
93.76
91.56
92.76
94.15
94.02
95.25
92.73
90.95
90.60
94.97
91.69
93.17
93.73
95.76
93.39
93.44
91.39
94.34
95.25
92.46
93.19
95.56
94.76
93.02
92.14
92.40
94.01
94.17
93.69
91.60
92.43
95.50
93.68
92.98
94.00
93.58
94.16
93.23
93.92
94.35
94.01
94.07
94.62
94.62
94.57
92.15
94.54
94.48
89.30
93.41
89.08
94.13
94.72
94.51
94.65
93.96
91.36
92.49
92.47
94.58
93.85
92.08
92.66
92.41
94.39
91.78
92.14
92.27
91.33
94.64
95.02
95.00
93.65
94.75
95.06
95.02
94.30
93.88
94.31
92.42
94.18
94.26
94.10
92.82
94.44
93.23
93.19
94.37
92.11
95.48
91.47
94.10
92.42
90.75
93.88
94.91
93.56
94.62
95.38
92.31
94.72
94.42
94.17
90.84
93.99
95.25
94.94
93.57
95.03
94.92
95.77
94.01
95.27
93.83
94.80
93.02
93.70
94.22
93.79
94.13
94.49
94.54
93.76
93.32
94.66
92.74
95.02
93.77
95.10
95.14
95.34
94.94
92.67
94.24
93.93
93.95
94.51
95.19
93.23
90.47
91.71
95.02
94.42
94.53
95.20
93.35
93.79
93.61
94.41
94.18
94.42
94.61
94.03
93.23
95.05
91.64
95.23
93.63
79.45
94.65
93.60
93.77
94.69
88.23
93.85
