94.48
95.05
93.75
94.18
93.64
94.90
94.01
94.63
94.20
94.35
94.89
94.05
93.09
93.97
94.88
94.63
94.09
94.38
94.95
93.78
93.83
94.32
94.39
94.45
94.07
94.53
93.84
94.09
94.18
93.64
93.31
94.11
93.52
94.27
95.02
94.66
93.33
94.19
94.29
94.37
94.30
94.74
93.78
93.64
94.89
94.03
94.54
95.22
94.80
94.59
93.19
94.57
94.14
94.57
94.84
94.05
93.90
94.21
94.17
94.95
94.52
94.55
94.46
91.33
94.47
94.33
94.73
94.31
94.86
94.68
94.10
94.31
93.73
94.46
94.05
94.53
94.00
94.74
94.73
94.61
93.30
94.69
94.82
94.05
94.19
93.33
93.96
94.42
93.63
94.41
94.95
94.32
94.79
94.44
94.28
94.61
95.03
94.78
94.07
94.21
93.98
94.31
94.25
94.26
93.85
94.46
94.27
95.22
94.80
93.31
93.63
94.76
94.62
94.52
93.80
94.72
94.93
94.18
94.21
94.39
94.10
93.43
94.37
93.97
94.25
94.42
93.53
94.29
94.74
94.13
94.70
94.78
93.99
94.32
94.53
94.70
94.55
94.82
94.96
94.13
94.59
93.98
94.61
94.34
94.34
94.72
94.39
94.26
95.11
92.95
93.64
94.60
94.69
94.59
94.74
94.61
94.83
94.36
93.60
93.79
93.81
94.36
93.87
93.33
94.88
94.01
94.65
94.57
94.48
94.25
94.41
93.59
93.73
94.72
93.48
93.94
93.76
94.91
94.35
94.86
94.00
94.82
93.21
94.32
94.09
93.77
93.92
93.86
95.11
94.48
94.61
94.56
94.12
94.72
94.75
93.94
94.92
94.29
94.53
94.27
94.35
94.44
93.26
94.15
95.05
94.20
94.35
94.08
94.93
95.11
93.62
94.79
94.10
94.23
94.61
93.73
93.45
93.73
94.74
94.77
93.68
94.27
93.99
94.36
93.84
94.36
94.78
94.35
95.10
94.36
94.91
94.48
94.38
93.95
94.38
94.58
93.72
94.77
94.37
94.16
94.88
94.28
94.32
94.70
94.51
94.65
94.68
94.33
92.33
95.27
94.58
94.32
94.13
94.59
94.73
94.61
93.91
94.81
95.05
94.14
94.83
94.70
94.64
94.14
94.42
93.74
94.27
94.83
94.55
94.45
94.04
93.80
94.53
94.22
94.45
93.57
94.58
94.69
94.23
94.32
94.78
93.85
94.06
94.65
93.58
94.47
94.71
93.51
94.35
94.06
94.41
94.75
93.81
92.20
93.72
94.76
93.65
94.35
93.27
93.71
93.83
94.28
94.27
94.67
94.18
94.31
93.38
94.24
95.01
94.72
94.29
95.13
94.45
94.19
94.85
94.49
94.59
94.83
93.39
95.12
94.40
94.81
94.52
94.32
95.35
94.61
94.25
93.17
94.44
94.07
94.15
94.64
95.17
93.58
94.63
94.39
94.27
94.03
94.51
94.24
94.70
94.60
94.46
94.81
93.90
93.73
94.51
93.92
94.23
92.55
93.76
93.93
94.15
94.10
94.48
92.39
95.22
94.81
94.08
94.76
94.89
93.96
94.47
95.06
93.37
94.11
94.72
95.41
94.73
94.58
94.61
94.10
94.04
94.01
93.87
93.53
94.46
94.50
93.74
94.35
94.53
94.72
94.05
94.96
94.75
94.80
94.95
94.76
94.21
94.70
94.18
94.80
94.44
94.25
94.43
93.84
94.26
94.50
94.59
94.63
94.01
94.66
93.80
94.33
93.88
94.69
94.60
94.75
93.51
95.00
94.47
93.71
94.42
93.73
95.23
94.75
94.01
94.35
91.13
93.60
94.30
95.02
94.66
94.75
94.59
94.98
94.60
94.90
94.35
94.38
94.44
93.11
94.66
95.03
95.00
94.92
94.15
92.96
95.06
94.04
94.94
94.86
94.30
93.84
95.44
94.01
93.88
94.68
93.61
94.41
93.60
94.17
94.29
94.47
94.45
94.23
94.58
94.26
95.00
95.37
94.05
94.40
93.76
94.08
93.74
94.67
94.26
93.97
93.67
95.09
94.59
94.25
94.39
94.39
94.46
93.97
94.24
94.39
94.65
95.06
94.17
94.49
94.72
94.42
94.49
94.42
94.51
94.53
95.14
93.87
94.97
94.39
94.91
94.70
94.10
94.43
94.43
94.53
94.93
94.36
95.09
94.52
95.07
93.32
94.81
94.62
94.67
94.65
94.32
94.18
94.01
94.20
93.98
93.93
94.62
94.79
95.09
93.70
94.90
94.17
93.06
94.53
95.15
94.28
93.61
94.07
93.94
95.05
94.23
94.18
94.14
94.51
94.38
95.27
94.48
94.47
94.38
94.83
94.68
94.07
94.34
94.12
94.66
93.91
94.92
94.63
94.98
93.53
94.52
93.87
94.80
94.09
94.21
94.47
94.23
94.44
93.46
94.53
94.60
94.28
94.38
92.42
94.39
94.67
94.62
94.27
94.75
93.34
93.81
94.69
94.23
94.71
94.58
94.69
94.63
94.69
93.89
94.39
94.08
94.87
94.73
94.14
94.62
93.20
94.47
93.97
94.61
95.14
94.00
93.46
93.89
93.64
93.57
94.17
93.83
94.26
94.89
94.63
94.72
94.07
94.63
95.22
94.61
94.22
94.59
94.06
94.19
93.46
94.38
94.55
94.74
94.47
93.95
94.04
94.84
94.59
94.65
94.48
94.24
95.06
94.52
95.04
94.35
94.46
94.41
94.65
94.69
95.10
93.90
94.35
94.67
94.47
94.81
93.49
93.11
94.01
95.12
94.84
94.64
93.91
94.10
93.61
94.23
94.09
93.94
93.69
94.71
94.60
94.79
94.85
93.98
94.36
95.03
94.69
93.50
94.78
94.63
93.51
95.11
94.16
94.94
94.42
94.49
94.01
94.84
93.58
94.43
93.75
95.02
93.84
95.38
94.23
93.36
94.71
95.05
93.96
94.65
94.22
94.46
94.30
93.72
93.96
93.75
94.68
94.31
93.16
94.10
94.46
94.32
94.76
94.55
93.47
94.71
93.90
93.76
94.26
93.98
94.81
94.18
95.14
93.54
94.35
94.13
93.78
93.06
94.13
94.64
93.87
95.07
93.77
94.64
93.90
93.22
94.40
94.54
94.47
94.79
94.70
94.60
94.72
93.44
94.70
94.55
93.55
93.74
94.96
94.03
94.36
94.50
94.76
93.24
94.55
94.04
94.70
94.20
94.14
94.48
94.48
94.32
93.74
94.58
94.87
94.71
94.15
93.61
94.54
94.09
94.51
95.15
93.73
94.20
94.37
94.43
95.01
94.12
94.95
94.37
94.98
94.91
94.92
94.73
94.99
94.51
93.63
94.05
94.82
95.24
94.52
94.28
94.35
94.57
94.01
94.62
93.44
94.76
93.87
93.95
94.25
94.58
93.46
94.65
93.47
94.41
95.12
94.72
94.68
94.49
94.58
93.77
93.64
94.29
94.44
94.91
94.56
94.08
94.49
94.11
94.90
94.84
94.55
95.11
94.96
95.37
93.96
94.50
94.59
94.48
94.93
94.92
93.47
94.68
94.78
93.78
94.88
94.78
94.55
94.17
94.26
93.73
93.93
94.80
94.32
94.96
94.06
94.39
95.07
95.07
94.81
94.71
94.21
94.50
94.45
94.51
95.00
93.29
94.19
94.36
94.10
93.90
93.95
94.90
93.62
94.43
94.60
94.73
94.58
94.00
94.75
94.86
95.27
94.59
94.55
94.32
94.32
95.11
94.44
94.63
94.49
94.63
94.38
94.03
94.36
94.22
94.72
95.18
94.99
94.50
94.31
95.22
94.24
94.43
94.12
94.57
94.30
93.89
94.02
93.75
93.30
94.63
94.46
94.45
94.39
94.51
95.00
92.75
94.17
94.36
94.48
94.62
94.68
94.41
95.15
94.91
93.39
94.48
94.89
94.29
94.48
94.27
93.94
94.53
94.90
94.41
94.28
94.18
94.45
94.55
94.13
94.22
93.84
94.06
94.45
92.98
94.11
95.13
94.19
95.24
94.95
94.66
94.47
94.63
94.86
94.30
94.54
94.21
94.31
94.61
95.00
94.39
94.91
94.81
94.68
93.83
94.43
95.12
94.37
93.25
93.85
94.67
94.72
94.68
94.56
94.66
94.66
94.33
93.45
94.35
94.18
94.15
94.09
94.67
94.52
94.76
93.78
94.64
94.74
95.01
94.57
94.74
94.59
93.97
94.38
93.63
94.90
94.70
94.44
93.18
94.69
95.28
94.14
94.69
94.49
94.58
94.68
94.42
94.47
94.05
94.88
94.81
94.65
95.09
94.86
94.49
94.77
94.45
94.71
94.56
92.93
94.92
94.80
95.05
94.29
94.38
94.89
94.74
93.43
94.72
94.11
94.60
94.20
