97.73
97.79
97.79
97.59
97.64
97.70
97.60
97.65
97.65
97.53
97.53
97.63
97.88
97.78
97.56
97.71
97.74
97.69
97.61
97.99
97.57
97.83
97.65
97.59
97.61
97.74
97.75
97.55
97.80
97.70
97.55
97.73
97.83
97.78
97.71
97.71
97.79
97.86
97.57
97.72
97.72
97.84
97.31
97.66
97.77
97.85
97.55
97.62
97.64
97.64
97.74
97.75
97.77
97.88
97.79
97.73
97.79
97.76
97.49
97.89
97.60
97.75
97.69
97.76
97.64
97.62
97.41
97.66
97.76
97.78
97.75
97.73
97.62
97.61
97.51
97.60
97.88
97.78
97.66
97.74
97.87
97.64
97.73
97.86
97.94
97.64
97.70
97.77
97.79
97.86
97.74
97.73
97.55
97.66
97.55
97.68
97.62
97.89
97.86
97.64
97.77
97.63
97.95
97.67
97.70
97.69
97.81
97.78
97.67
97.80
97.69
97.86
97.65
97.91
97.68
97.66
97.91
97.78
97.74
97.82
97.53
97.72
97.46
97.34
97.69
97.75
97.81
97.61
97.73
97.79
97.44
97.85
97.58
97.69
97.70
97.76
97.88
97.63
97.69
97.86
97.79
97.65
97.76
97.63
97.70
97.69
97.73
97.76
97.85
97.78
97.81
97.69
97.69
97.62
97.64
97.68
97.65
97.84
97.66
97.81
97.79
97.75
97.77
97.75
97.53
97.75
97.78
97.64
97.70
97.90
97.70
97.85
97.74
97.83
97.57
97.67
97.83
97.77
97.84
97.76
97.66
97.64
97.84
97.72
97.69
97.57
97.66
97.71
97.60
97.62
97.60
97.55
97.66
97.56
97.69
97.73
97.81
97.81
97.49
97.72
97.68
97.57
97.81
97.77
97.65
97.65
97.82
97.56
97.68
97.75
97.67
97.61
97.77
97.79
97.65
97.77
97.75
97.64
97.78
97.72
97.88
97.76
97.66
97.70
97.70
97.73
97.76
97.75
97.75
97.70
97.85
97.73
97.88
97.66
97.70
97.59
97.77
97.69
97.61
97.81
97.76
97.69
97.77
97.94
97.84
97.63
97.65
97.58
97.68
97.82
97.70
97.85
97.65
97.54
97.69
97.68
97.70
97.69
97.81
97.72
97.53
97.76
97.76
97.71
97.71
97.78
97.78
97.72
97.78
97.62
97.62
97.80
97.69
97.53
97.67
97.75
97.71
97.74
97.72
97.74
97.61
97.79
97.77
97.64
97.83
97.75
97.59
97.63
97.61
97.80
97.39
97.78
97.74
97.77
97.65
97.66
97.71
97.63
97.70
97.79
97.77
97.67
97.55
97.53
97.70
97.77
97.59
97.54
97.64
97.67
97.68
97.71
97.68
97.77
97.67
97.64
97.74
97.62
97.69
97.61
97.70
97.85
97.45
97.74
97.71
97.68
97.73
97.71
97.80
97.80
97.73
97.68
97.56
97.71
97.82
97.90
97.78
97.71
97.63
97.69
97.76
97.56
97.75
97.65
97.79
97.81
97.50
97.82
97.75
97.66
97.60
97.77
97.61
97.75
97.70
97.56
97.78
97.68
97.86
97.65
97.90
97.61
97.52
97.68
97.78
97.88
97.95
97.92
97.75
97.81
97.68
97.55
97.66
97.67
97.89
97.87
97.64
97.62
97.82
97.62
97.72
97.74
97.77
97.58
97.80
97.66
97.58
97.59
97.76
97.78
97.88
98.02
97.84
97.80
97.78
97.64
97.70
97.82
97.55
97.85
97.74
97.75
97.50
97.71
97.76
97.80
97.77
97.68
97.69
97.62
97.64
97.78
97.66
97.80
97.71
97.69
97.78
97.84
97.71
97.81
97.80
97.77
97.73
97.58
97.65
97.60
97.67
97.65
97.71
97.80
97.79
97.67
97.76
97.69
97.73
97.74
97.92
97.60
97.73
97.72
97.95
97.94
97.69
97.83
97.83
97.73
97.78
97.71
97.86
97.69
97.77
97.72
97.75
97.69
97.84
97.63
97.65
97.90
97.61
97.58
97.66
97.75
97.66
97.63
97.64
97.78
97.87
97.64
97.78
97.69
97.86
97.65
97.76
97.66
97.57
97.67
97.70
97.78
97.67
97.72
97.53
97.73
97.65
97.73
97.72
97.85
97.73
97.84
97.76
97.82
97.70
97.74
97.81
97.80
97.61
97.68
97.78
97.92
97.61
97.53
97.66
97.61
97.77
97.58
97.60
97.56
97.69
97.74
97.63
97.78
97.73
97.66
97.61
97.85
97.64
97.76
97.65
97.78
97.60
97.73
97.81
97.56
97.67
97.67
97.75
97.78
97.80
97.60
97.73
97.81
97.63
97.78
97.72
97.73
97.79
97.75
97.74
97.55
97.83
97.88
97.80
97.84
97.76
97.66
97.74
97.80
97.83
97.70
97.59
97.67
97.73
97.60
97.68
97.83
97.81
97.63
97.79
97.66
97.50
97.63
97.71
97.63
97.70
97.89
97.66
97.93
97.89
97.76
97.69
97.63
97.64
97.67
97.81
97.69
97.81
97.76
97.70
97.76
97.68
97.65
97.78
97.86
97.75
97.64
97.88
97.78
97.61
97.85
97.83
97.70
97.62
97.67
97.84
97.82
97.76
97.67
97.65
97.74
97.76
97.73
97.61
97.80
97.76
97.74
97.63
97.81
97.59
97.69
97.56
97.67
97.73
97.54
97.75
97.65
97.61
97.64
97.55
97.83
97.71
97.66
97.58
97.60
97.75
97.65
97.69
97.86
97.79
97.58
97.73
97.79
97.62
97.65
97.56
97.76
97.82
97.57
97.93
97.78
97.84
97.71
97.76
97.56
97.57
97.67
97.64
97.72
97.76
97.51
97.81
97.76
97.76
97.78
97.81
97.70
97.70
97.69
97.91
97.71
97.74
97.74
97.76
97.62
97.80
97.85
97.67
97.74
97.81
97.69
97.65
97.61
97.53
97.55
97.73
97.77
97.72
97.71
97.72
97.72
97.91
97.63
97.77
97.84
97.53
97.61
97.73
97.67
97.70
97.81
97.82
97.61
97.86
97.55
97.70
97.84
97.58
97.56
97.76
97.77
97.88
97.53
97.72
97.56
97.69
97.77
97.76
97.57
97.83
97.80
97.74
97.87
97.58
97.59
97.57
97.76
97.77
97.66
97.63
97.87
97.74
97.61
97.69
97.88
97.78
97.89
97.74
97.84
97.72
97.68
97.72
97.63
97.77
97.78
97.83
97.89
97.61
97.79
97.76
97.69
97.88
97.83
97.55
97.71
97.56
97.68
97.63
97.51
97.85
97.69
97.79
97.56
97.71
97.68
97.84
97.50
97.63
97.52
97.89
97.96
97.67
97.80
97.62
97.62
97.69
97.69
97.82
97.67
97.78
97.76
97.67
97.59
97.68
97.66
97.68
97.73
97.65
97.86
97.65
97.78
97.86
97.81
97.76
97.54
97.81
97.78
97.73
97.74
97.85
97.76
97.70
97.76
97.79
97.64
97.66
97.81
97.83
97.69
97.51
97.91
97.64
97.92
97.67
97.80
97.77
97.76
97.71
97.58
97.68
97.64
97.69
97.70
97.76
97.51
97.75
97.81
97.80
97.99
97.58
97.75
97.67
97.76
97.73
97.73
97.76
97.73
97.66
97.81
97.68
97.83
97.76
97.96
97.55
97.90
97.80
97.59
97.76
97.75
97.58
97.75
97.80
97.78
97.53
97.72
97.71
97.88
97.75
97.57
97.80
97.58
97.82
97.66
97.82
97.88
97.76
97.59
97.84
97.50
97.58
97.71
97.63
97.59
97.49
97.85
97.52
97.86
97.61
97.64
97.65
97.73
97.84
97.64
98.00
97.77
97.82
97.72
97.81
97.79
97.76
97.83
97.74
97.73
97.75
97.74
97.89
97.79
97.65
97.66
97.82
97.79
97.72
97.80
97.64
97.72
97.72
97.62
97.86
97.84
97.86
97.83
97.68
97.77
97.72
97.75
97.85
97.82
97.79
97.83
97.62
97.69
97.66
97.82
97.74
97.71
97.60
97.60
97.70
97.72
97.70
97.83
97.53
97.80
97.69
97.77
97.66
97.83
97.77
97.84
97.65
97.77
97.53
97.98
97.75
97.80
97.73
97.85
97.66
97.63
97.86
97.73
97.76
97.69
97.80
97.86
97.65
97.74
97.77
97.79
97.57
97.65
97.85
97.81
97.70
97.76
97.80
97.59
97.73
97.67
97.57
97.77
97.81
97.70
97.69
97.58
97.68
97.48
97.92
97.64
97.49
97.68
97.71
97.66
97.83
97.69
97.66
97.74
97.82
97.53
97.59
97.62
97.83
97.80
97.93
97.67
97.57
97.67
97.49
97.83
97.69
97.70
97.62
97.78
97.80
97.68
97.80
97.53
97.82
97.75
97.68
97.64
97.83
97.63
