87.66
88.10
88.61
88.96
86.12
87.62
88.33
86.10
88.05
86.85
84.85
88.42
84.94
85.44
87.14
88.86
86.92
87.07
87.12
86.37
87.01
85.58
88.57
85.07
87.37
89.27
85.29
86.55
85.02
86.30
88.65
86.21
84.57
86.56
88.34
88.53
88.00
89.11
88.29
83.75
85.90
88.13
87.15
87.74
84.68
87.52
85.75
87.43
86.44
87.26
87.16
87.57
89.51
88.07
88.02
88.17
83.95
87.46
87.11
86.54
87.22
87.67
86.90
83.78
86.13
85.12
88.77
83.53
88.86
83.96
85.86
87.24
88.21
89.20
86.92
88.19
87.68
88.46
84.73
83.90
81.44
86.64
87.79
84.69
84.29
86.83
86.13
87.43
87.55
81.77
87.13
88.82
86.65
88.40
88.48
87.15
86.69
84.58
87.78
87.74
87.78
87.53
87.66
86.02
85.55
85.64
84.57
86.38
86.22
88.34
87.91
89.05
88.09
85.65
87.48
84.82
87.87
88.34
86.14
86.76
87.51
85.17
84.06
86.57
87.72
87.50
87.37
84.89
87.14
86.52
85.67
86.24
88.74
89.17
85.70
87.63
85.78
84.36
84.39
85.47
87.51
86.39
88.16
83.98
87.70
86.98
85.96
86.72
88.14
88.61
86.48
86.23
86.20
87.12
89.12
86.83
87.59
88.28
89.73
86.97
87.31
87.63
87.33
86.35
87.68
87.14
87.66
84.46
88.80
86.78
86.89
84.94
88.90
84.51
89.29
86.33
87.32
88.76
85.48
87.45
85.46
87.34
87.08
86.60
87.05
85.75
86.07
85.76
86.36
85.53
86.87
89.55
87.80
88.31
87.28
85.88
87.51
87.73
88.14
89.07
88.19
88.47
88.13
88.54
87.11
86.45
89.52
87.29
86.59
86.60
85.25
88.07
87.64
85.26
88.68
87.12
85.55
86.51
86.66
89.12
87.57
88.20
87.35
87.65
89.34
86.78
86.78
87.60
87.16
86.86
84.40
85.96
87.50
88.14
85.22
86.76
88.87
86.40
88.49
85.35
87.34
82.64
84.77
85.63
87.90
84.81
84.25
85.11
88.25
85.40
85.99
86.47
86.56
85.86
87.79
88.08
88.52
84.36
85.35
88.78
88.53
85.60
85.70
87.96
85.77
87.97
85.23
88.15
86.92
87.79
87.17
84.47
88.95
87.50
87.04
88.67
86.12
89.85
86.93
87.34
87.23
87.91
85.07
86.49
84.73
88.08
87.46
86.65
84.84
88.00
87.87
87.42
87.25
86.88
86.68
87.15
87.58
85.56
85.88
85.44
88.09
87.33
88.31
88.28
87.87
88.20
89.00
87.92
88.12
83.94
87.53
87.66
84.99
83.58
87.21
86.60
86.98
84.48
84.32
87.75
88.94
87.93
85.44
88.15
88.86
85.59
88.02
85.06
88.11
89.58
88.89
87.67
87.16
84.64
86.19
87.96
85.60
87.00
88.58
87.29
85.37
84.59
88.01
86.72
87.83
87.02
87.96
88.06
87.47
86.69
87.00
86.58
89.06
86.65
86.05
83.63
89.04
88.46
86.32
87.26
83.56
86.20
86.43
88.38
89.13
86.44
87.25
86.33
86.38
88.01
82.37
87.21
87.41
84.18
87.39
88.76
87.08
85.71
87.09
86.63
87.34
86.41
86.93
87.39
82.32
87.74
87.77
86.43
89.26
87.48
83.20
88.53
88.21
86.43
88.01
85.21
87.29
85.93
87.13
87.91
88.58
89.26
85.79
87.38
86.56
86.46
87.67
88.72
87.89
87.56
86.63
86.98
89.49
88.47
89.23
85.98
86.52
84.84
85.14
87.50
87.75
89.16
87.02
83.65
86.00
88.04
88.31
88.16
85.95
87.53
84.66
86.68
87.41
85.59
85.55
86.63
84.42
88.32
86.90
82.57
85.90
89.34
88.06
85.47
88.17
88.73
86.96
83.55
88.13
87.61
84.84
86.56
88.24
85.55
89.10
85.48
85.86
88.17
82.01
87.46
86.97
86.17
86.53
85.11
87.75
86.33
87.59
84.64
87.38
88.16
86.74
86.65
86.26
84.11
87.46
85.58
84.55
87.52
86.87
87.30
87.20
88.50
87.96
87.87
87.18
87.37
88.38
83.46
86.95
87.92
84.58
86.28
86.60
88.43
89.19
85.92
85.23
83.41
84.53
85.45
88.94
87.22
88.72
86.32
88.62
87.22
84.74
87.28
85.67
83.84
84.45
87.16
88.33
88.54
86.08
87.34
86.35
89.34
85.80
84.76
86.87
87.40
88.52
86.60
87.62
86.10
88.13
85.83
87.82
88.54
87.87
88.16
88.00
87.28
88.40
88.21
87.42
87.55
87.22
87.63
86.41
88.29
85.02
88.51
87.49
85.64
87.42
87.55
85.99
87.82
86.84
88.65
86.07
87.04
89.03
83.18
87.34
84.79
87.97
84.38
87.88
86.58
88.99
87.29
88.53
88.75
85.96
85.07
87.09
88.83
88.27
87.76
84.48
89.04
85.56
88.36
88.37
88.45
90.15
86.78
88.25
86.53
88.48
88.02
88.09
89.33
88.09
88.30
88.87
84.98
86.80
87.00
88.93
83.92
89.26
85.52
87.69
88.65
86.58
83.45
87.91
85.35
87.82
87.22
88.37
87.37
82.68
88.65
87.58
88.58
87.41
88.02
87.30
86.21
84.77
88.85
87.74
87.01
86.72
86.76
89.24
86.58
86.77
88.51
85.97
88.90
84.01
82.08
83.67
87.34
89.76
88.47
88.01
88.68
86.78
85.59
87.48
85.44
82.16
87.62
87.03
85.11
84.16
85.81
86.07
85.13
88.10
88.14
87.17
89.05
87.82
87.53
86.96
86.91
84.36
86.37
89.28
88.40
86.77
88.37
85.53
88.43
85.08
87.37
85.53
88.88
85.95
85.18
88.82
87.49
89.32
88.97
89.97
88.56
84.03
88.09
88.83
86.09
87.45
89.75
87.35
88.21
90.01
86.51
89.27
86.86
88.85
85.32
88.05
86.97
85.09
88.40
86.59
85.24
87.08
85.90
83.87
86.10
86.67
87.30
87.84
88.21
86.26
87.09
86.15
86.87
85.68
86.46
83.98
86.51
87.77
85.47
88.16
86.42
86.00
88.26
83.92
88.47
86.08
87.82
87.85
86.65
86.56
87.74
88.82
90.04
88.94
88.49
88.41
88.18
85.59
88.61
88.82
86.48
88.33
84.43
86.44
87.26
86.11
85.89
88.72
86.14
87.26
86.42
88.68
84.10
87.61
86.64
87.14
87.21
86.32
86.55
87.81
87.85
87.71
85.24
87.46
86.33
87.98
87.76
85.96
87.80
86.12
89.79
88.73
86.40
87.67
88.85
88.28
87.08
86.22
85.96
85.94
88.36
88.10
86.72
84.49
88.18
82.81
84.83
85.12
88.93
86.11
88.31
86.88
85.69
87.99
85.05
88.64
85.37
86.04
83.18
86.55
89.48
88.79
87.82
86.50
85.22
87.13
87.58
88.74
87.78
85.29
86.26
87.51
85.74
86.23
87.60
86.99
88.00
86.07
85.31
86.49
86.31
86.45
87.14
86.66
85.18
88.79
87.93
88.11
88.10
86.90
88.52
88.69
88.77
87.89
87.25
87.89
89.04
88.25
88.51
87.30
86.99
87.70
87.76
88.25
86.18
87.91
88.28
86.73
85.49
86.22
88.19
84.74
87.96
88.91
88.07
85.98
86.25
86.00
83.95
85.61
86.76
85.24
85.79
87.32
87.38
87.94
89.34
86.00
85.94
86.80
88.70
87.29
89.28
88.12
87.21
85.11
88.72
86.85
86.57
87.83
86.78
86.75
85.58
86.73
88.84
86.80
85.06
89.85
85.87
85.62
88.19
86.40
88.46
86.13
89.00
86.62
87.40
85.67
86.54
89.27
88.52
86.80
87.13
84.88
87.10
87.90
82.68
87.41
84.70
88.25
86.57
85.86
88.18
89.19
87.54
87.15
87.37
86.29
87.80
88.65
88.20
86.64
87.69
88.49
85.93
86.74
85.91
87.87
86.38
87.22
87.83
87.99
86.40
89.27
87.30
87.28
88.21
87.54
88.16
87.07
87.45
84.87
89.72
88.59
87.23
86.83
87.96
86.26
85.60
84.00
87.01
86.07
88.38
85.63
88.67
89.22
88.21
86.58
85.45
86.97
87.87
86.26
87.71
86.69
87.31
85.95
85.44
88.08
84.58
87.52
86.92
84.69
86.63
89.09
87.60
88.50
84.98
86.99
89.00
85.64
85.98
85.91
83.36
85.91
84.18
87.05
88.89
88.55
88.85
87.95
86.62
88.40
85.96
87.21
88.85
86.63
88.94
83.57
86.00
86.51
85.54
88.46
84.28
87.68
86.16
88.01
84.91
