95.91
96.58
94.78
96.28
94.82
95.72
96.50
95.87
96.39
94.99
95.91
96.88
96.10
96.71
96.36
96.60
95.79
96.11
96.80
96.65
95.92
96.68
96.38
96.29
96.53
96.37
95.79
96.07
95.76
95.37
95.26
96.44
96.01
96.39
95.67
94.33
96.10
94.53
96.30
96.67
96.64
95.82
95.39
96.53
96.71
95.12
96.08
96.54
96.02
96.39
95.25
95.65
96.63
95.59
94.87
95.89
96.14
96.12
95.29
95.38
96.54
95.75
94.84
96.73
95.72
96.27
95.07
96.04
96.08
94.42
95.79
96.03
95.66
95.35
96.47
96.48
96.56
95.45
95.84
95.79
95.64
95.63
96.56
96.16
96.25
96.08
96.37
96.30
96.23
96.34
95.71
96.68
95.65
95.76
96.04
96.90
96.25
96.71
93.98
96.11
96.53
95.51
95.09
95.24
95.56
95.92
96.76
96.28
96.07
95.70
95.84
95.83
95.72
95.93
96.48
96.42
95.02
96.47
95.75
96.25
96.47
96.44
95.55
96.93
96.20
96.17
96.52
96.33
95.99
95.21
96.23
96.39
96.40
96.49
96.13
95.53
94.76
96.05
96.34
96.48
95.69
96.38
96.30
95.51
96.88
95.29
96.68
96.41
95.73
95.56
95.19
96.32
96.03
96.44
95.35
96.40
96.14
96.05
95.13
96.22
96.29
95.47
96.25
95.63
96.28
96.13
96.55
95.78
96.61
96.52
95.13
95.51
96.69
95.95
96.45
96.12
95.30
95.58
95.74
96.02
96.07
96.03
95.87
96.57
95.77
96.19
94.62
96.96
96.20
96.26
95.64
96.13
95.71
96.38
96.09
96.76
95.39
94.55
96.07
95.28
95.55
96.14
96.40
96.83
95.99
95.80
95.82
96.53
96.12
95.53
96.06
96.00
96.13
95.50
96.45
96.24
96.81
95.65
95.83
95.98
96.18
95.39
95.87
96.38
96.38
96.29
95.56
96.07
95.77
95.43
94.82
95.38
96.06
96.28
96.40
95.98
95.58
96.29
96.32
95.62
96.47
96.12
95.63
96.26
95.17
96.14
95.53
95.92
95.57
96.14
96.07
96.20
95.74
96.15
96.04
96.50
96.45
95.70
96.36
95.20
96.57
96.86
94.53
96.64
95.77
96.11
96.54
96.67
95.77
96.21
96.42
95.83
96.24
96.19
95.76
95.79
95.89
95.96
96.28
95.36
96.02
96.55
96.04
96.29
96.23
96.83
96.21
95.95
95.94
96.14
96.04
96.49
95.27
94.97
94.88
96.18
95.93
96.54
95.96
96.78
95.05
96.86
96.78
96.48
96.81
95.79
96.25
95.70
96.42
96.62
96.06
95.66
95.70
96.20
96.25
95.58
96.51
95.36
95.85
95.66
95.77
96.18
95.94
95.93
96.20
96.18
95.96
96.31
96.58
96.72
95.44
96.18
96.50
95.34
95.76
96.10
96.67
95.95
96.06
95.92
96.00
94.39
95.58
96.20
95.82
96.38
96.14
96.11
96.66
95.89
96.02
95.83
96.06
96.52
96.34
95.97
96.07
95.24
96.00
95.82
96.12
95.90
96.56
96.35
96.27
96.26
95.97
96.58
95.73
95.75
96.06
96.32
95.91
96.13
96.41
95.06
95.73
96.00
94.76
96.23
95.50
95.38
96.55
95.98
94.86
96.51
96.04
96.43
96.43
96.31
96.66
94.45
96.94
95.90
96.43
96.57
95.87
96.79
96.46
95.65
96.38
96.36
96.23
96.44
95.56
95.75
95.82
96.37
96.66
95.80
95.55
95.42
96.58
96.06
96.58
96.19
95.65
95.59
96.17
95.95
95.31
95.82
96.48
96.48
94.69
96.19
96.46
95.38
95.10
96.74
96.48
96.05
96.47
94.38
95.90
95.66
96.20
96.52
96.79
95.62
96.02
96.62
96.20
96.10
96.87
96.08
96.30
96.38
95.41
95.63
96.20
96.51
96.35
96.04
95.51
95.90
95.35
96.22
96.08
96.12
96.84
95.59
96.52
96.13
95.76
96.48
96.01
96.08
95.42
96.12
96.02
95.56
96.02
95.83
95.37
95.27
95.03
95.75
96.87
95.98
96.26
96.18
95.83
94.57
95.97
95.79
95.33
96.36
95.62
96.27
96.69
95.99
96.41
95.93
96.21
95.88
95.26
96.45
96.98
96.35
96.05
95.66
96.39
95.37
96.30
96.00
96.11
95.79
95.15
96.55
95.34
95.35
96.19
96.49
95.93
95.69
96.29
96.24
96.04
96.10
95.23
96.53
96.16
96.14
96.16
96.69
96.23
96.10
95.71
95.70
96.32
95.95
96.39
96.36
96.45
96.46
95.71
95.79
96.15
96.18
95.81
96.36
96.19
96.51
96.40
96.31
95.47
96.75
95.43
95.61
96.16
96.24
96.25
95.84
95.80
95.98
95.79
95.60
96.82
95.65
96.14
96.04
96.77
95.75
96.22
96.52
96.72
96.50
94.91
96.00
95.82
96.44
95.89
95.74
96.19
96.04
96.43
96.72
96.44
96.00
96.23
94.72
96.09
96.34
95.07
96.47
96.37
95.70
95.79
96.85
96.73
96.34
96.49
94.50
95.45
95.54
94.83
96.04
96.47
95.56
95.83
96.50
95.59
96.22
95.33
94.17
96.39
96.08
96.70
96.22
96.38
96.56
95.96
96.29
96.64
95.51
95.32
95.92
96.02
95.82
96.42
96.46
95.57
96.12
96.36
95.63
96.39
96.03
95.94
96.16
95.78
96.03
96.10
95.99
95.17
95.77
96.23
95.99
96.05
96.40
96.61
96.22
94.50
96.35
95.62
96.17
96.40
96.02
96.12
96.16
95.54
96.04
95.21
96.10
96.47
95.95
96.01
95.27
95.96
95.77
96.06
96.40
96.26
95.86
95.91
95.06
96.48
95.91
95.86
96.38
96.01
96.54
96.46
95.73
95.76
96.11
96.19
95.81
95.99
95.82
96.19
96.37
95.96
95.34
96.55
96.43
96.32
96.06
95.67
95.89
96.29
96.65
96.17
96.55
96.10
96.30
96.01
95.65
95.87
95.82
95.88
95.60
95.07
95.63
95.88
96.53
95.89
95.79
95.97
95.23
96.00
95.47
96.04
96.12
94.62
95.70
96.26
96.46
95.90
96.22
94.36
94.90
95.59
95.73
96.21
96.23
95.85
95.49
95.28
96.15
94.68
95.04
95.83
95.61
95.45
96.38
95.57
96.15
96.23
96.37
95.84
95.30
95.41
96.04
96.02
95.68
95.50
96.55
95.74
95.07
95.80
96.13
96.34
96.10
96.33
96.02
96.21
95.55
96.32
95.90
96.61
94.30
95.81
95.86
96.44
96.59
96.07
95.50
95.96
96.40
96.16
96.52
96.38
96.37
95.29
96.27
96.12
96.13
96.18
95.81
95.78
95.50
95.52
96.25
96.09
95.85
95.89
96.08
95.34
96.38
96.55
96.28
95.38
96.00
96.17
96.90
96.44
96.01
96.25
95.94
95.87
95.47
95.47
95.56
96.41
95.90
96.05
95.22
96.75
96.06
96.13
96.06
96.73
96.24
96.43
96.12
95.91
96.55
95.53
95.94
96.22
95.48
96.14
95.99
95.75
95.76
95.35
96.88
95.50
96.04
96.40
94.40
95.90
95.42
96.39
96.59
96.33
96.27
96.08
96.29
96.04
95.48
96.14
96.01
95.08
96.60
96.01
95.46
96.02
96.09
95.03
96.37
95.75
96.39
96.39
95.70
95.95
95.85
96.55
96.44
96.61
96.37
96.37
96.18
96.52
95.97
96.09
95.97
96.89
95.57
94.47
96.14
96.38
95.86
96.55
95.77
95.79
95.87
95.82
96.04
95.86
94.69
96.15
96.71
96.00
96.09
95.37
96.39
95.61
96.49
96.62
96.62
95.53
96.45
96.59
96.71
95.98
96.53
95.25
95.63
96.39
95.85
96.60
96.31
96.08
96.38
96.99
96.66
96.26
96.49
96.86
96.79
96.17
96.28
96.21
96.82
96.09
96.28
96.14
96.50
95.76
95.81
96.43
95.02
96.49
96.48
96.02
95.74
96.16
95.77
96.09
96.02
96.87
95.89
94.70
96.51
96.10
96.26
95.61
96.64
96.03
96.81
96.17
96.48
96.03
96.54
95.37
96.20
95.87
95.52
96.54
95.80
96.23
95.67
96.10
96.56
96.37
95.73
95.33
96.51
95.13
94.59
96.17
96.12
95.85
95.36
96.38
95.05
96.48
95.80
96.09
96.50
95.42
96.22
96.13
95.93
95.68
96.15
95.59
96.00
95.28
95.94
94.99
96.42
95.71
96.40
96.29
95.83
96.11
95.71
96.28
96.41
96.27
96.72
96.00
96.33
96.18
95.30
96.77
96.07
