97.23
97.44
97.46
96.88
97.52
97.39
97.60
97.11
97.22
97.41
97.47
97.48
97.46
97.35
97.25
97.48
97.07
97.17
97.41
97.29
97.36
97.45
97.36
97.63
97.61
97.33
97.16
97.23
97.59
97.12
97.49
96.99
97.51
97.36
97.14
97.16
97.45
96.98
97.26
97.39
97.21
96.91
97.47
97.02
97.46
97.27
97.44
97.52
97.49
97.54
97.19
97.59
96.96
97.42
97.35
97.19
97.44
96.89
97.27
97.81
97.37
97.53
97.32
97.79
96.77
97.67
97.44
97.25
96.91
97.49
97.48
97.43
97.46
97.50
97.23
97.18
97.32
97.19
97.39
97.42
97.48
97.17
96.88
97.03
97.20
97.15
97.48
97.63
97.43
97.46
97.65
97.42
97.38
97.63
97.27
97.21
97.49
96.88
97.27
97.52
97.24
97.23
97.33
97.18
97.26
97.53
97.68
97.27
96.97
97.32
97.37
96.86
96.87
97.51
96.91
97.44
97.31
97.20
97.32
97.66
97.39
97.56
97.53
97.45
97.25
97.29
97.25
97.42
97.52
97.29
97.68
97.34
97.33
96.90
97.25
97.16
97.48
97.19
97.54
97.16
97.33
97.14
97.38
96.91
97.02
97.35
97.42
97.41
97.39
96.78
97.29
97.31
97.19
97.29
97.37
97.59
97.30
97.21
97.25
97.05
97.41
97.59
97.40
97.04
97.52
97.06
97.52
96.78
97.34
97.48
97.20
97.50
97.64
96.99
97.55
97.48
97.47
97.51
97.12
97.44
97.14
97.11
97.39
97.06
96.93
97.44
97.44
97.53
97.27
96.95
97.65
96.94
96.38
97.21
97.19
97.21
97.19
97.66
97.44
97.27
97.09
96.59
97.34
97.56
97.43
97.41
96.87
97.48
97.21
97.49
97.48
97.15
97.26
97.22
97.60
97.28
97.38
97.25
97.11
97.38
97.61
97.67
96.85
97.56
97.21
97.44
97.46
97.14
96.99
97.35
97.53
97.28
97.46
97.61
97.01
97.48
97.29
97.29
97.30
97.38
97.31
97.25
97.31
97.13
97.69
97.31
97.19
97.11
97.54
97.21
97.55
97.54
97.43
97.28
97.34
97.45
97.42
97.60
97.35
97.12
96.84
97.30
96.97
97.40
97.09
97.29
96.92
97.46
97.54
97.31
96.86
97.46
97.49
97.54
97.38
97.23
97.29
97.08
96.63
97.20
97.27
97.32
97.62
97.45
97.38
97.04
96.93
97.34
97.49
97.79
97.57
96.93
97.25
97.52
97.49
97.41
97.48
97.49
96.99
97.30
97.62
97.40
97.36
97.65
97.34
97.43
97.39
97.24
97.25
97.11
97.46
97.02
97.10
97.05
97.10
97.41
97.67
97.59
96.95
97.31
97.48
97.75
97.26
97.35
97.34
97.49
97.64
97.00
97.49
97.24
97.04
97.34
97.59
97.11
97.44
97.46
97.29
97.20
97.45
97.17
97.11
97.16
97.46
97.62
97.38
97.39
97.10
97.11
97.41
96.99
97.08
97.23
97.36
97.15
97.49
97.28
97.35
97.28
96.95
97.36
97.63
97.30
97.21
97.05
97.42
97.17
97.49
97.25
97.22
97.35
97.11
97.20
97.47
97.21
97.24
97.15
97.09
97.16
96.87
97.35
97.26
97.22
97.17
97.23
97.40
97.22
97.54
97.34
97.07
97.54
97.16
97.52
97.49
97.39
97.09
97.38
97.26
97.29
96.88
97.25
97.21
97.07
97.37
97.50
97.23
97.39
97.28
97.52
97.21
97.04
97.59
97.57
97.16
97.05
97.43
97.71
97.20
97.00
97.20
97.32
97.37
97.38
97.76
97.24
96.84
97.14
97.37
97.36
97.13
97.27
97.51
97.41
97.36
97.49
97.25
97.35
97.55
97.16
97.24
97.21
97.39
97.14
97.09
97.67
97.59
97.18
97.58
97.37
97.06
97.39
97.61
97.09
97.20
97.45
97.47
97.42
97.23
97.54
97.13
97.03
97.02
97.15
97.50
97.37
97.36
97.29
97.40
97.44
97.32
97.14
97.01
96.73
97.11
97.63
97.10
97.46
97.32
97.52
97.13
97.15
97.40
97.47
97.57
97.41
97.47
97.07
97.16
97.37
97.26
97.35
97.07
97.20
97.21
97.57
97.25
97.34
96.99
97.33
97.42
97.24
97.33
97.25
96.93
97.76
97.44
96.99
97.26
97.38
97.52
97.25
97.29
97.23
96.89
97.02
96.98
97.20
97.25
97.67
97.19
97.27
97.29
97.36
97.28
97.24
97.36
97.44
97.09
97.51
97.19
97.57
97.44
97.12
97.02
97.17
97.04
97.39
97.63
97.07
96.83
97.71
97.19
97.45
97.53
97.25
97.54
97.20
97.42
97.29
97.51
97.11
97.15
96.96
97.34
97.46
97.16
97.26
96.98
97.02
97.28
97.53
97.46
96.71
97.25
97.12
97.07
97.11
97.41
97.46
96.87
97.19
97.10
97.48
97.10
97.18
96.81
97.49
97.59
97.40
97.57
97.34
97.18
96.87
97.36
97.14
96.64
97.68
97.43
97.11
97.17
96.86
97.60
97.41
96.91
97.12
97.28
97.39
97.14
97.37
97.12
97.68
97.35
97.42
97.28
97.18
97.50
97.14
97.34
97.53
97.38
97.60
97.29
97.16
97.23
97.56
97.02
97.36
97.33
97.36
97.60
97.42
97.34
97.05
97.15
97.28
97.08
97.20
97.44
97.14
97.15
97.49
97.00
97.50
97.10
97.07
97.03
97.43
97.62
97.31
97.34
97.27
97.26
96.86
97.46
96.83
97.21
97.58
97.56
97.38
97.48
97.33
97.51
97.30
97.24
97.23
97.41
97.05
97.46
96.99
97.48
97.31
97.35
97.54
97.15
97.49
97.45
97.10
97.51
97.13
97.29
97.14
97.31
97.23
97.50
97.46
97.45
97.56
97.64
97.14
97.29
97.31
97.28
96.91
97.59
96.99
97.51
97.43
97.25
97.11
97.26
97.35
97.47
97.52
97.31
97.35
97.44
97.57
97.35
97.42
97.45
97.32
97.70
97.45
97.35
96.71
97.18
97.24
97.55
96.90
97.30
97.32
97.09
97.30
97.16
97.33
97.33
97.15
97.38
97.42
97.35
97.10
97.18
97.24
97.56
97.43
97.49
97.23
97.48
97.19
97.35
97.17
97.37
97.13
97.28
97.17
96.87
97.57
97.37
97.59
97.26
97.17
97.35
97.05
97.42
97.57
97.01
97.56
97.32
97.34
97.02
97.29
96.96
97.30
97.45
96.91
97.45
97.63
97.13
97.40
97.40
97.50
97.61
97.38
97.45
97.49
96.96
97.41
97.27
97.52
97.37
97.27
97.26
97.12
97.36
97.17
97.31
97.39
97.46
97.26
97.20
97.23
97.51
97.17
97.33
97.09
97.24
97.39
97.38
97.02
97.42
97.44
97.49
97.21
97.41
97.23
97.27
97.43
97.05
97.33
97.19
97.24
97.52
96.78
97.48
97.51
97.06
97.35
97.04
97.48
97.54
97.20
97.12
97.39
97.08
97.51
97.33
97.47
97.19
97.33
96.43
97.22
97.06
97.25
97.41
97.15
97.41
97.55
97.50
97.32
96.92
97.46
97.25
97.47
97.16
97.04
96.81
97.18
97.24
96.99
97.23
97.17
97.40
97.14
97.14
97.51
97.08
97.44
97.44
97.48
97.35
97.45
97.17
97.54
97.62
97.49
97.57
97.20
97.21
96.83
97.58
97.28
97.20
97.41
97.47
97.25
97.44
97.43
97.06
97.35
97.48
97.27
97.15
97.43
97.53
97.48
97.18
97.41
97.35
97.29
97.37
97.40
97.18
97.32
97.25
97.30
97.23
97.18
97.17
97.62
97.35
97.47
97.53
97.21
97.19
97.26
97.26
97.37
97.21
97.51
97.20
97.25
97.44
97.48
97.36
97.10
97.51
96.98
97.34
97.57
97.45
97.24
97.47
97.27
97.15
97.03
97.12
97.56
97.49
97.35
97.20
97.42
96.99
97.47
97.69
97.24
97.45
97.46
97.24
97.48
97.42
97.13
97.50
97.36
97.46
97.01
97.51
97.50
97.39
97.30
97.62
97.05
97.57
97.36
97.32
97.35
97.04
97.23
97.53
97.31
97.29
97.41
97.36
97.43
97.53
97.17
97.40
96.89
97.23
97.27
97.49
97.46
97.61
97.40
97.37
97.53
97.22
97.51
97.45
97.14
97.53
97.35
97.04
96.94
97.46
97.31
97.14
97.35
97.03
97.16
97.21
97.21
97.12
96.96
97.21
97.47
97.02
97.41
97.30
97.10
97.38
97.34
97.31
96.99
97.18
97.19
97.35
97.13
97.54
97.36
97.38
97.51
