97.03
97.09
96.37
96.63
97.10
96.56
97.23
96.78
96.88
96.49
96.86
96.35
97.11
96.97
97.35
96.93
97.03
97.09
97.29
96.58
96.70
97.11
97.27
96.96
97.14
96.90
96.55
97.10
96.57
97.15
96.75
97.03
96.92
97.06
97.28
96.42
97.28
96.86
96.83
97.05
96.38
96.92
97.18
97.32
96.86
97.00
96.80
96.73
96.97
96.83
96.79
97.12
96.75
96.81
96.84
96.83
97.16
96.41
96.82
96.66
97.18
97.01
97.02
96.30
97.01
96.81
96.89
97.12
96.42
97.22
97.12
96.94
96.97
97.32
96.66
97.06
96.95
96.78
96.91
97.01
97.03
97.08
96.75
97.00
96.99
97.14
97.20
96.35
96.53
97.12
96.78
96.97
96.23
96.99
97.09
96.45
97.23
96.66
96.96
97.35
97.13
96.69
96.99
97.17
97.13
96.38
97.01
96.78
97.18
97.08
96.61
97.06
96.84
96.73
96.91
96.89
96.90
96.95
97.24
96.92
96.56
96.98
97.01
96.93
96.84
96.91
97.01
96.87
96.86
97.07
96.72
96.38
97.20
96.90
96.00
97.28
97.19
96.74
97.01
96.79
97.04
96.79
96.63
96.73
96.20
97.09
97.43
97.22
97.13
96.77
97.01
97.00
97.02
97.32
97.02
96.52
96.93
97.09
97.17
97.09
96.94
97.19
97.08
96.75
97.00
95.95
96.63
96.96
96.90
96.73
97.22
97.11
96.65
96.78
97.11
96.95
97.03
97.00
96.86
96.77
96.75
97.16
96.15
97.26
96.97
96.37
96.89
96.72
96.98
97.34
97.10
97.07
96.78
96.88
96.74
96.84
96.64
96.99
96.89
96.96
96.95
97.19
96.78
96.80
97.32
97.10
96.99
96.77
96.95
96.70
96.99
97.25
96.44
96.45
97.00
97.04
96.98
97.21
96.96
96.69
96.71
97.14
96.51
97.34
96.70
97.22
96.91
96.98
96.99
97.17
96.86
97.03
97.24
96.66
96.13
97.34
96.53
96.95
96.24
97.57
96.71
96.99
96.51
96.80
96.39
96.91
97.00
97.02
97.13
97.41
97.09
97.12
96.91
96.71
96.80
97.13
96.50
96.57
97.10
96.54
96.73
96.80
97.02
97.09
96.03
97.10
97.15
96.96
96.88
96.79
96.72
96.72
97.17
96.73
96.70
96.38
97.31
96.59
96.76
97.16
97.17
97.08
96.67
97.21
96.82
96.35
97.18
96.94
96.87
97.34
96.81
96.80
96.87
97.03
97.24
97.44
96.97
97.15
97.16
97.06
97.38
96.89
96.55
97.08
96.86
96.37
96.58
96.89
96.75
96.96
97.08
96.71
96.66
96.37
96.92
97.27
96.64
96.77
96.97
96.79
97.06
96.64
96.94
96.48
97.11
97.10
97.11
97.02
96.89
96.68
96.96
96.21
97.03
96.96
96.88
96.99
96.98
96.76
96.70
97.13
96.92
97.05
97.12
97.46
96.81
96.98
97.17
96.50
96.98
97.05
97.08
96.76
97.06
96.71
97.16
96.81
96.50
97.07
97.31
96.81
96.97
96.92
96.91
97.30
96.66
96.85
96.77
95.73
97.02
96.91
97.31
96.83
96.71
96.92
97.22
97.21
96.90
96.74
97.16
96.41
97.14
96.79
96.07
97.06
96.57
96.61
97.13
97.19
96.91
97.04
96.68
96.24
96.85
97.52
96.87
97.02
97.04
96.66
97.10
97.02
96.82
96.46
96.99
97.01
96.82
96.15
96.98
97.09
96.95
97.32
97.05
96.66
97.23
97.09
96.47
97.15
97.26
96.97
96.15
97.05
97.38
96.62
96.78
96.73
96.94
96.88
97.13
96.47
97.16
96.73
96.47
96.99
97.14
96.69
96.81
96.38
96.94
96.21
96.88
96.72
96.63
97.31
96.84
96.59
97.22
96.72
97.07
97.05
97.14
97.33
96.74
96.88
96.74
97.17
96.57
97.00
96.78
97.29
96.69
96.93
97.06
96.88
96.54
97.07
96.90
97.07
96.72
96.79
96.55
97.07
97.08
96.67
96.51
97.08
96.66
97.04
97.26
97.10
96.76
96.06
96.53
96.86
96.65
96.54
96.89
97.13
97.25
97.16
96.58
96.67
97.16
96.86
97.38
96.48
96.67
97.27
96.81
96.35
96.72
96.52
97.26
97.21
96.92
96.99
97.15
96.84
96.58
97.33
96.74
96.68
97.03
97.27
96.96
97.13
96.98
96.90
96.74
96.58
97.14
97.07
97.01
96.74
97.23
97.09
96.87
96.99
96.89
96.78
96.98
96.45
96.88
97.29
96.78
97.14
97.01
97.15
96.96
96.91
96.56
96.18
96.80
96.71
96.46
97.24
96.99
97.25
97.23
97.13
96.45
97.02
97.15
97.04
97.01
96.63
96.74
97.06
96.68
96.91
96.35
97.27
97.06
96.21
96.94
96.89
97.17
96.44
96.82
97.00
97.08
96.95
97.10
96.97
96.74
96.80
96.76
97.29
97.47
97.16
97.00
96.77
97.08
96.86
97.04
96.92
96.61
96.94
97.20
97.29
96.31
97.05
96.89
97.10
96.99
97.27
97.08
96.76
96.97
96.94
96.85
97.00
96.30
96.85
96.10
97.09
97.03
97.14
97.16
97.04
96.86
96.50
96.94
97.04
97.07
96.88
96.97
96.95
97.09
96.66
97.13
97.06
96.63
97.35
96.67
96.75
97.04
97.13
96.83
97.33
96.94
97.11
96.46
97.26
96.95
97.08
97.05
97.01
96.93
96.97
96.95
97.18
97.34
97.03
97.00
96.82
96.51
97.01
96.85
96.60
97.00
97.05
97.12
97.05
96.73
96.97
96.77
96.77
96.73
97.10
96.66
96.70
96.62
96.53
95.65
96.81
97.06
96.69
96.83
96.88
96.90
96.97
97.12
96.86
96.61
96.81
97.01
96.85
97.05
96.33
97.03
96.70
97.18
96.81
96.95
97.20
96.76
96.54
97.20
97.08
97.11
97.07
97.00
96.77
97.09
96.98
96.93
97.35
96.63
97.35
96.90
96.76
97.26
97.08
97.11
96.71
96.14
96.85
97.02
96.82
97.23
96.59
97.05
96.97
96.70
96.26
96.72
97.20
97.14
97.26
97.16
97.07
97.33
96.99
96.92
96.77
97.25
97.20
97.10
96.86
96.77
96.49
97.28
96.97
96.93
97.28
96.79
96.80
97.25
96.74
96.76
97.20
97.05
97.06
96.70
96.54
96.79
96.82
96.70
97.13
96.95
96.80
97.20
96.85
96.63
96.94
96.78
97.16
97.10
96.90
97.00
96.97
97.31
96.96
96.90
97.00
97.15
96.77
96.79
97.05
96.93
97.05
96.95
96.84
96.63
96.94
96.70
96.60
97.06
96.94
97.03
96.74
96.72
96.96
96.75
96.86
96.84
97.14
97.03
97.01
97.00
96.47
97.40
96.88
96.66
97.04
96.69
97.38
97.31
96.91
96.60
96.92
96.90
97.10
97.35
96.83
96.98
96.79
96.84
96.64
96.52
97.04
96.86
97.00
97.33
96.92
97.06
96.92
96.81
96.95
96.40
96.89
96.89
96.83
96.42
96.87
96.91
96.85
96.77
97.07
96.97
96.94
96.93
97.16
97.16
96.87
96.87
96.95
96.93
97.15
97.08
97.15
96.88
97.08
97.06
96.77
96.98
96.92
97.10
97.06
96.85
96.63
96.97
96.70
96.47
96.88
96.91
97.18
96.98
96.82
96.98
97.32
97.04
96.78
97.25
96.85
97.06
96.73
97.18
96.80
96.72
96.85
96.57
97.38
96.79
97.25
96.85
97.24
96.48
97.09
97.08
97.14
96.82
96.96
96.92
96.98
96.94
97.11
96.94
96.79
97.31
96.42
97.08
96.58
96.93
97.39
96.87
96.96
95.92
97.05
96.69
96.88
97.20
96.86
96.20
96.62
96.46
97.19
97.20
97.03
97.08
97.13
96.43
96.97
96.82
97.04
96.04
97.52
96.66
96.16
97.10
96.85
96.67
96.88
96.31
97.11
96.55
97.37
96.71
96.70
96.14
97.16
97.30
97.07
96.62
96.59
97.15
97.14
97.09
96.31
97.15
97.34
97.18
96.58
96.73
96.59
97.16
96.76
97.20
96.95
96.93
96.61
96.80
96.82
97.02
97.00
96.77
95.94
96.57
96.08
96.61
96.66
97.12
96.66
96.89
97.29
96.68
97.14
97.12
96.00
97.06
97.00
96.75
96.75
96.62
97.03
96.82
96.88
97.36
96.81
97.41
97.40
97.25
96.49
97.12
96.84
97.33
96.76
96.61
97.21
97.39
96.80
96.70
97.37
97.14
96.97
96.42
96.95
97.04
96.90
96.59
96.44
