97.04
97.29
96.95
96.96
97.27
96.97
96.57
96.99
96.63
97.49
97.09
97.38
97.15
96.87
97.32
97.06
97.09
97.06
97.17
97.02
97.13
96.87
96.93
96.86
97.03
97.22
97.09
97.15
97.02
97.36
96.95
97.09
97.48
97.29
96.93
97.05
97.04
97.10
97.08
97.40
97.23
97.32
97.34
97.22
96.99
97.07
97.04
96.53
97.11
97.30
96.92
96.79
97.19
97.40
97.27
97.02
97.31
95.95
97.07
97.12
97.15
97.01
97.42
97.19
97.14
96.92
97.39
96.97
97.02
97.16
97.30
96.95
97.36
97.08
97.05
97.30
97.20
97.20
97.07
97.06
97.23
97.05
97.20
97.20
97.18
97.30
97.24
97.16
97.13
97.04
97.05
97.15
97.20
97.44
97.31
97.46
96.93
97.21
97.07
97.18
96.97
97.15
97.29
97.25
97.30
97.42
97.13
97.24
97.15
97.03
97.03
96.83
97.18
96.85
97.04
97.16
97.29
97.31
97.20
97.38
97.11
97.03
97.47
97.05
97.28
97.03
97.09
97.05
97.44
97.10
97.19
97.20
97.40
97.22
97.04
97.31
97.10
97.07
97.15
97.00
97.19
97.24
97.01
97.09
97.33
97.12
96.96
96.92
97.01
97.10
97.03
97.14
96.97
97.53
97.21
97.29
96.96
96.92
97.08
97.20
97.48
97.28
97.20
97.42
96.99
97.21
96.74
96.82
97.18
97.45
97.33
97.13
96.66
97.00
97.19
97.09
97.16
96.96
97.00
97.38
97.29
97.19
97.44
97.23
97.17
97.14
97.29
97.05
97.04
97.32
97.57
97.33
97.23
97.06
97.19
97.20
97.05
97.25
97.33
97.51
97.22
97.23
96.97
96.96
97.40
97.27
97.26
97.05
97.10
97.11
97.31
97.22
96.70
97.13
96.11
97.10
97.48
97.41
97.17
97.10
96.80
96.89
96.93
97.35
96.71
97.09
97.20
97.27
97.19
97.11
97.22
96.85
97.21
97.11
97.42
97.14
97.07
97.49
97.16
97.37
97.31
97.12
97.37
97.35
96.85
97.11
97.33
96.85
97.30
96.63
97.05
97.00
96.81
97.48
97.62
97.00
97.12
97.30
97.11
96.77
97.21
97.16
97.01
97.18
96.96
97.10
97.35
96.91
97.23
97.44
97.17
96.63
97.07
97.19
96.97
97.06
97.17
97.33
97.00
97.25
97.30
96.89
96.95
97.28
97.38
97.11
97.33
96.96
97.17
97.37
97.34
96.89
97.40
97.32
97.17
97.28
97.20
97.03
97.11
97.08
96.98
97.70
97.18
96.87
97.13
97.18
97.03
97.03
96.99
96.94
97.21
97.25
97.01
97.13
96.93
97.20
96.95
97.15
97.29
96.30
97.45
97.34
96.80
97.16
97.47
96.88
97.27
97.38
97.26
97.22
97.18
96.86
97.32
97.27
96.91
97.13
97.12
97.02
97.34
97.25
97.28
97.14
97.06
97.41
97.04
97.33
97.36
97.12
97.22
97.05
97.21
97.20
97.39
97.15
97.22
97.14
97.19
97.19
96.60
96.88
97.04
96.81
97.16
96.96
97.09
97.12
97.18
97.44
97.13
97.22
96.64
96.74
97.06
97.36
97.09
96.78
96.82
97.35
97.03
96.93
97.50
97.15
97.31
97.38
97.30
97.10
97.30
96.72
96.85
97.12
96.98
97.00
97.10
97.34
97.21
97.40
97.05
96.87
97.18
96.92
97.34
96.42
97.47
96.89
97.06
97.18
97.19
96.69
97.43
97.05
97.11
97.25
96.70
96.90
96.61
96.80
97.28
97.28
97.26
97.06
96.73
97.11
97.32
97.15
96.75
97.21
97.20
97.42
97.00
96.96
97.22
97.31
96.92
97.28
96.96
96.88
97.19
97.14
96.83
96.98
97.25
97.50
97.45
97.14
97.13
96.91
97.32
96.93
96.99
97.35
97.11
97.10
97.20
97.04
96.98
97.02
97.05
97.46
97.04
97.09
97.34
97.44
97.01
97.26
97.19
97.28
97.01
96.97
96.69
97.27
97.23
97.22
97.36
96.93
96.71
97.01
97.25
97.08
97.01
96.69
97.06
97.12
97.04
96.98
97.22
97.04
97.09
97.36
97.11
97.14
97.17
97.42
97.19
97.40
97.12
97.21
97.11
97.21
97.19
96.89
97.16
97.26
97.35
97.17
97.29
97.18
97.37
97.17
97.28
97.34
96.82
97.48
97.36
97.39
97.25
97.03
97.23
97.17
97.18
97.03
97.15
97.37
97.46
97.01
96.98
97.26
97.22
97.12
97.11
97.00
97.23
97.26
97.09
97.53
97.01
97.48
97.11
97.39
97.27
97.13
96.97
97.22
97.35
97.16
97.15
96.95
97.48
96.53
97.47
97.09
97.44
97.43
97.01
97.13
97.42
96.99
97.31
97.09
97.11
97.12
97.00
97.39
97.15
97.25
97.13
97.35
97.26
97.15
97.45
97.27
97.44
97.08
97.15
96.79
97.02
97.18
97.17
96.85
96.79
96.96
97.17
97.07
97.25
97.22
97.02
97.05
97.36
97.16
97.28
97.05
97.27
96.96
97.03
96.98
97.61
97.01
97.10
97.05
97.16
97.24
97.07
97.09
96.95
97.19
97.18
97.04
97.04
97.40
97.11
97.11
97.22
96.89
97.07
97.09
97.28
97.15
97.30
97.08
97.15
96.61
97.34
97.00
97.35
96.97
97.13
97.16
97.47
96.87
97.18
96.89
97.03
97.22
97.11
96.22
96.87
97.31
97.17
97.28
97.42
96.70
96.83
97.12
97.19
97.14
96.98
97.14
96.78
97.18
97.16
97.06
97.04
97.09
97.47
97.20
97.29
97.10
96.90
97.22
97.24
96.86
97.57
97.08
97.09
97.47
96.95
96.59
96.98
97.20
97.38
97.31
97.33
97.14
97.43
97.26
96.92
97.09
96.94
97.36
97.14
96.97
96.92
97.13
97.11
97.17
97.16
96.77
97.39
97.17
97.32
97.39
97.44
97.05
97.13
97.35
97.18
97.37
97.30
96.52
97.00
96.80
97.09
97.07
97.21
97.31
96.69
97.21
97.29
97.24
97.30
97.07
97.32
97.16
96.88
97.39
97.06
96.78
97.35
97.17
96.97
97.07
96.85
97.37
97.46
97.38
96.72
97.20
97.35
97.05
97.10
97.04
96.78
97.40
97.11
97.19
97.14
97.28
97.22
97.27
96.75
97.01
97.09
97.22
96.96
96.87
97.20
96.85
97.23
97.08
97.38
96.93
96.85
97.47
97.23
97.22
96.85
97.00
97.48
96.92
97.09
97.25
97.10
96.37
97.25
97.08
97.18
97.18
97.12
97.25
97.08
97.15
97.03
97.14
96.75
97.51
96.66
97.04
96.60
97.23
97.33
97.32
97.02
97.06
96.96
96.94
97.16
96.70
97.29
97.13
97.27
97.29
97.41
97.24
97.39
97.02
97.07
97.21
97.34
97.15
97.00
97.03
97.20
96.84
97.35
96.74
97.05
97.26
96.94
97.17
97.28
97.46
97.07
97.25
97.05
97.21
97.11
97.04
97.10
97.37
96.60
97.23
97.13
97.40
97.30
97.20
97.14
97.40
97.21
97.03
97.10
97.23
97.14
97.24
97.04
97.20
97.21
96.99
97.08
96.92
97.20
97.33
97.12
97.02
97.16
96.67
97.34
97.27
97.23
97.22
97.32
97.31
97.03
97.00
97.30
96.95
97.09
97.27
97.12
97.04
97.06
96.95
97.27
97.24
97.34
97.21
97.21
97.42
96.77
97.07
97.38
97.19
96.94
97.26
96.71
97.18
97.32
97.16
97.20
96.92
97.22
97.25
97.22
97.15
97.43
97.03
97.29
97.14
97.09
97.28
97.06
96.95
97.29
97.08
97.38
97.20
97.19
97.30
97.22
97.22
97.34
96.76
96.91
97.17
97.34
97.24
96.75
97.30
96.90
97.21
96.95
97.23
97.33
97.19
97.18
97.23
96.89
97.24
97.17
97.39
96.70
96.93
96.83
96.92
97.32
97.39
97.19
97.08
97.20
97.18
96.57
97.23
96.99
97.35
97.06
97.35
97.05
96.97
97.14
97.66
97.07
96.86
97.12
97.25
97.40
97.17
96.90
97.10
97.05
96.99
97.31
97.19
97.27
97.30
96.94
96.82
97.11
96.74
97.15
96.94
97.32
97.16
97.27
96.99
96.76
97.06
97.08
97.46
96.89
96.90
97.04
97.42
97.16
97.18
97.15
97.23
97.22
97.35
97.03
97.06
97.44
97.23
97.00
97.34
96.88
97.02
97.07
97.16
96.74
96.96
97.02
97.34
96.75
96.85
97.01
97.32
97.22
97.39
97.41
96.55
97.25
97.07
