96.56
96.22
96.90
96.72
96.24
96.85
96.62
96.88
96.68
96.89
96.60
97.04
97.14
96.51
96.97
97.03
96.52
96.57
96.54
96.01
96.53
96.97
96.36
96.91
96.56
96.88
96.81
96.06
96.58
96.83
96.96
96.90
96.03
96.55
96.66
96.64
95.90
96.90
95.36
95.84
96.58
96.86
96.66
96.48
96.54
96.68
96.67
96.51
96.55
96.56
96.41
96.69
96.76
96.61
96.19
97.04
96.34
96.87
96.58
96.43
96.89
96.84
96.57
96.95
96.71
96.17
96.84
96.85
96.47
96.74
96.76
96.84
96.72
96.11
96.57
97.16
96.35
96.01
97.15
96.77
96.88
96.59
96.45
96.48
96.37
96.53
96.17
96.58
96.23
96.80
96.51
96.19
96.65
96.64
96.62
97.01
96.49
96.48
96.32
96.79
96.97
96.18
96.77
96.35
96.94
96.87
97.03
96.21
96.20
96.53
96.75
96.77
97.01
96.45
96.04
96.44
97.06
96.70
97.08
96.44
96.55
96.57
96.61
96.44
96.20
96.33
96.33
95.90
97.12
96.56
96.81
96.82
96.69
96.30
96.16
96.68
96.29
96.73
96.49
97.08
96.71
97.10
96.47
96.25
96.64
96.38
96.70
96.64
96.94
96.86
96.44
96.72
96.68
96.62
96.32
96.36
96.85
96.88
96.96
96.75
96.21
95.83
97.08
96.48
96.99
96.87
95.96
96.23
97.09
96.76
96.82
96.46
96.16
96.77
96.23
96.76
96.31
96.87
96.68
96.68
97.02
96.33
96.42
95.99
96.62
96.61
96.69
96.49
95.95
96.49
96.70
96.47
96.56
96.40
96.87
96.68
96.25
96.32
96.72
96.72
96.61
96.23
96.79
96.74
95.64
96.90
96.99
96.31
96.56
96.79
96.77
96.99
96.91
97.01
96.10
96.49
96.75
96.72
96.67
96.63
95.91
96.53
96.57
97.07
97.23
96.11
96.86
96.35
96.79
96.35
96.00
96.67
96.36
97.12
95.60
96.56
97.25
96.51
96.70
96.49
96.88
96.71
97.16
96.38
96.23
97.12
96.86
96.60
96.61
96.29
96.36
97.23
96.35
97.01
96.98
96.85
96.41
96.37
96.76
96.38
97.04
96.87
96.20
96.13
96.22
96.29
96.57
96.44
96.79
96.98
96.66
96.74
96.74
96.89
96.57
96.18
96.65
96.81
96.57
97.25
96.48
96.77
96.50
96.33
96.78
96.71
96.37
96.89
96.70
96.04
96.50
96.85
96.55
96.75
97.08
96.73
96.92
97.11
96.97
96.31
96.85
96.80
96.62
96.26
96.18
96.57
96.90
96.88
96.33
96.66
96.89
96.41
97.08
96.76
96.24
96.37
97.05
96.44
96.32
97.04
96.39
96.87
96.22
96.73
96.77
96.79
96.31
96.61
96.22
96.62
96.62
96.39
96.86
96.90
95.82
96.42
96.30
96.92
96.71
96.37
96.53
96.67
96.75
96.44
96.35
96.35
96.62
96.82
96.28
96.68
96.74
95.94
96.94
96.64
95.64
96.92
96.32
96.57
96.49
96.51
96.90
96.74
96.66
96.37
96.55
97.12
96.52
96.48
96.55
96.34
96.55
96.57
96.52
97.22
96.50
96.72
95.98
96.21
96.25
95.65
96.11
96.49
96.77
96.47
96.83
96.33
96.26
96.60
96.44
96.73
96.46
96.61
97.08
96.66
96.16
96.89
96.77
96.70
96.41
96.26
96.50
96.61
96.69
96.71
96.89
97.02
96.07
95.96
96.71
96.14
96.39
96.89
96.49
96.73
96.92
96.85
96.96
96.64
96.60
96.33
96.74
96.07
96.47
96.03
96.98
96.48
96.15
97.16
96.21
96.89
96.71
96.73
96.54
96.02
96.41
96.77
96.53
96.60
96.52
96.52
96.97
96.21
96.95
96.18
95.82
96.40
96.72
96.60
96.68
96.31
96.38
96.88
97.33
96.21
97.07
96.56
96.91
96.29
96.79
96.69
96.36
96.10
96.25
96.55
96.95
96.75
97.01
96.80
96.28
96.13
96.12
95.80
96.48
97.05
96.23
96.72
96.85
96.72
96.43
96.57
96.44
96.47
96.53
96.25
96.59
96.16
97.13
96.71
96.45
96.43
96.67
96.88
96.98
96.22
96.33
96.92
96.13
96.42
96.88
96.61
96.89
96.54
96.65
96.15
96.70
96.79
96.76
96.54
96.37
96.29
96.76
96.51
96.76
97.10
96.83
96.51
96.51
96.14
96.49
96.57
96.89
96.25
96.34
95.68
96.61
96.67
96.48
96.60
96.54
96.68
96.56
95.92
96.69
96.81
97.13
96.18
96.85
96.57
96.41
96.28
96.59
96.65
96.76
96.48
96.76
96.56
96.70
96.73
96.48
96.21
97.25
96.73
96.41
96.83
96.25
96.73
96.78
96.65
95.97
95.88
95.66
96.28
96.49
97.01
96.68
96.67
96.72
96.02
96.49
96.29
97.15
96.81
97.06
96.92
96.65
96.65
96.12
96.32
96.65
96.41
96.81
96.68
96.16
96.96
96.88
96.71
97.03
96.41
97.09
96.31
96.71
96.52
96.64
96.74
95.85
96.47
96.88
96.57
97.07
95.86
96.80
96.40
96.39
96.80
96.20
96.74
96.82
96.88
96.31
96.56
96.65
96.77
96.78
96.80
96.29
96.42
96.07
96.87
96.66
96.55
96.46
97.10
96.37
96.14
96.85
96.13
96.69
96.47
96.89
96.80
96.66
96.79
96.28
96.50
96.63
96.75
96.39
96.60
96.94
96.45
96.67
96.97
96.72
96.48
97.02
96.94
96.62
95.94
96.46
96.31
96.44
96.91
96.03
96.67
96.50
96.46
96.51
96.93
96.28
96.62
95.97
96.60
96.70
96.91
96.23
96.70
96.48
96.26
96.35
96.50
96.96
96.48
96.87
96.78
96.59
96.13
96.88
97.14
96.72
96.24
96.75
96.53
96.59
96.37
96.75
96.16
96.84
96.42
96.44
96.54
95.90
96.71
97.10
96.78
96.17
96.53
96.39
96.15
96.58
96.72
96.63
96.67
96.73
96.64
97.01
96.66
96.60
96.44
96.78
96.79
96.46
96.45
96.78
96.83
95.87
96.70
97.10
96.62
96.78
96.11
96.80
96.69
97.05
96.65
96.69
96.74
95.96
96.18
96.44
96.31
96.48
96.98
97.18
96.62
96.62
96.80
96.69
96.57
96.70
95.75
95.33
97.13
96.17
96.17
95.97
97.02
96.71
97.09
96.17
96.35
95.76
96.35
96.19
96.65
96.77
96.63
96.86
96.50
96.41
96.66
96.61
96.86
96.41
96.38
96.76
96.23
96.16
96.59
96.74
96.93
96.50
96.64
96.22
96.95
96.84
96.58
96.54
96.49
96.74
96.98
96.76
96.89
96.47
97.13
96.70
96.84
96.89
96.52
96.89
96.46
95.80
96.61
96.70
96.97
96.84
96.82
96.39
96.88
96.18
96.58
96.67
97.05
96.11
96.67
96.51
96.42
96.32
96.13
96.79
96.98
96.42
96.95
96.68
96.20
97.07
96.64
96.57
96.75
96.93
96.77
96.42
96.71
96.71
96.77
96.70
96.70
96.41
95.74
97.05
96.92
96.92
96.57
96.80
96.92
96.99
96.40
96.66
96.73
96.80
96.92
96.29
96.66
96.43
96.88
97.01
96.65
96.73
96.37
96.97
96.68
97.00
96.34
96.74
96.56
96.31
96.53
96.93
96.75
97.11
96.58
96.68
96.53
96.82
96.46
96.07
96.46
96.37
97.00
96.27
96.40
96.35
97.02
96.80
96.64
96.18
96.87
96.30
95.82
97.13
96.64
96.64
97.19
96.68
96.40
97.11
96.72
96.67
94.26
96.51
97.02
96.63
96.38
96.30
96.58
96.02
96.94
96.32
96.41
96.79
96.42
96.81
96.46
96.57
96.33
96.77
96.57
96.71
96.77
96.57
96.14
96.54
96.63
96.32
97.07
97.15
96.58
95.81
96.11
96.58
96.51
96.13
96.46
96.78
96.93
96.19
96.70
96.52
96.68
96.64
97.07
96.89
96.94
96.88
96.83
97.06
96.57
96.56
96.64
96.67
96.92
96.41
96.25
96.89
96.40
96.58
97.01
96.86
96.82
96.45
96.23
96.52
96.19
96.46
96.52
96.14
96.49
96.73
96.28
96.85
96.96
96.51
96.46
97.05
96.58
96.63
96.76
97.00
96.73
97.05
96.60
96.73
96.45
96.47
96.41
96.67
97.14
96.48
96.16
96.12
96.73
96.75
96.93
97.00
96.41
96.86
96.54
96.00
96.63
96.51
96.93
96.45
97.04
96.82
96.54
96.65
96.11
96.71
96.21
97.01
96.72
