97.15
97.50
97.50
97.12
97.19
97.05
97.23
97.09
97.29
97.11
97.44
97.52
97.07
97.22
96.88
97.27
97.03
97.04
97.56
97.05
97.41
97.42
97.06
97.34
96.74
97.12
97.36
96.92
97.08
97.01
97.33
97.16
97.00
96.95
96.84
96.90
97.14
97.01
97.34
97.15
97.49
96.87
97.07
97.27
97.33
97.28
97.47
97.14
97.43
97.44
96.85
97.30
97.27
97.23
97.03
97.38
96.73
97.17
97.19
97.32
97.23
97.47
96.96
97.14
97.30
97.36
97.15
97.02
97.02
96.62
97.29
97.11
97.43
97.14
97.48
97.36
96.91
97.11
97.04
97.24
97.24
96.94
96.93
97.39
97.29
97.38
97.04
97.26
96.57
97.11
97.37
97.29
97.02
97.25
97.06
96.79
96.94
97.15
97.47
96.96
96.88
97.12
96.92
96.82
96.74
97.26
96.73
96.88
97.19
96.71
97.16
97.47
97.12
96.90
96.87
97.32
96.90
96.72
97.17
97.34
97.36
96.37
97.33
97.20
97.11
97.17
97.18
97.34
97.26
96.98
97.31
96.81
97.28
97.07
97.40
97.13
96.93
97.31
96.79
97.40
96.99
97.06
97.32
97.20
96.91
97.54
97.37
97.49
97.59
97.43
96.98
97.43
97.32
97.05
96.76
97.26
97.21
97.50
97.36
97.28
97.27
96.91
97.06
97.59
97.26
97.26
97.25
97.11
97.35
97.45
97.30
97.34
96.94
96.69
97.20
97.03
96.94
97.31
97.03
97.11
97.03
97.32
97.30
97.19
97.20
96.91
97.30
96.99
97.27
97.55
97.13
96.71
96.96
97.09
97.00
97.23
97.34
97.18
96.57
97.41
97.40
97.15
97.26
97.32
97.39
97.54
97.39
96.57
97.31
97.06
96.76
96.94
97.34
97.24
97.46
96.90
97.09
97.31
97.32
96.73
97.22
97.26
97.25
97.12
97.05
97.03
97.33
97.16
97.32
97.55
97.52
97.40
97.22
97.17
96.96
97.18
96.82
97.14
97.00
97.27
97.06
97.19
97.11
97.57
97.01
96.77
96.86
97.52
97.38
97.47
97.64
97.07
97.14
97.13
97.11
97.13
97.34
97.02
97.13
97.13
97.13
96.60
96.95
97.28
97.04
97.09
96.98
97.01
97.34
97.27
96.88
97.14
97.01
97.43
97.54
97.21
97.25
97.44
97.20
96.97
97.42
97.25
97.31
96.97
97.34
97.26
97.28
97.15
97.34
97.04
97.15
97.27
97.22
97.44
97.22
97.19
97.23
97.02
97.08
97.41
97.20
97.27
97.01
97.50
97.35
97.41
96.82
97.36
97.22
97.41
97.35
96.89
97.34
97.27
97.32
97.19
97.01
97.19
97.24
97.31
97.28
96.90
97.59
97.09
97.34
97.18
97.30
96.91
97.31
97.27
97.36
97.16
96.91
97.25
97.04
96.38
97.62
97.18
97.03
96.43
97.38
96.84
97.29
96.96
97.43
97.00
97.59
97.21
97.18
96.67
97.30
97.07
96.51
97.29
97.35
97.18
97.24
97.09
97.25
97.20
97.40
97.15
96.85
97.38
97.39
97.31
97.36
97.06
96.91
96.81
97.25
97.41
97.40
97.12
96.86
96.80
97.29
97.37
97.42
97.57
97.25
97.54
97.06
97.38
96.82
97.23
97.24
96.98
97.02
97.55
97.36
97.02
96.98
97.39
97.09
97.52
97.30
97.25
97.22
97.47
97.42
97.29
97.08
97.35
97.20
97.08
97.23
97.18
97.28
97.39
96.89
97.19
96.46
97.14
97.39
97.01
97.19
97.33
97.30
96.97
97.27
97.39
97.35
97.45
97.10
97.24
97.16
97.23
97.21
97.07
97.14
97.42
97.40
96.97
96.48
97.08
97.14
97.09
97.18
97.38
97.28
97.20
97.21
97.03
97.35
97.18
97.19
97.29
97.14
97.30
96.89
97.06
96.99
97.51
97.02
97.16
96.81
97.21
97.46
97.06
97.25
97.40
97.21
97.16
97.42
97.41
97.39
97.52
97.36
96.83
97.21
96.89
97.18
97.29
97.60
97.29
96.99
97.03
97.28
97.09
96.78
97.26
97.62
97.24
97.03
97.29
97.27
97.09
96.78
97.52
97.11
97.25
97.41
97.06
97.33
97.41
97.48
97.27
97.31
97.28
97.13
97.19
97.23
96.92
97.14
97.44
97.05
97.17
97.36
97.23
97.00
96.64
97.29
97.43
97.20
97.15
97.20
96.50
97.50
96.84
96.83
97.13
97.29
97.43
96.71
97.22
96.97
97.02
97.54
97.31
97.41
97.20
97.17
97.08
96.44
97.34
97.38
97.24
96.67
97.08
97.34
97.22
97.44
97.16
97.26
96.90
97.48
97.46
97.19
97.16
97.21
97.09
97.11
97.36
96.95
96.81
97.36
97.26
97.03
97.16
97.27
97.28
97.29
96.79
97.34
97.04
97.44
96.69
97.19
96.95
97.16
96.75
97.60
97.10
97.05
97.30
97.14
97.03
96.88
96.97
96.92
97.10
97.13
97.09
97.11
96.63
97.47
96.60
97.17
96.80
97.43
97.20
97.24
97.28
97.11
96.65
97.32
97.16
97.03
97.11
97.03
97.26
97.39
97.18
97.48
97.03
97.36
97.01
96.92
97.29
97.15
97.15
96.76
97.27
97.05
97.48
96.94
96.77
96.76
97.27
97.43
97.30
97.11
96.95
97.42
97.00
96.84
97.31
96.98
97.46
97.39
97.22
97.48
97.16
97.53
97.11
96.79
97.48
97.32
97.47
97.50
97.43
97.28
97.08
96.98
97.09
97.35
97.22
97.30
97.16
97.11
97.26
97.19
97.13
96.99
97.34
96.95
97.34
97.33
97.08
97.22
97.08
97.09
97.20
97.20
97.52
97.42
96.93
96.43
96.96
96.93
97.17
96.91
97.16
97.32
97.26
97.27
97.41
97.42
97.11
97.31
97.19
96.79
97.11
96.99
97.14
97.30
97.12
97.30
97.19
96.41
97.17
97.48
97.13
97.00
97.11
97.05
96.75
97.29
96.93
97.40
97.08
97.20
97.45
96.99
96.84
97.00
97.07
97.23
97.48
97.37
97.36
97.69
97.42
97.33
97.05
97.29
97.38
96.93
96.76
97.22
97.10
97.57
97.09
97.42
97.27
97.48
97.40
97.10
97.10
96.83
96.77
97.09
96.94
97.24
96.77
96.91
97.43
96.86
97.10
96.91
97.37
97.30
97.00
97.13
96.82
96.64
97.38
97.22
96.69
97.13
97.02
97.05
97.44
97.32
96.98
97.25
96.85
97.14
97.29
96.98
97.01
96.75
97.23
97.39
97.19
96.88
97.19
97.13
97.00
97.30
97.14
96.93
97.06
97.44
97.12
97.43
97.50
97.24
97.07
97.40
97.30
97.01
97.35
97.40
97.28
97.31
97.02
97.09
97.02
97.43
97.17
96.65
96.83
97.10
97.05
97.34
97.42
96.84
97.20
97.03
97.43
97.43
97.24
97.33
97.19
96.54
97.36
97.18
97.18
97.34
97.20
96.69
97.44
97.07
97.04
97.29
97.13
97.11
97.15
96.88
97.17
97.18
96.77
97.07
97.23
97.20
97.34
97.35
97.60
97.03
97.19
96.61
97.19
97.40
97.21
97.43
97.51
97.10
97.20
97.10
97.00
97.29
97.23
97.13
97.16
96.84
96.97
96.98
96.74
97.27
96.98
97.05
97.50
97.29
97.56
97.37
97.08
96.67
96.79
97.34
97.28
97.25
97.11
96.75
97.30
97.30
97.37
97.35
97.28
97.49
97.05
97.18
96.56
97.14
97.11
97.13
97.03
97.26
96.90
96.74
97.01
97.32
97.06
96.80
97.22
97.42
96.90
97.13
96.86
97.64
97.13
96.45
97.18
97.11
97.01
96.82
96.97
97.39
96.93
97.39
97.36
97.41
97.33
96.10
97.16
97.02
96.79
97.19
96.82
97.34
97.02
97.12
97.21
97.24
97.17
97.38
96.88
97.28
97.42
97.45
96.92
97.27
97.28
96.87
97.10
97.43
97.41
97.32
97.01
97.36
97.00
96.53
97.18
97.05
97.48
97.33
97.22
97.22
97.08
97.28
97.09
97.11
97.08
97.28
97.33
97.52
96.56
97.44
97.40
97.21
97.14
97.27
97.15
96.98
97.01
96.86
97.55
97.37
97.00
97.01
96.56
97.25
96.82
97.28
97.02
97.38
97.44
97.36
97.20
97.46
97.65
97.16
97.30
97.05
97.30
96.90
97.00
97.03
97.47
97.30
96.88
97.25
97.40
96.90
97.27
97.38
97.28
97.10
97.04
97.28
97.18
97.13
97.34
97.04
96.84
97.18
97.06
97.37
97.06
