97.03
96.19
95.51
96.11
96.48
96.35
96.38
95.48
95.82
95.59
96.10
96.04
95.35
95.69
94.92
96.34
95.75
96.05
96.07
95.87
96.58
96.04
96.04
95.72
94.53
96.01
96.41
95.55
95.86
95.88
95.13
95.57
95.61
95.97
96.36
95.85
94.81
94.31
95.71
94.84
96.32
95.82
96.09
96.37
95.93
96.26
96.33
96.33
95.86
96.07
95.13
96.10
96.58
96.45
96.03
96.52
96.24
96.29
96.59
94.71
96.37
96.13
96.14
95.39
95.76
95.61
95.87
96.37
96.37
96.05
95.90
95.93
96.29
95.71
96.30
96.23
95.73
96.14
95.71
96.63
96.23
95.67
95.61
96.13
94.26
93.48
96.32
96.06
95.84
95.77
95.67
95.50
94.98
96.51
94.82
96.27
96.02
96.24
95.62
95.14
95.23
96.34
95.85
94.54
94.39
96.04
95.73
95.82
95.90
95.74
96.38
95.80
95.59
95.30
95.93
95.90
95.91
95.94
95.70
96.13
95.64
95.63
95.97
96.37
96.34
96.69
96.28
96.09
96.08
96.09
96.43
94.58
95.90
95.50
95.92
95.79
95.73
96.02
96.16
95.14
96.48
96.63
96.13
95.85
96.48
96.04
96.23
96.35
94.93
95.71
95.70
96.26
95.43
96.57
95.02
96.29
95.37
96.91
96.22
96.67
95.41
96.49
96.18
96.46
94.21
96.58
96.27
96.45
96.82
95.91
95.15
96.08
96.45
95.84
96.21
96.39
96.27
95.79
96.03
94.80
96.28
95.67
95.85
95.78
95.00
95.85
96.20
95.09
95.35
96.14
96.37
96.07
95.67
96.39
95.22
95.34
94.72
95.91
95.88
96.24
96.40
96.01
96.38
95.69
95.56
96.17
95.94
95.67
96.54
96.36
95.78
96.41
96.27
96.20
96.19
95.36
96.20
95.49
96.35
95.80
95.88
95.66
96.39
96.12
95.91
95.66
96.41
96.42
95.99
96.30
95.98
94.85
96.11
93.62
95.33
95.95
96.54
96.40
95.79
96.11
96.14
96.42
96.41
96.31
96.30
96.17
96.96
96.30
95.92
95.47
95.69
96.38
95.90
95.47
95.82
96.34
95.92
96.08
94.44
95.70
95.61
96.30
95.90
94.77
95.21
96.12
95.68
96.13
96.19
95.81
96.08
96.40
95.56
97.00
96.56
96.33
96.17
95.89
95.62
95.82
95.26
96.27
96.58
96.10
95.57
96.88
95.66
95.60
96.73
95.61
95.28
96.32
95.43
95.94
95.73
96.07
95.48
95.55
95.96
96.20
92.93
96.51
94.97
96.18
95.72
96.04
96.55
95.64
96.27
96.41
95.61
95.43
95.70
95.17
96.14
95.93
96.15
95.20
96.13
95.07
96.46
96.06
96.39
96.37
95.91
95.46
96.22
95.72
95.95
95.80
95.90
96.15
95.59
95.87
96.12
95.51
95.43
94.99
96.48
94.75
96.18
96.04
96.02
95.65
95.77
95.59
96.29
94.69
96.24
96.57
96.46
96.11
95.71
95.32
95.54
95.58
95.90
96.37
95.63
96.13
95.99
94.73
95.80
93.19
96.27
96.04
96.28
95.62
96.55
95.72
94.82
95.44
96.15
95.38
95.98
96.22
95.03
95.95
94.98
95.87
96.07
95.74
95.85
96.30
96.01
96.13
96.53
95.72
95.35
97.00
95.90
96.42
95.43
96.51
95.08
96.58
95.99
94.91
96.07
96.22
94.89
95.42
96.35
95.30
95.49
96.26
96.33
96.24
96.09
95.94
96.36
96.77
95.53
95.87
95.88
96.21
96.20
96.17
94.73
95.18
96.47
96.08
95.45
96.36
96.30
96.45
96.43
96.11
95.65
96.29
96.53
96.01
96.25
95.88
95.91
95.17
95.16
95.83
96.13
95.86
96.22
94.83
96.54
95.24
96.58
95.42
94.96
96.25
96.24
95.02
96.00
95.81
96.45
96.47
96.28
96.26
96.15
95.73
96.01
96.23
96.26
96.23
96.00
96.21
95.75
96.59
96.40
95.94
96.21
95.12
96.48
95.10
96.55
95.51
95.88
95.26
95.81
96.26
95.48
95.74
94.70
96.21
96.57
95.80
95.27
96.67
96.62
95.96
96.07
95.70
95.30
96.25
95.96
96.21
96.47
96.28
95.37
96.12
95.96
95.76
96.07
95.91
95.19
96.30
96.11
96.35
96.08
96.11
95.34
96.11
95.77
95.50
95.81
96.01
94.79
95.68
96.36
96.28
96.26
96.08
95.74
94.42
95.34
95.40
95.81
96.52
96.21
95.40
95.43
95.97
96.36
96.20
96.38
96.11
96.22
96.46
95.75
95.95
95.33
95.39
95.78
96.09
96.46
95.62
96.04
95.31
96.01
96.14
95.82
96.23
95.00
94.55
95.59
96.18
95.85
95.48
95.97
95.19
95.33
93.58
95.72
95.37
95.68
96.20
96.18
96.06
94.27
96.22
96.26
96.29
95.99
96.49
96.25
95.51
95.90
96.20
95.56
96.26
95.06
96.14
94.96
96.18
96.09
96.26
95.75
96.14
95.82
95.52
96.40
96.59
96.45
96.34
95.66
96.00
95.68
95.90
96.44
95.70
96.42
96.24
95.91
95.75
96.16
96.59
95.53
95.21
95.91
96.30
95.58
96.02
95.30
96.21
95.52
96.70
96.11
95.59
95.86
96.17
96.18
96.39
96.38
94.71
96.58
95.64
96.65
96.14
96.17
96.42
96.20
95.38
95.60
96.30
96.35
96.15
96.36
96.14
96.18
96.27
95.71
96.08
96.20
95.87
96.32
95.32
95.49
96.43
96.06
96.57
96.22
96.63
96.19
96.18
96.77
95.06
95.15
96.23
96.09
94.76
95.97
96.46
96.40
94.93
96.08
96.40
95.74
95.48
95.83
95.62
95.59
96.50
95.55
95.54
96.04
96.02
95.93
95.00
95.97
96.01
96.08
96.42
95.45
95.52
96.77
96.61
96.48
96.43
95.93
94.97
95.58
96.01
96.68
95.36
96.08
95.76
95.86
96.24
95.36
96.35
94.88
96.45
95.50
95.65
95.59
96.13
96.14
95.96
95.70
95.00
95.48
96.50
96.16
94.71
95.47
96.33
95.97
96.46
95.72
95.67
95.88
96.46
96.28
95.94
95.84
96.47
96.52
96.08
95.71
94.17
95.83
94.43
95.49
95.90
96.16
95.55
96.37
96.33
96.24
96.01
96.23
96.45
95.97
96.49
95.03
95.92
96.51
95.62
95.65
96.01
95.97
96.72
95.58
95.78
96.73
95.32
96.07
96.11
96.64
96.54
95.93
96.09
95.87
95.76
96.34
95.39
96.06
94.73
95.16
94.95
96.62
96.00
95.28
96.18
96.09
95.80
96.16
95.56
95.25
96.29
96.13
95.13
95.72
96.19
95.12
95.81
95.91
96.19
95.95
96.06
95.78
95.12
95.92
96.35
96.24
95.74
96.22
96.04
96.39
96.20
95.01
95.69
96.53
95.06
95.91
96.53
95.78
96.44
95.25
95.56
96.04
95.71
96.22
95.50
96.12
96.16
95.26
96.23
95.66
95.75
96.11
95.66
96.34
95.96
96.00
95.50
96.43
96.14
95.93
95.37
96.04
95.87
95.85
96.03
96.43
96.03
96.18
95.95
96.06
95.50
95.70
96.24
96.71
94.95
96.02
95.60
95.39
96.01
95.66
95.77
96.61
96.27
96.12
96.55
95.76
95.78
96.15
95.08
95.10
95.71
96.60
95.82
95.24
96.32
95.38
95.62
95.84
96.32
95.84
95.23
95.97
96.21
96.08
95.57
96.05
95.57
95.59
95.94
95.81
95.98
96.57
96.75
96.05
95.98
96.36
96.36
96.47
96.25
95.44
96.18
96.09
95.32
95.97
94.87
96.42
95.99
96.58
94.65
96.26
96.06
96.45
95.80
96.28
96.97
95.41
96.47
96.65
95.63
95.76
96.14
96.41
96.45
94.94
95.97
96.28
95.72
95.15
96.25
95.63
95.76
96.04
95.74
96.43
96.01
96.28
95.13
95.57
96.05
95.44
96.78
95.93
96.04
95.55
95.21
96.55
96.03
96.30
95.64
95.90
95.87
95.00
95.96
96.52
96.55
95.77
95.90
95.91
96.19
96.43
96.04
95.81
95.44
96.54
95.74
96.10
95.98
95.69
96.27
95.48
96.38
95.88
96.07
96.42
95.68
95.80
95.04
95.43
95.93
96.44
96.55
96.54
94.83
95.05
96.25
96.45
96.04
95.69
95.51
96.37
95.11
95.71
96.21
95.80
95.99
95.61
96.06
95.76
96.91
96.05
96.41
95.96
95.87
96.44
95.90
96.32
95.89
96.60
95.77
95.94
94.09
95.63
96.01
