97.03
97.21
96.88
96.97
97.28
97.57
96.88
97.49
96.78
97.19
97.31
96.96
97.14
97.09
97.55
97.18
96.78
96.88
97.38
97.58
97.05
96.18
96.97
97.00
97.12
97.37
97.11
97.11
96.94
96.91
96.69
97.32
97.11
97.05
97.44
97.26
96.91
97.17
97.11
96.79
97.10
96.86
97.13
97.08
97.44
97.14
97.37
96.73
97.25
97.31
97.18
97.09
97.02
96.55
97.00
97.05
97.17
96.94
97.16
97.28
96.93
97.16
97.01
97.16
97.19
97.30
97.00
97.05
97.60
97.01
97.10
97.40
97.20
97.15
97.47
97.04
96.64
97.46
97.49
97.36
97.24
97.49
96.84
97.20
96.92
97.21
97.34
96.64
97.21
97.32
97.15
97.33
96.79
96.89
97.35
96.91
97.60
97.38
97.23
97.23
97.39
96.56
96.99
97.54
97.34
96.98
96.91
97.65
96.81
97.46
97.16
96.74
96.74
97.11
96.98
97.41
97.03
97.01
97.30
97.45
97.53
97.07
97.13
97.16
97.07
97.20
96.62
97.06
97.26
97.31
97.19
97.37
97.28
96.94
97.18
97.34
97.31
97.05
97.11
97.18
96.99
97.28
97.10
97.18
97.14
97.04
96.80
97.05
96.69
97.10
97.22
96.97
97.02
97.16
97.48
97.38
97.00
97.28
96.97
97.49
97.44
97.14
97.07
97.33
97.13
97.27
97.22
97.28
97.33
97.30
97.13
97.08
97.51
96.77
97.26
97.15
96.99
97.04
97.23
97.29
96.90
96.88
97.11
97.29
96.84
96.94
97.32
97.03
97.08
97.29
96.51
97.39
97.38
96.77
96.97
96.62
97.24
96.93
97.34
97.21
97.58
97.20
96.69
96.90
97.26
96.86
97.62
96.89
97.23
97.36
97.05
97.42
97.19
97.01
97.05
95.96
97.10
97.24
97.07
97.36
97.00
96.91
96.89
96.55
97.24
97.53
97.52
97.07
97.21
96.63
97.31
97.20
97.02
96.97
97.19
96.86
97.20
97.18
97.28
97.21
97.05
97.20
97.36
97.12
97.14
96.97
97.40
97.13
97.45
97.23
97.23
97.30
97.35
97.05
97.53
96.97
97.16
97.09
96.61
96.99
97.12
96.88
96.74
97.37
97.21
97.28
97.32
97.18
96.44
97.33
96.80
97.32
97.19
96.84
97.12
97.28
97.28
97.02
97.34
97.35
96.08
97.07
97.24
97.35
97.16
97.09
96.96
97.21
97.02
97.17
97.52
97.15
97.20
97.07
97.57
97.05
97.14
97.10
97.18
96.55
97.29
97.27
96.85
96.12
96.90
97.18
97.61
97.31
96.99
96.75
96.95
97.30
96.92
96.91
97.17
97.36
96.97
97.10
97.35
97.22
96.96
96.93
96.89
96.69
97.29
97.01
96.96
97.04
97.06
96.62
97.41
96.95
97.36
97.03
96.94
96.99
97.24
97.11
97.39
97.17
97.24
97.15
97.18
96.90
97.23
97.15
97.52
96.83
97.10
97.51
97.05
96.48
97.34
97.25
97.42
96.78
97.16
97.47
96.99
97.16
97.12
97.38
96.74
97.38
96.93
97.37
97.31
97.20
96.86
97.07
96.23
96.65
97.36
97.15
97.01
97.39
97.14
97.17
96.73
97.25
97.58
96.88
97.14
96.85
96.94
97.39
97.25
97.07
97.11
96.92
97.03
97.36
96.91
97.06
97.37
97.00
97.11
96.83
97.41
97.33
97.12
96.89
97.04
97.32
97.12
97.00
97.34
97.36
97.60
97.25
97.01
97.33
96.97
96.83
97.31
97.04
97.18
97.08
97.21
97.07
97.34
97.06
97.17
97.12
96.40
97.24
97.35
97.57
97.30
96.89
97.00
97.23
97.23
97.14
97.35
97.19
97.28
97.04
97.34
97.05
97.03
97.05
97.08
97.62
97.09
96.87
96.57
97.07
97.27
97.22
97.32
97.27
96.99
97.36
96.80
97.17
96.71
96.99
97.18
96.76
97.15
96.93
97.33
97.26
96.69
97.14
97.30
96.96
97.24
96.71
96.32
97.10
97.46
96.85
97.15
97.11
97.19
97.15
97.00
96.95
97.38
97.15
97.65
96.98
96.95
96.95
96.99
97.01
97.01
97.17
96.75
96.61
97.10
96.91
96.92
97.53
97.49
96.84
96.98
96.60
97.15
97.17
96.96
96.65
97.14
97.30
97.29
97.38
96.95
97.25
97.22
97.15
97.23
96.86
97.26
96.55
97.13
97.04
97.02
96.91
97.46
96.70
97.30
97.33
97.12
97.19
97.22
96.80
96.75
97.47
97.24
96.98
97.19
97.11
97.44
97.05
97.20
97.29
97.00
97.27
97.12
97.18
97.10
97.13
97.23
96.91
96.54
97.25
97.10
97.34
97.29
97.25
97.28
96.91
97.35
97.04
97.27
97.36
97.02
97.31
97.32
96.92
97.14
97.05
97.09
96.94
97.09
97.30
96.43
97.09
97.42
97.21
97.22
97.11
97.18
97.20
97.13
97.33
97.04
97.16
97.29
97.04
96.96
97.00
97.21
97.07
97.45
96.75
97.01
97.04
97.16
97.15
96.67
97.21
96.67
97.06
96.91
97.15
97.15
97.05
97.39
96.74
96.94
97.12
96.89
97.19
97.46
97.00
97.37
97.15
97.33
97.17
97.39
97.05
97.45
97.25
97.40
96.81
97.44
97.12
96.86
97.34
97.59
96.64
96.87
97.20
96.59
97.06
97.35
97.10
97.16
97.42
97.31
97.10
96.94
97.12
97.30
97.35
96.66
97.34
97.22
97.21
97.31
96.95
97.09
97.10
97.38
97.09
97.02
97.00
97.41
97.07
97.25
97.14
96.98
97.14
97.18
96.92
97.07
97.12
97.27
96.97
97.10
96.96
97.03
97.01
96.97
96.48
96.92
97.44
97.12
97.27
97.20
97.09
96.95
97.21
97.15
97.12
97.13
96.99
97.45
96.67
97.30
97.00
97.08
96.94
97.33
96.97
97.31
96.91
97.26
97.17
97.15
96.58
97.28
97.21
97.22
97.33
97.13
97.38
97.19
97.46
97.26
97.32
97.34
96.99
96.99
97.28
96.97
97.40
96.63
97.15
97.14
96.49
96.67
96.98
96.80
97.04
96.95
97.16
96.81
97.51
97.21
97.18
97.05
97.34
97.22
97.32
97.12
96.32
97.34
96.81
96.52
97.10
97.55
96.77
97.19
97.11
97.21
96.84
96.99
97.37
97.38
96.99
96.79
97.25
97.44
97.14
96.97
97.19
97.16
97.17
96.78
97.15
97.53
96.90
96.67
97.44
96.97
96.97
97.28
96.99
97.45
97.01
97.19
96.93
97.33
96.84
97.42
96.99
97.05
96.91
97.29
97.23
97.15
97.12
96.86
97.32
96.97
97.11
97.15
97.09
97.24
97.21
97.45
97.19
97.21
96.63
97.59
96.99
96.82
96.87
97.23
97.31
96.83
97.31
97.21
97.51
96.99
96.86
97.05
97.24
97.57
97.15
96.79
96.63
96.78
96.65
96.88
96.77
97.42
97.37
97.33
97.18
97.27
97.31
97.05
97.02
96.86
97.42
96.73
96.84
97.05
97.13
97.31
97.01
96.91
97.18
97.10
97.04
97.15
96.67
96.99
96.93
96.84
96.85
97.07
97.07
96.86
97.28
97.20
97.27
96.98
97.24
97.14
96.91
97.29
97.04
96.89
97.46
97.23
97.47
97.15
97.37
96.96
97.41
97.07
96.97
95.78
97.21
97.01
97.21
96.77
97.23
97.36
97.20
96.79
97.16
97.18
96.95
95.81
97.12
96.34
97.45
97.06
97.30
97.29
97.13
97.35
96.87
97.06
97.31
97.08
96.98
97.16
97.19
97.10
97.40
96.97
96.88
97.08
96.23
97.36
96.88
97.21
97.19
97.01
97.41
96.52
96.74
97.45
97.15
97.26
97.17
96.79
97.23
97.20
96.91
96.92
97.10
96.99
97.33
96.84
97.17
97.24
96.85
97.15
96.93
96.91
97.36
97.11
97.13
96.73
97.53
97.14
96.83
97.36
97.33
96.26
97.03
97.01
97.49
97.31
97.04
97.43
96.74
96.78
97.09
97.43
97.17
96.37
97.06
96.74
97.17
97.00
97.49
97.30
97.27
97.34
97.21
96.90
96.58
96.72
97.18
97.30
97.14
97.10
97.36
97.03
97.15
97.00
96.86
97.28
97.29
97.23
96.60
97.23
97.13
97.08
97.21
97.13
96.86
97.03
97.15
97.31
97.32
96.89
97.01
97.13
96.79
97.23
97.50
96.88
97.19
97.07
96.83
96.98
97.22
97.08
97.04
96.91
97.45
97.06
97.21
97.34
97.19
96.27
97.37
96.68
97.17
