94.93
95.55
95.52
96.33
95.02
95.28
95.92
96.27
96.26
96.29
96.15
96.58
96.08
96.00
95.79
95.72
95.61
95.02
96.10
96.50
95.96
96.77
96.51
96.00
95.96
95.68
96.48
96.19
95.89
95.18
95.64
94.61
95.57
96.49
93.68
96.43
96.18
95.93
96.10
95.91
95.34
95.14
94.11
96.00
96.34
94.74
94.83
96.07
95.94
95.76
96.26
95.84
96.15
95.56
95.31
95.33
96.50
95.16
96.28
95.11
95.18
94.92
94.91
96.11
96.01
96.31
95.85
95.64
95.58
96.76
95.77
95.61
94.64
96.28
95.99
96.24
96.14
95.65
95.72
96.56
96.24
95.35
96.84
96.80
95.81
95.79
96.32
96.44
95.54
95.93
93.19
95.65
95.88
96.09
95.85
95.80
96.25
96.37
96.61
96.55
96.04
95.26
95.45
95.87
95.99
96.34
96.23
95.98
96.21
95.25
96.37
95.87
96.24
96.17
95.77
95.53
95.60
95.45
96.32
96.68
95.94
96.47
95.78
95.10
95.95
96.47
96.07
96.23
96.49
96.31
96.01
96.01
96.55
95.50
96.51
96.55
95.41
95.53
94.70
94.97
95.35
95.63
95.46
96.99
95.36
96.13
96.36
96.16
96.01
96.62
95.66
96.46
95.95
96.38
95.67
95.48
95.69
96.07
96.23
96.52
96.45
96.70
95.66
96.67
95.16
96.65
95.77
96.22
96.39
96.63
94.95
95.80
96.01
96.63
96.03
96.42
96.33
95.85
95.80
96.04
95.77
95.41
94.87
95.98
95.23
95.76
96.35
96.37
96.60
95.22
96.45
95.92
96.24
96.43
96.44
96.73
95.62
96.23
95.82
96.03
95.43
93.87
96.16
96.40
96.43
96.78
96.51
96.21
96.86
96.64
95.17
95.99
96.23
95.52
96.49
95.80
96.68
95.81
95.80
95.90
96.37
95.47
95.93
95.82
95.89
96.38
96.53
96.08
96.02
96.60
96.25
96.38
95.59
96.06
96.13
95.59
94.94
96.47
96.29
96.21
95.96
95.99
96.22
96.08
95.12
95.39
95.03
96.51
96.41
95.76
96.42
96.04
95.27
95.80
95.54
95.61
96.23
96.60
95.62
96.94
96.29
96.46
96.09
96.26
96.67
96.15
96.12
95.95
95.37
96.58
95.66
95.59
95.77
95.47
96.06
96.58
95.92
96.27
96.80
95.38
95.45
95.06
94.69
95.29
96.45
96.58
95.53
96.51
96.00
94.47
96.04
96.09
96.35
95.92
96.69
95.93
96.51
96.38
96.38
96.19
95.40
96.43
96.39
96.35
96.35
96.15
95.35
96.65
96.17
95.77
96.10
96.08
94.58
96.63
95.85
95.82
95.59
95.58
96.39
95.75
96.06
95.90
96.02
96.44
95.37
95.92
95.80
96.24
95.44
94.81
95.85
94.94
96.41
95.94
96.36
96.24
94.47
96.36
95.23
95.22
95.88
95.93
96.15
96.51
95.58
95.88
96.06
96.45
96.38
96.15
95.65
94.04
96.00
96.28
96.29
95.93
95.12
96.45
95.14
96.16
96.74
93.45
95.67
96.31
96.44
96.50
95.67
95.89
96.17
95.36
95.51
96.36
96.48
96.61
95.37
95.59
96.35
96.03
96.42
95.33
95.33
96.61
96.19
95.15
96.15
95.77
95.98
95.34
95.91
96.38
96.13
96.48
95.63
93.81
95.48
95.73
96.24
96.59
96.34
96.05
95.54
94.88
95.94
96.26
96.29
96.25
95.05
95.22
95.35
96.52
95.61
96.05
95.99
96.26
95.69
96.31
96.22
95.98
96.45
94.88
95.93
96.32
96.21
95.21
96.72
96.09
96.17
96.49
95.40
95.80
95.94
96.07
95.82
96.08
95.51
95.74
95.89
95.65
96.28
95.85
95.84
95.85
95.54
96.35
96.03
95.19
95.79
96.50
96.15
96.42
96.30
96.08
96.65
95.47
96.08
95.85
95.49
95.78
96.00
96.15
95.46
95.45
96.38
96.18
94.61
96.17
95.84
96.16
96.37
95.78
95.17
96.11
95.97
96.32
96.34
95.96
95.76
96.20
95.30
95.81
95.09
96.35
95.35
96.38
94.94
94.76
95.26
95.57
95.86
96.43
94.42
95.78
95.70
96.00
96.61
94.54
96.03
95.19
96.54
96.07
96.17
95.15
95.26
96.37
94.66
95.54
95.84
95.69
96.26
95.05
96.16
95.34
95.50
95.63
96.27
95.35
95.70
96.37
95.28
94.26
95.98
95.91
96.02
96.37
96.44
96.12
95.91
96.35
93.69
96.62
96.77
95.89
96.31
96.45
95.77
95.00
95.41
96.24
96.56
95.96
95.81
96.72
94.97
95.25
95.03
96.63
93.00
96.19
96.08
95.60
95.18
95.28
95.87
96.26
95.87
95.89
96.57
96.25
95.36
95.32
95.03
95.88
96.16
96.25
96.65
96.11
96.06
95.13
95.82
96.04
96.00
96.29
96.23
95.83
96.63
95.52
95.29
95.60
95.53
96.61
96.07
96.18
96.23
92.96
96.33
96.71
96.35
95.73
96.29
96.53
95.89
96.24
96.55
95.74
95.64
95.70
96.17
95.84
96.45
95.78
96.50
95.95
96.51
96.24
96.72
96.28
96.61
96.11
96.73
95.78
95.15
96.40
95.41
95.79
95.80
95.78
95.96
95.38
96.04
96.24
95.31
95.71
95.34
96.51
96.38
96.25
96.50
95.14
94.76
96.52
95.71
95.75
96.50
94.63
95.16
96.60
95.77
94.72
96.06
92.91
95.94
96.13
95.07
95.72
95.55
94.28
96.11
95.38
94.49
95.42
96.08
96.21
96.51
95.83
95.52
96.02
94.20
96.12
95.54
95.85
95.76
96.93
94.92
95.59
96.14
95.39
96.27
96.16
95.82
96.36
96.41
96.26
95.86
95.36
94.78
95.62
95.96
95.53
95.73
95.67
95.41
94.86
95.49
95.72
95.42
96.70
95.76
96.18
95.08
95.99
96.27
95.75
96.39
96.05
96.47
95.90
96.12
94.60
96.21
96.59
95.63
95.96
95.69
95.84
96.47
96.05
95.73
96.45
95.90
95.53
95.74
96.69
96.38
96.35
96.07
93.74
95.55
96.19
96.36
95.89
96.76
94.95
96.13
95.77
95.88
95.81
95.53
95.82
96.43
95.41
95.26
95.82
96.48
96.25
96.49
95.68
96.57
95.84
95.78
96.59
96.18
95.96
96.48
95.61
95.92
95.10
96.51
96.62
95.88
95.28
95.65
95.82
96.02
96.42
95.65
95.89
96.02
95.83
96.10
95.04
96.52
96.07
96.23
96.14
95.51
96.30
96.28
96.04
96.25
96.29
96.46
95.68
96.38
96.25
96.49
96.22
96.03
96.20
96.34
96.23
96.06
95.72
96.65
94.99
95.64
95.84
95.95
95.72
95.99
96.44
96.29
95.81
96.22
96.11
96.50
96.56
96.22
95.81
96.52
96.52
95.56
95.78
96.83
95.80
96.37
95.68
95.93
96.78
95.82
95.84
95.37
95.39
95.67
96.21
95.69
96.55
95.57
96.75
96.64
96.16
95.99
95.85
96.51
96.44
96.24
95.59
96.29
95.97
95.54
96.66
95.75
96.16
96.27
96.56
96.19
95.77
96.50
96.13
96.31
96.38
95.59
96.47
95.68
95.95
96.59
95.61
96.33
96.41
96.02
95.88
95.25
94.97
96.81
95.33
96.26
95.13
95.23
96.72
96.40
96.01
96.03
95.27
95.76
96.13
94.59
95.93
95.69
96.06
94.83
95.94
96.48
95.95
95.15
96.29
96.47
96.26
96.02
96.44
96.42
95.06
96.07
96.22
96.35
95.41
95.76
96.67
96.45
95.73
96.38
96.02
96.20
95.25
94.87
96.93
95.83
96.25
95.89
96.24
96.23
95.98
95.74
96.71
96.43
96.08
96.01
95.33
96.10
95.68
95.79
96.30
95.97
96.14
95.84
95.91
95.17
95.92
96.75
96.32
95.70
95.93
95.83
96.39
95.53
96.01
96.63
96.25
96.23
95.86
96.50
94.96
95.98
95.91
92.04
96.35
96.25
96.17
96.65
96.56
96.24
96.12
92.96
95.75
96.61
94.23
95.92
96.29
96.34
96.26
96.28
95.58
95.33
95.93
94.45
96.18
95.29
95.01
93.63
94.55
96.44
95.96
94.63
95.26
94.86
96.06
96.34
96.17
95.58
94.96
96.60
96.55
96.08
95.98
95.49
95.22
96.60
95.75
96.39
95.30
96.11
96.41
94.20
96.53
95.12
95.12
96.00
95.87
96.44
96.23
96.35
96.85
96.49
96.07
96.31
96.70
95.93
95.84
96.36
95.95
96.47
96.01
