93.90
93.32
93.10
93.11
93.61
93.59
94.22
93.84
93.34
93.27
93.51
93.55
93.39
93.15
93.30
92.99
93.28
93.21
93.99
91.93
92.65
93.01
92.41
93.18
93.44
93.25
93.77
93.25
92.44
92.51
92.11
93.53
92.93
93.40
93.95
93.44
91.74
92.86
92.68
93.55
92.97
93.48
92.85
93.76
94.15
93.06
91.66
93.20
92.74
93.13
91.97
93.63
93.50
93.16
93.06
93.85
94.38
91.81
92.57
93.67
93.18
93.71
93.39
92.03
93.43
91.79
93.56
92.67
92.36
92.63
93.43
94.20
93.44
92.95
93.65
92.57
93.19
92.39
93.43
92.98
94.00
93.10
93.81
93.05
93.48
94.13
93.39
93.71
93.58
94.36
93.29
94.35
94.12
92.62
92.87
93.54
93.13
92.48
93.01
93.81
91.55
92.37
93.53
93.30
92.90
93.56
93.82
93.59
93.97
93.85
93.82
93.87
92.47
93.85
93.22
93.94
92.79
93.62
92.71
92.70
93.05
94.19
93.14
93.55
92.38
93.27
92.44
92.91
93.33
93.43
93.90
92.54
93.82
92.79
94.04
93.90
92.67
93.73
92.58
94.15
93.62
94.05
92.78
92.52
92.62
92.67
93.51
93.44
93.37
93.31
93.78
92.89
93.34
92.99
93.07
92.67
92.67
92.95
92.73
93.01
93.13
94.10
93.58
93.44
93.92
93.03
91.74
94.02
92.00
93.42
94.02
93.03
92.89
93.48
93.38
93.58
93.36
92.37
93.48
93.63
93.03
94.02
94.45
93.94
93.74
93.53
93.37
93.18
92.24
93.06
93.42
93.61
93.09
92.86
93.39
92.64
93.36
92.74
93.72
93.41
93.65
93.00
92.59
93.80
92.61
94.01
93.11
92.80
90.93
91.78
94.22
93.63
93.80
93.28
91.81
94.08
93.22
93.41
93.60
94.21
93.06
93.62
92.40
93.99
93.68
94.04
92.45
93.60
92.09
93.62
94.02
93.10
93.31
93.67
93.54
93.90
93.18
94.03
93.43
92.30
93.09
94.21
93.33
93.65
93.02
93.87
92.67
93.15
93.53
93.69
92.75
93.54
92.76
93.16
93.76
92.74
92.75
92.46
92.58
93.81
93.71
92.54
92.80
92.51
93.05
92.20
92.98
92.50
92.56
93.34
93.99
93.81
92.92
92.15
94.42
93.56
93.92
92.78
93.40
93.10
93.72
93.31
94.04
93.37
93.60
91.50
93.35
93.88
93.32
91.89
93.45
93.63
92.93
93.23
93.96
92.77
92.67
93.80
91.04
93.11
93.53
93.69
91.72
93.50
93.50
92.11
92.54
92.91
93.74
93.46
93.95
93.38
93.33
93.42
92.46
93.11
91.54
93.29
93.65
94.33
93.95
93.38
93.77
93.71
92.60
91.93
93.47
94.10
93.61
93.65
93.29
92.19
94.10
93.29
92.81
93.79
94.15
92.66
93.55
93.47
93.12
94.03
93.65
93.39
93.71
92.69
94.04
92.95
93.16
92.26
93.14
93.59
92.02
92.91
93.27
92.44
93.79
93.80
93.79
93.31
92.51
92.51
93.67
92.84
92.83
92.42
93.00
94.06
92.71
94.28
93.73
92.73
92.89
93.67
93.39
93.04
92.88
93.61
93.86
93.05
92.98
92.67
92.25
93.20
94.29
93.95
93.64
94.05
92.44
93.07
92.34
93.45
93.34
93.29
91.81
92.98
93.17
93.98
93.47
91.84
92.66
93.31
92.69
92.86
93.43
93.22
93.77
92.46
93.48
93.21
94.15
94.05
91.94
92.43
93.80
92.95
90.94
92.56
92.35
92.53
93.22
92.57
93.75
93.38
93.00
92.98
93.71
93.88
94.23
93.41
93.30
92.71
93.78
92.62
92.17
93.46
92.72
92.91
93.05
92.80
92.88
93.40
92.94
92.98
93.66
92.90
93.31
93.18
93.88
93.99
93.84
93.18
93.07
93.32
93.33
91.38
92.86
93.01
93.89
93.34
93.74
93.50
92.34
93.10
94.14
92.52
93.43
92.37
92.56
92.80
92.89
93.77
94.10
92.78
92.90
93.46
93.50
93.08
92.92
92.85
92.49
92.42
92.94
94.11
93.70
94.14
93.28
92.92
93.88
92.88
93.36
93.56
92.33
93.27
94.08
92.98
92.92
92.84
93.43
92.71
92.73
94.36
93.18
92.89
93.27
92.84
93.37
93.98
91.43
93.51
94.03
94.22
93.43
93.58
93.22
93.48
93.36
93.97
93.07
91.99
93.74
92.57
93.60
93.46
93.40
94.19
91.65
93.13
93.14
93.57
92.83
94.14
92.67
93.33
93.22
93.81
93.56
93.55
93.05
92.36
92.94
92.04
92.78
93.32
93.59
93.99
94.19
93.44
93.01
93.27
93.99
92.83
93.92
93.71
93.37
93.96
93.33
93.71
94.45
91.61
93.56
93.29
93.55
93.02
93.64
93.67
93.38
93.78
93.13
93.80
93.33
93.33
93.52
93.88
92.88
93.80
93.48
93.14
93.42
93.31
93.77
92.90
93.90
93.69
93.32
94.27
92.65
92.97
94.04
92.78
93.30
94.01
93.97
92.91
93.40
92.71
93.77
93.54
93.43
93.20
92.53
92.65
93.74
93.75
93.78
93.40
92.85
92.53
93.56
93.51
93.40
92.74
92.99
91.79
92.47
93.57
92.71
93.18
93.11
93.57
92.89
93.16
93.52
92.90
92.01
93.74
93.77
93.55
93.17
92.85
93.35
93.17
93.38
93.21
92.94
93.29
93.71
93.32
93.29
93.82
93.56
93.91
93.44
93.29
93.40
93.79
93.28
93.46
91.79
93.09
92.65
93.20
92.74
94.21
92.78
93.08
93.26
93.86
92.28
93.95
93.24
92.68
94.08
93.20
93.05
93.29
93.62
92.85
92.69
93.38
92.33
92.89
93.17
93.01
93.46
93.45
93.43
92.54
93.57
93.20
92.62
93.65
93.20
93.36
93.54
93.48
93.68
93.42
92.57
93.79
93.54
93.57
93.57
93.03
92.56
93.42
92.93
93.46
93.51
93.74
93.93
92.78
93.40
93.66
93.16
92.90
94.22
93.27
93.62
93.46
93.53
92.43
93.80
93.08
93.04
94.01
93.19
93.60
93.63
93.41
93.17
92.40
93.90
92.92
91.92
92.55
93.01
92.62
93.13
92.87
93.50
94.08
93.48
93.08
92.88
92.58
93.24
91.86
94.58
93.95
92.81
93.00
92.85
93.88
92.51
93.05
92.49
93.55
93.41
93.68
93.05
92.68
91.84
92.49
92.96
93.07
93.55
93.09
92.50
92.88
92.95
92.61
92.94
94.50
93.41
93.83
93.05
93.73
93.33
92.23
93.46
94.09
93.89
93.02
94.07
93.54
93.79
93.48
91.32
93.87
92.80
93.98
93.16
93.13
92.16
92.34
94.16
93.00
93.10
93.24
93.36
93.24
92.63
92.60
93.10
93.61
93.58
93.73
92.15
91.22
93.06
93.49
93.01
93.15
93.79
94.10
93.50
92.85
92.65
93.36
93.29
94.19
93.76
92.83
93.45
93.66
93.65
93.61
94.02
93.48
93.37
92.69
91.99
91.97
93.35
93.82
92.63
93.69
92.47
93.51
93.48
93.31
92.42
94.15
92.21
93.69
93.57
93.66
92.45
93.69
93.05
93.94
93.83
92.80
92.82
93.20
93.57
93.14
92.48
92.91
93.35
93.32
93.46
93.46
91.89
93.81
93.20
92.98
92.12
92.88
93.61
93.63
93.29
92.99
93.42
93.69
93.76
93.36
92.40
92.94
92.17
93.60
93.62
94.02
93.47
93.22
92.79
93.49
93.53
93.02
93.97
93.20
93.45
93.16
93.22
93.37
92.59
93.69
93.40
91.99
90.69
92.81
93.38
93.23
91.35
93.66
92.64
92.71
93.32
92.81
91.97
92.77
92.88
93.15
93.32
93.70
93.09
93.06
92.81
93.38
93.27
93.69
93.37
92.72
92.71
93.12
93.53
93.63
93.19
92.47
92.82
93.62
93.27
93.39
92.72
93.22
92.90
93.09
93.06
93.27
93.61
93.44
94.03
94.29
93.51
93.11
93.17
92.96
93.47
93.86
94.11
93.07
93.11
93.74
93.48
92.46
93.57
94.11
93.37
93.80
92.30
93.24
93.34
92.55
93.68
93.97
92.80
93.23
93.78
93.46
93.22
93.88
93.22
92.87
92.82
94.04
93.21
92.61
92.79
93.06
93.51
92.80
92.55
93.76
93.45
92.10
93.54
93.56
93.30
93.38
93.25
92.89
93.44
93.52
93.68
93.56
93.55
93.33
92.77
93.47
93.53
92.41
93.94
94.03
93.24
93.16
93.64
93.18
93.17
93.13
