95.33
95.73
96.29
95.86
96.46
96.08
95.39
95.93
96.55
95.92
95.69
95.30
96.47
95.97
95.35
94.87
95.53
95.41
96.77
96.10
95.48
95.66
95.83
95.71
95.98
96.21
95.35
96.62
94.51
95.34
95.12
95.70
97.04
96.04
95.41
95.26
95.70
95.63
96.04
95.95
96.22
96.07
95.69
95.62
95.49
96.27
95.42
95.74
95.47
96.38
95.94
95.94
96.69
96.38
94.87
95.96
95.93
95.99
95.55
96.01
96.28
95.22
96.32
96.04
95.19
95.87
95.98
95.94
95.93
95.06
95.86
95.60
93.62
95.91
95.13
96.34
95.67
96.20
96.63
95.62
96.67
96.71
96.25
95.40
96.02
95.57
96.22
95.69
95.36
95.96
95.56
96.56
96.06
95.95
95.61
94.80
95.70
96.14
95.59
96.49
94.69
95.65
95.40
96.16
96.00
96.46
94.86
96.12
95.53
95.55
94.59
96.18
96.02
96.63
96.29
96.40
95.79
95.84
96.15
96.57
95.33
96.69
96.24
96.06
96.28
95.88
95.70
95.99
95.98
95.63
95.67
95.68
95.67
96.07
95.68
96.14
96.12
95.60
96.08
96.28
96.59
95.86
96.34
96.10
94.71
95.67
96.34
96.69
96.05
94.44
96.04
95.98
96.32
93.68
95.89
96.58
96.27
96.04
96.70
96.35
94.70
96.44
95.87
95.83
96.67
95.76
95.98
95.84
96.15
95.38
96.59
93.92
96.08
96.31
95.99
96.23
96.46
96.75
95.97
96.31
95.75
96.34
96.70
94.45
96.33
95.33
95.81
94.93
96.53
96.20
96.52
95.98
96.20
96.23
95.51
95.03
94.89
95.83
96.80
96.37
95.56
96.28
94.88
95.67
95.82
95.23
95.82
96.11
95.87
96.17
96.34
95.98
95.52
96.43
96.09
96.32
96.02
96.60
96.41
96.36
95.94
96.08
95.67
96.18
94.78
95.55
94.66
96.41
95.24
95.56
96.42
94.91
96.15
96.53
95.72
96.46
94.36
95.88
95.07
96.77
96.19
96.38
94.58
96.19
95.95
95.44
95.68
93.95
96.18
95.99
95.58
96.37
95.64
96.30
96.91
96.15
96.53
96.55
95.18
96.40
95.87
95.73
96.41
95.76
95.98
95.92
95.42
96.29
96.04
96.45
96.29
95.55
95.93
96.31
95.83
95.41
95.58
95.78
95.88
95.70
96.51
95.60
96.21
96.12
95.75
95.83
94.49
96.21
95.06
95.61
95.37
95.24
95.93
95.38
95.41
96.20
96.44
95.86
96.01
96.61
95.98
96.58
95.29
93.89
95.69
95.55
95.72
95.85
95.13
95.92
95.22
94.46
94.18
95.41
96.10
95.99
95.73
95.82
96.31
95.35
96.75
95.23
96.58
96.87
95.66
95.06
95.71
96.10
96.41
95.32
96.06
96.37
95.43
95.77
95.84
96.34
95.77
96.55
95.93
96.47
95.33
95.62
96.14
96.68
96.69
96.60
95.80
95.66
96.48
95.44
96.42
96.36
95.81
96.32
96.50
95.84
96.11
95.68
96.16
96.06
95.84
96.67
96.40
96.70
95.53
92.50
95.42
96.13
96.03
95.83
96.43
95.21
95.95
95.62
96.01
95.56
96.03
96.59
96.47
95.66
95.85
94.55
96.18
96.46
95.42
95.70
94.99
95.12
96.18
96.19
96.27
96.20
95.91
95.02
96.36
96.00
95.97
96.66
96.25
96.13
95.52
96.27
95.93
96.61
94.66
95.60
95.28
96.58
96.14
95.92
95.12
95.59
94.32
95.89
96.29
96.29
95.58
96.55
95.61
95.25
95.23
95.03
95.86
96.00
95.32
95.76
96.14
96.36
94.84
95.70
96.14
95.90
96.22
95.94
96.12
96.61
96.03
96.51
96.16
96.40
95.33
96.73
96.24
95.84
96.41
96.58
95.66
95.72
96.05
96.04
96.52
95.55
95.58
96.27
95.64
96.51
95.59
95.60
96.42
95.53
96.16
96.01
96.10
95.37
96.22
95.33
95.13
95.96
96.19
94.34
94.85
95.66
95.23
96.35
96.48
95.64
96.30
96.17
96.82
94.98
94.85
95.71
96.19
95.88
95.71
96.30
96.46
95.85
96.43
96.85
95.84
94.55
95.84
95.53
96.51
95.45
95.75
96.21
94.97
94.87
96.14
95.80
96.40
96.29
96.43
96.05
96.21
95.53
95.72
95.66
94.99
95.98
95.70
96.50
95.91
95.96
94.71
96.21
95.59
95.24
92.49
96.16
95.85
96.16
95.34
95.77
95.89
96.08
96.18
94.74
95.44
96.46
95.75
95.76
96.48
96.04
96.52
95.24
96.28
96.64
95.56
96.22
95.57
96.12
96.62
95.75
95.81
95.68
96.21
95.93
96.44
94.15
96.12
95.90
95.60
96.01
96.40
96.51
95.58
96.06
95.63
96.34
94.81
96.37
96.38
96.41
95.65
95.64
96.73
95.51
96.16
95.92
95.96
96.62
93.46
96.05
96.14
95.31
95.60
96.10
96.03
96.49
95.93
96.52
96.56
95.80
96.45
96.21
96.61
96.57
96.26
96.25
95.98
95.43
96.29
96.25
95.09
96.77
92.66
94.71
95.85
96.01
95.73
96.62
96.06
96.15
95.93
96.02
95.87
96.73
96.28
96.57
96.27
95.22
95.93
96.56
96.10
94.41
96.29
95.48
96.51
96.02
96.60
94.10
96.22
96.43
96.84
96.37
96.03
95.75
94.85
94.90
95.40
95.98
96.79
96.21
95.94
95.29
96.56
96.04
94.71
95.88
95.89
96.20
96.48
96.18
95.43
96.77
96.52
96.56
95.98
95.54
96.03
96.07
95.37
96.25
95.38
95.42
96.01
96.39
96.38
96.48
95.98
95.91
96.73
96.19
95.69
94.77
96.04
95.82
95.07
94.78
96.33
96.28
94.48
95.54
96.22
95.52
97.11
96.71
96.12
96.35
95.82
95.81
95.84
95.83
95.56
95.59
96.48
95.97
96.47
96.02
95.32
96.29
96.04
95.94
95.51
95.75
95.72
95.71
96.34
95.54
95.47
95.32
95.68
96.12
94.11
96.07
96.70
94.92
95.85
96.77
96.13
96.22
95.14
95.45
95.04
96.63
95.44
95.84
95.09
95.81
95.47
95.18
96.40
95.73
94.54
95.55
95.41
96.11
95.75
96.07
95.87
95.96
95.88
96.35
95.81
96.91
95.16
95.52
95.79
96.07
96.87
95.41
95.26
95.40
96.20
96.07
95.23
96.33
96.36
95.87
96.47
95.61
96.29
95.07
96.24
96.38
96.24
96.40
95.73
95.62
96.38
96.37
96.69
96.06
96.17
95.29
96.09
95.47
96.01
96.14
95.08
95.64
95.31
96.00
95.68
95.80
96.29
95.75
95.51
96.07
95.72
95.38
95.89
95.59
95.93
95.06
95.78
96.86
95.65
96.44
96.13
96.08
96.07
96.39
96.07
96.68
95.62
96.26
96.18
95.80
95.47
95.69
96.12
95.50
96.43
96.48
96.13
96.09
96.52
96.37
96.15
96.50
95.92
96.22
95.84
95.44
95.96
96.37
96.25
95.50
95.82
95.78
96.25
96.11
96.72
96.11
95.69
96.14
95.21
95.90
96.14
95.31
95.65
96.81
96.35
95.79
96.08
95.70
96.03
94.77
95.23
96.77
95.65
95.19
94.09
95.57
96.16
95.13
95.68
95.57
95.75
95.94
96.55
96.58
95.77
95.77
96.17
96.35
95.60
96.52
96.10
96.35
95.62
96.23
95.62
97.01
95.83
95.80
96.62
95.90
95.98
95.61
95.18
96.71
95.07
95.16
96.53
96.35
95.99
96.30
95.18
95.96
95.62
94.81
95.45
96.52
95.42
95.62
95.68
96.05
96.05
96.62
95.97
95.06
94.30
95.05
96.54
96.07
96.23
96.30
96.09
95.36
95.95
95.80
94.44
95.16
94.35
95.94
94.12
95.10
96.32
95.83
95.67
96.53
95.53
95.80
96.04
94.85
96.21
95.92
96.52
96.11
95.79
95.15
96.10
96.30
94.13
96.24
96.30
96.06
95.06
96.33
95.87
96.03
95.52
94.82
95.81
95.70
95.89
96.16
96.28
95.31
96.26
96.38
95.63
95.68
95.95
95.70
95.69
94.89
95.81
95.48
95.90
95.88
95.71
96.19
95.42
94.70
96.03
96.46
96.56
96.40
96.22
96.12
95.86
95.78
95.65
96.70
95.42
95.46
95.10
95.94
96.46
96.38
95.90
96.39
95.98
95.47
94.63
96.35
96.60
95.86
95.03
95.74
95.26
94.77
96.13
95.94
96.10
95.71
95.80
96.53
95.84
96.34
96.44
95.86
95.40
94.96
