97.57
97.68
97.56
97.69
97.66
97.48
97.60
97.52
97.45
97.69
97.27
97.63
97.72
97.36
97.72
97.21
97.58
97.70
97.69
97.60
97.65
97.63
97.38
97.50
97.53
97.52
97.46
97.48
97.37
97.69
97.50
97.28
97.56
97.65
97.52
97.55
97.62
97.72
97.66
97.42
97.59
97.47
97.57
97.61
97.66
97.37
97.63
97.53
97.16
97.62
97.55
97.73
97.63
97.82
97.50
97.48
97.50
97.45
97.63
97.50
97.86
97.74
97.72
97.50
97.62
97.50
97.59
97.65
97.66
97.73
97.63
97.72
97.50
97.73
97.51
97.58
97.43
97.61
97.62
97.65
97.76
97.55
97.45
97.65
97.52
97.61
97.46
97.58
97.49
97.43
97.56
97.62
97.86
97.61
97.52
97.71
97.73
97.53
97.48
97.86
97.60
97.57
97.54
97.35
97.49
97.63
97.54
97.32
97.58
97.55
97.61
97.58
97.52
97.70
97.42
97.59
97.74
97.84
97.74
97.42
97.47
97.65
97.57
97.55
97.44
97.53
97.45
97.70
97.53
97.35
97.72
97.40
97.71
97.66
97.51
97.49
97.40
97.70
97.65
97.67
97.64
97.51
97.72
97.70
97.68
97.69
97.62
97.69
97.59
97.55
97.59
97.49
97.83
97.49
97.46
97.58
97.44
97.61
97.43
97.66
97.69
97.64
97.58
97.73
97.61
97.55
97.77
97.56
97.59
97.64
97.46
97.56
97.82
97.54
97.77
97.63
97.62
97.76
97.74
97.36
97.58
97.55
97.48
97.53
97.75
97.48
97.68
97.72
97.55
97.70
97.64
97.30
97.56
97.79
97.58
97.61
97.48
97.65
97.63
97.62
97.71
97.62
97.63
97.80
97.57
97.72
97.37
97.60
97.64
97.46
97.54
97.56
97.61
97.43
97.45
97.73
97.67
97.39
97.69
97.69
97.43
97.73
97.50
97.61
97.76
97.49
97.66
97.75
97.75
97.74
97.55
97.48
97.57
97.60
97.61
97.68
97.50
97.67
97.61
97.65
97.54
97.25
97.63
97.56
97.40
97.60
97.80
97.30
97.59
97.70
97.54
97.47
97.38
97.66
97.69
97.71
97.46
97.68
97.48
97.42
97.45
97.66
97.59
97.75
97.63
97.44
97.58
97.31
97.64
97.47
97.63
97.69
97.63
97.69
97.75
97.78
97.54
97.68
97.58
97.45
97.59
97.39
97.60
97.70
97.79
97.49
97.56
97.47
97.63
97.66
97.59
97.66
97.70
97.61
97.49
97.53
97.68
97.64
97.55
97.69
97.86
97.62
97.62
97.67
97.37
97.57
97.78
97.66
97.57
97.71
97.84
97.65
97.67
97.53
97.69
97.23
97.60
97.79
97.74
97.50
97.54
97.75
97.61
97.70
97.58
97.66
97.65
97.16
97.67
97.56
97.53
97.66
97.43
97.41
97.74
97.54
97.67
97.49
97.61
97.75
97.54
97.60
97.66
97.69
97.68
97.57
97.21
97.66
97.45
97.63
97.71
97.56
97.39
97.57
97.71
97.53
97.32
97.60
97.60
97.30
97.43
97.67
97.57
97.49
97.65
97.51
97.34
97.72
97.38
97.64
97.51
97.56
97.50
97.49
97.69
97.58
97.52
97.65
97.66
97.46
97.61
97.48
97.41
97.39
97.46
97.50
97.70
97.80
97.55
97.43
97.53
97.53
97.25
97.56
97.35
97.66
97.52
97.47
97.73
97.79
97.46
97.88
97.59
97.51
97.49
97.48
97.66
97.54
97.33
97.66
97.33
97.50
97.60
97.54
97.76
97.66
97.44
97.66
97.69
97.35
97.71
97.61
97.44
97.61
97.55
97.61
97.71
97.60
97.69
97.63
97.70
97.58
97.67
97.33
97.43
97.57
97.62
97.27
97.50
97.41
97.51
97.76
97.44
97.62
97.57
97.72
97.66
97.72
97.57
97.42
97.67
97.71
97.37
97.33
97.55
97.62
97.54
97.63
97.57
97.70
97.40
97.61
97.78
97.47
97.53
97.43
97.64
97.68
97.56
97.69
97.35
97.58
97.67
97.67
97.60
97.54
97.59
97.60
97.56
97.43
97.57
97.75
97.53
97.60
97.51
97.60
97.66
97.60
97.49
97.62
97.41
97.67
97.69
97.68
97.62
97.54
97.66
97.49
97.51
97.36
97.64
97.53
97.68
97.66
97.61
97.49
97.58
97.62
97.64
97.41
97.55
97.56
97.55
97.50
97.43
97.59
97.51
97.63
97.65
97.64
97.54
97.85
97.59
97.66
97.42
97.75
97.75
97.67
97.62
97.68
97.73
97.59
97.84
97.73
97.71
97.63
97.75
97.63
97.56
97.44
97.70
97.65
97.68
97.53
97.48
97.73
97.76
97.25
97.60
97.53
97.47
97.52
97.63
97.43
97.70
97.58
97.68
97.57
97.62
97.59
97.65
97.61
97.58
97.52
97.78
97.68
97.36
97.49
97.35
97.57
97.52
97.66
97.50
97.31
97.54
97.50
97.61
97.47
97.57
97.48
97.42
97.50
97.64
97.40
97.58
97.76
97.68
97.58
97.49
97.77
97.67
97.64
97.60
97.43
97.53
97.64
97.75
97.44
97.52
97.54
97.63
97.77
97.65
97.65
97.67
97.65
97.52
97.54
97.63
97.66
97.81
97.63
97.49
97.51
97.42
97.67
97.67
97.60
97.60
97.72
97.69
97.60
97.63
97.45
97.61
97.46
97.40
97.56
97.75
97.55
97.76
97.20
97.68
97.58
97.64
97.67
97.57
97.47
97.59
97.49
97.43
97.50
97.54
97.68
97.68
97.74
97.57
97.51
97.64
97.56
97.58
97.48
97.50
97.57
97.49
97.62
97.78
97.62
97.49
97.53
97.32
97.66
97.64
97.43
97.67
97.63
97.53
97.67
97.66
97.63
97.71
97.61
97.61
97.52
97.44
97.42
97.60
97.50
97.56
97.57
97.69
97.62
97.63
97.56
97.57
97.74
97.68
97.49
97.66
97.65
97.55
97.36
97.38
97.59
97.51
97.77
97.59
97.75
97.56
97.58
97.75
97.57
97.58
97.71
97.43
97.80
97.49
97.69
97.75
97.42
97.52
97.55
97.62
97.59
97.54
97.44
97.47
97.55
97.72
97.54
97.76
97.53
97.48
97.53
97.65
97.63
97.58
97.44
97.45
97.68
97.62
97.59
97.59
97.60
97.38
97.79
97.73
97.59
97.48
97.48
97.73
97.59
97.57
97.45
97.66
97.65
97.63
97.36
97.52
97.53
97.32
97.82
97.68
97.50
97.32
97.62
97.61
97.63
97.65
97.58
97.69
97.72
97.67
97.57
97.51
97.52
97.57
97.57
97.67
97.57
97.76
97.33
97.67
97.50
97.63
97.48
97.46
97.49
97.58
97.62
97.79
97.62
97.55
97.50
97.64
97.47
97.79
97.47
97.75
97.66
97.82
97.76
97.77
97.57
97.58
97.16
97.63
97.63
97.65
97.37
97.61
97.70
97.60
97.65
97.51
97.63
97.56
97.68
97.53
97.41
97.70
97.36
97.72
97.67
97.41
97.92
97.60
97.52
97.79
97.54
97.76
97.54
97.54
97.42
97.63
97.52
97.63
97.38
97.36
97.59
97.66
97.49
97.47
97.41
97.68
97.63
97.51
97.60
97.60
97.22
97.47
97.65
97.75
97.81
97.63
97.54
97.53
97.67
97.13
97.58
97.41
97.64
97.54
97.56
97.37
97.71
97.61
97.62
97.50
97.41
97.59
97.49
97.63
97.67
97.61
97.64
97.43
97.58
97.72
97.57
97.72
97.56
97.59
97.58
97.47
97.33
97.54
97.67
97.56
97.76
97.40
97.68
97.43
97.50
97.49
97.55
97.41
97.78
97.70
97.65
97.58
97.58
97.55
97.45
97.60
97.74
97.79
97.76
97.57
97.43
97.52
97.70
97.48
97.74
97.44
97.63
97.60
97.65
97.63
97.11
97.32
97.65
97.63
97.69
97.59
97.60
97.53
97.71
97.67
97.66
97.55
97.35
97.46
97.59
97.61
97.45
97.58
97.53
97.46
97.59
97.65
97.51
97.53
97.46
97.53
97.61
97.47
97.35
97.74
97.62
97.64
97.71
97.55
97.36
97.50
97.56
97.74
97.59
97.71
97.68
97.66
97.30
97.59
97.37
97.60
97.76
97.29
97.60
97.65
97.48
97.72
97.74
97.56
97.60
97.70
97.55
97.43
97.51
97.35
97.62
97.45
97.66
97.69
97.69
97.62
97.54
97.49
97.59
97.55
97.59
97.61
97.45
97.70
97.73
97.33
97.58
97.75
97.52
97.19
97.71
97.46
97.57
97.55
97.61
97.32
97.53
97.56
97.62
97.63
97.53
