97.03
97.24
96.92
96.68
96.59
97.08
97.12
96.91
96.60
96.71
96.70
96.67
96.46
97.28
97.26
96.85
96.75
96.84
97.08
96.74
96.27
97.15
96.95
96.66
97.14
97.07
96.81
96.54
97.26
96.72
96.77
96.30
97.27
96.58
97.07
97.30
96.93
96.77
97.13
96.58
96.65
97.40
97.24
97.20
97.25
96.39
96.74
96.68
97.23
96.10
96.93
95.92
97.11
97.19
96.36
97.07
97.17
97.53
96.72
97.26
96.78
97.15
96.70
97.08
96.64
97.36
96.93
97.10
96.33
97.14
97.11
96.69
97.27
97.09
97.07
97.26
96.98
96.38
97.17
97.16
96.84
97.11
96.48
97.13
97.07
97.06
96.98
96.80
96.92
96.53
96.99
96.75
96.98
97.23
97.07
96.89
96.87
96.93
96.88
96.61
96.53
96.87
96.76
96.87
96.67
96.88
96.79
96.68
96.92
97.04
96.87
96.94
96.65
96.76
97.03
96.99
96.94
96.98
97.25
97.25
96.40
96.94
96.82
96.97
96.53
97.33
96.55
96.73
96.75
96.67
96.96
97.13
96.70
96.65
97.02
96.78
96.91
96.44
96.99
96.91
97.15
97.50
97.07
97.02
96.67
97.10
97.16
96.84
96.48
96.51
97.07
96.95
97.20
96.72
96.14
97.09
97.08
96.69
96.55
96.31
97.26
97.30
96.80
96.45
96.74
96.62
96.70
97.24
97.17
96.64
96.93
96.77
96.84
97.19
96.91
97.28
96.85
96.97
97.31
96.98
97.20
96.76
96.73
96.62
96.85
96.79
97.18
96.90
96.98
96.09
97.24
97.01
96.86
97.04
96.72
96.87
96.94
96.83
97.43
97.06
96.79
97.17
97.00
97.29
97.27
97.05
96.62
97.20
96.93
97.28
96.27
97.06
97.09
96.72
96.67
97.19
96.94
97.35
96.95
97.02
96.53
97.31
96.95
96.68
97.00
97.10
97.06
97.05
97.05
96.63
97.10
97.15
97.19
96.67
96.83
97.06
97.13
96.52
96.78
96.91
96.73
97.08
97.18
96.70
96.88
97.07
96.98
97.37
97.20
96.95
96.49
97.09
96.64
96.94
97.16
96.48
97.09
96.88
96.98
97.01
97.39
97.24
96.79
96.73
97.17
97.13
97.04
96.83
97.06
96.92
96.16
96.47
96.07
96.33
96.83
97.30
96.79
96.04
97.17
97.24
97.12
96.82
96.40
97.04
96.96
97.29
97.07
96.22
96.86
97.08
97.28
96.66
96.83
96.77
96.87
96.35
96.53
97.25
96.62
96.74
97.06
96.94
96.82
96.63
96.83
97.16
97.11
96.68
96.46
97.09
97.10
96.98
96.77
97.18
96.44
97.04
96.84
97.09
96.94
97.17
96.90
96.56
96.81
96.93
96.65
97.01
97.12
96.85
97.16
97.59
96.94
97.06
97.05
96.41
97.03
96.90
97.38
96.29
97.23
97.14
97.39
96.49
96.81
97.00
97.18
96.93
96.65
96.85
96.77
97.11
96.89
97.11
96.62
96.76
97.05
97.21
97.12
96.82
96.70
97.02
97.40
96.88
96.74
96.64
97.15
96.70
97.05
97.21
96.98
97.06
97.05
97.13
96.96
97.01
97.17
97.09
96.74
96.69
96.30
97.05
96.65
97.03
96.49
96.78
97.18
97.28
96.94
97.10
97.05
96.85
96.82
97.21
96.75
95.78
97.00
96.69
96.75
96.80
96.68
96.44
97.07
96.85
96.63
97.14
97.22
97.34
96.43
97.22
96.65
96.91
96.93
96.95
97.01
97.24
97.38
96.71
97.39
96.92
96.38
96.05
97.12
96.86
97.15
96.90
96.70
97.43
97.09
97.19
96.65
96.94
96.64
97.25
96.86
97.11
96.59
96.89
97.17
97.26
96.75
96.53
96.63
96.78
96.99
96.44
97.18
96.78
96.97
97.15
96.71
97.15
96.78
97.32
96.72
96.39
97.12
97.20
97.28
96.13
96.83
97.46
96.98
97.09
97.01
97.41
97.06
97.11
96.86
96.55
97.21
96.99
97.28
96.27
96.80
97.01
96.86
96.78
97.07
97.22
97.24
97.10
97.05
96.17
97.31
96.24
97.05
96.93
97.00
96.68
97.14
96.76
96.86
96.43
97.09
97.15
96.52
97.41
96.49
96.91
96.92
96.91
96.56
97.09
97.41
96.29
97.21
97.02
96.97
97.03
97.13
96.68
96.95
96.95
97.01
97.22
97.18
96.54
97.25
96.82
97.29
96.74
96.56
97.16
96.83
96.13
97.09
96.54
96.99
97.20
96.79
97.22
96.98
96.60
97.02
97.10
96.95
97.26
96.97
96.71
96.78
96.68
96.84
96.82
97.11
96.57
96.80
96.96
96.59
97.09
96.95
96.88
97.23
96.99
96.33
97.43
96.86
96.87
97.06
97.12
97.08
96.79
96.98
97.52
97.02
97.17
96.92
97.19
96.96
97.22
96.49
97.07
97.07
96.23
96.89
97.06
96.66
97.11
96.79
97.00
96.87
97.15
96.72
96.65
97.02
96.85
96.88
96.65
96.36
97.00
96.93
96.54
97.03
97.07
97.55
96.30
96.99
96.63
97.05
96.96
96.55
97.30
96.53
97.12
97.23
97.07
96.97
97.01
96.96
97.28
97.34
97.01
97.14
96.23
97.06
96.55
97.05
97.31
96.06
96.59
96.80
97.25
96.94
96.60
97.13
96.90
97.02
96.69
97.08
97.15
97.13
96.70
96.70
97.19
97.08
96.28
96.00
96.60
96.73
96.63
96.85
97.08
96.77
97.15
97.38
97.43
96.89
96.91
97.08
97.36
96.65
96.89
97.09
96.75
96.79
97.26
97.32
96.76
97.13
96.86
97.11
97.07
97.19
96.85
97.13
96.79
97.01
97.11
96.28
97.34
96.85
97.00
96.30
97.07
96.46
97.29
96.85
96.24
96.68
96.89
96.68
97.08
96.32
96.98
96.68
97.17
96.88
97.22
96.78
97.15
97.07
97.40
96.59
96.64
97.17
96.71
97.10
96.90
96.88
96.96
96.88
97.19
97.05
97.24
96.82
96.71
97.12
96.73
96.65
96.16
97.40
97.12
97.45
96.76
97.08
96.93
96.70
96.64
97.13
96.87
96.39
96.72
97.36
96.41
97.00
97.01
97.23
97.35
96.90
96.42
97.46
96.90
96.94
96.85
96.46
97.18
96.88
96.55
96.88
96.75
96.95
96.76
96.92
96.80
96.84
96.93
96.88
97.09
96.82
96.44
96.61
97.16
97.10
97.01
96.84
97.26
96.81
97.21
96.60
97.28
97.27
97.11
96.56
96.80
96.87
97.03
97.18
96.94
97.08
97.37
97.11
96.94
96.44
97.34
96.39
96.79
96.46
97.18
96.83
96.45
97.20
97.09
97.15
96.56
97.03
96.87
96.80
97.13
97.18
96.49
96.96
96.75
97.18
97.24
97.25
96.62
96.46
96.87
96.91
96.69
96.72
97.35
96.67
96.24
96.56
97.02
97.02
97.36
96.60
97.14
96.79
96.88
97.07
96.71
97.15
97.10
97.16
96.84
97.08
96.49
96.60
97.03
96.58
97.29
96.29
97.17
97.18
96.88
96.71
96.86
97.09
97.20
96.66
96.75
97.00
96.24
97.19
96.86
97.00
96.89
97.27
97.15
97.21
96.51
97.38
96.46
97.30
96.93
96.84
97.17
96.89
97.22
97.04
97.29
97.33
97.12
96.55
96.89
97.18
97.05
96.63
96.57
97.02
96.99
96.92
97.12
96.97
97.11
97.21
96.97
96.66
96.44
97.21
97.08
97.23
96.54
96.67
97.01
96.64
96.69
96.58
97.22
95.75
96.86
97.06
96.95
96.65
96.89
97.07
96.85
97.39
96.94
96.92
96.81
96.86
97.00
97.15
97.14
96.62
97.06
96.92
96.75
97.26
96.56
97.04
96.23
96.72
97.05
96.69
96.80
96.73
96.23
97.23
96.95
95.58
97.09
96.66
97.17
96.71
96.63
97.10
96.70
96.27
96.38
96.55
96.58
96.87
97.02
97.22
96.96
96.98
96.61
97.30
97.20
96.90
97.01
96.69
96.75
95.82
96.71
97.11
97.11
97.29
96.45
97.16
96.97
96.81
96.87
96.59
96.88
95.40
96.86
97.07
96.88
97.01
96.88
96.87
97.07
96.81
96.65
97.02
97.17
96.88
97.34
96.69
97.14
97.32
97.12
97.49
96.99
96.53
96.88
96.57
96.66
96.91
96.88
97.20
96.71
96.89
96.93
97.12
97.14
96.95
96.99
96.43
96.68
97.28
97.26
97.20
96.81
97.00
97.24
97.30
97.05
97.02
96.73
97.23
96.91
97.00
96.93
97.32
97.26
