92.74
94.31
92.34
93.96
92.87
92.24
93.81
92.92
95.22
94.89
93.36
95.20
92.73
92.99
95.26
93.35
95.09
95.69
95.23
94.54
93.31
95.24
94.32
93.23
92.97
92.27
93.06
95.55
94.63
93.24
93.62
94.44
93.81
90.99
95.91
92.10
93.64
92.38
93.85
94.27
93.03
94.96
93.63
93.46
93.91
94.04
93.95
94.46
92.45
93.84
89.96
93.76
92.94
94.72
94.13
93.59
94.61
93.46
92.84
94.79
96.16
94.15
95.13
92.32
93.86
90.21
91.32
91.46
93.97
94.80
93.63
94.35
95.54
92.05
93.82
88.83
94.18
94.62
94.89
95.48
94.26
94.15
92.44
93.31
93.88
95.10
93.69
93.63
93.86
95.26
92.03
93.82
93.27
94.58
92.64
94.21
90.50
94.07
95.43
95.52
94.89
94.93
93.50
94.51
94.49
90.38
94.63
94.21
95.00
92.38
92.90
94.60
95.32
89.50
90.15
92.68
95.12
94.74
95.77
93.88
94.42
92.63
90.81
95.72
94.74
93.78
95.13
94.08
95.14
94.52
95.00
93.09
94.76
92.83
95.06
93.77
93.86
95.51
95.21
91.82
92.73
94.84
91.82
94.19
93.60
94.26
94.52
93.91
95.47
93.62
91.38
94.35
94.78
94.93
93.42
92.86
94.57
94.03
94.26
94.25
94.15
94.53
93.31
94.74
95.23
95.53
94.30
94.77
94.92
92.86
93.30
93.55
94.41
92.84
94.65
93.44
94.40
94.12
93.42
91.39
95.10
93.14
93.91
92.59
95.15
92.38
93.77
93.89
94.12
95.12
93.30
93.69
94.01
93.22
94.16
92.39
90.57
90.79
94.58
94.22
93.96
95.07
93.47
95.14
93.67
91.88
94.34
95.12
91.64
92.91
90.36
93.75
92.97
94.55
93.08
93.76
95.21
88.91
94.06
93.23
94.66
94.42
94.28
92.26
94.76
93.23
94.16
93.93
94.99
94.07
94.56
95.03
91.25
93.87
95.45
94.23
94.19
93.59
91.95
93.60
94.04
94.46
95.13
95.06
94.13
95.48
93.47
94.78
93.13
95.52
94.88
92.68
94.27
93.86
93.80
93.67
95.00
93.23
95.80
94.62
94.87
94.72
94.94
94.96
94.88
95.38
89.97
94.96
94.86
92.63
92.58
94.54
94.36
95.40
93.73
94.17
94.04
95.31
95.02
92.48
94.49
94.47
94.71
95.03
92.88
93.91
94.54
95.32
92.30
95.53
94.66
95.16
94.53
95.39
95.28
93.77
93.07
94.62
94.48
92.58
94.16
95.35
94.86
94.63
88.92
93.98
92.88
93.73
93.61
94.92
92.67
95.06
93.76
94.94
93.81
94.26
93.73
90.85
95.37
95.92
93.70
92.03
94.37
93.98
94.43
95.36
94.48
92.38
92.74
94.19
94.05
94.73
95.32
92.49
93.55
94.44
94.33
94.94
94.83
94.06
93.48
94.02
93.33
92.04
92.85
91.57
93.50
93.37
95.07
93.66
94.15
90.21
95.59
92.58
94.06
94.25
93.45
93.57
93.51
90.25
95.26
94.37
94.77
93.46
94.43
92.55
92.63
93.35
95.05
93.71
93.62
92.87
93.46
92.37
90.76
93.13
91.21
95.59
95.02
94.30
93.96
94.55
93.45
91.70
95.10
94.80
91.14
94.08
95.96
94.71
94.99
93.31
93.79
93.69
94.57
94.07
94.49
92.58
95.84
94.34
92.74
94.88
95.27
92.97
92.69
94.77
93.03
92.91
94.73
94.27
93.55
94.35
93.05
93.86
94.44
95.34
94.93
93.42
94.82
94.10
93.05
94.73
93.12
95.39
93.10
94.14
93.63
94.45
94.84
94.54
92.96
93.45
95.65
95.45
94.16
92.93
92.22
93.65
93.35
93.77
94.24
94.61
93.75
92.94
93.40
94.17
92.23
93.18
94.89
95.08
95.12
94.47
94.04
94.43
95.01
91.02
93.31
92.46
92.99
92.05
92.98
94.65
95.48
94.75
93.77
93.86
94.65
92.92
93.97
91.00
93.01
92.16
93.99
95.82
94.71
94.87
91.88
93.39
93.70
93.19
94.16
94.31
93.90
93.09
92.57
93.49
93.88
94.29
93.38
94.90
94.44
94.82
95.17
94.10
95.87
94.97
93.66
94.78
95.39
94.93
94.02
93.50
94.82
93.84
93.71
93.18
94.83
91.36
94.67
93.74
94.87
94.79
94.98
94.52
92.12
92.80
95.10
92.74
91.82
92.88
94.60
94.79
93.74
93.20
94.45
94.40
93.14
95.02
95.22
95.02
94.09
93.94
95.02
93.25
94.67
94.70
92.66
94.27
95.91
94.41
92.83
95.26
94.06
93.50
94.96
93.79
92.98
94.00
92.92
94.27
94.43
93.07
94.04
91.56
94.70
92.49
92.95
92.72
94.51
93.85
92.75
92.19
95.17
94.64
94.99
94.59
94.53
94.84
94.95
95.08
92.36
92.52
95.41
93.59
94.09
94.69
92.90
94.39
93.73
94.51
94.30
95.08
94.24
94.78
93.77
93.75
93.47
94.67
94.96
92.82
94.19
94.32
94.64
93.00
94.56
95.22
94.40
94.65
94.99
94.34
94.81
94.06
91.79
94.14
94.82
94.95
94.94
95.11
93.73
94.63
95.19
91.75
93.09
95.05
91.71
92.30
94.35
93.30
93.16
92.49
95.03
91.86
95.24
93.18
94.70
94.96
94.90
94.59
93.85
90.37
94.97
92.79
94.07
95.43
92.66
94.77
95.48
95.61
90.02
94.42
94.91
93.94
94.37
94.66
91.39
95.00
93.98
95.23
95.30
92.80
93.80
93.87
95.98
93.94
94.71
93.31
93.74
94.43
93.57
91.45
93.78
95.09
95.64
95.07
95.61
94.59
94.29
94.50
93.61
93.10
94.40
95.08
94.07
92.83
95.58
95.04
95.26
89.69
95.32
93.68
93.19
93.75
94.86
95.19
95.17
93.80
92.85
94.64
94.94
93.77
90.44
92.66
94.85
93.74
94.02
93.19
94.78
94.35
93.38
93.75
92.59
94.50
94.56
92.05
95.07
95.13
92.60
93.90
94.44
93.04
94.42
93.50
93.26
95.16
91.14
95.21
94.21
92.90
94.20
92.72
94.37
93.18
93.05
93.69
93.51
92.09
95.61
94.04
94.49
95.47
92.34
95.03
94.23
90.89
87.53
93.78
95.23
93.80
90.86
94.96
94.28
94.68
94.91
90.83
93.66
89.87
90.30
92.95
94.28
93.65
94.57
95.24
93.26
95.33
94.97
94.70
95.42
94.72
94.95
94.77
95.48
94.94
95.13
94.21
91.40
94.76
94.26
95.42
93.07
93.83
93.25
93.93
94.19
94.57
94.87
93.49
93.96
93.93
93.99
92.40
93.79
95.52
89.55
94.10
92.39
95.04
94.51
94.23
95.53
92.81
95.19
91.89
94.12
94.55
93.83
93.11
93.14
92.43
94.15
92.23
94.83
93.72
93.80
91.73
93.75
94.49
91.41
94.27
94.78
94.58
94.15
90.27
93.10
92.73
93.36
94.20
94.33
94.48
93.36
94.64
93.70
94.10
91.16
93.73
95.04
95.76
92.42
90.61
94.08
93.49
95.04
93.84
94.32
94.66
94.93
94.38
90.10
94.71
93.38
93.18
94.07
94.67
94.20
93.55
93.94
92.22
94.88
95.30
95.04
92.34
95.42
93.81
95.56
94.13
95.02
95.38
94.46
93.15
94.88
92.72
94.59
95.06
90.72
91.48
93.80
93.47
94.39
93.69
92.35
95.33
93.88
94.45
91.52
93.64
93.89
94.03
93.93
95.21
95.31
95.22
94.09
94.06
93.87
94.52
95.01
93.66
94.98
94.01
93.73
91.13
95.61
95.12
95.15
94.99
94.17
94.13
90.53
94.30
95.00
93.07
94.76
94.98
87.88
93.45
94.97
94.25
92.66
92.56
94.83
94.29
93.17
93.44
95.41
93.23
93.36
90.66
91.75
95.05
91.55
93.60
91.40
94.27
94.56
94.28
94.73
94.03
92.26
94.21
94.77
93.41
93.11
94.84
95.59
94.85
92.66
93.98
93.02
94.93
94.28
93.95
94.35
94.57
90.75
94.01
93.35
94.36
94.83
94.68
95.48
94.12
93.29
94.56
94.47
92.66
94.36
91.77
92.69
93.26
94.19
93.12
92.72
93.32
94.41
93.11
94.74
93.52
94.14
94.12
93.12
90.91
95.15
96.00
91.97
96.03
94.31
92.57
94.45
94.60
95.18
93.20
95.50
93.76
94.54
92.67
93.72
93.81
92.13
91.94
93.26
91.43
94.04
94.42
94.66
94.61
93.70
92.44
94.18
90.24
93.76
93.78
