96.34
95.66
95.96
95.95
95.51
96.69
96.44
96.45
96.21
96.32
95.67
96.39
95.48
96.66
95.77
96.19
96.46
95.03
96.10
95.01
95.98
96.47
95.04
96.25
96.28
96.49
94.23
96.27
95.93
95.91
95.63
94.84
96.35
95.89
95.96
95.73
95.10
96.53
95.92
96.17
97.16
95.77
96.85
95.86
95.35
96.71
96.76
96.40
96.20
95.26
96.39
96.49
95.63
95.99
95.66
95.33
96.58
95.44
95.66
96.24
96.14
96.59
95.92
94.57
96.49
96.35
95.79
95.23
96.54
94.74
96.49
94.86
96.47
95.72
96.17
94.96
96.24
95.73
95.76
96.25
94.21
96.15
95.92
96.65
96.26
96.68
95.79
95.64
95.99
96.83
96.07
96.66
96.25
95.97
95.58
96.28
95.29
96.35
95.37
96.13
95.86
96.36
96.10
96.45
96.79
96.67
95.96
96.22
95.86
96.53
96.45
96.22
95.98
96.67
96.49
96.09
95.76
96.06
95.65
95.89
94.96
96.24
95.36
96.20
96.68
96.35
95.28
96.33
96.36
95.60
96.19
95.71
96.66
96.41
95.64
95.40
94.98
96.11
95.59
95.86
96.34
95.93
96.46
95.79
95.97
96.05
97.14
96.17
96.90
96.12
95.67
96.80
96.42
95.70
95.12
96.32
96.00
95.79
95.69
95.63
96.01
95.99
95.83
96.27
96.36
95.75
96.00
95.53
96.16
95.98
95.87
96.38
95.56
96.42
94.24
94.34
96.09
96.67
95.74
96.17
95.89
96.17
96.49
96.71
95.91
95.48
96.73
96.32
96.57
96.34
95.31
96.34
96.21
95.96
96.24
96.13
95.98
95.43
95.83
95.32
95.70
95.92
95.68
95.97
95.60
95.90
95.97
95.50
96.20
95.95
94.04
96.28
96.92
96.27
96.06
96.69
96.67
94.98
95.83
96.41
93.75
96.48
95.82
96.17
96.44
95.65
95.91
96.42
96.00
96.06
95.98
96.13
95.63
95.04
96.17
95.36
95.74
95.05
96.41
96.03
96.09
96.63
95.86
94.40
96.60
93.92
96.00
96.41
96.14
95.78
95.32
96.31
96.61
95.99
96.46
95.32
95.74
95.82
96.68
96.11
96.17
95.98
95.68
96.37
95.84
95.67
95.88
96.73
95.58
95.41
95.96
95.52
95.20
95.72
94.91
96.37
95.40
96.27
96.05
95.89
95.45
95.16
95.65
95.64
96.41
96.66
96.13
95.16
96.23
95.92
96.21
96.65
95.59
95.87
95.70
96.35
96.00
96.35
96.17
96.43
95.98
95.62
96.89
95.80
96.59
95.67
96.09
95.25
95.23
96.64
96.48
95.94
96.25
95.58
95.56
96.26
96.87
96.59
96.53
96.91
96.63
95.88
96.11
96.20
96.39
94.72
95.39
95.70
95.98
96.11
96.18
95.81
95.91
95.06
96.02
96.23
95.73
96.59
96.41
96.21
96.21
96.23
96.65
96.08
96.26
95.69
95.86
95.84
95.95
96.23
96.13
96.42
96.88
94.73
96.25
96.06
96.43
94.97
96.18
96.10
96.06
94.59
95.97
96.23
96.42
96.49
95.42
95.87
95.92
95.30
95.68
96.61
96.45
96.53
96.07
96.19
96.04
96.44
96.27
96.20
96.34
96.56
95.87
95.98
96.12
94.85
94.79
95.72
96.08
95.67
95.73
96.40
96.39
96.48
96.25
95.80
95.93
96.12
95.01
96.00
96.25
96.43
96.20
96.35
96.62
96.31
96.55
95.70
96.54
96.35
96.13
96.24
96.80
95.58
95.68
96.28
96.13
96.08
96.35
96.07
95.47
96.44
95.82
96.26
96.00
95.92
95.68
95.93
95.64
95.92
95.10
95.11
96.03
95.97
96.52
96.11
96.89
96.54
96.41
95.58
95.96
96.80
96.44
96.04
96.55
96.61
96.64
96.17
96.35
96.22
95.85
95.66
93.60
95.35
95.95
96.24
96.74
96.32
96.52
96.67
95.21
95.62
96.05
96.21
96.04
96.64
95.88
95.17
96.15
96.06
96.36
96.66
96.20
96.45
95.52
96.02
96.48
96.21
96.09
95.50
95.92
96.08
96.75
95.88
95.59
95.18
96.57
96.29
96.62
95.81
95.41
95.78
96.11
96.30
96.12
95.44
95.99
95.72
95.49
95.71
95.70
96.21
95.38
96.21
95.77
96.40
95.67
96.17
95.23
96.13
96.28
94.62
96.02
96.67
96.09
96.37
95.85
95.78
96.06
96.48
96.53
96.29
95.39
95.90
96.14
96.60
95.03
96.54
95.75
95.77
96.10
95.13
96.44
96.51
95.48
96.00
96.32
95.56
96.49
94.79
96.64
95.15
95.93
96.20
96.43
96.31
96.13
96.35
96.43
95.42
95.77
96.03
96.45
96.29
95.65
96.30
94.88
96.19
96.39
95.92
96.16
96.25
94.97
96.56
94.68
96.05
95.57
96.83
95.58
96.47
96.49
96.31
96.89
96.12
95.95
95.27
95.92
96.15
96.52
95.27
95.95
95.89
96.07
96.72
96.66
96.42
96.04
96.76
96.04
95.76
95.93
96.26
95.69
94.94
95.86
95.30
96.51
95.49
95.47
95.84
96.67
96.57
96.40
95.82
96.27
95.27
96.01
95.87
96.25
96.26
95.74
95.31
96.57
95.90
95.73
95.90
96.55
96.15
96.05
97.02
96.04
96.11
96.28
96.30
96.13
96.52
95.92
96.33
95.55
96.54
96.24
95.98
96.02
96.21
96.87
96.09
96.51
96.46
95.97
96.28
96.32
95.60
95.55
94.96
95.60
96.21
95.59
95.28
96.66
96.28
95.70
95.50
95.97
95.04
95.01
96.43
95.22
95.52
95.89
95.54
96.54
95.82
94.92
96.60
96.63
96.42
96.16
96.53
96.60
96.07
96.41
96.48
96.28
95.83
95.85
95.97
96.42
96.18
96.03
96.13
95.84
96.23
95.02
96.09
96.30
95.43
95.73
95.68
95.56
95.75
95.45
95.73
96.70
96.59
96.38
95.52
96.30
95.52
96.48
95.76
96.34
95.47
95.33
96.55
96.34
96.10
95.89
96.12
96.11
96.38
95.67
96.76
95.92
96.09
96.40
96.69
96.14
96.47
95.62
94.67
96.40
96.04
96.41
95.17
95.96
95.43
96.21
96.29
95.58
96.39
96.39
95.22
94.79
95.98
95.94
95.81
95.64
96.75
95.44
95.81
95.61
94.10
96.57
95.97
95.46
96.21
96.67
96.25
96.36
95.68
96.58
95.93
94.65
96.28
94.75
96.32
95.38
96.26
96.11
95.78
96.02
96.79
95.91
96.01
94.95
96.00
95.58
95.52
96.39
95.58
95.92
95.88
96.95
95.58
95.61
96.58
96.33
94.72
95.67
96.20
95.76
95.94
95.24
96.26
96.03
96.40
95.71
96.53
96.69
96.13
96.26
96.22
95.79
96.07
96.05
96.09
96.32
96.42
96.38
96.82
95.60
95.51
95.28
95.90
96.06
95.86
93.89
96.12
96.51
96.45
95.95
96.58
96.27
95.85
95.83
96.56
96.13
96.56
96.28
96.47
96.23
96.20
96.40
94.78
95.89
95.87
93.85
96.37
95.12
96.69
96.16
95.19
96.37
96.45
96.05
96.45
95.35
96.44
96.83
95.85
95.99
96.03
96.75
96.24
96.65
95.46
96.29
95.86
96.62
96.43
95.66
96.14
96.16
95.14
95.53
95.58
96.56
95.95
96.32
95.46
96.24
96.57
95.83
95.94
96.19
95.78
96.40
96.33
96.63
95.06
95.45
96.10
95.03
96.22
95.52
94.13
96.15
95.81
96.30
96.45
95.93
96.34
96.30
96.17
96.38
96.07
96.56
96.55
94.70
95.89
96.09
96.40
96.47
96.53
96.21
96.08
95.63
94.72
96.03
95.45
95.97
95.97
96.35
96.68
96.48
96.43
95.26
96.33
96.51
95.57
95.16
96.47
95.90
95.69
95.87
96.40
96.08
96.82
95.91
96.35
96.85
96.28
95.73
96.52
95.24
96.50
96.20
96.03
96.26
95.98
96.37
95.60
95.91
96.21
96.33
96.56
96.55
95.64
96.20
95.78
96.50
95.92
96.36
96.24
96.42
95.71
95.97
95.95
96.31
96.18
96.55
95.29
95.70
96.92
96.57
94.75
95.81
95.83
95.99
96.04
96.60
96.55
96.24
96.50
96.46
95.46
95.90
96.78
96.46
95.28
95.24
96.04
96.34
94.71
94.89
96.09
96.21
96.73
96.48
96.41
95.48
95.73
96.09
96.59
96.45
96.69
96.27
96.45
94.91
95.12
96.77
94.95
96.20
96.59
96.23
96.46
95.15
95.91
95.39
96.25
