97.00
97.03
97.29
97.32
96.54
97.43
97.02
97.40
97.16
97.21
96.83
97.23
97.45
96.94
97.26
97.22
97.28
96.82
96.91
97.16
97.35
97.25
97.07
97.28
97.04
97.28
97.15
97.38
97.21
97.18
97.28
97.41
97.21
96.95
97.56
97.48
96.94
97.09
97.10
96.87
97.35
97.39
97.38
97.29
96.91
97.50
97.26
97.14
96.87
96.79
97.37
97.32
97.36
97.43
97.17
97.20
97.20
97.39
97.45
97.31
97.29
97.10
97.17
97.18
97.07
97.03
97.07
97.08
96.94
97.09
97.51
97.18
97.11
97.16
97.54
97.39
97.34
97.45
97.03
97.40
97.07
97.03
97.29
97.35
97.30
96.85
97.20
97.48
97.31
96.97
97.22
96.86
97.11
96.89
97.51
97.30
97.48
97.37
97.05
97.28
97.23
97.32
96.99
97.02
97.09
97.17
97.46
96.92
97.22
97.11
97.30
97.17
97.22
97.05
97.25
97.39
97.36
97.00
97.43
97.35
97.08
97.32
97.17
96.86
96.78
97.45
97.12
97.26
96.83
97.23
96.95
96.91
97.17
97.07
97.15
97.10
97.22
97.16
97.03
97.06
97.19
97.36
97.10
97.17
97.20
97.23
97.09
97.15
97.15
97.46
96.78
97.03
97.09
97.25
97.52
97.42
97.29
97.36
97.25
97.26
97.42
97.26
97.40
96.78
97.23
97.15
96.95
97.26
97.24
96.61
97.35
96.87
97.25
96.87
97.42
97.16
97.21
97.19
97.30
97.28
97.24
97.34
97.31
97.22
97.39
97.22
97.61
97.27
97.24
96.93
97.44
96.98
97.33
97.39
97.41
97.25
97.13
96.87
97.27
96.84
97.46
97.25
97.07
97.06
97.24
97.28
97.36
97.26
97.43
97.39
97.01
96.60
97.31
97.24
97.46
97.30
97.05
97.37
97.18
97.37
97.36
97.54
97.32
97.50
97.27
97.24
97.37
97.24
97.45
97.25
96.90
97.24
97.10
97.24
97.34
97.21
97.40
97.23
97.05
97.38
97.13
97.04
97.26
97.11
97.19
97.32
97.36
97.31
97.12
97.40
97.45
97.39
97.46
97.52
97.39
97.37
96.60
97.50
97.25
97.18
96.88
97.37
97.17
97.46
97.04
97.19
97.13
97.19
97.19
97.21
97.55
97.09
97.10
97.30
97.47
96.85
97.29
97.34
97.11
97.23
97.28
97.32
97.26
97.32
97.53
97.55
97.56
97.08
97.16
97.31
97.33
97.22
96.95
97.04
96.84
97.08
97.27
96.98
97.39
97.15
97.02
97.23
97.28
97.41
97.01
96.99
97.14
96.88
97.07
97.26
97.45
97.34
97.46
97.31
97.28
97.19
97.26
97.16
97.48
97.25
97.10
97.06
97.56
97.09
97.41
97.31
96.87
97.13
96.85
97.00
97.45
97.34
97.59
97.33
97.25
97.34
97.19
97.26
97.40
97.01
97.47
97.01
97.39
97.04
97.37
97.23
97.38
96.97
96.90
97.25
97.16
97.16
97.22
97.51
97.19
97.37
97.32
97.19
97.43
97.21
96.66
97.00
97.54
97.34
97.53
97.40
97.04
97.63
96.80
97.31
97.28
97.46
97.59
97.25
96.94
97.08
97.23
97.29
97.07
97.35
96.84
97.63
97.14
97.37
97.25
97.67
97.09
97.45
97.18
97.38
97.34
97.16
97.30
97.31
97.20
97.18
97.25
97.40
97.48
97.51
96.95
97.27
96.96
97.37
97.38
96.89
97.05
96.99
97.23
97.31
97.30
96.73
97.22
96.87
97.41
97.29
97.16
97.22
96.98
97.51
97.41
97.20
97.27
97.38
97.27
96.92
96.99
97.12
97.45
97.46
97.11
96.88
97.44
97.35
97.35
96.77
97.42
96.85
97.18
97.61
96.84
97.07
96.65
96.97
97.04
97.54
97.02
97.36
97.21
97.38
97.24
97.38
97.32
97.27
97.41
97.54
97.34
96.86
97.33
97.03
97.14
97.39
97.18
97.56
97.32
97.20
97.34
97.25
97.05
97.16
97.04
97.36
97.20
97.20
97.40
97.21
97.17
96.97
96.94
97.40
97.32
97.25
97.28
96.98
97.04
97.34
96.97
97.23
97.18
97.17
97.38
97.18
97.43
96.98
97.01
97.45
97.16
97.06
97.24
97.29
97.30
96.87
97.10
97.61
96.98
97.20
97.03
97.36
97.40
97.32
97.21
97.36
97.08
96.95
97.08
96.79
96.96
97.29
96.95
97.10
97.39
97.35
97.19
97.34
97.13
97.24
97.16
97.26
97.00
97.43
96.91
97.46
97.01
97.52
97.06
97.12
96.99
97.00
97.40
97.12
97.26
97.38
97.21
97.52
97.31
97.04
97.42
97.27
97.21
97.40
97.49
96.94
97.04
97.31
97.61
97.44
97.42
97.29
96.09
96.84
96.74
97.18
96.82
97.09
97.31
96.92
97.34
97.36
97.28
97.21
97.36
97.43
97.07
97.16
97.47
97.60
97.13
97.31
97.39
97.21
97.61
97.26
97.48
97.50
97.54
97.01
97.27
97.38
97.11
97.08
97.38
97.28
97.42
97.43
96.96
97.15
97.36
97.02
97.52
97.64
97.22
97.28
97.21
97.05
97.49
97.22
97.40
97.45
96.80
97.47
97.41
96.72
97.49
97.19
97.46
97.22
97.21
97.46
97.12
96.82
97.63
97.05
97.23
97.15
97.11
97.20
97.23
97.23
97.24
97.42
97.11
97.22
97.25
97.33
97.16
97.06
97.30
96.85
97.02
97.34
97.33
96.93
97.11
96.60
97.07
97.15
97.19
97.36
97.28
97.12
97.41
96.96
97.10
97.26
97.44
97.26
97.29
97.19
97.35
97.40
97.39
97.32
97.42
97.28
97.23
97.17
97.38
97.27
97.20
97.48
96.94
97.28
97.35
97.22
97.03
97.33
97.11
97.29
97.20
97.48
97.53
96.99
97.02
97.12
97.28
97.46
97.43
96.90
97.34
97.56
97.48
97.03
97.11
97.25
97.41
97.23
97.37
97.06
97.09
97.06
97.35
97.39
97.29
97.27
97.29
96.96
97.58
97.31
97.40
97.09
97.42
97.15
97.07
96.76
97.39
97.13
97.55
97.32
97.48
97.16
97.16
97.27
96.95
97.08
97.49
97.50
97.14
97.06
97.10
97.04
97.62
96.92
97.17
96.92
97.13
97.26
97.17
97.18
97.03
97.37
97.58
97.06
96.96
97.57
96.37
97.42
97.24
97.28
97.15
97.48
97.05
97.36
97.10
97.53
97.32
97.34
96.86
97.37
97.20
97.55
97.47
97.10
97.34
97.44
97.29
97.35
97.60
97.33
97.48
97.00
97.18
97.35
96.95
97.23
97.09
97.14
97.44
97.24
97.28
97.10
97.17
97.32
97.04
96.86
97.42
97.06
97.18
97.18
97.15
97.36
97.46
97.12
97.58
96.87
97.02
97.23
97.57
97.20
97.27
97.20
96.89
97.07
97.01
96.99
97.53
97.35
97.31
96.93
97.50
97.16
97.18
97.43
97.36
97.31
97.27
97.32
97.17
96.96
97.10
97.64
97.46
97.29
97.03
97.19
97.42
97.01
96.95
97.32
97.48
97.36
97.56
97.41
97.19
97.17
97.23
97.04
97.20
97.36
96.40
97.37
97.15
97.32
97.16
97.21
97.32
97.23
97.40
97.15
97.46
97.14
97.36
97.23
97.06
96.86
97.25
96.96
97.06
97.07
97.30
97.38
97.17
97.16
97.27
97.12
97.51
97.35
97.13
97.36
97.08
97.37
97.20
97.09
97.35
97.44
97.32
97.33
97.23
97.00
97.04
97.35
97.09
97.28
97.14
97.44
97.22
97.27
96.76
97.02
97.04
97.40
97.50
97.44
97.17
97.36
97.34
97.42
96.99
97.07
97.29
97.07
97.13
96.89
96.78
97.27
96.99
97.23
96.97
96.93
96.82
97.18
97.44
97.45
97.07
97.43
97.46
97.33
97.33
96.99
97.35
97.24
97.09
97.19
97.01
97.48
97.09
97.29
97.22
97.14
97.31
96.92
97.39
97.30
97.34
97.45
97.15
97.55
96.99
97.30
97.35
97.28
97.09
97.30
97.24
97.18
97.11
97.32
97.48
97.14
97.04
97.15
97.28
97.43
97.24
97.18
96.91
97.16
97.13
97.13
97.36
96.96
97.39
96.85
97.38
97.18
96.92
97.13
97.13
97.27
97.20
97.16
97.28
97.43
97.01
97.37
97.46
97.56
96.90
97.62
97.37
97.48
97.17
97.30
97.25
97.29
97.35
97.37
97.22
97.49
97.28
97.17
97.15
97.07
97.01
97.43
97.24
97.39
97.29
97.24
97.27
97.34
