97.64
97.26
97.31
97.44
97.40
97.44
97.26
97.56
97.61
97.21
97.43
97.68
97.10
97.22
97.63
97.44
97.30
97.38
97.37
97.35
97.44
97.71
97.53
97.35
97.53
97.66
97.44
97.22
97.39
97.59
97.25
97.59
97.65
97.39
97.81
97.48
97.57
97.01
97.71
97.52
97.41
97.37
97.54
97.58
97.39
97.36
97.52
97.49
97.36
97.49
97.55
97.55
97.51
97.38
97.29
97.20
97.48
97.36
97.17
97.54
97.49
97.28
97.42
97.05
97.43
97.37
97.36
97.54
97.28
97.41
97.60
97.17
97.30
96.62
97.64
97.77
97.53
97.38
97.21
97.51
97.13
97.19
97.27
97.12
97.51
97.66
97.27
97.16
97.66
97.51
97.29
97.11
97.49
97.55
97.33
97.14
97.45
97.42
97.64
97.76
97.48
97.48
97.53
97.45
97.49
97.48
97.57
97.71
97.70
97.57
97.33
97.48
97.23
97.14
97.30
97.55
97.08
97.38
97.49
97.48
97.55
97.61
97.39
97.71
97.23
97.22
97.62
97.50
96.88
97.54
97.26
97.36
97.40
97.39
97.03
97.26
96.58
97.72
97.52
97.61
97.51
97.47
97.62
97.61
97.31
97.58
97.54
97.47
97.12
97.63
97.59
97.39
97.29
97.54
97.61
97.53
97.36
97.46
97.53
97.25
97.55
97.25
97.42
97.31
97.68
97.36
97.45
97.57
97.38
97.72
97.05
97.60
97.39
97.33
97.27
97.29
97.68
97.24
97.50
97.75
97.62
97.67
97.31
97.63
97.18
97.34
97.69
97.47
97.60
97.33
97.47
97.40
97.10
97.68
97.48
97.39
97.61
97.43
97.45
97.16
97.24
97.51
97.46
97.70
97.21
97.27
97.51
97.57
97.07
97.43
97.56
97.49
97.31
97.48
97.30
97.44
97.69
97.66
97.59
97.60
97.27
97.30
97.54
97.26
97.72
97.08
97.42
97.15
97.46
97.54
97.51
97.79
97.51
97.20
97.29
97.17
97.41
97.95
97.56
97.48
97.47
97.41
97.06
96.89
97.55
97.52
97.41
97.44
97.45
97.37
97.34
97.52
97.09
97.08
97.49
96.86
97.00
97.48
97.48
97.07
97.30
97.56
97.45
97.53
97.49
97.18
97.24
97.55
97.40
97.55
97.45
97.68
97.51
97.33
97.61
97.57
97.33
97.49
97.53
97.53
97.51
97.30
97.10
97.35
97.45
97.38
97.47
97.25
97.25
97.26
97.70
97.48
97.39
97.55
97.48
97.40
97.65
97.41
97.54
97.47
97.66
97.37
97.49
97.47
97.28
97.41
97.54
97.57
97.72
97.28
97.44
97.31
97.52
96.99
97.15
97.47
97.32
97.56
97.14
97.42
97.42
97.73
97.16
97.41
97.25
97.29
97.10
97.66
97.52
97.20
97.28
97.37
97.27
97.51
97.20
97.80
97.28
97.45
97.42
97.50
97.53
97.32
97.56
97.27
97.33
97.44
97.32
97.58
97.32
97.75
97.53
97.21
97.12
97.50
97.36
97.52
97.53
97.62
97.33
97.58
97.23
97.52
97.37
97.41
97.16
97.41
97.73
97.31
97.65
97.42
97.30
97.42
97.37
97.25
97.20
97.44
97.07
97.49
97.41
97.54
97.59
97.46
97.48
97.57
97.59
97.43
97.60
97.15
97.42
97.60
97.46
97.63
97.61
97.54
97.53
97.35
97.55
97.22
97.57
97.47
97.40
97.44
97.29
97.25
97.54
97.46
97.58
97.65
97.41
97.21
97.40
97.38
97.44
97.50
97.47
97.43
97.39
97.39
97.38
97.09
97.32
97.49
97.41
97.63
97.66
97.36
97.71
97.21
97.44
97.40
97.66
97.47
97.62
97.31
97.66
97.75
97.18
97.32
97.55
97.48
97.62
97.44
97.53
97.59
97.47
97.52
97.68
97.51
97.51
97.38
97.69
97.48
97.44
97.13
97.48
97.23
97.30
97.43
97.43
97.48
97.65
97.13
97.44
97.57
97.21
97.65
97.23
97.33
96.75
97.65
97.31
97.32
97.38
97.44
97.41
97.48
97.51
97.31
97.35
97.47
97.54
97.55
97.18
97.41
97.35
97.38
97.23
97.23
97.47
97.70
97.50
97.50
97.37
97.64
97.50
97.20
97.26
97.47
97.75
97.01
97.24
97.46
97.35
97.22
97.46
97.43
97.32
97.45
97.30
97.18
97.65
97.50
97.64
97.42
97.49
97.25
97.61
97.27
97.27
97.44
97.38
97.33
97.11
97.27
97.20
97.49
97.50
97.43
97.46
97.38
97.09
97.32
97.50
97.48
97.14
97.42
97.45
97.50
97.42
97.56
97.50
97.56
97.37
97.52
97.35
97.59
97.54
97.41
97.52
96.93
97.25
97.07
97.26
97.52
97.07
97.32
97.50
97.67
96.86
97.60
97.51
97.25
97.13
97.49
97.13
97.51
97.11
97.46
97.50
97.40
97.59
97.52
97.26
97.25
97.66
97.63
97.38
97.55
97.14
97.32
97.57
97.56
97.68
97.29
97.33
97.39
97.14
97.68
97.64
97.22
97.02
97.29
97.43
97.31
96.94
97.47
97.01
97.58
97.48
97.64
97.55
97.61
97.22
97.73
97.22
97.45
97.59
97.25
97.62
97.32
97.42
97.46
97.31
97.29
97.27
97.58
97.64
97.49
97.68
97.57
97.35
97.22
97.69
97.45
97.64
97.66
97.43
97.29
97.27
97.50
97.51
97.58
97.37
97.35
97.55
97.40
97.35
97.39
97.14
97.08
97.33
97.31
97.37
97.17
97.36
97.54
97.60
97.47
97.61
97.56
97.00
97.21
97.32
96.60
97.47
97.17
97.15
97.44
97.43
97.64
97.31
97.24
97.43
97.61
97.53
97.70
97.12
97.46
97.28
97.48
97.61
97.41
97.40
97.14
97.71
97.36
97.07
97.55
97.40
97.62
97.18
97.59
97.36
97.25
97.45
97.40
97.26
97.54
97.61
97.16
97.61
97.14
97.56
97.59
97.21
97.24
97.36
97.53
97.52
97.40
97.33
97.76
97.38
97.25
97.57
97.35
97.57
97.18
97.26
97.18
97.32
97.52
97.29
97.76
97.60
97.32
96.86
97.47
97.40
97.25
97.63
97.30
97.41
97.87
97.08
97.33
97.43
97.85
97.43
97.62
97.34
97.68
97.21
97.73
97.40
97.54
97.40
97.33
97.37
97.32
97.45
97.10
97.45
97.43
97.45
97.34
97.51
97.43
97.34
97.47
97.48
97.31
97.34
97.43
97.60
97.56
97.40
97.09
97.34
97.29
97.40
97.15
97.41
97.05
97.63
97.13
97.45
97.67
97.41
97.55
97.54
97.79
97.70
97.35
97.24
97.54
97.35
97.78
97.55
97.40
97.61
97.45
97.48
97.34
97.40
96.61
97.33
97.41
97.51
97.13
97.01
97.23
97.66
97.37
97.54
97.51
96.98
97.57
97.54
97.08
97.30
97.62
97.59
97.48
97.44
96.67
97.29
97.43
97.53
97.37
97.34
97.21
97.21
97.31
97.18
97.60
97.46
97.80
97.26
97.66
97.34
97.39
97.45
97.43
97.57
97.32
97.41
97.46
97.40
97.67
97.21
97.65
97.43
97.43
97.32
97.22
97.40
97.62
97.24
97.42
97.42
97.54
96.93
96.99
97.07
97.35
97.17
97.68
97.52
97.39
97.70
97.38
97.34
97.55
97.55
97.27
97.61
97.61
97.06
97.48
97.41
97.57
97.61
97.62
97.20
97.13
97.67
97.65
97.68
97.57
97.66
97.16
97.39
97.07
97.43
97.43
97.51
97.50
97.50
97.69
97.36
97.29
97.73
97.29
97.53
97.18
96.99
97.52
97.47
97.35
97.51
97.53
97.57
97.63
97.33
97.27
97.05
97.06
97.50
97.18
97.70
97.35
97.45
97.45
97.48
97.44
97.37
97.44
97.68
97.30
97.32
97.64
97.34
97.45
97.50
97.51
97.35
97.27
97.75
97.49
97.15
97.37
97.13
97.62
97.25
97.45
97.48
97.07
97.61
97.26
97.71
97.50
97.46
97.53
97.47
96.92
97.55
97.64
97.04
97.40
97.17
97.49
97.28
97.48
97.35
97.65
97.44
97.64
97.47
97.19
97.64
97.61
97.29
97.30
97.37
97.36
97.29
97.30
97.53
97.41
97.59
97.48
97.40
97.52
97.34
97.26
97.26
97.27
97.18
97.31
97.52
97.17
97.19
97.26
97.63
97.43
97.41
97.45
97.29
97.58
97.26
97.46
97.32
97.62
97.33
97.31
97.36
97.42
97.50
97.50
97.00
97.47
97.43
97.28
97.32
97.52
97.31
97.28
97.53
97.69
