97.56
97.75
97.67
97.78
97.73
97.56
97.70
97.78
97.77
97.68
97.74
97.77
97.73
97.59
97.66
97.68
97.70
97.74
97.68
97.77
97.69
97.65
97.63
97.75
97.62
97.66
97.66
97.63
97.70
97.74
97.67
97.68
97.75
97.74
97.59
97.67
97.73
97.90
97.64
97.58
97.66
97.72
97.76
97.70
97.75
97.94
97.60
97.73
97.76
97.71
97.73
97.59
97.87
97.75
97.72
97.65
97.59
97.77
97.64
97.55
97.52
97.89
97.59
97.60
97.95
97.78
97.70
97.69
97.67
97.60
97.68
97.63
97.55
97.48
97.60
97.66
97.85
97.78
97.78
97.85
97.71
97.65
97.75
97.73
97.54
97.72
97.75
97.65
97.70
97.95
97.82
97.66
97.66
97.56
97.73
97.66
97.62
97.81
97.50
97.81
97.67
97.64
97.90
97.63
97.72
97.63
97.71
97.57
97.76
97.85
97.69
97.85
97.80
97.79
97.78
97.72
97.63
97.67
97.84
97.60
97.68
97.51
97.75
97.58
97.90
97.63
97.55
97.25
97.66
97.69
97.61
97.68
97.71
97.65
97.77
97.74
97.80
97.68
97.72
97.64
97.79
97.73
97.57
97.77
97.85
97.64
97.81
97.67
97.61
97.77
97.56
97.59
97.70
97.70
97.78
97.79
97.71
97.53
97.74
97.78
97.72
97.81
97.78
97.77
97.70
97.65
97.81
97.75
97.61
97.75
97.62
97.80
97.71
97.64
97.51
97.70
97.82
97.66
97.64
97.70
97.60
97.67
97.80
97.83
97.69
97.77
97.73
97.79
97.78
97.67
97.70
97.64
97.74
97.87
97.69
97.60
97.84
97.71
97.64
97.68
97.84
97.64
97.61
97.86
97.64
97.74
97.66
97.71
97.76
97.65
97.58
97.65
97.74
97.64
97.48
97.66
97.89
97.74
97.57
97.69
97.71
97.64
97.70
97.68
97.67
97.79
97.81
97.80
97.71
97.88
97.63
97.81
97.63
97.68
97.91
97.71
97.81
97.68
97.74
97.79
97.64
97.79
97.61
97.68
97.89
97.59
97.68
97.80
97.63
97.83
97.63
97.58
97.76
97.70
97.70
97.67
97.68
97.56
97.67
97.72
97.77
97.75
97.81
97.64
97.56
97.88
97.85
97.85
97.85
97.64
97.85
97.76
97.49
97.71
97.49
97.79
97.64
97.67
97.80
97.73
97.72
97.52
97.75
97.48
97.71
97.71
97.90
97.73
97.71
97.74
97.74
97.63
97.59
97.67
97.67
97.72
97.67
97.62
97.66
97.68
97.69
97.77
97.71
97.76
97.71
97.71
97.86
97.73
97.83
97.62
97.64
97.60
97.79
97.73
97.73
97.52
97.70
97.75
97.79
97.71
97.62
97.68
97.72
97.75
97.87
97.67
97.72
97.77
97.77
97.68
97.81
97.54
97.76
97.75
97.76
97.58
97.83
97.72
97.76
97.88
97.69
97.79
97.69
97.69
97.86
97.76
97.71
97.60
97.69
97.67
97.72
97.78
97.86
97.70
97.70
97.67
97.79
97.78
97.91
97.71
97.90
97.76
97.58
97.75
97.72
97.58
97.66
97.68
97.65
97.75
97.78
97.69
97.75
97.71
97.51
97.65
97.60
97.70
97.85
97.59
97.72
97.79
97.61
97.75
97.73
97.47
97.62
97.77
97.83
97.67
97.52
97.75
97.75
97.77
97.76
97.73
97.64
97.87
97.61
97.77
97.75
97.77
97.80
97.62
97.88
97.69
97.80
97.57
97.71
97.64
97.72
97.81
97.72
97.55
97.51
97.82
97.67
97.73
97.64
97.78
97.59
97.74
97.80
97.76
97.88
97.53
97.64
97.84
97.76
97.75
97.73
97.59
97.67
97.64
97.70
97.78
97.68
97.74
97.65
97.60
97.65
97.62
97.77
97.74
97.79
97.74
97.59
97.52
97.72
97.63
97.62
97.76
97.71
97.56
97.60
97.76
97.72
97.63
97.72
97.57
97.83
97.77
97.77
97.79
97.89
97.77
97.60
97.82
97.60
97.74
97.70
97.64
97.65
97.67
97.67
97.71
97.62
97.71
97.69
97.88
97.57
97.75
97.86
97.57
97.75
97.66
97.73
97.58
97.71
97.64
97.68
97.74
97.52
97.61
97.73
97.57
97.73
97.75
97.75
97.43
97.71
97.72
97.70
97.72
97.58
97.59
97.18
97.73
97.70
97.79
97.61
97.68
97.74
97.62
97.77
97.65
97.80
97.80
97.65
97.79
97.73
97.61
97.69
97.63
97.60
97.97
97.64
97.70
97.65
97.63
97.67
97.81
97.50
97.56
97.64
97.59
97.70
97.70
97.67
97.75
97.73
97.77
97.69
97.55
97.72
97.69
97.68
97.69
97.70
97.64
97.68
97.72
97.65
97.72
97.60
97.66
97.60
97.80
97.49
97.75
97.70
97.75
97.69
97.78
97.68
97.67
97.75
97.70
97.87
97.67
97.90
97.64
97.41
97.77
97.72
97.81
97.65
97.68
97.52
97.68
97.71
97.77
97.59
97.67
97.69
97.69
97.72
97.50
97.67
97.85
97.67
97.82
97.68
97.62
97.68
97.55
97.66
97.84
97.79
97.73
97.61
97.61
97.66
97.50
97.52
97.72
97.77
97.64
97.72
97.77
97.62
97.68
97.75
97.84
97.56
97.55
97.87
97.80
97.72
97.86
97.70
97.62
97.76
97.83
97.88
97.59
97.72
97.73
97.66
97.76
97.80
97.71
97.64
97.73
97.74
97.77
97.73
97.67
97.97
97.63
97.70
97.76
97.74
97.77
97.59
97.60
97.69
97.67
97.92
97.55
97.77
97.84
97.73
97.86
97.76
97.82
97.82
97.72
97.70
97.78
97.75
97.76
97.65
97.72
97.58
97.72
97.46
97.77
97.71
97.73
97.69
97.80
97.53
97.68
97.67
97.82
97.72
97.84
97.73
97.71
97.77
97.69
97.76
97.70
97.84
97.59
97.85
97.73
97.61
97.66
97.68
97.74
97.75
97.74
97.78
97.75
97.86
97.55
97.67
97.67
97.68
97.60
97.85
97.56
97.80
97.55
97.75
97.75
97.83
97.73
97.61
97.60
97.79
97.76
97.59
97.71
97.49
97.79
97.69
97.68
97.57
97.94
97.79
97.78
97.71
97.88
97.81
97.69
97.74
97.70
97.62
97.82
97.62
97.62
97.73
97.78
97.61
97.72
97.70
97.77
97.74
97.53
97.49
97.73
97.83
97.88
97.74
97.83
97.85
97.74
97.76
97.58
97.73
97.75
97.77
97.69
97.72
97.65
97.77
97.80
97.87
97.62
97.75
97.74
97.64
97.58
97.54
97.77
97.69
97.85
97.70
97.77
97.73
97.75
97.73
97.52
97.73
97.84
97.78
97.75
97.77
97.73
97.71
97.67
97.59
97.67
97.56
97.64
97.53
97.68
97.77
97.71
97.81
97.77
97.77
97.68
97.55
97.87
97.72
97.77
97.77
97.84
97.58
97.69
97.61
97.90
97.77
97.64
97.50
97.67
97.77
97.71
97.69
97.63
97.71
97.60
97.64
97.74
97.61
97.87
97.65
97.85
97.64
97.87
97.67
97.85
97.83
97.73
97.59
97.62
97.61
97.74
97.73
97.79
97.51
97.81
97.85
97.69
97.61
97.76
97.81
97.60
97.87
97.71
97.68
97.91
97.69
97.63
97.59
97.78
97.57
97.81
97.74
97.74
97.68
97.68
97.68
97.56
97.84
97.55
97.70
97.86
97.72
97.73
97.79
97.69
97.86
97.62
97.51
97.74
97.55
97.84
97.52
97.58
97.79
97.66
97.80
97.66
97.57
97.44
97.61
97.67
97.59
97.64
97.88
97.70
97.50
97.71
97.71
97.76
97.70
97.67
97.51
97.63
97.66
97.78
97.69
97.73
97.74
97.90
97.78
97.79
97.68
97.80
97.77
97.69
97.66
97.88
97.73
97.50
97.82
97.87
97.73
97.76
97.73
97.73
97.69
97.62
97.72
97.59
97.58
97.65
97.59
97.67
97.71
97.66
97.75
97.61
97.80
97.66
97.78
97.77
97.76
97.79
97.75
97.79
97.61
97.79
97.79
97.64
97.63
97.67
97.80
97.79
97.73
97.78
97.54
97.74
97.82
97.71
97.69
97.85
97.78
97.72
97.68
97.72
97.77
97.68
97.75
97.62
97.83
97.56
97.90
97.83
97.79
97.80
97.76
97.66
97.69
97.58
97.78
97.63
97.78
97.65
97.72
97.80
97.54
97.61
97.59
97.77
97.62
97.62
97.66
97.74
97.64
97.64
97.62
97.62
97.73
97.55
97.80
97.63
97.65
97.65
97.55
97.69
97.69
97.73
97.72
97.69
