95.80
96.47
95.69
96.46
96.07
96.66
95.74
95.88
96.63
96.60
96.92
96.12
94.76
95.89
95.90
95.88
95.36
95.60
95.01
96.34
95.42
96.25
96.34
96.09
96.35
97.09
94.67
96.06
96.83
96.20
95.62
96.10
95.93
96.08
96.04
96.24
95.01
96.58
96.21
94.98
96.66
96.36
96.10
95.96
96.53
96.97
95.66
95.75
95.14
96.09
96.30
96.16
94.39
96.12
94.93
96.58
95.44
94.95
96.07
95.97
95.61
95.74
95.49
96.60
96.01
94.58
95.43
95.95
96.79
96.64
96.27
95.23
96.00
96.63
95.95
95.86
96.31
95.39
96.46
95.59
96.43
95.23
95.19
96.26
95.25
95.30
96.60
96.19
95.11
96.27
96.73
95.94
96.14
95.84
95.68
96.03
95.44
96.24
96.27
95.38
96.08
96.78
96.19
95.22
95.69
96.04
96.23
94.63
96.55
96.85
95.24
96.66
96.86
96.06
96.24
96.30
96.39
96.78
95.36
96.45
95.42
96.22
95.86
96.88
96.35
96.61
96.09
95.92
96.41
95.50
95.74
95.48
95.72
96.37
96.24
96.13
96.37
95.68
95.68
96.26
96.05
96.66
96.35
96.14
96.69
96.15
96.42
96.98
96.62
96.24
95.80
95.82
96.29
96.15
96.88
95.50
95.43
95.46
96.07
96.27
94.54
95.91
95.91
96.27
96.72
96.48
95.97
95.19
95.83
96.21
96.46
95.73
96.06
96.13
96.41
95.64
95.19
95.20
94.85
96.47
96.45
96.19
95.36
95.90
96.55
96.99
96.64
96.03
96.17
96.38
95.81
95.70
96.27
95.51
96.33
95.67
95.87
96.63
95.85
96.22
96.58
94.50
95.55
96.34
96.35
96.76
96.28
95.09
96.65
96.31
94.98
96.21
96.76
95.84
95.48
96.64
95.99
96.18
96.50
95.98
96.89
96.21
95.72
94.23
96.24
95.91
96.35
96.84
96.36
95.67
95.51
95.68
96.08
96.71
95.33
95.60
96.11
96.32
94.31
95.13
96.69
96.40
96.15
96.38
95.79
95.77
95.53
95.54
96.93
96.28
96.64
95.66
96.29
95.77
96.42
96.38
93.79
96.08
96.30
95.47
95.44
95.58
94.50
96.84
95.89
97.05
96.38
96.39
96.28
95.58
96.31
95.02
95.60
96.07
96.36
96.24
95.36
96.11
94.79
95.97
96.46
96.29
96.11
95.66
96.09
96.97
96.44
95.78
94.78
96.35
96.32
95.94
95.68
95.45
96.17
96.05
96.90
96.15
95.78
96.11
95.11
95.42
94.70
96.25
95.80
96.60
96.17
96.45
96.01
95.75
95.36
94.63
96.01
95.69
95.45
96.38
96.13
95.30
96.62
95.75
93.74
96.59
95.76
96.16
95.71
96.33
96.19
95.29
96.39
95.76
96.19
96.72
96.30
96.68
96.65
95.52
96.57
95.69
96.41
95.35
96.35
96.03
96.00
95.52
96.36
95.81
96.44
97.01
96.75
96.22
96.06
95.35
95.55
96.27
94.87
96.45
96.32
95.69
95.59
96.50
95.96
95.87
96.74
96.68
96.47
96.01
96.25
96.08
96.81
96.03
96.15
95.85
95.55
95.77
96.43
95.86
96.36
96.21
96.52
96.75
96.11
96.15
95.28
96.07
96.31
96.52
95.29
96.44
96.37
96.25
95.29
96.10
96.28
95.28
96.24
96.37
96.04
96.05
95.56
96.22
96.83
96.36
96.31
96.45
94.90
95.50
96.14
95.48
95.38
95.90
96.38
95.01
95.98
94.48
95.52
95.81
93.09
96.91
95.38
96.36
96.33
96.28
96.34
96.31
96.25
96.22
95.21
95.90
96.15
96.69
95.54
96.15
96.10
96.04
96.52
96.44
95.57
96.03
96.07
96.34
96.05
95.89
96.18
95.56
95.87
95.94
95.75
96.09
96.40
96.57
96.35
96.36
96.31
96.03
96.26
96.60
95.42
94.92
95.58
96.04
95.62
95.06
96.54
95.38
95.35
96.27
96.90
96.37
96.13
96.68
96.00
94.92
96.57
96.06
96.02
95.96
96.48
96.15
95.80
96.26
95.82
96.60
96.40
95.68
96.29
96.46
95.57
95.90
96.19
95.41
95.43
96.02
95.65
96.15
96.06
95.93
96.59
95.98
95.25
96.05
96.43
96.62
95.98
96.13
96.29
96.21
96.21
96.77
96.29
93.62
96.61
95.82
94.99
95.92
96.16
95.95
96.16
96.70
96.18
96.08
94.92
95.43
96.64
96.02
95.81
96.49
96.57
96.73
95.71
95.87
95.99
96.68
95.81
95.93
95.42
96.31
96.48
96.01
96.57
95.72
96.33
96.00
95.76
95.53
95.36
94.46
96.45
96.41
96.49
96.24
96.29
95.82
96.61
96.83
96.01
95.03
96.27
95.95
96.02
96.34
96.01
96.32
94.98
95.80
96.22
96.28
95.40
96.41
96.64
95.81
96.45
95.39
96.21
95.37
95.39
96.28
95.88
95.84
95.79
95.95
95.52
96.26
95.99
96.31
95.89
96.50
96.37
95.19
95.99
95.88
96.66
95.77
96.00
95.56
96.57
95.80
95.76
96.51
95.96
95.92
95.69
96.03
96.18
96.34
95.86
96.17
95.70
96.03
95.86
96.38
96.28
96.16
94.96
96.74
96.04
96.19
96.10
95.91
96.18
96.26
96.27
95.65
96.45
95.55
95.90
96.58
96.46
97.08
96.43
95.76
96.82
95.72
96.45
96.00
96.14
95.67
96.26
96.54
96.23
95.90
96.45
96.16
96.09
96.84
95.71
95.58
96.52
96.29
95.86
96.53
96.60
95.89
95.77
96.41
97.02
96.74
96.70
95.79
96.36
95.56
96.68
96.38
95.25
96.67
96.04
95.68
96.80
95.67
95.52
95.60
95.12
96.22
96.30
95.48
96.66
95.18
96.76
94.64
95.70
95.58
95.03
96.38
96.39
95.18
96.66
95.55
96.06
96.26
96.39
94.72
95.78
94.28
94.57
95.97
95.77
95.81
95.84
95.83
95.37
96.52
95.30
96.33
95.31
96.71
96.83
95.33
96.49
96.15
94.91
95.28
96.54
95.43
96.16
96.33
96.47
96.34
96.04
96.35
95.94
96.40
96.45
96.14
95.31
96.49
95.57
94.86
96.80
96.78
96.43
95.61
96.05
95.99
96.11
96.37
96.41
96.13
96.54
95.64
95.85
96.16
96.71
96.32
96.37
96.80
95.91
95.59
96.19
95.90
95.77
96.43
95.75
96.87
96.03
94.77
96.45
96.42
96.63
94.69
96.26
96.12
96.22
95.96
96.68
96.56
96.10
95.98
96.31
96.26
96.27
96.80
96.11
95.47
95.51
96.00
96.36
96.13
95.62
95.43
95.43
96.14
96.75
96.22
96.15
96.15
94.94
95.20
96.48
95.77
95.34
95.58
95.64
95.52
95.55
95.89
96.47
96.75
96.75
96.38
95.89
95.55
96.02
95.64
95.97
96.32
96.19
96.64
96.63
96.18
96.41
96.33
96.18
96.05
95.92
96.68
95.83
95.56
95.97
95.73
95.39
96.54
96.12
96.38
96.38
96.03
96.75
95.74
96.67
96.12
95.22
96.08
96.30
96.24
95.51
96.34
96.60
96.49
96.09
95.67
95.99
96.21
95.82
96.51
96.32
96.51
95.97
95.07
95.94
95.59
96.27
95.78
96.15
95.44
96.07
95.86
96.47
95.63
95.93
95.73
96.66
96.15
96.28
96.11
96.80
95.86
96.19
96.47
94.80
96.01
96.40
96.24
96.34
95.88
95.82
96.19
96.31
96.76
95.25
96.41
96.56
96.11
95.90
95.12
95.78
94.56
95.99
95.65
95.64
96.01
95.89
96.65
95.64
96.07
95.61
96.25
95.38
95.62
96.69
95.95
96.39
95.22
96.25
95.67
95.83
96.64
96.26
95.10
96.63
96.04
95.02
95.18
96.75
95.51
95.45
96.48
96.65
96.62
96.52
95.65
96.17
96.35
96.38
95.68
95.79
96.67
96.46
96.82
95.78
94.81
96.11
96.63
96.24
96.55
95.50
93.98
95.07
95.23
95.46
96.25
95.87
96.31
96.20
95.99
95.45
95.38
95.19
96.47
96.06
96.40
96.08
95.63
93.84
95.93
96.03
96.05
95.53
95.57
96.63
96.41
96.59
95.91
95.32
96.18
96.05
96.25
96.77
95.81
95.47
95.87
95.87
96.89
93.84
96.30
95.95
95.33
96.65
95.62
95.26
96.01
96.00
96.23
95.83
96.31
95.75
96.30
96.45
96.30
95.89
96.22
96.64
96.49
95.16
96.67
96.07
95.52
96.08
95.82
96.30
96.06
96.17
95.84
