97.29
97.36
97.10
97.46
97.08
97.44
97.26
97.43
96.96
97.44
96.98
96.88
97.41
97.20
97.12
97.44
97.28
97.43
97.38
97.17
97.30
97.18
97.04
97.45
97.21
96.98
97.40
97.32
97.05
97.16
97.43
97.29
97.34
97.40
97.45
97.47
97.16
97.08
97.18
96.91
97.09
97.14
97.28
97.23
97.21
96.88
97.38
97.12
97.39
96.78
97.53
97.10
97.23
97.24
97.50
97.33
96.92
97.40
97.51
97.15
97.24
97.34
97.46
97.41
97.32
97.03
97.14
97.16
97.14
97.29
97.24
97.01
97.11
97.45
97.05
97.61
97.31
97.26
97.25
97.40
97.48
97.15
97.23
97.15
97.53
96.80
97.76
97.41
97.09
97.30
97.46
97.48
96.94
97.36
97.05
97.49
97.26
97.15
96.85
97.55
97.35
97.39
97.28
97.57
97.32
97.30
97.15
97.31
97.45
97.22
97.39
97.31
97.38
97.14
97.18
97.17
97.36
97.40
96.96
97.35
97.60
97.31
97.32
97.24
96.76
97.48
96.90
97.47
97.29
97.33
97.24
97.21
96.70
97.20
97.13
97.42
97.21
97.42
97.47
97.37
97.32
97.04
97.49
97.29
97.54
96.79
96.99
97.24
97.37
97.23
97.40
97.03
97.06
97.43
97.16
97.35
97.41
97.08
96.59
97.21
97.35
97.19
96.98
97.37
97.33
97.38
97.47
97.25
97.23
97.34
97.45
97.33
97.10
96.81
97.40
97.51
97.20
97.00
97.30
97.34
96.44
97.21
97.34
97.56
96.78
97.30
97.35
96.88
97.35
97.69
97.53
97.49
97.39
97.42
97.21
97.15
97.32
97.33
96.80
97.42
97.22
97.18
97.54
97.18
97.11
97.11
97.26
97.23
97.34
97.50
97.43
97.47
97.48
97.39
97.22
97.29
97.04
97.30
97.12
97.08
97.34
97.25
97.02
97.17
97.54
97.38
97.34
97.28
97.04
97.18
97.17
97.27
97.24
97.37
97.11
97.47
97.42
97.27
97.01
97.50
97.27
97.23
97.45
97.40
97.22
97.34
97.35
97.28
96.89
97.47
97.27
97.37
97.41
97.04
97.13
97.33
97.48
97.17
97.23
97.43
96.99
97.10
97.40
97.44
97.35
97.42
97.21
97.07
97.50
97.31
97.41
97.38
97.01
97.25
96.36
97.47
97.38
96.78
97.33
97.42
97.50
96.80
97.05
97.25
97.42
97.19
96.97
97.10
97.46
97.27
97.25
97.19
96.98
97.26
97.28
97.25
97.41
97.30
96.80
97.46
97.22
97.07
97.27
97.12
97.19
96.99
97.21
97.07
97.42
97.29
97.06
97.31
97.21
97.57
97.57
97.23
97.23
97.35
97.28
97.23
97.15
97.15
97.22
97.00
97.27
97.61
97.41
97.33
97.25
97.01
97.14
97.29
97.39
97.19
97.27
97.54
97.51
97.11
97.33
97.17
96.99
97.35
97.28
97.24
97.26
97.19
97.30
97.52
97.19
97.55
97.06
97.09
97.03
97.45
97.20
97.37
97.42
97.32
97.06
97.48
97.30
97.24
97.27
96.92
97.25
97.49
97.04
96.94
97.29
97.06
97.17
97.18
97.46
97.33
97.31
97.38
96.73
97.06
97.34
97.53
97.49
97.32
97.50
97.35
97.37
97.30
97.38
96.98
97.40
97.14
97.41
97.25
97.23
96.74
97.07
97.18
97.59
97.34
97.17
97.23
97.32
97.59
97.23
97.34
97.52
97.38
97.30
97.33
97.26
97.44
97.58
97.38
97.42
97.54
97.16
96.95
97.43
97.34
97.23
97.15
97.59
97.41
97.28
97.31
96.96
97.16
97.22
97.09
97.34
97.16
96.33
97.09
97.19
97.20
97.18
97.36
97.39
97.19
97.46
97.42
97.41
97.41
97.36
96.90
97.34
96.93
97.49
97.28
97.24
97.23
97.36
97.08
97.21
97.44
97.33
97.18
97.19
97.46
97.53
97.55
97.38
96.93
97.05
97.30
97.44
97.20
97.06
97.43
96.78
97.23
97.38
97.42
97.28
97.22
97.29
97.35
97.10
97.12
97.40
97.17
97.40
97.45
97.38
97.41
97.40
97.23
97.21
97.29
97.30
97.33
97.19
96.88
97.48
97.22
97.27
97.40
97.41
97.29
97.52
97.34
97.28
97.42
97.08
97.13
97.16
97.27
97.40
97.29
97.02
97.37
97.19
97.20
97.25
97.02
97.11
97.10
97.23
96.98
97.25
97.25
97.09
97.33
97.29
97.39
97.17
97.26
97.28
96.65
97.48
97.54
97.14
97.17
97.47
97.49
97.22
97.36
97.47
97.29
97.39
97.47
97.12
97.46
97.46
97.40
97.28
97.26
97.40
97.39
97.18
97.31
97.21
97.41
97.51
97.52
97.39
97.44
97.34
97.31
97.54
97.34
96.92
97.07
97.34
97.31
97.43
97.52
97.09
97.10
97.05
97.27
97.15
97.29
97.40
97.27
97.42
97.11
97.10
97.29
97.03
97.54
97.58
97.06
96.61
97.12
97.28
97.15
97.13
97.21
97.24
97.28
97.59
96.99
97.38
97.39
97.36
97.30
97.32
97.36
96.85
97.15
96.98
97.06
97.41
97.29
97.45
97.41
97.04
97.50
97.34
97.25
97.04
97.15
97.17
97.29
97.10
97.44
97.14
97.40
96.92
97.05
97.32
97.42
97.43
97.24
97.27
97.25
97.17
96.87
97.40
97.34
97.02
97.20
97.07
97.21
97.34
97.12
97.16
97.15
96.89
97.20
97.28
97.22
97.21
97.13
97.38
97.12
97.38
97.13
97.35
97.53
96.99
97.19
97.04
97.17
97.11
97.01
97.32
97.20
97.27
97.30
97.33
97.09
97.33
97.24
97.22
97.22
97.26
97.23
97.02
97.37
97.34
97.32
97.23
97.17
97.49
97.43
97.47
97.34
97.15
97.13
97.52
97.27
97.15
97.10
97.22
97.45
97.30
97.07
97.32
97.43
97.18
97.27
97.19
97.09
96.82
97.33
97.25
97.07
97.26
97.35
97.02
97.25
96.98
97.46
97.12
97.17
97.46
97.29
97.17
97.49
97.42
97.07
97.06
97.47
96.85
97.21
97.05
97.12
97.15
97.26
97.21
97.24
97.35
96.66
96.94
97.05
97.32
97.45
97.06
97.40
97.50
97.09
97.54
97.01
97.17
97.58
97.14
97.34
97.49
97.33
97.44
97.64
97.23
97.45
97.40
96.78
97.28
97.17
97.05
96.97
97.35
97.21
97.28
97.36
97.26
97.19
97.43
97.19
97.20
97.27
97.06
97.09
97.40
97.20
97.54
97.46
97.46
97.08
97.19
97.18
97.10
97.23
97.29
97.64
97.56
97.28
97.21
97.31
97.31
97.07
97.25
97.08
97.11
97.13
96.77
97.24
97.14
97.29
97.17
97.06
97.21
97.20
97.25
97.14
97.20
97.25
97.22
97.02
97.45
97.21
96.99
97.15
97.01
97.46
97.21
97.23
97.29
97.30
97.29
97.48
97.35
97.43
97.35
97.44
97.52
97.17
97.26
96.93
97.21
97.28
97.08
97.47
97.54
97.11
96.91
97.18
97.40
97.34
97.28
97.19
97.19
97.51
96.98
97.35
97.33
97.13
97.51
97.28
96.84
97.60
97.31
96.64
97.69
96.91
97.34
97.40
97.26
97.31
97.45
97.35
97.23
97.36
97.00
97.23
97.39
96.75
97.11
97.17
97.23
97.40
97.21
96.74
97.41
96.98
97.33
97.32
96.94
96.91
97.13
97.32
97.65
97.12
97.41
97.10
97.22
97.36
97.25
97.35
97.08
97.30
97.16
96.88
97.42
97.34
97.37
97.19
97.03
97.46
96.92
97.32
97.24
97.23
97.11
97.10
97.33
97.33
97.54
97.60
97.09
97.28
97.11
97.17
97.01
97.20
97.12
97.13
96.84
97.42
97.22
97.29
97.40
97.37
97.36
97.48
96.83
97.25
97.20
97.29
97.26
97.41
97.36
97.14
97.48
97.21
97.51
97.26
97.15
97.37
97.09
97.23
97.33
96.92
97.07
97.33
97.28
97.45
97.30
97.47
97.04
97.05
97.37
97.17
97.19
97.32
97.32
97.36
97.32
97.10
97.62
97.47
97.25
97.13
96.92
97.29
97.35
97.23
97.10
97.15
97.59
96.92
97.46
97.26
97.46
97.30
96.97
97.45
97.07
97.47
97.01
97.35
97.40
97.19
97.36
97.26
97.25
97.00
97.32
97.29
96.64
97.24
97.30
97.52
97.45
97.31
97.33
96.98
97.56
97.23
97.47
97.39
97.19
97.18
97.23
97.22
97.36
97.12
97.17
96.86
97.04
97.11
