97.20
97.23
97.10
97.11
97.17
97.03
97.21
96.86
97.44
97.25
96.91
97.46
97.28
97.32
97.17
97.56
97.43
96.85
97.16
96.97
97.21
97.20
97.22
96.82
97.59
97.41
97.07
97.59
97.51
97.27
97.38
97.18
97.31
96.83
97.11
97.12
97.12
97.10
97.08
97.18
97.28
97.40
96.91
97.30
97.24
96.90
97.23
97.17
97.50
97.54
97.17
96.97
97.37
97.18
97.40
97.45
97.44
97.02
96.94
97.37
97.04
96.87
97.42
97.00
97.28
97.47
97.05
96.95
97.35
97.10
97.06
96.97
97.35
97.40
97.32
97.12
97.42
97.04
97.39
96.66
97.19
97.32
97.24
97.13
97.38
97.41
97.36
97.28
97.12
96.86
97.40
97.10
97.59
97.15
97.42
97.44
97.57
96.91
97.36
97.07
97.02
97.34
97.36
97.11
97.30
97.02
97.45
97.30
97.31
97.39
97.15
97.13
97.19
97.07
96.94
97.44
97.43
97.53
97.16
97.05
97.38
97.22
97.50
97.05
96.53
97.51
97.31
96.66
97.26
97.40
96.80
97.16
96.71
96.86
97.36
97.29
97.14
97.11
97.01
96.89
97.16
97.42
97.26
97.47
97.43
97.33
97.12
97.27
97.42
96.78
97.14
97.56
97.15
97.19
96.67
97.40
97.26
97.28
97.46
97.19
97.01
97.28
97.28
97.34
97.57
97.42
97.12
96.85
97.38
97.27
97.21
97.21
97.36
97.32
96.94
97.10
97.12
97.27
97.11
97.14
97.30
96.88
97.32
97.16
97.02
97.10
97.28
97.44
97.27
97.28
97.05
97.38
97.05
97.32
97.52
97.43
97.53
97.12
97.06
97.04
97.56
97.36
96.88
97.40
96.83
97.13
97.18
97.20
97.33
97.78
96.90
97.28
97.38
96.85
97.01
97.36
97.17
97.64
97.35
97.32
97.30
97.23
97.40
96.97
97.45
97.27
97.30
97.51
97.33
97.61
96.75
97.07
96.93
97.07
97.47
97.10
97.30
97.03
97.23
96.73
97.27
97.39
97.32
97.36
97.18
97.46
97.31
96.71
97.13
96.84
97.40
97.35
97.06
97.37
96.97
96.93
96.80
97.56
96.72
97.16
97.23
97.48
96.75
97.25
97.01
97.20
97.24
96.90
97.32
96.91
96.92
97.13
97.36
96.77
97.23
96.64
97.09
96.79
97.26
96.82
97.14
97.08
96.96
97.25
96.84
97.18
97.50
97.23
96.52
97.30
97.24
97.39
97.15
96.73
96.92
97.51
97.29
97.40
97.30
97.09
97.18
97.16
97.10
97.21
96.73
97.29
97.41
97.15
96.75
96.61
97.29
97.47
97.26
97.26
97.26
97.26
97.16
96.88
97.27
97.51
96.83
97.40
97.42
97.14
97.15
96.70
97.17
96.77
97.41
97.29
97.00
97.08
97.45
97.40
97.45
97.13
97.21
97.33
97.30
97.65
97.08
96.65
95.89
96.86
97.36
97.32
97.46
96.99
97.15
97.20
97.35
97.28
97.64
97.51
97.06
97.36
97.61
97.54
97.11
97.63
97.36
97.44
97.35
97.57
96.89
97.05
97.44
97.35
97.07
97.13
96.77
96.65
97.15
97.17
97.23
97.12
97.06
97.42
97.38
97.61
96.80
96.81
97.04
97.10
97.05
97.02
97.42
97.11
97.62
97.26
97.16
97.40
97.30
97.37
97.42
97.06
96.83
97.26
97.01
97.40
96.96
96.83
97.40
97.00
97.07
96.90
97.01
97.09
97.36
97.40
96.98
96.98
97.07
97.06
97.09
97.08
97.06
97.68
97.24
97.13
97.61
97.12
96.72
97.00
97.04
97.48
97.28
97.11
97.19
97.21
97.10
96.88
97.11
97.22
97.23
97.43
97.39
97.11
96.87
97.02
96.93
97.58
97.40
97.46
97.41
97.50
97.17
97.25
97.27
96.58
96.99
97.03
96.99
96.73
97.28
97.17
97.47
97.40
97.41
97.05
97.55
97.34
96.72
97.37
97.57
97.32
97.28
97.16
96.73
97.22
97.07
97.16
97.36
97.21
97.21
97.21
97.38
96.89
97.33
96.91
97.55
97.20
97.58
97.32
96.87
96.88
97.24
96.93
97.15
96.82
97.33
97.34
97.35
97.45
96.75
97.45
97.60
97.23
97.21
97.02
96.74
97.34
97.34
96.95
97.28
97.03
97.23
97.34
96.77
97.46
97.31
96.99
97.06
97.28
97.10
97.01
96.44
97.02
97.05
97.43
97.45
97.25
96.42
97.46
96.19
97.13
97.54
97.05
97.13
96.66
96.61
97.58
97.25
97.30
97.65
97.31
97.49
97.45
97.20
97.55
97.38
97.20
97.48
97.20
96.85
97.41
96.97
96.40
97.31
97.42
96.55
96.94
96.95
97.35
97.18
96.55
97.14
97.46
97.09
97.31
97.41
97.36
97.21
97.24
97.05
97.18
97.28
97.22
96.85
97.24
97.44
97.42
97.47
97.33
97.42
96.99
97.28
97.24
97.29
97.46
97.13
97.36
97.19
97.35
96.78
97.32
97.14
96.96
97.39
97.13
96.89
97.08
96.74
96.80
97.06
97.00
97.30
97.16
97.41
96.99
97.26
96.76
97.30
97.11
96.85
97.38
97.40
96.93
96.84
97.26
97.26
97.50
97.24
97.33
97.63
97.04
96.80
97.37
97.38
97.24
97.31
97.49
97.34
97.31
97.25
97.12
97.30
97.06
97.03
97.60
97.32
97.09
97.07
97.41
97.34
96.29
96.76
97.43
96.86
97.12
97.07
97.11
97.60
97.18
97.45
96.77
97.73
97.15
97.00
96.83
97.01
97.33
97.26
96.87
97.51
96.70
96.99
97.35
96.97
97.35
97.11
97.33
96.16
97.07
97.05
97.65
97.23
96.93
97.35
96.93
97.41
97.37
97.33
97.41
97.06
96.90
97.02
97.11
97.61
97.64
97.04
97.20
96.72
97.00
96.81
96.88
97.51
96.86
97.60
97.62
97.35
96.97
96.79
97.06
97.15
97.30
97.33
96.46
96.89
97.44
96.80
97.31
97.43
97.27
97.21
97.24
97.18
97.38
97.39
97.33
97.31
97.18
97.36
97.44
97.32
97.34
97.58
96.99
97.02
97.11
97.16
97.03
97.03
96.95
97.22
97.40
97.19
97.33
97.41
97.59
97.56
97.16
97.36
96.90
97.21
97.34
97.33
97.41
97.24
97.20
97.00
97.28
97.38
97.12
96.76
97.25
96.95
97.29
97.22
97.11
97.07
96.99
97.65
97.27
96.99
96.81
97.39
97.13
97.27
97.32
97.38
96.80
97.18
97.24
97.39
97.07
97.43
96.78
97.31
97.04
97.08
96.89
97.13
97.22
97.37
97.54
97.17
97.53
97.33
97.22
96.91
97.36
96.99
97.24
96.48
97.48
97.45
97.39
97.18
97.23
97.47
97.31
97.48
97.30
97.33
97.17
97.48
96.53
97.30
97.05
97.16
97.21
97.21
97.22
97.56
97.18
97.09
97.41
97.29
97.27
97.51
97.15
96.98
97.04
96.94
96.83
97.15
97.04
97.38
97.40
97.12
97.39
97.18
96.59
97.31
97.54
97.52
97.03
97.22
97.29
97.56
97.04
97.61
97.21
97.10
97.26
97.30
97.34
97.42
97.30
97.13
97.27
96.36
97.44
96.99
96.99
97.01
97.42
97.28
97.19
96.84
97.18
97.22
97.23
96.18
97.26
97.19
97.05
96.85
97.38
97.29
97.55
97.50
97.26
97.03
97.26
96.83
97.39
97.42
97.28
97.69
97.17
96.66
97.12
97.28
96.94
97.34
97.09
96.87
96.83
97.20
97.35
97.42
96.96
97.23
97.17
97.31
97.61
97.16
97.19
97.28
97.38
96.93
97.28
96.77
96.66
97.36
97.33
97.34
97.41
97.24
97.24
97.27
97.29
97.46
97.32
97.13
97.05
96.94
97.54
97.30
97.55
97.14
97.30
97.38
97.40
97.34
97.15
96.85
97.29
97.18
97.41
97.11
96.97
97.43
97.55
97.21
97.42
97.03
97.06
97.08
97.48
97.16
97.10
96.84
97.70
97.43
97.28
96.85
97.26
97.39
97.33
97.24
97.08
97.33
96.81
97.57
97.31
97.47
96.98
97.26
97.40
97.05
96.87
96.44
97.02
97.14
97.23
96.80
97.33
97.23
97.26
96.93
97.42
97.69
97.09
97.22
97.04
96.86
96.96
97.26
97.39
97.36
97.20
96.69
97.30
97.01
97.28
97.04
97.48
97.10
97.15
97.40
96.76
97.14
97.02
97.52
97.05
97.43
96.73
97.45
97.60
97.18
97.27
97.07
96.87
97.00
97.28
97.26
97.52
