95.95
95.87
96.70
95.65
96.40
96.43
96.10
96.48
96.86
96.80
96.49
96.85
96.79
96.58
96.49
96.41
95.65
96.71
96.62
96.66
96.70
96.35
96.22
96.64
96.40
96.59
96.76
97.17
96.20
96.57
96.66
96.54
96.41
95.92
96.64
95.68
96.70
96.32
96.67
96.31
96.22
96.29
96.33
96.09
96.21
96.44
97.00
96.96
96.79
96.24
96.38
96.98
96.62
96.64
95.79
96.65
96.49
96.67
96.49
96.64
96.38
96.79
96.92
96.38
96.24
96.18
96.39
96.35
96.68
96.72
96.74
96.85
96.24
96.66
96.44
95.94
96.85
96.54
96.31
96.99
96.47
96.65
96.13
96.70
96.52
96.50
96.17
96.21
96.16
96.66
96.43
96.11
96.43
96.39
96.67
96.64
96.13
96.52
96.82
96.47
96.44
96.94
96.54
95.59
96.35
96.39
97.00
96.23
96.21
96.29
96.76
95.97
95.85
96.66
96.83
96.55
96.13
96.47
96.80
96.08
96.78
96.62
96.58
96.62
96.42
96.34
96.78
96.72
96.23
96.66
96.29
96.59
96.38
96.48
97.03
96.87
96.11
96.55
96.89
96.71
96.46
96.44
96.24
96.61
96.33
96.64
96.23
96.54
95.61
96.37
96.75
96.21
96.73
96.36
96.11
96.48
96.34
96.28
96.36
96.11
96.86
96.61
96.67
96.66
96.19
96.54
96.70
96.56
96.74
96.75
95.93
96.15
96.39
96.36
96.62
96.20
96.61
96.07
96.41
96.65
96.87
96.35
96.67
96.73
96.31
96.39
96.78
96.69
96.15
96.13
96.21
96.86
96.42
96.33
96.67
96.15
96.60
96.47
96.19
96.75
96.29
96.15
96.65
96.11
96.90
95.84
95.89
96.38
96.64
97.01
95.56
96.18
96.57
96.83
96.75
96.05
96.82
96.59
96.11
96.20
96.58
95.92
96.54
96.70
96.14
96.10
96.45
96.00
96.25
96.04
96.27
96.69
97.08
96.56
96.68
96.36
96.64
96.30
96.62
96.40
97.02
96.08
96.52
96.53
96.58
96.18
96.46
97.17
96.58
96.59
96.65
96.89
96.50
96.37
97.02
96.21
96.49
96.33
96.21
96.86
96.41
96.81
97.03
96.94
96.62
96.46
96.52
96.64
96.54
96.55
96.41
96.07
96.22
96.73
96.30
96.26
96.58
96.75
96.79
96.15
96.68
96.51
96.46
96.63
96.38
96.64
95.99
96.62
96.91
96.55
96.24
97.05
96.47
96.51
96.97
96.85
96.61
96.80
95.93
96.45
96.80
96.53
96.38
96.49
96.36
96.08
96.64
96.97
96.40
96.04
95.99
96.79
95.74
96.27
94.25
96.38
96.60
96.32
96.35
96.04
96.68
96.45
96.25
96.83
96.65
96.42
96.36
96.95
96.59
96.25
96.23
96.03
96.03
96.26
96.05
96.26
96.36
96.24
96.66
96.40
95.98
96.47
96.66
96.54
96.86
96.45
96.76
96.97
96.08
96.02
96.72
96.08
96.58
96.27
96.76
96.61
97.03
96.30
96.29
96.33
97.06
96.92
96.40
96.11
95.94
96.48
96.32
96.36
96.22
96.90
96.22
96.26
96.25
96.27
96.18
96.15
96.14
96.62
96.27
95.36
96.65
96.42
96.29
96.33
96.34
95.25
96.63
96.63
96.64
96.84
96.13
96.36
96.22
96.37
96.59
96.74
96.19
96.84
96.44
96.03
96.18
96.21
96.38
96.33
96.77
96.42
96.34
96.31
96.32
96.49
96.47
96.12
96.77
96.43
96.47
96.83
96.42
96.47
96.20
95.90
96.20
96.59
96.79
95.87
96.31
96.37
96.25
96.35
96.61
96.12
96.40
96.73
96.46
96.31
96.43
96.34
96.66
96.93
96.40
96.75
96.04
96.35
96.27
96.14
95.67
96.44
96.25
96.79
96.50
96.71
96.75
96.26
96.72
96.63
96.41
95.98
96.46
96.68
96.38
96.60
96.58
96.51
96.92
96.09
96.51
96.87
96.54
96.59
96.50
96.86
96.85
96.71
95.81
96.87
96.85
96.54
96.30
96.86
96.46
96.11
96.63
96.80
96.06
95.74
96.56
96.57
96.54
96.50
96.30
96.40
96.26
96.32
97.05
95.57
96.19
95.96
96.48
96.52
96.42
96.52
97.18
96.44
96.48
96.90
96.78
96.31
95.96
96.47
96.31
96.42
96.18
96.68
96.64
96.45
96.48
96.44
96.44
96.21
96.13
96.76
96.52
96.11
96.32
96.41
96.37
96.36
96.42
96.19
96.87
96.39
96.04
96.41
96.93
96.92
96.72
96.95
96.78
96.55
96.67
96.80
96.19
96.56
96.39
96.52
96.41
95.57
96.46
96.13
96.45
96.97
96.95
95.77
96.49
96.39
96.55
96.19
96.54
96.37
96.16
96.86
96.42
95.58
96.40
96.87
96.32
96.73
96.49
96.79
95.59
96.67
96.64
96.17
95.82
96.44
96.84
95.95
96.59
96.55
96.22
96.75
96.00
96.55
96.30
96.52
96.47
96.24
96.31
96.64
96.67
95.53
96.51
96.85
96.80
96.85
96.80
96.44
96.71
96.32
96.70
96.09
95.75
96.66
96.51
96.79
96.20
95.75
96.35
95.95
96.54
96.06
96.10
96.27
96.76
96.25
96.51
96.48
96.68
96.06
96.82
96.55
96.44
96.55
95.98
96.20
96.48
96.97
96.91
96.61
96.37
96.08
96.72
96.32
96.71
96.31
96.87
95.58
96.36
96.45
96.53
96.99
96.52
95.90
96.11
96.53
96.72
96.54
96.63
95.76
96.59
96.58
96.41
96.46
96.47
96.29
96.59
96.30
96.87
96.30
96.51
96.01
96.74
96.38
96.77
96.45
96.49
96.46
96.48
96.58
96.21
96.58
96.40
96.16
96.54
96.66
96.38
96.30
96.61
96.57
96.08
96.40
96.11
95.93
96.67
96.35
96.89
96.31
96.39
96.43
95.44
96.74
96.75
96.38
96.48
96.55
96.17
96.80
96.34
96.83
96.65
96.50
96.43
96.87
96.24
97.00
96.54
95.61
96.43
96.39
96.55
96.30
96.33
96.72
96.61
97.14
96.48
96.84
95.47
96.53
96.93
96.23
96.39
96.18
96.48
96.68
96.78
96.89
96.53
95.80
96.38
96.49
96.44
96.26
96.55
96.41
96.17
96.26
96.71
96.50
96.45
96.63
96.73
96.42
96.55
96.39
96.41
96.59
96.95
96.65
96.41
95.76
96.72
96.47
96.74
96.33
96.10
96.47
96.32
96.55
96.10
95.76
95.88
96.97
96.35
96.63
96.98
96.18
95.72
96.73
96.26
96.34
96.15
96.71
96.44
96.31
95.76
96.95
96.73
96.89
96.65
96.59
96.51
95.92
96.30
96.49
96.89
96.96
96.55
96.78
96.34
96.05
96.56
96.12
96.64
96.97
96.40
96.60
96.52
96.57
96.50
96.84
96.34
96.40
96.80
96.41
96.57
96.72
96.68
96.75
96.78
96.32
96.16
96.84
96.37
96.36
95.59
96.68
96.80
96.19
96.75
96.89
96.36
96.87
96.38
96.78
96.77
96.68
96.81
96.40
96.77
96.81
96.82
96.57
96.51
96.71
96.29
96.52
96.32
96.53
96.82
95.50
96.27
96.59
96.48
96.89
97.01
96.41
96.69
96.81
96.35
96.74
96.09
96.31
95.93
96.56
96.44
96.80
96.11
96.66
96.30
96.61
96.17
96.86
96.37
96.85
96.37
96.30
96.69
96.49
96.39
96.55
96.89
96.51
96.87
96.61
96.45
96.67
96.24
96.56
96.39
96.66
96.20
96.52
96.32
96.32
96.31
96.48
96.68
96.58
96.47
96.50
96.42
96.61
96.70
96.18
96.73
96.52
96.95
96.72
96.97
96.57
96.44
96.26
96.37
95.85
96.18
96.26
96.45
96.17
96.41
96.47
96.48
96.58
97.05
96.02
96.85
96.26
96.78
96.51
96.94
96.60
96.44
96.53
96.57
96.88
96.28
96.53
96.50
96.67
95.87
96.60
96.60
96.06
96.53
95.87
96.80
96.56
96.61
95.83
96.54
96.68
96.59
95.61
96.43
96.53
96.76
96.71
96.43
96.04
96.77
95.95
96.59
96.76
96.23
96.65
96.63
96.60
97.03
96.63
96.36
96.48
96.53
96.24
96.87
95.72
96.32
96.33
96.41
96.20
96.50
96.46
96.58
96.65
96.57
96.51
96.43
96.87
96.37
96.42
96.27
95.85
96.71
96.11
95.98
96.37
96.50
96.59
96.47
96.32
96.80
96.40
96.68
95.96
95.60
96.23
96.27
96.79
95.98
96.74
96.25
96.77
