96.61
96.72
96.65
96.58
96.27
95.62
96.25
96.86
95.57
96.71
96.44
96.90
97.04
95.74
96.25
96.91
96.90
96.52
96.57
96.64
96.43
96.71
95.76
96.60
96.14
96.37
96.77
95.67
96.34
96.95
97.06
96.90
96.81
96.24
96.48
96.35
96.58
96.40
97.16
96.55
96.37
96.23
96.50
96.62
97.08
96.46
97.10
96.72
96.12
96.37
96.71
96.50
96.33
96.12
96.06
96.95
96.63
96.10
96.66
96.63
96.16
96.97
96.89
96.79
96.82
96.67
96.96
96.52
95.97
96.68
96.74
96.37
96.43
96.74
96.86
96.15
96.65
96.94
95.89
96.42
96.49
96.83
96.77
96.73
96.69
96.39
96.63
96.19
96.51
95.96
96.97
96.76
96.78
96.67
96.60
96.25
95.90
96.91
96.36
96.78
96.68
96.80
96.75
96.60
96.55
97.36
96.78
95.64
96.53
96.82
96.84
96.45
96.89
97.04
96.14
96.38
96.90
96.37
95.94
96.51
96.79
95.68
97.21
96.10
96.50
96.07
96.64
96.55
96.73
96.55
96.35
96.87
96.62
96.55
97.06
96.60
96.53
96.25
96.86
96.93
96.61
96.71
96.17
96.54
96.66
96.88
96.45
96.96
96.78
96.45
96.67
96.66
96.70
96.31
96.61
95.73
96.54
96.47
96.60
96.19
96.30
95.96
96.47
97.08
96.26
96.60
96.68
96.63
97.01
96.90
96.05
96.87
96.59
96.32
96.46
96.24
96.50
96.14
96.31
96.61
96.75
96.71
96.59
96.63
96.40
96.70
96.70
96.55
95.87
96.69
96.92
96.98
96.54
96.34
97.00
96.39
96.79
96.58
96.55
96.23
96.40
96.42
96.93
96.91
96.86
96.62
96.00
96.75
96.98
96.99
96.31
96.33
96.61
96.88
96.54
96.23
96.67
96.44
96.50
96.91
96.47
96.93
96.65
96.39
96.72
96.59
96.78
95.85
96.94
96.80
96.59
96.08
97.00
96.20
95.96
96.82
96.91
96.60
96.58
96.41
96.61
96.61
96.52
96.70
97.00
96.92
96.46
96.74
96.19
96.18
96.12
96.60
96.54
96.57
96.23
97.01
96.35
96.61
96.69
96.64
96.30
96.76
96.85
96.99
96.47
96.22
96.75
96.44
96.28
96.43
96.22
96.23
96.70
96.66
96.75
96.52
96.47
96.67
95.43
96.55
96.69
96.37
95.88
96.01
96.43
96.36
96.55
96.04
96.26
96.74
95.72
96.31
96.91
95.90
96.76
96.47
96.67
96.73
96.90
96.24
96.76
96.67
96.39
96.80
96.80
97.08
96.45
96.41
95.69
96.84
96.57
96.04
96.85
96.53
96.77
96.31
96.41
96.75
96.72
96.67
96.90
96.95
95.46
96.98
96.55
96.68
97.02
96.75
96.67
96.74
96.15
97.12
96.57
96.80
96.47
96.86
96.80
96.82
96.79
95.44
97.13
97.08
96.71
95.56
97.11
97.01
95.84
95.71
96.80
96.59
95.97
96.43
96.45
96.91
96.36
95.82
96.19
96.73
96.63
96.52
96.69
96.48
96.17
96.78
96.27
96.63
96.49
96.24
96.47
95.85
96.91
96.69
96.37
95.72
96.98
96.54
96.43
97.03
96.48
96.75
96.75
96.51
96.31
96.36
95.81
96.65
96.99
96.73
96.38
96.67
96.51
96.69
96.54
96.50
96.74
96.23
96.85
96.48
96.60
96.45
96.57
96.83
96.92
95.28
96.62
96.45
97.03
96.55
96.48
96.65
96.79
96.77
97.09
96.71
96.69
96.71
96.44
96.86
96.76
96.70
96.97
96.68
96.50
96.84
96.20
96.80
96.63
96.86
97.29
97.14
96.45
97.10
96.58
96.96
97.07
96.29
97.06
96.68
96.81
96.61
96.39
96.78
96.39
96.29
96.61
96.50
96.56
96.93
96.51
96.74
97.12
96.46
96.65
96.74
96.87
96.63
96.48
96.18
96.56
96.85
96.55
96.30
97.03
96.56
96.48
97.05
96.26
97.06
96.46
97.02
97.00
96.68
96.08
96.13
96.85
96.72
96.76
96.72
96.29
97.01
96.57
96.58
95.79
96.39
96.37
96.78
96.50
96.63
96.55
96.30
96.39
96.76
96.75
96.53
96.00
96.49
96.68
97.09
96.25
96.53
96.43
97.11
96.25
96.07
96.51
95.39
96.22
96.39
96.94
96.50
96.17
96.19
96.38
96.35
96.16
96.73
96.93
96.76
96.23
96.36
96.82
96.22
96.03
97.22
96.51
96.61
95.59
96.88
95.15
96.68
96.76
96.67
96.74
96.91
96.61
96.69
96.47
96.69
96.08
96.78
96.78
96.23
95.49
95.72
96.47
96.04
97.23
97.09
96.64
96.25
96.38
96.81
95.52
96.24
96.65
95.96
96.49
96.43
96.54
96.48
96.31
96.66
96.31
96.17
97.10
96.57
96.53
96.87
96.95
95.51
96.65
96.02
96.48
96.38
96.45
96.64
96.07
96.08
96.94
96.80
95.93
96.73
96.69
96.64
96.69
96.52
96.70
96.21
96.71
96.95
96.82
96.74
96.57
96.63
96.47
96.82
96.55
96.82
96.74
96.28
96.11
96.59
96.49
96.39
97.03
95.63
96.62
96.63
96.83
96.38
96.38
96.56
96.53
96.72
96.44
96.43
96.88
96.84
95.97
96.26
96.00
96.94
97.03
96.96
96.45
96.60
96.67
96.31
96.68
96.38
96.96
96.23
96.83
96.99
96.04
96.17
96.55
96.74
96.38
96.90
96.46
97.07
96.91
97.00
96.66
96.51
97.14
96.56
96.94
96.58
96.50
96.09
95.68
96.63
96.80
96.54
96.88
96.22
96.78
96.68
96.38
96.78
96.15
96.57
96.26
96.06
96.33
96.55
96.76
96.14
96.52
96.75
96.65
96.63
96.96
96.49
96.28
96.85
95.61
96.71
96.70
96.89
96.67
96.44
96.18
97.12
96.79
96.91
96.78
97.11
96.15
96.43
96.45
96.28
96.40
96.88
96.68
96.66
96.85
96.16
96.70
96.86
96.80
97.05
96.54
96.19
96.95
96.84
96.51
96.20
96.01
96.39
96.96
96.31
96.57
96.65
96.96
96.44
96.94
96.75
96.94
95.77
95.72
96.51
95.83
96.34
96.62
96.29
97.16
96.87
96.70
96.55
96.50
96.46
95.95
97.07
96.71
96.32
96.61
96.14
96.42
97.04
96.51
96.78
96.81
96.84
97.19
96.90
95.99
96.48
97.03
96.70
96.47
96.27
95.84
96.81
96.41
97.05
96.49
96.09
96.19
95.97
96.42
96.21
96.00
96.92
96.02
96.55
96.85
96.50
96.60
96.62
96.82
96.33
95.98
96.43
96.62
96.19
96.90
96.54
96.75
96.29
96.89
95.84
96.20
96.76
96.77
96.45
96.01
95.74
95.70
96.07
96.55
96.16
96.07
96.74
96.43
96.32
96.91
96.55
97.14
96.61
96.30
96.77
96.71
96.03
96.71
95.58
96.90
96.76
96.56
96.84
96.66
96.76
96.80
97.11
96.57
95.82
96.33
96.39
96.75
96.91
96.38
96.77
96.75
96.74
96.21
96.08
95.54
96.28
96.57
97.01
96.26
96.77
96.82
96.87
96.37
96.58
95.91
96.83
96.73
96.60
96.75
96.71
95.91
96.51
96.49
96.75
96.33
96.47
96.22
96.65
96.80
97.09
96.81
96.46
97.04
96.78
96.84
96.75
96.78
96.68
95.55
96.72
95.20
96.45
97.08
96.23
96.81
96.82
96.74
96.55
97.14
96.80
96.53
96.52
96.88
95.50
96.67
96.92
95.84
96.54
96.77
96.74
96.87
96.88
96.40
96.69
96.73
96.42
96.47
96.59
96.84
96.63
96.49
96.06
96.44
95.79
96.68
96.57
96.68
97.02
95.78
95.94
96.35
96.11
97.14
96.21
96.74
96.66
96.39
96.23
96.30
96.52
97.09
96.66
96.54
97.23
96.36
96.49
96.58
96.70
96.07
96.43
96.40
97.00
97.15
96.00
96.35
96.80
96.37
96.33
96.24
96.95
96.72
96.30
95.90
96.73
96.68
96.75
96.95
96.31
96.34
96.77
96.73
95.99
96.77
96.68
96.63
94.90
96.67
96.80
96.51
96.38
96.73
96.69
96.49
96.43
96.49
96.41
96.17
96.82
96.51
96.66
96.56
96.34
96.47
96.70
96.84
96.67
95.98
96.52
96.58
96.43
96.42
96.16
97.12
97.05
96.49
96.39
96.46
96.49
96.51
96.34
96.41
96.69
96.83
96.00
97.09
96.39
96.41
96.44
96.35
96.10
96.51
96.86
96.46
96.70
96.69
96.27
