95.13
95.51
95.92
95.05
95.11
94.71
94.99
94.98
94.54
95.37
94.91
94.65
95.58
94.28
95.30
95.42
95.49
94.45
95.29
95.55
95.62
94.66
95.15
95.84
95.33
94.34
95.88
95.47
95.04
95.11
94.58
94.99
95.06
94.52
94.37
94.74
95.67
95.31
95.38
95.23
95.63
95.47
95.22
94.88
95.01
95.64
95.11
95.41
94.50
94.97
95.49
94.68
94.77
95.69
95.09
94.05
94.32
95.31
95.65
95.73
95.09
95.07
95.18
95.26
95.91
95.23
95.88
95.22
95.62
96.09
95.69
95.37
94.50
94.69
95.00
95.62
95.54
94.87
95.16
94.44
93.89
95.22
94.77
95.32
95.20
95.41
95.23
94.70
94.49
94.76
95.24
94.96
95.19
93.80
95.66
95.29
95.09
94.96
95.31
95.37
95.34
95.74
95.04
94.87
96.15
95.27
95.69
94.71
95.38
95.13
95.38
93.84
94.22
94.48
94.08
95.77
93.45
95.58
95.84
94.91
95.06
94.70
93.78
95.63
95.39
94.85
94.91
95.51
95.09
94.50
95.24
95.21
94.67
93.74
94.71
95.38
94.91
94.77
95.62
94.92
96.03
95.54
95.39
95.62
95.39
95.05
95.15
95.49
95.10
95.81
95.31
95.34
95.18
94.91
94.67
95.09
95.36
94.74
95.60
94.66
95.29
95.34
94.33
95.23
95.35
94.85
95.45
94.73
95.98
95.20
94.46
95.90
95.98
95.79
95.33
95.04
95.35
95.44
95.04
95.64
95.96
95.79
95.41
95.43
94.16
94.65
95.24
95.21
95.47
95.43
94.88
95.92
95.15
95.99
95.12
95.36
95.41
95.49
95.88
95.60
95.21
95.59
95.37
95.44
95.29
95.45
94.98
95.22
95.82
95.27
95.85
95.06
94.35
94.63
95.44
94.69
94.46
94.68
95.09
95.56
94.99
95.51
92.41
95.63
95.19
91.22
95.66
95.25
95.44
94.69
95.69
95.49
94.96
95.34
95.85
95.99
95.37
95.44
95.01
95.34
94.72
95.17
95.56
95.55
95.73
95.13
94.12
95.47
95.29
95.38
95.39
94.87
95.53
95.58
94.76
95.36
95.69
95.75
95.45
95.67
95.51
95.20
95.84
95.07
95.46
95.46
95.01
94.89
95.21
95.45
95.20
95.57
95.32
95.16
95.45
95.03
95.21
95.15
95.12
95.23
95.06
95.09
95.33
95.43
95.59
94.53
94.68
94.87
95.49
94.55
95.42
95.06
95.64
95.22
94.83
96.03
95.48
94.92
95.02
94.79
95.83
95.41
95.58
94.53
95.78
94.75
95.50
95.15
95.54
95.20
95.30
94.73
94.37
94.88
95.64
95.37
94.99
95.05
95.09
95.55
95.74
94.74
95.58
94.90
95.59
95.48
96.04
95.11
95.35
95.46
94.62
95.05
95.44
94.42
95.52
95.70
95.42
94.45
96.15
94.47
95.58
95.54
95.39
94.94
95.35
95.38
95.60
94.92
95.77
94.56
94.94
95.18
95.04
95.10
95.41
95.50
95.07
95.78
95.96
95.96
95.85
94.65
95.59
94.98
95.24
96.06
95.57
95.73
95.57
94.84
95.38
95.62
94.30
96.10
95.72
96.12
95.25
94.67
93.39
95.68
94.99
95.12
94.64
95.34
95.62
94.72
94.69
95.70
94.95
94.49
94.32
94.93
93.59
94.33
95.30
95.49
94.88
95.75
95.43
95.30
95.00
95.36
95.29
94.76
95.23
95.34
94.81
95.12
94.27
95.80
94.96
94.89
95.20
95.87
95.03
95.47
93.95
95.10
94.62
95.30
95.16
94.95
95.47
95.34
95.56
95.29
95.20
95.51
94.93
94.95
94.77
95.55
94.82
95.66
95.36
94.94
95.16
95.09
95.69
95.63
95.20
95.34
95.40
95.89
95.43
95.03
94.28
95.35
95.45
95.16
95.11
95.92
95.54
94.38
95.25
94.52
95.19
95.36
95.82
94.56
95.06
95.77
95.62
95.37
95.27
95.60
95.09
95.72
95.47
95.71
95.74
95.08
94.97
95.83
94.87
95.27
94.56
94.49
94.44
95.19
95.73
95.39
95.54
95.26
95.30
95.22
95.25
93.47
95.08
95.44
96.07
95.62
95.84
95.67
95.39
95.59
95.11
95.28
95.89
95.12
95.35
95.10
95.28
95.03
95.34
95.62
95.48
95.70
94.91
95.06
94.80
95.63
95.49
94.55
95.14
95.49
95.46
95.74
95.28
94.96
94.84
95.70
95.82
95.23
95.49
95.67
95.77
95.13
94.93
95.38
95.23
95.29
95.14
95.43
95.35
94.16
95.26
94.86
95.02
94.69
94.57
95.23
95.71
95.30
95.29
94.64
95.50
94.33
95.64
95.20
95.42
95.39
95.84
94.76
95.43
95.16
95.51
94.53
95.96
95.45
95.41
95.24
95.05
95.49
95.01
95.47
94.07
94.98
94.80
95.04
95.64
95.76
94.73
94.83
95.21
95.60
94.40
95.18
96.11
94.75
95.19
95.91
95.68
95.03
95.64
95.13
95.19
95.45
93.93
95.82
94.86
95.87
95.57
94.72
94.61
94.49
95.45
94.97
94.93
95.33
95.42
94.65
94.53
95.06
94.54
94.73
95.15
95.12
95.63
95.26
95.05
94.92
95.92
94.79
94.72
94.89
94.60
95.22
95.35
95.39
95.51
94.91
94.22
95.11
93.62
94.90
95.57
94.41
94.06
94.93
95.37
94.94
95.43
95.64
93.71
95.08
95.24
95.44
94.89
95.08
95.08
95.38
95.50
94.26
94.54
95.85
94.44
95.00
94.99
95.38
94.40
95.82
95.54
95.17
95.40
94.46
95.00
95.22
95.09
94.73
95.63
95.27
95.07
95.94
94.40
94.52
94.77
94.73
94.79
96.12
95.75
95.25
95.42
95.69
95.40
94.77
95.35
95.65
94.63
95.13
94.80
94.85
95.53
95.57
95.00
95.23
95.32
94.74
95.38
94.67
94.76
96.11
94.22
95.75
95.50
95.24
95.52
95.94
95.04
95.60
95.34
94.51
95.34
95.06
95.58
95.92
95.18
95.09
94.97
95.50
95.06
93.88
95.32
94.05
95.66
95.05
94.82
94.93
95.18
95.56
95.49
94.80
95.79
95.79
94.94
94.56
95.26
95.09
95.92
95.13
95.26
95.45
93.61
95.29
95.46
95.33
94.85
95.37
95.39
95.29
95.68
95.75
95.53
95.12
95.66
95.69
95.48
94.33
95.16
95.59
95.29
94.82
95.19
94.64
95.64
95.06
95.23
95.73
95.60
95.50
95.05
95.25
95.35
94.96
94.75
95.38
95.39
95.98
96.18
95.91
94.95
95.61
94.42
95.00
94.83
94.86
95.49
95.57
95.41
95.91
95.18
94.97
94.79
95.01
95.65
95.06
94.84
94.54
95.48
94.69
95.11
94.80
94.94
94.81
95.19
95.55
95.75
95.16
95.45
95.66
95.21
95.28
95.57
95.01
94.85
95.50
94.86
95.23
95.43
93.89
94.59
95.75
95.29
95.77
95.11
95.91
95.83
95.62
95.20
95.08
95.47
95.68
95.77
95.57
95.56
93.98
95.10
94.48
94.95
94.81
95.35
94.72
95.57
93.89
95.38
95.73
95.15
95.94
94.76
95.08
94.57
94.25
95.29
95.68
95.59
95.57
94.59
95.17
95.70
95.46
95.04
95.23
94.55
95.37
95.50
94.54
94.35
94.82
95.04
95.03
94.97
94.97
94.77
95.60
95.25
95.67
94.66
95.79
95.85
95.47
95.43
95.61
95.06
95.69
95.79
95.36
95.63
95.34
95.83
95.41
94.82
95.02
94.90
95.49
95.00
95.79
94.80
95.40
95.83
95.40
95.53
94.45
94.99
95.74
94.86
95.80
95.37
95.29
94.92
94.89
95.91
95.47
94.60
95.65
95.15
94.95
95.49
95.46
95.36
94.50
95.54
95.09
95.53
94.58
95.28
95.53
94.77
95.29
95.04
95.63
95.93
95.72
95.72
95.07
95.28
95.22
95.07
95.15
95.12
95.81
95.31
95.85
95.70
95.48
95.63
95.40
95.22
95.03
95.83
95.14
94.93
95.63
95.46
95.50
96.11
95.20
95.17
95.01
95.96
94.46
95.04
95.60
94.91
95.36
95.60
94.85
94.96
95.01
95.57
95.64
95.66
95.54
94.74
95.08
94.70
95.13
95.54
94.83
94.84
94.42
95.38
94.52
95.47
94.62
95.84
95.35
95.96
95.09
94.89
95.51
95.04
94.00
95.88
94.79
95.17
95.03
94.40
95.12
95.76
95.14
94.77
94.93
95.05
94.91
95.61
95.59
95.26
94.96
93.49
95.02
