97.67
97.51
97.64
97.46
97.59
97.70
97.73
97.61
97.59
97.43
97.62
97.41
97.76
97.66
97.60
97.63
97.73
97.60
97.65
97.39
97.78
97.57
97.49
97.63
97.63
97.51
97.37
97.81
97.65
97.64
97.46
97.73
97.60
97.69
97.74
97.62
97.36
97.60
97.66
97.67
97.78
97.84
97.74
97.74
97.46
97.18
97.80
97.82
97.69
97.58
97.72
97.59
97.76
97.59
97.43
97.34
97.66
97.69
97.61
97.81
97.29
97.81
97.68
97.54
97.45
97.61
97.51
97.84
97.36
97.61
97.29
97.65
97.72
97.66
97.48
97.65
97.51
97.85
97.75
97.46
97.80
97.61
97.44
97.81
97.47
97.70
97.88
97.38
97.82
97.75
97.63
97.64
97.46
97.70
97.80
97.37
97.62
97.60
97.81
97.57
97.66
97.63
97.36
97.75
97.85
97.69
97.65
97.66
97.78
97.52
97.49
97.71
97.66
97.79
97.35
97.65
97.29
97.70
97.32
97.72
97.58
97.63
97.76
97.73
97.63
97.61
97.72
97.55
97.56
97.73
97.71
97.58
97.66
97.54
97.34
97.79
97.75
97.74
97.77
97.65
97.66
97.42
97.64
97.73
97.40
97.53
97.79
97.57
97.61
97.73
97.13
97.56
97.71
97.58
97.43
97.73
97.67
97.69
97.37
97.68
97.37
97.76
97.69
97.49
97.75
97.83
97.66
97.61
97.67
97.77
97.64
97.76
97.56
97.82
97.78
97.61
97.58
97.70
97.64
97.64
97.77
97.60
97.53
97.50
97.68
97.80
97.78
97.47
97.72
97.75
97.52
97.72
97.46
97.85
97.27
97.50
97.68
97.65
97.40
97.46
97.80
97.59
97.46
97.68
97.62
97.52
97.87
97.41
97.73
97.85
97.68
97.73
97.72
97.67
97.74
97.58
97.38
97.63
97.81
97.55
97.49
97.71
97.67
97.64
97.73
97.79
97.85
97.65
97.49
97.65
97.78
97.58
97.66
97.74
97.70
97.45
97.56
97.55
97.42
97.57
97.64
97.75
97.71
97.71
97.79
97.72
97.92
97.89
97.65
97.41
97.75
97.90
97.74
97.55
97.71
97.64
97.46
97.50
97.69
97.62
97.64
97.62
97.66
97.77
97.45
97.53
97.47
97.64
97.66
97.77
97.89
97.55
97.82
97.59
97.65
97.12
97.66
97.80
97.71
97.69
97.68
97.79
97.65
97.58
97.64
97.64
97.85
97.75
97.85
97.58
97.52
97.57
97.65
97.70
97.47
97.48
97.65
97.64
97.45
97.52
97.75
97.76
97.68
97.23
97.85
97.71
97.90
97.32
97.76
97.80
97.74
97.54
97.87
97.62
97.48
97.26
97.77
97.49
97.68
97.35
97.55
97.82
97.73
97.80
97.74
97.80
97.77
97.56
97.32
97.67
97.84
97.77
97.50
97.66
97.61
97.64
97.65
97.81
97.47
97.67
97.76
97.65
97.55
97.45
97.78
97.57
97.59
97.66
97.50
97.31
97.51
97.52
97.58
97.32
97.72
97.49
97.66
97.68
97.45
97.65
97.91
97.64
97.64
97.61
97.46
97.84
97.59
97.56
97.74
97.82
97.58
97.55
97.63
97.65
97.74
97.76
97.54
97.67
97.70
97.89
97.71
97.69
97.41
97.75
97.65
97.65
97.54
97.47
97.48
97.31
97.74
97.66
97.79
97.47
97.41
97.51
97.64
97.82
97.57
97.72
97.50
97.64
97.57
97.56
97.62
97.63
97.56
97.80
97.74
97.78
97.63
97.69
97.75
97.65
97.50
97.61
97.51
97.55
97.49
97.58
97.74
97.69
97.54
97.71
97.54
97.70
97.80
97.56
97.60
97.90
97.75
97.76
97.56
97.76
97.84
97.62
97.58
97.69
97.48
97.61
97.70
97.42
97.31
97.68
97.49
97.71
97.52
97.70
97.49
97.45
97.51
97.77
97.72
97.49
97.72
97.58
97.69
97.52
97.52
97.81
97.51
97.48
97.84
97.75
97.86
97.61
97.60
97.57
97.45
97.59
97.43
97.64
97.70
97.44
97.87
97.34
97.70
97.79
97.79
97.74
97.95
97.54
97.72
97.40
97.60
97.43
97.58
97.72
97.73
97.90
97.50
97.69
97.65
97.37
97.65
97.64
97.57
97.56
97.62
97.85
97.64
97.45
97.60
97.64
97.62
97.76
97.55
97.54
97.65
97.50
97.51
97.73
97.37
97.51
97.74
97.65
97.78
97.81
97.83
97.50
97.54
97.33
97.65
97.76
97.60
97.65
97.80
97.81
97.45
97.91
97.75
97.67
97.77
97.42
97.76
97.41
97.86
97.82
97.42
97.66
97.70
97.64
97.71
97.84
97.73
97.57
97.30
97.46
97.87
97.69
97.86
97.48
97.54
97.48
97.78
97.67
97.77
97.58
97.58
97.70
97.71
97.74
97.60
97.48
97.83
97.68
97.93
97.87
97.59
97.67
97.70
97.49
97.64
97.83
97.59
97.67
97.93
97.73
97.70
97.60
97.62
97.69
97.72
97.36
97.68
97.76
97.57
97.72
97.48
97.69
97.55
97.24
97.33
97.48
97.69
97.70
97.81
97.38
97.68
97.60
97.78
97.61
97.91
97.53
97.35
97.73
97.39
97.88
97.82
97.62
97.67
97.62
97.60
97.57
97.38
97.43
97.66
97.65
97.57
97.72
97.82
97.48
97.60
97.73
97.82
97.62
97.61
97.53
97.68
97.72
97.50
97.61
97.37
97.60
97.31
97.77
97.51
97.68
97.71
97.80
97.63
97.66
97.71
97.90
97.83
97.53
97.63
97.41
97.70
97.48
97.58
97.71
97.71
97.69
97.76
97.71
97.68
97.57
97.73
97.84
97.71
97.92
97.71
97.69
97.61
97.87
97.65
97.75
97.81
97.73
97.75
97.69
97.69
97.61
97.71
97.89
97.37
97.54
97.50
97.78
97.82
97.85
97.82
97.61
97.68
97.55
97.58
97.49
97.94
97.48
97.77
97.77
97.60
97.33
97.62
97.63
97.55
97.71
97.58
97.46
97.62
97.67
97.36
97.82
97.41
97.75
97.55
97.74
97.63
97.86
97.92
97.56
97.46
97.60
97.69
97.68
97.44
97.49
97.37
97.63
97.70
97.66
97.38
97.66
97.65
97.53
97.34
97.72
97.64
97.65
97.65
97.73
97.44
98.03
97.37
97.70
97.83
97.76
97.54
97.52
97.63
97.65
97.63
97.67
97.75
97.60
97.69
97.56
97.47
97.78
97.72
97.68
97.54
97.60
97.63
97.58
97.69
97.45
97.63
97.86
97.71
97.78
97.81
97.75
97.48
97.43
97.67
97.59
97.55
97.71
97.61
97.65
97.57
97.58
97.65
97.89
97.59
97.77
97.61
97.69
97.41
97.61
97.77
97.71
97.58
97.59
97.61
97.79
97.37
97.55
97.66
97.80
97.74
97.55
97.34
97.78
97.43
97.75
97.31
97.33
97.56
97.56
97.64
97.66
97.61
97.54
97.53
97.93
97.94
97.76
97.96
97.50
97.67
97.68
97.28
97.67
97.74
97.38
97.79
97.78
97.58
97.50
97.67
97.81
97.66
97.65
97.55
97.60
97.54
97.58
97.53
97.58
97.82
97.48
97.71
97.58
97.94
97.82
97.42
97.76
97.44
97.47
97.75
97.72
97.66
97.76
97.85
97.46
97.43
97.64
97.81
97.53
97.61
97.70
97.73
97.34
97.57
97.69
97.29
97.72
97.50
97.67
97.75
97.46
97.78
97.62
97.55
97.77
97.59
97.68
97.77
97.94
97.75
97.85
97.58
97.65
97.74
97.79
97.57
97.54
97.75
97.45
97.66
97.62
97.55
97.83
97.86
97.43
97.74
97.78
97.76
97.83
97.51
97.60
97.84
97.52
97.50
97.60
97.75
97.53
97.63
97.70
97.87
97.73
97.78
97.39
97.71
97.49
97.66
97.88
97.64
97.66
97.57
97.57
97.77
97.92
97.67
97.74
97.83
97.48
97.46
98.02
97.60
97.74
97.49
97.56
97.37
97.70
97.44
97.68
97.42
97.64
97.58
97.67
97.71
97.80
97.58
97.71
97.74
97.75
97.81
97.39
97.33
97.47
97.82
97.63
97.89
97.47
97.65
97.65
97.78
97.79
97.49
97.40
97.58
97.84
97.80
97.78
97.71
97.48
97.77
97.62
97.66
97.52
97.48
97.68
97.82
97.88
97.74
97.63
97.46
97.74
97.28
97.22
97.23
97.88
97.46
97.39
97.49
97.48
97.79
97.81
97.82
97.52
97.67
97.51
97.37
97.75
97.66
97.73
97.64
97.70
97.70
97.53
97.40
97.37
97.87
97.48
97.86
97.67
