94.07
94.65
92.54
92.96
93.16
95.75
94.81
90.53
94.39
94.45
94.45
92.07
93.37
92.72
94.57
92.98
94.77
94.39
94.81
93.41
91.87
93.19
95.03
91.69
95.03
92.19
92.10
93.89
94.02
94.17
91.91
91.05
92.70
95.12
95.26
91.88
93.68
91.78
92.64
93.96
94.03
91.82
92.05
93.40
94.86
93.79
93.42
90.63
93.94
91.39
94.90
94.35
93.05
94.78
92.12
91.48
94.92
92.70
94.61
93.34
91.85
94.91
94.46
94.59
93.25
95.39
94.03
93.56
91.90
93.46
93.57
94.65
93.45
95.17
93.21
91.96
93.80
92.22
90.09
94.33
91.09
93.54
94.24
94.51
93.59
93.95
94.72
94.27
92.80
92.05
91.35
93.38
94.58
94.86
92.53
91.17
93.98
93.84
93.71
94.56
94.62
95.62
95.02
92.62
91.56
92.52
94.16
93.95
93.67
93.21
93.89
94.05
91.99
91.25
95.11
92.62
93.99
93.61
93.00
91.65
93.45
93.11
94.01
93.73
95.17
93.72
93.91
94.39
94.90
94.26
94.25
94.33
93.72
88.91
94.72
90.95
93.36
93.68
92.32
93.03
87.92
92.23
94.27
94.57
92.30
94.65
93.30
95.06
92.63
93.68
93.93
94.22
93.29
95.33
94.01
94.09
93.90
95.48
93.38
94.65
95.42
94.16
94.06
92.62
92.32
94.97
94.77
93.77
95.00
93.73
94.23
95.04
92.72
94.14
93.57
91.86
94.63
94.53
95.26
94.65
95.00
94.42
90.50
95.21
92.90
92.72
89.47
94.31
92.93
92.76
94.11
94.39
92.06
93.70
94.01
93.97
94.65
94.97
94.26
93.83
93.86
91.19
94.48
93.34
95.20
91.32
95.33
92.63
93.69
94.79
95.27
93.06
93.07
95.43
93.93
92.13
92.96
93.81
94.11
92.74
95.11
95.29
95.47
92.45
94.05
93.38
91.77
87.88
93.75
93.76
94.17
94.48
89.08
93.67
93.42
93.86
93.54
93.86
93.77
94.28
93.40
94.69
92.36
92.64
95.24
94.73
93.96
94.15
93.42
94.94
91.64
92.72
94.15
90.96
91.62
94.92
93.13
94.48
94.37
93.84
93.31
93.33
91.61
93.90
93.71
92.99
94.83
91.05
92.03
93.37
94.23
94.05
92.05
94.41
93.46
94.82
94.66
94.24
93.61
95.38
93.85
93.55
94.58
94.56
94.92
93.17
94.00
92.44
92.83
92.31
92.81
93.94
93.05
95.37
90.79
95.45
91.62
92.10
94.55
93.04
93.79
93.91
93.78
93.48
94.85
94.11
93.37
94.87
93.71
93.35
94.36
95.47
94.47
94.26
93.77
95.15
92.79
94.74
93.35
93.57
93.45
94.18
95.06
93.56
95.21
94.10
93.06
94.75
94.42
93.60
93.11
91.49
93.45
92.25
94.05
94.13
93.13
90.20
94.03
92.77
93.72
94.99
94.38
92.05
95.48
93.55
94.10
94.25
94.69
94.13
93.23
94.01
94.73
91.42
94.51
92.29
91.13
92.84
93.36
94.45
93.81
93.60
94.21
94.96
92.71
92.97
91.42
92.90
92.29
94.82
94.62
92.54
90.93
94.32
94.28
95.13
92.43
91.32
95.01
93.46
93.23
90.96
93.17
94.89
94.54
94.85
90.49
91.92
94.84
93.86
94.15
93.00
94.04
94.98
94.41
92.36
94.63
93.99
91.94
94.97
94.61
94.07
94.62
95.21
93.09
94.49
93.84
95.33
93.07
92.07
93.53
94.66
95.18
93.76
94.43
94.18
93.82
89.75
93.05
94.53
94.59
94.37
92.79
92.22
93.28
93.28
94.96
95.06
93.00
91.54
93.35
94.05
93.14
92.97
92.78
93.98
91.46
92.76
94.69
94.18
93.70
93.70
91.65
92.15
93.91
94.17
92.89
95.39
94.74
93.44
93.56
91.87
92.87
90.15
93.70
91.62
91.61
90.78
88.34
94.44
93.06
94.74
91.55
94.56
93.12
93.70
94.58
93.91
94.48
93.57
93.73
93.25
95.36
94.32
93.17
93.21
93.19
92.89
92.93
94.06
95.45
93.05
93.98
93.18
91.93
93.84
93.19
92.76
91.73
92.27
94.88
90.51
95.25
91.69
94.05
92.87
93.32
92.43
88.48
93.04
95.06
95.09
93.63
94.82
89.51
94.04
92.58
90.14
93.88
94.07
93.78
92.09
91.38
93.81
92.80
94.22
93.47
92.69
93.70
91.88
92.59
94.02
94.52
93.61
92.91
88.19
94.54
91.84
91.47
90.79
94.57
93.98
94.54
93.60
93.81
93.71
94.30
94.22
95.17
93.10
88.63
92.14
92.60
91.17
95.37
92.98
93.64
94.76
92.97
94.32
93.71
94.52
95.00
93.85
93.74
94.53
93.42
93.48
95.45
93.78
94.78
93.20
93.05
93.51
94.80
94.86
93.52
92.36
92.14
94.71
91.95
94.80
91.02
93.32
94.74
94.10
92.23
94.37
93.82
94.58
94.27
94.19
93.07
93.88
93.97
94.72
94.27
91.53
94.61
93.10
89.36
93.12
94.61
94.45
94.21
92.96
94.44
93.99
94.05
94.53
93.77
93.28
94.45
93.69
91.56
92.70
92.82
93.83
94.22
94.45
92.92
94.72
93.32
94.98
93.26
94.88
93.96
93.75
92.89
93.52
93.21
92.81
94.96
92.21
90.66
92.09
94.50
94.14
93.36
94.23
91.67
95.68
94.23
95.94
91.07
91.21
92.50
92.14
93.61
90.99
92.85
92.57
92.93
92.47
93.39
93.04
92.61
93.48
94.56
94.26
94.93
94.87
94.76
94.77
94.60
94.78
92.04
95.35
93.05
93.58
93.76
93.28
93.78
93.39
94.44
93.73
93.99
91.12
94.22
93.98
92.79
94.68
93.58
94.20
90.77
94.72
93.51
92.34
94.37
93.78
94.06
90.60
94.37
91.42
94.94
93.42
90.92
93.22
94.18
91.86
93.19
92.77
94.14
93.55
95.20
94.19
94.48
94.92
94.28
92.58
95.52
93.40
92.43
92.45
88.46
93.81
95.06
93.25
95.56
93.37
94.06
92.41
94.14
95.13
91.56
91.76
91.69
90.67
93.39
94.34
92.69
94.18
91.53
93.58
93.86
92.53
93.03
93.26
91.96
94.90
94.45
91.67
95.15
92.37
91.88
94.49
95.21
94.14
95.09
95.20
94.69
92.27
93.93
94.35
95.18
91.99
94.63
93.71
92.68
93.94
94.94
93.81
93.23
89.70
94.86
94.38
93.69
93.09
93.38
88.75
94.67
94.46
93.82
95.05
94.40
93.87
92.99
89.06
95.22
89.18
93.85
94.59
91.98
93.24
91.80
93.77
93.91
92.33
92.89
93.83
90.91
90.89
94.38
93.88
93.10
92.34
94.83
91.95
93.67
92.29
93.93
94.46
92.96
92.70
93.08
91.36
94.45
94.24
93.78
94.11
93.73
93.33
91.84
94.56
94.76
91.24
92.75
92.03
93.80
94.44
92.60
91.21
94.87
91.56
94.70
94.90
93.29
94.25
93.46
94.31
94.48
92.12
93.80
93.48
90.43
93.81
95.13
90.59
90.24
93.22
91.55
94.01
93.54
93.81
94.35
94.26
93.51
94.20
93.00
92.78
93.73
94.85
92.97
95.01
93.31
93.43
94.50
94.16
94.88
94.29
94.08
92.65
93.08
94.15
91.47
93.45
90.49
92.65
94.16
93.21
95.49
94.08
92.01
93.81
93.69
92.73
93.39
94.37
94.92
91.36
92.02
92.49
94.42
93.44
91.93
93.40
92.94
95.23
93.63
92.27
90.71
93.38
93.81
93.86
95.07
92.71
93.58
94.85
93.02
94.20
94.36
91.74
90.83
94.02
93.53
94.00
92.77
94.26
94.22
92.80
94.79
91.75
93.85
92.32
92.30
92.89
95.34
93.36
94.98
93.24
95.19
95.10
93.88
90.48
92.73
94.71
92.42
92.30
92.87
95.91
91.71
94.15
92.29
90.07
94.13
93.33
92.30
90.23
93.96
93.51
93.00
94.29
95.28
91.37
93.84
95.64
93.21
94.33
90.96
93.24
94.47
92.57
92.94
95.13
91.67
93.23
92.93
94.73
89.53
93.82
89.11
94.64
94.36
94.16
94.53
90.87
93.32
93.39
93.13
92.48
94.97
93.48
85.40
91.08
93.40
91.75
93.01
94.23
93.25
94.34
93.07
94.96
93.78
93.60
94.65
93.06
94.87
93.40
92.52
92.14
94.49
94.19
93.28
94.51
93.47
95.07
93.86
94.01
91.86
91.12
92.14
94.57
90.60
93.78
92.40
95.97
94.32
92.80
95.23
94.25
