96.58
97.35
97.07
96.52
96.57
96.93
96.99
96.47
96.45
96.95
97.15
96.96
97.36
97.12
96.88
97.00
96.93
97.02
96.81
96.83
97.31
96.94
96.88
97.12
96.71
97.01
97.17
97.24
96.89
96.97
97.07
96.57
97.47
96.93
96.71
96.98
96.67
96.68
97.12
96.94
96.48
97.28
97.13
96.71
96.78
97.16
97.00
96.65
96.99
96.70
96.74
96.97
96.75
96.84
96.80
96.83
97.04
96.92
96.89
96.94
96.77
96.70
96.35
97.07
96.69
96.58
97.06
97.29
96.76
96.95
97.00
96.79
97.04
96.81
97.17
96.83
97.18
97.03
96.71
96.88
97.03
96.58
97.00
96.93
96.54
97.05
96.89
97.08
97.28
97.06
96.82
96.84
96.90
96.75
97.04
96.49
96.86
96.89
96.98
96.76
96.78
96.97
96.80
96.77
96.91
97.07
96.46
97.13
97.22
96.52
96.96
96.46
96.57
96.87
96.93
97.29
97.08
96.95
97.07
96.99
96.90
96.62
96.75
97.32
96.98
96.67
97.14
96.65
97.09
97.04
97.04
96.88
96.74
96.82
96.90
96.77
97.14
96.98
96.74
97.57
96.97
96.40
96.93
96.63
97.34
97.21
97.10
97.04
97.11
97.20
97.20
96.77
96.94
96.71
96.96
96.64
97.12
97.45
97.10
96.92
97.04
96.80
97.07
96.90
97.09
96.94
96.63
96.89
96.86
96.80
97.00
97.25
96.77
96.58
96.88
96.95
96.81
96.26
96.68
96.98
96.58
96.94
96.20
96.59
96.73
96.99
96.84
97.00
96.41
95.95
96.95
97.18
97.12
96.64
96.82
96.98
96.58
96.87
96.74
97.00
96.88
96.43
96.92
97.37
96.73
96.52
96.97
97.13
97.04
97.06
96.70
97.16
97.10
96.84
97.04
96.96
96.98
96.71
97.08
96.86
96.36
96.15
96.64
96.75
97.04
97.36
97.19
97.00
96.32
96.96
97.04
97.01
96.84
97.45
96.95
96.69
97.09
97.21
97.30
96.88
96.86
96.64
97.00
97.03
96.71
97.11
97.17
96.99
97.05
96.73
96.85
97.01
97.27
96.93
97.23
96.67
96.81
96.96
96.85
97.17
96.79
96.92
97.01
97.42
96.87
97.05
96.97
97.13
96.93
97.18
96.53
96.77
96.85
96.86
96.69
96.79
96.92
96.89
97.03
96.96
96.78
96.85
96.78
96.84
96.85
97.27
96.93
97.04
96.78
96.71
97.18
96.89
96.77
96.90
96.95
96.25
96.98
96.90
96.97
96.86
96.87
96.73
96.63
96.96
96.57
96.71
96.67
97.00
96.27
97.18
96.93
96.92
97.13
96.82
96.85
96.51
96.77
96.92
95.99
96.67
96.87
97.01
96.55
97.03
96.72
97.10
96.72
97.11
96.27
96.93
96.19
96.67
96.98
97.09
96.64
96.28
97.17
96.96
96.39
97.00
97.12
96.89
97.03
97.05
97.12
96.89
97.19
96.87
97.10
96.67
96.71
97.10
96.91
96.55
97.25
96.53
97.14
96.87
97.16
96.83
96.96
96.77
97.06
96.97
96.92
97.14
96.58
96.88
96.39
96.78
96.74
97.25
96.46
96.94
96.79
96.56
96.72
96.72
96.53
96.60
97.00
97.08
96.89
96.80
96.91
97.15
96.51
97.05
97.02
97.14
96.58
96.86
96.87
96.90
97.17
96.66
96.79
97.02
96.97
96.98
96.90
96.87
96.58
96.76
96.81
96.94
96.94
97.07
96.81
96.90
97.02
96.86
96.89
97.12
96.58
97.24
97.06
97.05
96.80
96.94
96.89
96.86
97.17
96.74
97.15
97.06
97.15
97.16
96.53
96.88
97.00
97.07
97.01
97.02
96.65
96.77
97.08
96.93
96.64
96.68
96.87
96.93
96.25
97.19
96.69
96.59
97.23
96.92
96.80
97.11
96.85
97.42
97.12
97.36
96.41
97.08
96.59
97.08
97.08
97.09
96.80
96.85
96.19
96.46
96.74
96.89
96.81
97.02
96.99
97.32
97.21
96.83
96.92
96.76
96.76
97.15
96.83
96.88
96.97
97.14
96.85
96.33
96.49
97.00
96.82
97.07
96.64
96.83
96.80
97.00
96.86
97.17
97.00
97.41
96.87
97.05
96.64
97.24
97.10
96.97
96.90
97.01
96.76
96.61
96.50
96.92
97.26
97.23
96.59
96.10
96.41
96.62
96.81
96.17
96.61
97.14
96.99
97.09
96.85
96.86
96.46
96.23
96.82
96.69
96.90
97.06
97.14
97.08
96.82
97.07
96.80
97.12
96.94
97.31
96.53
97.14
97.04
96.96
96.94
96.85
96.81
97.09
97.08
97.12
96.66
97.09
97.07
96.52
96.74
96.91
97.03
97.33
97.24
97.19
96.79
97.32
97.25
97.02
96.68
96.63
96.53
97.07
97.00
96.52
96.96
96.73
97.08
96.76
96.79
96.97
96.72
96.91
96.43
97.14
96.95
96.23
96.92
96.55
97.10
96.84
96.95
97.08
96.78
96.88
97.08
97.29
97.04
96.38
96.44
96.92
97.12
96.81
96.62
96.89
97.05
96.79
96.92
96.74
96.86
97.08
97.32
96.86
96.16
96.88
97.43
96.98
96.55
97.22
96.45
96.80
96.53
96.78
96.63
96.74
95.97
97.21
96.60
96.98
97.31
96.35
96.57
96.56
96.71
96.89
96.82
97.06
97.02
96.72
96.61
97.12
97.02
96.37
96.84
96.67
97.04
96.99
96.82
96.79
97.02
96.98
96.84
96.59
96.94
96.77
96.88
97.09
97.05
97.24
96.72
97.13
96.89
97.03
96.87
96.77
97.16
96.82
97.24
96.97
97.01
96.63
96.83
96.59
97.16
96.75
97.38
96.79
97.22
97.21
97.06
96.92
96.72
97.06
96.98
96.98
96.31
96.81
97.17
96.95
97.02
96.94
96.90
97.04
97.15
96.58
97.08
97.09
96.94
96.85
96.25
96.76
96.71
96.30
96.78
96.59
97.22
97.01
97.13
97.06
97.05
96.91
97.20
96.95
96.92
97.01
96.46
97.22
96.92
96.25
96.64
96.72
96.69
96.43
97.17
96.80
96.88
96.88
97.01
97.01
96.87
97.27
97.05
96.92
96.77
96.99
96.66
96.92
97.14
97.02
95.84
96.81
96.94
97.04
97.34
97.12
96.73
96.64
96.50
96.72
97.16
97.50
97.31
95.63
96.55
97.03
96.64
96.72
97.21
96.82
97.19
96.93
96.77
96.76
97.04
96.76
96.94
96.65
97.14
96.92
97.18
97.16
96.89
96.95
96.72
96.88
96.62
97.05
97.05
96.82
96.38
96.79
96.85
97.28
96.93
96.79
97.27
96.77
97.11
97.16
96.57
96.21
97.04
96.80
96.81
96.89
97.06
96.74
96.81
97.06
96.62
96.91
96.94
96.88
97.09
97.24
97.40
96.75
97.01
96.59
96.91
96.70
96.83
97.03
97.16
96.96
96.82
96.95
96.97
96.92
96.53
96.77
97.21
96.69
97.15
96.70
96.95
97.18
97.16
97.20
97.01
96.89
96.61
96.19
96.20
97.09
96.66
96.49
96.71
96.81
96.80
96.49
96.94
96.78
96.72
96.83
96.69
96.81
96.80
96.89
97.24
96.47
96.99
96.55
96.42
96.96
97.18
96.94
97.14
96.95
96.83
96.86
97.28
97.14
97.35
96.94
96.73
96.60
96.95
97.02
96.53
96.74
96.88
96.91
96.55
97.05
96.46
96.86
96.78
97.03
96.96
96.97
96.99
97.17
97.52
96.89
96.48
96.93
96.66
97.17
96.66
97.24
96.85
96.80
96.62
97.16
97.23
97.26
97.01
96.91
97.13
97.21
96.72
96.90
96.78
97.30
96.63
96.64
96.88
96.91
97.19
96.56
96.96
96.74
96.96
97.09
97.24
96.98
97.21
97.12
96.59
96.92
97.17
96.94
96.82
96.86
96.34
96.78
97.18
96.87
97.02
97.15
96.30
97.27
96.30
97.23
96.96
96.84
97.16
96.69
96.59
97.21
96.73
96.87
96.74
97.16
96.70
96.67
96.44
97.03
96.19
96.49
96.68
94.98
96.30
97.27
96.48
96.98
97.07
97.03
96.91
96.74
97.19
96.94
96.89
96.49
96.79
96.57
97.00
96.92
96.59
96.58
96.85
96.82
96.43
96.90
96.87
97.09
96.36
96.73
96.70
97.04
96.19
96.90
96.96
97.23
96.91
96.76
97.07
96.61
96.45
96.94
96.97
97.12
96.79
96.15
96.71
96.98
96.85
97.00
96.84
97.28
96.66
96.89
96.65
97.32
97.06
97.19
96.98
96.70
97.15
96.96
