96.62
96.05
96.26
96.61
96.16
96.56
96.10
96.29
96.34
95.83
95.92
96.53
94.97
96.26
96.24
95.76
95.98
96.84
95.61
95.90
96.45
96.50
95.40
95.52
96.42
95.09
96.47
96.23
95.58
95.28
96.77
95.60
96.21
96.11
96.44
96.33
94.73
94.68
95.93
96.45
96.01
95.57
95.41
96.48
96.06
95.97
96.16
95.54
95.53
96.71
95.90
95.25
96.23
95.88
96.31
95.73
96.19
94.87
95.64
96.19
96.25
96.61
96.62
94.42
96.25
95.62
96.49
95.75
96.90
96.42
96.42
96.18
96.19
96.15
96.01
95.71
95.75
96.11
95.80
95.76
95.74
95.38
96.44
95.79
96.03
94.87
95.74
96.34
96.09
95.97
96.42
96.03
95.89
96.13
95.73
96.17
96.28
95.32
95.68
96.03
96.34
95.90
96.12
96.23
95.42
96.03
95.67
95.33
96.40
96.29
96.09
96.44
95.64
95.88
95.10
95.19
94.92
94.66
95.16
96.25
96.56
96.59
95.96
95.68
95.85
95.04
96.07
96.63
96.02
95.58
96.20
96.30
95.92
95.82
95.61
93.56
96.13
96.33
94.85
95.97
96.07
95.07
95.11
95.50
96.28
96.06
95.78
94.46
95.12
96.20
95.12
95.11
95.98
95.64
96.85
94.73
95.71
95.14
96.41
96.10
95.53
93.95
96.28
96.12
96.26
95.55
96.21
95.27
95.91
95.03
95.80
95.61
95.73
95.15
95.91
96.35
95.93
95.53
96.09
94.96
96.04
96.13
95.94
95.69
95.96
94.72
96.35
95.81
95.71
94.85
94.97
95.79
95.43
95.16
96.50
96.14
96.45
96.18
96.64
95.75
96.61
95.73
96.64
95.76
96.85
96.54
95.92
96.09
95.94
95.83
96.11
96.32
96.44
96.15
96.49
96.16
96.08
95.42
96.24
96.96
96.21
95.76
96.46
95.28
95.80
95.97
96.21
95.81
95.06
96.26
95.39
96.50
96.03
95.55
93.26
96.47
94.67
95.60
96.43
96.41
96.05
95.39
95.94
95.83
95.75
95.50
95.53
96.14
95.68
95.33
96.42
96.76
95.27
95.93
96.21
95.40
95.79
96.70
95.89
95.29
96.11
96.05
96.16
93.99
96.38
96.02
96.32
96.26
96.37
95.70
95.82
95.90
95.80
96.38
95.41
95.95
96.05
94.79
94.78
95.99
95.96
95.97
96.40
94.81
96.19
95.63
95.53
95.62
94.43
96.06
95.82
95.51
96.58
94.42
95.33
95.98
96.17
95.66
96.26
96.07
95.65
96.56
96.44
95.91
96.02
96.04
96.21
95.61
95.82
96.55
93.44
95.90
96.03
96.25
96.08
95.64
95.82
95.69
95.99
94.76
95.96
95.95
96.15
96.18
95.23
96.33
95.90
95.84
95.77
96.36
95.64
96.22
95.56
95.53
95.18
95.61
96.67
95.12
95.26
96.34
95.26
95.12
96.35
96.43
94.99
94.98
96.37
95.86
96.12
96.49
96.52
96.51
96.26
95.76
95.92
95.74
96.24
96.99
95.82
96.08
94.90
96.00
96.25
95.89
96.22
96.16
96.15
96.15
96.83
96.65
96.26
95.57
96.55
96.38
95.97
96.09
96.44
95.24
94.79
96.25
95.45
95.76
96.29
95.75
95.77
96.45
96.23
96.39
96.47
95.80
96.22
96.45
96.67
96.28
95.41
95.28
96.19
96.12
95.48
95.99
96.40
96.00
96.35
95.68
95.36
96.12
95.80
95.07
96.45
95.40
96.05
96.38
96.20
96.25
95.48
96.46
96.03
95.67
95.77
96.04
95.79
95.93
95.81
95.71
96.23
96.38
95.49
95.59
95.38
93.06
96.12
96.01
95.99
95.06
96.78
96.44
96.47
95.14
95.58
95.02
95.84
96.60
95.42
95.20
96.13
95.16
96.61
95.83
96.62
96.04
95.95
96.41
95.88
96.52
96.39
96.02
96.17
96.42
95.56
95.70
96.30
95.53
96.02
96.34
96.31
96.39
95.46
96.52
96.20
96.15
95.93
96.39
94.16
95.99
95.40
96.24
96.28
96.17
95.60
95.95
95.59
95.97
95.62
95.55
95.90
95.79
95.21
94.35
95.39
95.80
96.22
95.79
94.31
95.57
96.01
95.86
96.38
96.23
96.46
96.56
94.99
95.90
96.48
96.04
96.25
94.97
94.70
95.98
95.25
95.24
95.99
96.02
96.08
95.66
96.20
96.11
96.42
95.19
95.37
96.54
96.48
95.85
95.41
95.67
95.87
95.79
96.10
96.72
96.05
95.72
96.21
96.37
96.20
96.21
95.66
95.20
95.43
95.07
95.81
96.03
96.05
96.39
95.80
96.19
96.85
94.88
95.68
96.53
94.78
95.27
95.87
96.27
95.85
96.28
96.45
95.89
96.30
96.37
96.50
96.18
96.38
95.23
96.28
95.44
96.58
96.32
95.12
95.43
96.45
94.93
95.93
96.33
96.02
96.45
96.15
94.71
94.76
96.05
96.48
96.05
96.17
96.03
95.83
95.17
96.11
95.54
95.90
95.92
96.44
96.12
94.20
95.38
96.46
95.55
96.19
95.80
96.19
95.79
96.17
95.28
95.24
94.64
95.37
96.04
95.81
96.15
96.15
96.37
96.29
96.78
96.22
96.51
95.29
96.02
95.67
96.54
95.85
95.48
96.22
95.80
96.47
96.32
96.54
96.89
96.31
95.45
95.85
96.22
95.47
94.46
95.54
96.33
94.52
96.22
96.21
96.41
95.62
95.12
96.34
96.50
94.83
96.25
96.15
96.31
95.26
96.30
96.15
96.11
96.21
96.03
96.44
96.26
95.97
96.76
96.32
95.54
96.40
96.04
95.97
96.15
95.75
95.68
96.09
95.82
96.25
95.73
96.22
96.00
96.39
96.41
96.38
95.65
96.70
95.59
96.13
95.92
96.20
95.05
95.99
95.54
95.84
95.68
95.37
95.86
95.97
95.50
95.62
96.23
95.98
96.61
95.17
94.99
96.18
96.00
96.02
96.30
94.53
95.92
96.29
96.25
95.88
96.52
95.74
96.10
95.84
96.22
96.57
95.49
95.56
95.55
95.96
95.70
96.26
96.10
96.09
96.20
94.98
95.71
95.21
96.50
96.14
95.82
96.47
95.07
96.04
95.47
96.58
96.11
96.56
96.32
95.77
95.79
96.09
94.80
95.86
96.14
94.11
96.09
95.90
95.59
96.48
95.24
96.12
94.77
95.48
95.61
96.29
96.11
95.21
96.37
95.79
95.41
95.80
94.64
94.70
95.74
96.05
95.61
95.00
95.70
96.62
95.66
96.21
95.97
96.18
95.89
95.89
96.31
95.75
95.70
95.79
95.68
95.18
96.44
96.31
96.21
94.88
94.97
96.05
95.51
96.01
96.25
95.15
95.57
95.95
96.04
96.63
95.91
94.87
96.47
96.17
95.30
96.21
95.00
96.42
95.71
95.92
96.10
95.80
96.04
95.78
95.90
95.39
95.96
96.12
95.67
96.19
95.78
96.73
95.39
95.95
95.53
96.02
96.10
96.14
96.54
96.23
96.09
96.11
96.03
95.29
95.59
96.13
96.25
96.28
95.55
95.29
96.51
95.96
95.99
96.33
95.84
95.29
96.47
96.05
96.83
95.71
95.57
96.17
96.56
96.25
96.03
96.11
94.44
96.12
96.04
94.81
96.27
95.79
96.37
94.71
95.62
95.95
95.73
95.45
95.92
95.86
95.74
95.52
95.22
95.80
95.64
95.66
95.89
95.92
96.21
95.92
95.74
96.09
96.23
95.07
96.00
96.30
95.60
96.48
96.36
96.55
96.10
96.61
95.68
94.80
96.65
96.30
95.84
96.10
95.89
94.97
95.67
95.88
95.67
95.04
96.11
96.27
96.06
96.53
96.25
95.94
96.47
96.31
95.73
95.77
95.96
96.15
96.48
95.84
93.73
96.22
96.15
96.03
96.38
95.81
96.12
96.10
95.98
95.83
96.21
96.72
96.07
95.69
96.17
96.02
96.39
96.43
95.66
95.81
96.09
96.52
96.53
95.67
96.42
94.68
95.59
96.26
94.94
95.13
95.32
96.34
95.72
95.93
94.42
95.90
96.62
94.27
95.87
96.75
95.52
95.71
95.00
95.99
96.16
94.84
96.18
95.95
96.91
96.35
95.08
95.44
94.62
96.65
94.67
94.17
96.06
95.69
96.62
94.42
95.08
95.77
95.76
95.68
95.19
96.20
96.05
96.19
95.63
96.00
95.69
96.62
95.58
95.59
95.72
95.91
95.98
94.47
95.42
96.50
96.11
96.42
95.98
96.20
94.86
95.35
95.50
95.95
96.16
95.90
96.22
96.30
96.59
96.41
96.49
