95.69
95.16
96.47
96.15
96.29
96.03
96.30
96.19
96.47
96.04
95.55
95.20
96.26
96.58
95.42
95.81
95.85
96.18
95.91
96.51
95.48
93.64
96.07
96.63
96.25
96.30
96.51
95.82
95.55
95.57
96.06
95.77
96.00
96.81
96.31
96.55
96.02
95.93
96.54
96.63
96.54
95.92
94.75
95.29
96.22
96.02
96.21
95.74
96.20
95.86
95.94
95.97
95.94
95.74
95.69
96.75
94.66
95.48
96.63
94.52
96.73
96.41
95.94
96.05
95.32
96.55
96.39
95.66
96.51
96.81
95.57
95.67
95.98
95.26
96.01
96.61
96.06
96.64
96.35
95.50
96.48
95.77
96.13
96.52
96.10
95.74
96.17
95.62
96.62
96.32
96.04
95.62
94.88
96.38
95.71
96.54
95.79
96.54
96.27
96.77
96.07
95.96
95.78
95.83
96.11
96.48
96.59
96.13
96.11
96.39
96.18
95.83
96.16
96.59
96.14
96.55
95.97
95.59
96.02
95.76
95.70
95.66
96.01
95.58
95.82
95.34
96.32
96.67
95.18
96.09
95.82
95.31
96.16
95.85
96.09
96.36
95.75
95.78
96.42
95.56
96.37
96.53
95.99
96.03
96.49
96.25
95.55
96.46
95.60
95.94
95.99
96.77
96.11
96.59
96.37
95.60
95.68
96.04
94.85
96.25
95.91
96.17
96.10
95.27
95.18
96.09
96.73
96.33
96.25
95.47
95.58
96.30
95.74
95.89
96.32
96.41
96.01
95.18
95.48
95.97
96.12
96.24
96.21
96.14
95.39
95.42
95.79
95.65
96.37
96.59
95.64
96.18
96.53
95.86
95.32
95.90
96.39
95.63
95.72
96.25
96.45
95.60
94.30
95.97
96.06
95.93
96.79
95.97
96.38
96.04
96.38
96.04
96.44
96.10
95.54
95.99
95.00
96.38
95.96
96.66
96.31
96.44
96.11
95.42
95.70
96.64
95.84
96.56
95.74
96.36
95.70
95.77
96.16
96.37
95.42
95.58
95.29
94.69
96.07
96.43
95.84
96.49
96.43
96.22
95.84
96.18
96.33
96.69
95.75
95.94
96.29
95.57
96.10
96.63
96.62
96.06
96.17
96.26
96.43
95.20
96.08
95.59
96.15
95.99
96.89
96.47
95.97
96.22
96.16
95.40
96.43
95.98
96.11
95.78
95.24
95.76
96.11
96.04
96.05
94.89
95.61
95.89
96.49
95.75
95.76
96.17
96.24
96.30
95.87
96.05
95.79
95.24
96.22
96.33
94.03
95.24
96.26
96.14
96.10
96.00
96.30
96.16
96.42
96.46
95.36
95.39
95.61
95.92
95.17
96.74
95.56
95.45
96.55
95.52
96.36
96.19
95.93
95.54
96.03
96.15
94.75
96.20
95.35
95.09
96.01
95.58
95.09
96.32
96.18
96.00
96.34
96.49
95.69
95.38
95.77
96.69
95.19
96.06
96.38
96.10
96.18
95.67
95.47
96.01
96.42
96.18
95.66
96.01
95.25
95.57
95.94
96.30
95.31
96.30
95.98
96.89
95.32
96.21
96.23
95.69
96.87
95.62
95.79
96.26
95.94
95.70
95.81
96.76
96.04
95.99
95.53
96.05
95.64
96.27
95.61
95.84
96.09
96.47
96.19
95.99
96.23
96.37
96.44
95.91
95.37
95.54
96.46
95.82
96.38
96.20
96.60
94.45
96.01
96.33
95.42
95.33
95.41
95.97
96.43
96.57
95.64
95.84
95.73
96.45
95.75
96.17
96.04
96.36
96.88
96.57
95.81
96.27
95.34
95.83
96.22
96.55
95.66
96.04
94.99
96.14
96.52
96.53
95.41
96.46
95.19
96.27
96.63
95.86
96.26
96.13
95.67
95.30
96.36
96.70
96.30
96.26
95.37
95.86
95.19
96.05
95.68
96.21
95.29
96.51
95.76
96.66
96.48
96.73
96.16
96.34
96.16
96.03
96.36
95.30
95.95
95.67
96.42
95.90
95.97
96.51
95.97
96.23
95.82
96.23
95.98
96.02
95.24
96.16
95.31
96.58
95.43
96.90
95.91
95.67
96.20
96.22
95.60
96.13
96.44
95.57
95.61
95.70
96.27
95.43
96.71
96.41
95.73
96.14
96.10
95.04
95.85
96.05
96.33
95.71
95.51
95.91
95.91
96.39
96.41
95.93
95.72
95.71
96.04
94.89
96.03
95.98
96.44
96.23
96.03
96.26
95.91
96.05
96.18
96.21
96.01
96.30
96.23
95.99
96.23
95.58
95.56
95.58
95.55
96.02
95.77
96.02
96.54
96.03
95.67
96.53
96.12
95.56
96.30
96.19
95.85
96.24
95.48
95.53
95.78
91.49
96.35
96.38
96.60
96.28
96.08
96.54
95.52
95.26
96.25
95.91
95.35
95.32
95.69
95.99
95.83
95.90
96.38
95.85
95.80
95.98
96.38
96.21
96.35
96.36
96.28
95.64
95.98
95.53
95.73
96.29
96.59
95.93
95.67
95.83
95.85
95.97
96.19
93.80
95.56
96.37
96.11
95.89
96.79
95.59
96.03
96.12
96.08
96.41
93.71
95.05
96.15
96.03
96.05
96.65
95.30
96.36
96.45
95.34
96.22
93.46
96.45
95.95
96.70
96.27
95.94
95.66
95.61
96.47
96.03
96.72
95.88
96.07
95.74
95.89
96.22
97.11
96.24
96.25
95.82
96.51
95.99
96.10
95.94
95.27
96.27
96.05
96.06
94.82
96.40
95.88
96.29
95.55
95.42
95.92
96.44
96.09
96.47
96.06
95.71
95.73
95.91
96.15
95.60
96.45
95.59
95.31
96.03
96.06
94.95
96.56
94.70
96.16
96.85
96.23
95.65
96.29
95.93
96.49
95.53
95.40
96.27
96.35
95.81
96.03
95.35
95.05
96.13
95.98
95.75
95.61
95.26
96.36
96.17
96.26
95.99
96.22
96.24
96.16
96.18
95.95
96.24
95.98
96.38
96.80
95.88
95.01
95.65
96.30
95.57
96.05
96.31
96.38
94.97
96.81
95.94
96.17
96.65
95.86
94.53
96.80
96.29
95.82
95.62
96.06
95.23
96.05
95.61
96.84
96.28
96.36
95.90
96.25
95.69
96.31
95.45
95.98
95.65
96.38
95.61
96.19
95.82
96.71
96.58
96.21
96.34
95.59
95.94
96.22
96.34
96.30
95.68
96.08
96.11
96.02
95.75
96.25
96.15
95.73
95.92
95.86
95.43
95.71
94.70
95.61
96.43
96.72
96.65
95.78
96.51
96.27
96.13
96.13
96.11
96.19
95.57
95.14
96.17
96.10
96.19
95.83
96.06
95.45
96.25
95.89
96.50
96.28
96.48
95.70
96.27
96.41
95.84
96.38
95.38
94.45
96.53
94.85
96.41
95.73
96.02
96.47
96.10
96.37
95.80
96.61
96.66
96.14
95.98
96.01
96.03
96.14
95.68
96.36
95.52
96.20
94.91
95.28
94.34
95.74
95.98
96.01
96.07
96.70
96.12
94.95
95.59
96.57
95.48
96.23
96.66
95.50
95.85
95.29
95.41
96.03
95.08
94.86
92.83
95.69
96.21
95.99
96.14
96.10
95.88
95.95
95.76
95.74
96.35
96.28
96.16
95.96
95.88
95.56
95.74
95.96
94.99
96.07
96.29
96.66
96.24
95.72
95.91
95.50
96.49
96.81
96.31
95.62
96.35
94.95
95.78
96.25
96.00
96.30
96.15
96.15
96.28
95.70
95.92
95.39
96.85
95.46
96.07
96.26
95.22
96.04
96.17
96.16
96.14
95.95
96.62
95.73
96.18
96.50
96.25
96.33
96.65
96.49
96.38
95.98
95.80
94.67
95.83
96.54
96.17
96.08
95.49
96.78
95.12
96.39
95.33
96.42
96.11
95.99
96.53
96.26
96.30
96.20
96.63
95.83
96.41
96.20
95.33
96.39
96.54
96.01
94.77
96.11
95.88
96.24
96.46
96.55
96.41
95.52
95.90
95.15
96.09
95.38
95.97
96.01
95.91
95.89
95.63
95.67
96.16
95.95
96.78
96.31
96.35
96.09
95.62
96.44
96.23
95.71
95.59
96.14
96.29
96.41
96.22
96.53
96.53
95.12
96.57
96.44
96.45
96.33
94.96
96.47
96.08
96.01
96.23
96.32
95.27
96.50
96.76
95.03
96.21
95.99
95.22
95.17
95.93
96.68
96.15
96.61
96.01
94.87
96.13
95.78
95.99
95.56
96.64
95.71
96.15
96.37
95.56
96.28
95.01
95.59
96.47
95.51
95.56
95.79
96.20
96.42
96.44
95.49
95.49
95.82
96.01
95.85
96.28
96.25
96.58
95.93
96.28
95.88
96.34
96.49
96.05
96.32
95.98
96.29
