97.52
97.28
97.67
97.19
97.69
97.63
97.51
97.45
97.50
97.59
97.40
97.68
97.70
97.58
97.52
97.37
97.45
97.34
97.71
97.51
97.68
97.43
97.30
97.52
97.55
97.49
97.71
97.53
97.48
97.61
97.45
97.45
97.53
97.73
97.58
97.69
97.63
97.49
97.38
97.47
97.40
97.70
97.49
97.53
97.65
97.52
97.64
97.60
97.52
97.60
97.75
97.54
97.38
97.48
97.35
97.78
97.56
97.43
97.49
97.47
97.58
97.43
97.73
97.58
97.46
97.27
97.53
97.54
97.75
97.64
97.49
97.71
97.53
97.34
97.59
97.15
97.50
97.08
97.44
97.62
97.22
97.60
97.61
97.08
97.39
97.53
97.49
97.79
97.60
97.33
97.16
97.47
97.68
97.60
97.66
97.48
97.43
97.59
97.57
97.41
97.40
97.21
97.50
97.69
97.48
97.59
97.21
97.50
97.69
97.51
97.49
97.65
97.45
97.29
97.49
97.34
97.26
97.24
97.15
97.75
97.61
97.58
97.47
97.71
97.66
97.37
97.34
97.36
97.36
97.36
97.54
97.67
97.41
97.77
97.39
97.71
97.51
97.58
97.64
97.57
97.49
97.49
97.67
97.34
97.41
97.32
97.22
97.51
97.62
97.69
97.68
97.44
97.49
97.48
97.37
97.54
97.36
97.62
97.52
97.59
97.50
97.71
97.37
97.60
97.53
97.51
97.50
97.68
97.39
97.58
97.66
97.52
97.71
97.62
97.45
97.84
97.73
97.43
97.70
97.41
97.55
97.45
97.51
97.65
97.57
97.35
97.59
97.44
97.51
97.01
97.35
97.49
97.43
97.39
97.70
97.37
97.50
97.54
97.74
97.52
97.50
97.69
97.40
97.46
97.59
97.68
97.44
97.51
97.45
97.75
97.61
97.61
97.42
97.66
97.52
97.70
97.43
97.44
97.68
97.53
97.33
97.56
97.53
97.78
97.52
97.64
97.63
97.62
97.82
97.42
97.60
97.44
97.55
97.59
97.45
97.57
97.74
97.48
97.50
97.43
97.48
97.54
97.68
97.47
97.63
97.69
97.23
97.38
97.44
97.80
97.82
97.37
97.59
97.53
97.41
97.52
97.62
97.60
97.39
97.42
97.49
97.51
97.59
97.60
97.62
97.67
97.42
97.59
97.55
97.44
97.29
97.41
97.22
97.66
97.41
97.41
97.39
97.56
97.82
97.67
97.60
97.44
97.60
97.53
97.40
97.49
97.17
97.39
97.44
97.50
97.52
97.51
97.32
97.08
97.42
97.65
97.44
97.36
97.58
97.60
97.43
97.57
97.52
97.29
97.34
97.24
97.59
97.27
97.58
97.48
97.61
97.47
97.47
97.22
97.70
97.73
97.67
97.66
97.43
97.58
97.35
97.57
97.64
97.53
97.69
97.60
97.32
97.36
97.49
97.51
97.55
97.58
97.31
97.66
97.50
97.67
97.64
97.57
97.74
97.30
97.34
97.53
97.49
97.71
97.61
97.44
97.44
97.38
97.83
97.61
97.59
97.66
97.59
97.50
97.52
97.55
97.64
97.67
97.19
97.69
97.48
97.62
97.59
97.60
97.48
97.39
97.28
97.41
97.63
97.37
97.69
97.34
97.40
97.68
97.53
97.28
97.51
97.06
97.37
97.49
97.22
97.52
97.40
97.51
97.50
97.39
97.45
97.45
97.49
97.62
97.61
97.62
97.79
97.58
97.41
97.47
97.41
97.62
97.47
97.61
97.29
97.32
97.62
97.37
97.41
97.60
97.42
97.48
97.41
97.55
97.68
97.57
97.55
97.44
97.79
97.74
97.45
97.33
97.41
97.55
97.60
97.64
97.63
97.43
97.45
97.67
97.45
97.49
97.56
97.64
97.54
97.35
97.62
97.49
97.43
97.65
97.61
97.58
97.65
97.63
97.53
97.52
97.65
97.73
97.54
97.61
97.57
97.28
97.83
97.57
97.46
97.55
97.68
97.50
97.65
97.64
97.67
97.55
97.20
97.43
97.59
97.56
97.49
97.65
97.22
97.67
97.53
97.46
97.53
97.71
97.45
97.57
97.46
97.60
97.58
97.60
97.58
97.58
97.60
97.64
97.43
97.42
97.67
97.42
97.77
97.65
97.59
97.61
97.48
97.55
97.62
97.46
97.47
97.46
97.54
97.56
97.62
97.38
97.40
97.50
97.30
97.54
97.62
97.50
97.26
97.58
97.60
97.50
97.69
97.30
97.29
97.47
97.39
97.61
97.51
97.59
97.69
97.42
97.66
97.53
97.55
97.62
97.52
97.57
97.51
97.57
97.50
97.49
97.13
97.55
97.52
97.65
97.35
97.61
97.61
97.36
97.38
97.49
97.41
97.40
97.50
97.39
97.71
97.55
97.28
97.76
97.42
97.74
97.28
97.33
97.54
97.74
97.60
97.64
97.47
97.74
97.52
97.49
97.52
97.63
97.54
97.20
97.32
97.43
97.53
97.46
97.80
97.65
97.48
97.53
97.36
97.53
97.54
97.57
97.41
97.53
97.50
97.24
97.15
97.29
97.25
97.54
97.56
97.53
97.44
97.50
97.46
97.50
97.72
97.36
97.35
97.48
97.74
97.58
97.68
97.52
97.36
97.52
97.69
97.46
97.51
97.37
97.56
97.77
97.62
97.50
97.68
97.42
97.36
97.49
97.51
97.52
97.09
97.51
97.40
97.61
97.45
97.55
97.28
97.60
97.24
97.30
97.49
97.52
97.54
97.30
97.21
97.49
97.43
97.34
97.59
97.36
97.60
97.68
97.69
97.60
97.41
97.41
97.73
97.45
97.33
97.57
97.56
97.58
97.72
97.33
97.57
97.34
97.62
97.56
97.51
97.40
97.27
97.58
97.34
97.35
97.46
97.58
97.56
97.35
97.47
97.30
97.44
97.45
97.06
97.83
97.77
97.62
97.74
97.49
97.53
97.19
97.53
97.68
97.64
97.56
97.71
97.48
97.49
97.42
97.48
97.66
97.75
97.45
97.54
97.72
97.60
97.81
97.45
97.37
97.64
97.42
97.46
97.35
97.37
97.55
97.52
97.62
97.70
97.36
97.78
97.68
97.75
97.59
97.56
97.61
97.57
97.63
97.71
97.46
97.47
97.68
97.53
97.67
97.35
97.59
97.41
97.70
97.53
97.35
97.37
97.73
97.52
97.69
97.65
97.60
97.80
97.48
97.41
97.36
97.12
97.50
97.79
97.36
97.55
97.48
97.54
97.36
97.60
97.58
97.44
97.69
97.72
97.46
97.34
97.64
97.39
97.52
97.74
97.59
97.75
97.52
97.60
97.61
97.60
97.45
97.49
97.38
97.65
97.43
97.19
97.58
97.56
97.84
97.38
97.51
97.63
97.77
97.58
97.39
97.29
97.40
97.54
97.65
97.55
97.41
97.78
97.40
97.44
97.57
97.59
97.65
97.46
97.55
97.31
97.35
97.22
97.69
97.44
97.38
97.55
97.65
97.43
97.56
97.53
97.40
97.56
97.37
97.56
97.41
97.64
97.30
97.39
97.35
97.59
97.52
97.56
97.37
97.34
97.54
97.54
97.50
97.53
97.39
97.52
97.41
97.66
97.41
97.55
97.43
97.43
97.52
97.68
97.52
97.62
97.67
97.74
97.73
96.88
97.49
97.72
97.50
97.61
97.62
97.67
97.78
97.35
97.51
97.71
97.59
97.57
97.68
97.38
97.60
97.48
97.53
97.63
97.52
97.55
97.68
97.65
97.79
97.78
97.63
97.72
97.58
97.57
97.50
97.50
97.45
97.54
97.53
97.40
97.60
97.27
97.56
97.49
97.51
97.58
97.40
97.55
97.39
97.60
97.51
97.46
97.40
97.69
97.36
97.61
97.52
97.27
97.41
97.64
97.64
97.61
97.26
97.44
97.61
97.64
97.65
97.58
97.55
97.74
97.88
97.27
97.47
97.59
97.41
97.36
97.83
97.35
97.48
97.53
97.80
97.58
97.41
97.40
97.72
97.71
97.66
97.60
97.31
97.55
97.57
97.53
97.48
97.44
97.37
97.44
97.41
97.56
97.60
97.55
97.84
97.83
97.60
97.47
97.44
97.56
97.62
97.54
97.45
97.53
97.54
97.64
97.44
97.66
97.67
97.63
97.49
97.43
97.53
97.49
97.50
97.36
97.52
97.69
97.48
97.38
97.26
97.55
97.26
97.43
97.35
97.48
97.72
97.46
97.47
97.44
97.72
97.66
97.68
97.43
97.50
97.39
97.36
97.58
97.47
97.57
97.33
97.42
97.48
97.68
97.57
97.56
97.48
97.40
97.55
97.71
97.33
97.29
97.54
97.62
97.62
97.46
97.53
97.61
97.67
97.23
97.45
97.77
97.69
97.78
97.65
97.66
97.52
97.70
97.41
97.58
97.67
