96.44
96.48
94.77
95.28
94.12
96.89
94.14
95.48
95.90
94.78
94.92
96.13
96.35
95.77
95.94
95.78
94.91
95.83
94.40
95.94
95.48
90.90
96.04
94.44
94.99
96.68
92.53
94.71
94.28
95.76
97.44
95.37
94.97
95.80
95.54
97.01
95.24
95.51
95.72
96.52
94.98
96.04
96.26
94.65
94.05
96.20
95.77
92.32
96.74
96.04
92.91
95.63
94.26
93.53
96.31
96.20
95.75
95.26
96.27
93.60
91.17
95.07
96.15
95.51
95.86
92.46
96.72
95.47
96.29
96.28
96.52
96.72
96.10
95.41
94.34
96.39
96.66
95.30
96.35
96.43
93.38
94.48
95.78
93.60
96.45
95.18
93.85
94.52
92.81
95.48
95.17
96.58
94.32
94.41
95.54
93.09
95.19
95.49
94.96
95.56
95.60
96.12
96.41
95.55
96.44
96.12
94.49
96.50
95.15
95.05
94.86
94.58
93.49
96.10
93.81
93.87
94.49
94.71
95.98
95.58
89.91
95.24
95.64
95.95
95.43
95.69
95.08
96.50
95.70
95.43
95.78
95.15
95.24
94.66
93.39
94.90
95.69
94.90
95.74
96.20
95.19
92.08
96.63
94.74
94.35
94.35
94.14
93.57
93.74
94.63
96.66
95.98
95.86
96.14
96.13
95.45
96.32
95.87
95.53
96.64
95.88
93.35
94.91
96.45
94.50
95.82
96.58
96.45
95.68
95.77
94.08
95.19
95.25
95.88
97.19
94.57
93.63
95.38
93.13
96.22
96.02
96.38
95.48
96.08
94.40
92.62
96.54
95.95
95.87
94.19
95.32
95.75
93.67
95.06
94.67
95.66
95.98
94.86
95.26
94.54
96.30
95.43
92.02
94.34
95.06
96.59
95.89
95.32
96.57
95.50
96.43
96.75
96.15
93.97
95.91
95.86
96.58
95.11
95.37
95.66
95.14
95.54
95.13
96.01
95.69
95.39
94.62
95.68
95.56
95.87
95.41
94.72
95.19
95.82
95.22
96.16
96.52
94.26
96.22
96.55
94.83
96.45
94.49
94.60
94.92
95.68
95.27
95.90
95.29
95.56
95.39
95.55
95.67
91.72
94.08
95.54
93.81
94.13
95.91
95.96
93.67
95.76
96.63
94.53
96.33
95.64
96.15
95.08
96.26
95.64
95.84
96.69
95.59
96.26
95.52
95.43
94.99
95.39
96.58
94.74
95.53
95.85
95.80
95.32
94.42
96.47
93.58
94.54
93.30
94.82
95.11
94.31
95.10
96.41
95.54
94.18
95.62
94.50
95.49
95.14
94.04
95.74
95.43
94.89
96.07
95.61
96.08
95.43
94.69
94.54
95.54
96.60
96.67
96.27
95.52
93.52
91.50
96.15
96.83
94.12
94.65
95.55
96.34
94.85
95.16
95.70
94.66
95.39
95.49
96.53
96.91
96.53
94.33
95.90
96.37
95.36
96.52
96.80
93.92
95.71
93.75
96.10
95.28
95.44
95.92
94.42
95.57
95.82
96.15
92.70
95.36
95.61
93.41
95.59
95.63
89.45
95.01
96.14
94.88
95.54
96.14
94.29
95.60
95.28
95.58
93.59
94.80
94.44
93.37
95.09
95.73
96.01
95.85
95.52
96.66
96.49
95.97
94.33
95.99
93.85
95.03
96.00
95.49
96.50
95.10
96.17
96.02
95.15
94.35
95.77
94.58
96.23
94.12
94.22
95.83
96.31
95.68
96.26
94.95
95.77
97.23
95.37
95.86
96.36
96.09
93.51
94.90
95.86
94.97
93.76
95.94
94.62
95.49
96.33
96.61
93.52
95.27
95.50
95.84
94.14
95.35
93.40
94.86
94.82
94.77
95.91
95.09
95.09
95.12
93.81
95.52
94.83
95.92
93.30
95.51
95.71
94.91
95.71
96.32
95.20
94.63
95.41
95.57
95.79
94.51
95.85
96.97
93.77
94.45
95.44
95.11
96.30
95.53
94.81
93.98
94.95
93.33
93.72
95.66
93.79
96.30
96.15
95.51
94.83
96.26
94.59
93.15
95.35
94.59
96.13
96.72
95.18
96.25
94.47
95.95
95.71
94.95
95.32
95.96
94.41
95.69
95.70
95.08
95.02
95.95
96.48
93.07
95.55
94.69
95.25
96.40
95.73
96.27
95.33
96.50
95.75
94.22
94.54
94.69
95.24
94.84
96.44
93.73
94.75
96.07
97.03
94.44
95.60
96.50
95.57
94.98
95.58
95.08
93.88
93.31
94.91
95.80
95.17
96.66
93.19
96.18
95.22
96.13
95.40
95.89
95.58
96.17
95.75
95.68
96.33
96.81
96.22
93.89
94.69
96.25
94.98
95.52
95.06
95.25
95.32
96.38
94.59
95.78
92.39
95.63
95.67
95.55
95.63
95.71
95.37
95.17
95.69
96.31
94.66
95.69
96.04
96.09
94.54
93.27
95.74
96.85
95.81
95.85
96.30
93.66
94.23
93.65
95.76
94.57
93.86
95.02
94.35
95.11
96.23
95.44
92.27
94.94
93.37
93.68
94.26
96.69
96.04
96.27
95.66
95.81
96.41
94.96
95.48
94.68
94.86
93.83
95.36
96.59
95.99
92.18
91.83
96.20
96.79
95.10
95.98
95.62
94.80
94.67
95.80
95.69
95.46
96.94
96.47
95.76
94.40
96.19
94.71
95.08
95.61
95.87
95.14
95.23
93.25
94.26
94.09
94.96
94.27
96.07
95.54
95.46
94.34
95.72
95.45
95.96
96.00
94.58
94.58
95.05
96.19
95.82
95.26
95.04
95.91
96.45
93.37
95.90
94.28
95.73
96.51
95.34
96.37
95.05
95.58
96.34
95.19
96.28
95.93
91.89
96.30
96.40
95.36
95.50
94.56
94.60
95.06
95.21
96.65
96.06
96.45
95.08
96.48
96.53
95.23
96.28
93.17
93.71
95.72
96.66
95.69
94.60
94.49
94.67
96.41
96.15
95.00
92.15
94.49
95.71
95.85
96.61
94.62
95.84
95.81
94.55
93.60
96.35
95.31
95.08
94.71
96.05
95.76
96.43
94.37
95.03
95.68
95.54
95.30
96.68
95.85
94.23
94.95
95.83
95.94
95.33
94.75
94.34
95.28
96.49
95.49
94.97
96.14
95.60
95.23
94.78
95.52
95.86
95.31
95.32
95.01
94.96
95.69
95.84
95.33
95.30
96.17
96.10
95.99
94.59
95.28
94.41
95.57
93.13
95.47
95.15
96.04
94.00
95.97
95.06
94.25
96.45
95.44
96.60
96.55
95.48
95.64
92.46
94.28
93.95
94.92
96.12
96.23
95.94
95.66
93.70
96.09
94.21
96.03
97.11
95.15
94.94
95.31
96.19
96.73
96.04
95.46
96.19
94.84
95.20
96.06
94.81
95.48
96.51
95.60
95.31
96.15
95.62
95.50
95.80
93.69
95.89
96.07
95.67
96.56
96.63
96.72
93.51
94.10
95.85
96.12
96.45
94.83
96.46
94.33
96.50
96.52
94.90
95.38
95.71
91.66
96.76
95.88
93.44
96.88
95.92
96.72
94.81
93.06
96.06
95.06
94.95
95.67
95.33
95.60
93.67
94.82
94.55
94.84
96.05
94.80
95.95
96.11
94.82
96.40
96.92
95.93
97.03
96.27
95.82
95.48
95.98
96.59
95.36
96.04
96.64
94.75
96.22
94.48
93.72
96.65
95.08
96.18
96.17
96.07
96.76
94.46
93.43
96.52
96.58
96.06
94.64
94.64
96.26
94.33
94.82
96.45
95.87
96.31
95.60
95.93
95.39
95.11
94.96
96.84
94.85
94.89
95.72
94.90
94.53
94.05
94.51
95.37
96.22
95.93
95.59
94.63
94.77
96.72
95.56
96.27
93.79
95.67
95.23
96.14
96.45
95.25
96.56
93.84
95.11
95.72
95.73
95.48
96.20
96.14
95.94
95.33
95.54
94.86
95.23
94.11
97.08
96.30
95.13
96.32
94.41
95.22
96.71
95.67
96.36
95.47
96.46
94.15
93.80
95.68
96.74
94.66
95.65
93.81
95.81
95.36
96.60
96.08
95.95
96.22
96.36
95.74
95.35
93.13
95.59
95.94
96.29
95.21
95.78
96.51
93.98
96.74
93.92
95.38
95.77
96.64
96.73
96.35
94.41
95.36
95.09
95.15
96.01
96.20
94.94
95.66
95.55
96.51
95.04
95.85
93.68
96.90
94.54
96.44
95.53
95.09
96.34
96.08
96.21
96.48
94.89
96.10
95.43
95.16
95.45
95.96
95.95
95.58
95.68
96.13
95.35
95.88
95.71
94.66
94.85
95.45
96.41
95.47
94.80
96.21
94.78
94.03
94.03
94.11
96.06
95.32
96.62
96.74
96.29
94.57
95.48
94.32
