95.63
96.58
96.61
96.07
96.66
96.32
95.64
96.42
95.30
95.50
96.64
95.80
95.93
95.14
96.30
95.13
96.43
95.09
96.21
94.59
95.24
96.13
94.45
96.12
96.75
95.50
95.70
96.14
95.19
96.80
96.24
95.70
96.40
95.67
96.19
95.89
96.40
95.86
96.29
95.95
96.18
96.35
96.24
96.18
96.48
96.10
96.61
96.41
96.27
96.37
96.90
95.60
96.25
95.81
96.04
95.98
96.21
96.15
96.26
96.01
96.43
96.68
96.17
96.57
95.91
96.39
96.23
96.40
95.29
95.93
96.12
96.38
95.71
95.97
96.36
95.99
96.37
96.65
95.99
96.16
95.58
96.41
95.74
96.67
96.47
96.44
96.57
95.77
96.37
96.12
96.27
95.66
96.23
95.27
96.12
96.54
95.31
95.78
95.69
96.40
95.98
96.20
95.73
96.43
95.99
96.64
95.57
95.73
96.44
95.77
95.73
94.95
96.32
96.16
95.75
95.83
96.50
96.50
96.46
95.82
96.38
96.19
96.14
96.55
95.55
96.38
96.33
95.76
95.60
96.49
95.81
96.13
96.01
96.55
96.01
95.93
96.64
96.35
96.02
96.19
95.82
95.11
95.29
96.39
96.78
96.26
96.70
95.32
96.60
96.25
95.61
96.19
95.36
95.60
96.75
96.32
95.67
95.83
96.44
95.48
96.09
95.75
95.94
96.55
95.69
96.96
95.63
94.74
96.04
95.90
95.72
96.67
96.36
96.42
96.12
96.63
96.50
95.07
96.45
96.62
96.64
96.40
96.54
94.80
96.62
96.38
95.82
95.00
95.90
96.84
95.98
95.01
95.96
96.54
96.45
94.99
95.47
96.10
96.67
93.89
96.66
95.17
95.77
96.36
96.54
96.65
96.77
96.24
96.37
94.85
95.78
95.25
95.74
95.71
96.34
96.25
96.06
96.88
95.96
95.93
96.58
96.37
96.44
95.93
96.57
95.54
95.66
95.67
96.38
95.58
95.54
95.86
96.51
94.73
95.86
95.31
96.57
95.67
95.97
96.07
96.03
96.17
96.50
96.18
95.94
96.35
96.37
95.72
96.38
96.42
96.10
95.99
94.87
94.75
95.54
95.88
96.77
95.95
95.49
95.70
96.34
95.90
95.81
95.79
96.48
96.62
96.33
96.48
96.43
96.47
95.02
96.21
95.98
96.68
95.32
95.91
96.90
95.70
95.12
96.37
95.68
96.54
96.01
95.37
96.69
96.05
95.95
96.21
95.57
94.24
95.94
95.37
96.49
96.58
96.59
96.25
96.70
95.93
96.01
95.90
95.84
95.70
95.75
96.24
96.15
95.95
96.14
96.26
96.14
95.08
96.97
96.47
96.17
95.99
96.57
96.57
95.32
95.04
94.69
96.29
96.17
96.62
95.03
95.56
95.78
96.48
95.14
95.93
95.20
96.47
96.74
95.49
96.56
96.32
96.41
96.04
95.17
95.78
96.47
96.58
96.14
96.46
95.32
95.81
96.05
96.41
95.91
95.69
95.99
95.40
96.09
96.15
96.07
95.39
97.02
95.93
96.39
95.88
95.69
95.61
96.49
96.26
95.37
96.17
96.09
95.81
96.18
96.24
96.62
95.89
95.97
96.23
96.72
95.49
96.71
95.04
94.86
96.57
96.12
95.55
95.97
96.13
96.10
93.54
95.59
96.37
95.86
96.39
96.57
96.53
96.18
96.26
96.00
94.46
96.19
96.25
96.69
96.01
96.50
96.06
95.88
96.50
96.27
96.08
96.30
95.15
96.21
96.40
95.94
96.53
96.52
96.58
95.96
96.38
96.29
96.31
96.68
95.83
95.98
96.54
96.28
96.46
96.28
96.76
96.28
95.73
95.70
95.75
96.52
96.23
96.85
96.47
95.41
96.07
95.88
95.53
97.00
96.11
94.86
96.10
96.47
95.93
94.81
95.26
95.77
95.64
96.88
96.39
95.84
96.14
96.14
96.63
96.29
96.78
96.38
95.60
96.34
96.79
93.72
96.38
95.46
97.01
95.81
96.10
96.05
95.86
96.66
96.45
95.61
95.66
96.09
95.09
94.69
96.03
95.95
95.96
96.54
95.87
95.61
95.82
96.04
96.54
96.46
96.05
96.10
96.62
96.22
96.10
96.36
96.18
96.91
95.93
96.36
96.17
96.60
95.65
95.67
95.70
96.46
92.90
96.79
96.31
96.03
96.23
96.17
95.09
96.81
93.29
96.61
96.08
95.70
96.26
96.15
95.25
95.85
96.33
96.38
96.65
96.26
96.73
95.51
96.72
96.71
95.88
96.40
95.95
96.36
95.88
96.08
95.87
95.68
96.20
96.00
96.43
96.00
96.05
96.44
95.91
95.52
95.82
96.27
96.49
96.18
96.20
95.77
95.98
96.35
96.01
96.11
96.03
95.92
96.43
95.94
96.29
96.53
94.81
96.45
96.36
95.29
95.87
96.17
96.10
96.65
96.71
96.06
95.86
95.68
95.90
95.22
96.01
94.34
96.14
95.52
96.38
96.09
96.14
96.69
96.42
96.39
95.79
96.64
95.93
96.67
96.04
94.52
94.17
96.33
96.46
96.68
95.46
96.40
96.48
96.40
96.14
96.69
96.68
96.52
96.03
96.00
95.34
96.13
95.52
96.51
96.59
96.32
95.39
95.98
95.06
95.49
96.31
95.78
96.61
94.47
95.40
96.45
95.51
96.47
95.95
96.44
95.27
95.82
96.27
95.27
96.14
95.76
95.22
96.35
95.72
96.21
96.49
95.75
96.31
95.73
94.68
96.46
96.10
96.14
96.82
95.82
95.90
96.59
96.09
95.98
96.35
96.47
96.58
96.47
96.09
96.29
96.46
94.68
94.25
95.51
96.27
96.58
95.83
96.00
96.37
95.90
95.95
95.32
96.32
96.61
96.73
96.22
95.06
95.62
96.24
93.72
95.57
94.61
95.54
96.45
95.64
96.10
95.81
96.74
96.33
96.85
95.79
96.06
95.90
96.31
95.11
96.46
95.70
96.64
96.41
96.11
95.92
96.03
95.70
95.94
96.45
95.78
95.68
96.44
96.02
96.53
96.55
95.66
96.59
96.27
95.92
96.23
95.67
96.44
95.91
96.83
96.00
95.48
96.46
96.64
95.49
95.98
96.63
96.06
96.79
95.73
96.45
96.04
96.01
96.65
95.66
96.36
95.92
96.46
96.49
96.62
95.95
95.97
96.48
96.02
95.94
95.90
96.07
95.94
95.46
96.30
96.09
96.44
96.12
95.73
95.78
96.19
96.53
96.09
96.47
95.87
96.20
95.93
96.68
96.48
95.77
96.02
95.92
95.82
96.49
96.44
96.07
96.28
96.02
96.82
96.67
95.48
96.84
95.66
96.08
96.42
96.07
95.92
96.15
95.99
96.72
96.15
95.78
94.95
96.20
95.81
95.93
95.26
95.95
95.43
95.91
96.36
96.26
95.84
96.43
96.26
94.62
96.22
96.04
96.43
95.96
96.46
97.05
95.59
95.90
96.43
95.52
96.69
96.26
95.54
95.13
95.56
96.41
96.38
95.65
95.34
96.44
96.06
95.96
96.02
96.31
95.97
95.02
96.22
96.07
96.56
96.73
96.57
96.36
96.41
96.16
96.26
95.59
96.43
96.19
96.86
96.54
96.39
95.62
96.53
96.34
96.22
96.23
95.14
95.97
96.40
96.53
96.15
95.98
96.03
95.95
96.76
95.38
96.85
96.30
96.23
96.27
96.49
96.02
96.44
96.41
95.70
96.54
96.14
96.08
96.23
96.40
96.64
96.10
94.85
96.71
96.30
96.29
96.14
96.15
96.37
96.32
95.07
96.96
96.66
96.02
96.41
95.84
95.92
96.45
96.13
97.03
95.91
96.33
95.57
96.80
95.24
95.98
96.02
94.71
94.00
96.02
96.44
96.35
96.79
96.06
95.88
96.27
96.28
95.73
96.33
96.33
96.33
95.22
96.14
96.06
96.50
95.81
95.80
94.84
96.08
95.91
95.83
95.92
96.21
95.68
96.07
96.19
95.93
95.93
94.53
94.82
96.62
95.27
95.52
95.80
96.58
94.69
96.48
96.07
96.49
95.87
96.14
95.27
96.54
96.41
96.07
95.58
95.14
96.67
95.49
95.30
96.44
96.38
96.12
94.83
95.70
96.03
96.21
96.28
94.99
95.43
96.48
96.04
95.91
95.63
96.29
95.09
96.32
96.27
96.61
96.25
96.54
96.61
96.88
94.79
95.72
96.51
96.20
96.79
93.81
95.92
96.38
96.20
96.35
95.51
96.86
95.55
96.83
96.27
96.08
96.21
96.20
96.07
95.92
96.07
96.04
96.81
95.46
96.06
95.75
95.85
96.12
96.24
96.59
96.22
95.94
96.04
96.73
96.28
96.19
95.48
