83.19
84.28
76.99
78.32
82.52
85.30
82.62
79.75
82.51
89.05
84.17
83.71
85.74
86.76
86.44
79.18
85.50
83.38
83.86
81.94
83.30
88.85
88.31
84.46
85.70
84.42
76.98
83.05
88.94
78.77
81.89
85.94
87.18
85.86
89.94
77.99
79.39
88.38
89.96
86.98
82.76
84.50
84.86
85.15
77.27
83.64
85.58
82.20
84.45
87.16
76.81
87.49
81.70
84.95
78.49
86.42
80.47
77.29
84.92
80.12
80.63
81.41
70.19
83.45
82.67
83.90
80.33
78.32
85.25
84.92
87.06
86.70
85.52
90.39
76.77
87.91
81.56
86.67
80.10
62.97
79.80
84.75
81.84
86.11
84.39
85.21
86.87
86.50
87.16
86.98
84.31
84.63
87.24
84.25
84.51
83.04
84.32
79.21
72.98
88.12
81.35
83.50
88.28
82.74
80.57
87.40
82.67
85.74
86.89
82.49
84.96
88.43
89.28
88.30
80.02
87.40
84.09
88.98
83.58
85.08
84.72
89.19
84.66
83.11
84.65
88.62
81.64
85.42
81.98
89.25
81.71
84.92
85.04
81.80
80.50
84.37
82.33
83.62
86.12
80.96
85.83
81.87
82.93
83.42
79.54
85.48
84.98
83.45
85.45
84.16
87.63
89.90
84.35
79.81
82.46
82.84
83.68
80.62
80.19
84.61
83.76
85.26
80.41
82.11
82.77
83.59
83.17
78.43
87.72
89.14
86.74
83.80
80.17
81.31
82.55
84.07
81.77
84.01
81.96
80.61
81.03
88.71
77.73
90.70
83.68
86.39
78.91
80.50
80.42
85.72
85.92
76.00
88.37
86.55
84.74
84.67
84.32
81.99
87.67
79.50
85.41
77.73
83.78
85.22
76.66
76.38
88.74
85.22
85.10
84.60
84.72
90.13
70.87
84.89
79.02
85.34
85.88
85.41
81.88
84.83
70.05
82.18
80.70
76.26
83.34
83.25
81.73
84.60
84.73
83.94
81.29
86.27
88.53
86.39
80.01
79.32
80.94
80.33
80.32
86.37
80.70
80.57
83.89
76.88
86.39
74.77
71.63
76.36
85.81
85.08
81.15
87.41
84.13
84.66
87.40
81.19
78.58
82.92
84.85
88.25
83.48
83.36
85.25
82.43
82.15
91.34
88.66
83.73
85.29
77.29
82.72
80.53
84.03
71.68
83.46
81.02
82.25
79.24
79.98
86.44
88.45
89.27
78.10
78.95
79.97
82.76
85.55
83.38
83.72
81.88
78.68
75.02
86.66
81.52
85.41
85.33
86.44
87.17
77.25
79.94
84.98
87.57
86.05
83.18
84.19
88.31
88.12
89.71
80.51
84.66
88.87
86.24
84.02
88.60
85.09
78.42
83.06
83.77
80.85
82.61
87.01
85.76
75.16
77.69
79.13
86.91
85.23
79.76
89.09
85.42
83.63
82.29
86.82
79.15
77.84
86.73
81.91
89.61
82.78
86.15
87.02
83.30
85.31
80.65
81.57
82.15
83.08
83.45
84.65
86.36
81.70
82.31
85.55
82.72
81.95
87.38
86.69
84.65
79.24
83.29
86.67
85.21
79.66
84.76
86.77
82.30
84.22
80.38
82.01
85.32
86.48
82.15
88.75
81.60
87.50
84.04
88.27
79.25
87.86
86.88
82.25
86.83
79.77
82.70
76.33
77.86
82.77
79.09
87.79
86.29
88.98
87.50
82.26
88.32
86.43
86.12
82.67
86.88
67.94
80.60
83.89
81.20
84.39
84.86
84.74
85.74
80.32
83.70
75.26
66.91
85.75
82.88
79.83
83.81
81.42
83.96
81.85
85.39
85.02
79.72
85.47
83.47
83.96
81.54
84.66
86.92
86.50
85.61
82.88
76.37
79.72
84.03
78.61
82.22
82.35
87.52
79.81
88.37
81.64
85.91
85.56
83.66
83.95
87.60
81.71
85.05
85.08
82.26
74.11
84.37
86.06
81.85
80.32
79.71
86.23
83.45
87.04
76.95
82.10
88.17
81.18
84.36
86.07
79.62
86.96
89.13
87.01
79.99
73.89
84.36
79.83
81.73
83.63
82.80
82.62
80.41
82.07
85.66
83.61
76.40
85.05
80.33
77.51
79.77
84.76
84.38
74.21
83.59
83.81
79.66
87.36
85.79
80.20
86.31
87.16
84.95
77.71
90.19
82.73
85.46
81.12
87.38
84.70
85.97
83.07
84.21
84.96
82.51
86.58
87.23
83.44
84.09
84.64
86.56
77.98
81.94
84.18
87.91
88.18
85.54
82.31
74.03
74.27
79.08
84.82
87.54
83.47
82.42
80.02
79.20
79.87
80.07
82.72
89.14
81.10
79.71
82.95
87.74
80.81
84.59
82.39
86.86
84.72
83.37
88.24
88.02
84.86
84.73
86.91
77.59
82.85
79.43
82.13
82.99
82.55
82.57
84.78
84.40
86.60
86.41
82.37
87.27
84.88
85.63
82.16
90.69
85.16
78.53
82.34
85.28
79.86
78.08
80.57
85.49
86.52
86.97
89.94
82.89
81.77
85.17
85.83
78.78
80.40
82.10
86.39
84.19
85.00
85.32
75.73
79.75
89.51
79.92
78.29
86.66
82.70
83.35
78.65
78.21
84.83
86.21
82.08
83.43
85.73
84.90
78.69
80.52
86.66
74.84
80.49
87.71
77.81
87.46
87.27
85.63
87.28
81.72
81.36
81.81
84.46
77.92
87.02
86.98
86.58
83.57
84.25
86.71
84.11
85.30
78.73
87.11
88.44
84.96
80.41
81.65
85.03
85.40
87.02
86.13
75.54
86.39
87.53
79.38
84.41
88.91
82.51
80.95
80.51
83.82
86.29
78.24
79.69
85.42
87.31
81.35
81.49
88.44
83.54
83.48
85.81
76.68
82.48
83.47
84.85
83.41
80.68
79.78
87.03
85.58
87.44
84.89
80.51
82.39
89.07
82.95
84.39
84.68
79.80
81.73
86.73
78.74
81.18
80.61
84.73
79.72
86.09
86.51
85.01
87.33
80.24
83.89
79.52
86.65
85.12
85.17
79.22
76.15
83.01
82.87
85.44
78.90
87.85
83.09
80.37
87.05
82.97
82.15
84.14
90.12
79.24
76.06
88.77
80.09
86.20
86.57
83.22
79.58
75.25
81.48
82.17
84.01
81.42
77.79
81.55
81.53
83.97
77.51
82.04
84.83
86.10
78.26
85.29
89.06
81.76
77.39
83.64
78.20
81.14
78.36
84.93
84.45
79.31
84.28
86.16
84.14
82.14
83.72
82.11
85.87
83.92
80.08
89.13
79.62
81.93
85.41
77.38
87.04
88.35
86.15
85.83
84.04
83.90
82.10
78.19
83.75
86.41
87.44
74.94
85.00
87.85
86.85
78.47
82.58
87.88
86.72
84.99
82.97
81.36
83.59
83.49
86.88
87.81
82.61
80.28
77.90
86.91
89.33
84.66
76.05
86.46
77.80
84.56
83.35
75.86
80.07
88.09
83.31
85.05
83.90
83.89
78.65
82.12
88.00
72.63
83.87
81.24
83.88
88.08
81.17
88.65
83.30
79.07
79.26
82.62
84.84
85.79
84.63
79.24
87.97
81.63
77.63
81.90
84.67
87.91
83.85
84.28
81.58
83.74
82.48
90.22
79.56
85.92
79.06
85.78
84.55
84.46
84.92
77.65
85.13
84.95
82.49
79.25
75.70
89.05
87.46
84.39
83.01
88.35
81.18
82.11
78.37
83.43
89.19
87.73
87.62
81.26
80.69
78.10
78.96
90.38
82.41
85.30
83.44
85.56
86.79
79.92
83.33
84.22
85.94
71.53
85.17
88.06
85.30
72.70
88.24
86.91
87.22
83.08
85.96
85.59
89.05
86.48
85.76
87.97
86.25
84.92
84.75
86.44
85.49
78.16
86.21
85.60
78.81
88.66
81.80
87.21
84.27
78.19
85.07
79.83
71.18
86.38
78.31
85.53
85.34
84.59
79.64
82.43
86.03
85.78
78.16
87.55
77.09
83.42
84.07
88.87
75.31
84.28
79.65
88.92
81.62
83.33
83.13
76.61
85.07
87.04
78.60
87.85
78.01
83.93
85.62
82.84
80.11
77.81
76.51
88.27
83.83
78.62
76.61
84.69
73.35
75.90
71.61
88.68
84.89
81.97
88.81
80.85
80.12
85.11
75.66
83.20
80.44
82.72
80.08
84.03
79.35
87.44
83.05
86.08
89.62
83.30
79.76
83.27
82.99
86.73
80.04
81.40
81.01
86.31
86.01
89.79
80.19
82.76
89.07
72.02
80.23
80.95
78.15
80.69
83.01
82.32
84.46
85.93
83.76
80.56
82.54
87.45
80.43
79.93
83.28
87.55
87.84
81.65
87.07
84.11
82.15
83.02
87.95
81.20
79.86
