87.92
84.77
80.96
86.98
76.67
78.74
86.35
83.11
83.70
78.60
76.32
85.26
75.62
86.84
77.46
85.13
80.67
84.85
80.61
78.49
87.73
83.03
80.10
84.38
80.64
79.86
88.71
86.69
75.89
83.77
75.30
74.12
79.44
84.44
83.19
82.31
89.35
78.71
62.10
86.12
79.71
79.47
81.33
81.12
78.08
87.88
85.93
73.19
81.38
80.73
87.15
80.33
79.09
79.77
87.17
85.41
82.00
85.81
83.76
82.48
79.46
81.42
88.58
88.05
83.69
81.89
84.66
83.38
80.60
81.33
84.83
83.58
82.45
77.58
82.09
88.12
84.24
83.24
80.77
73.50
86.79
84.40
85.61
86.60
86.31
86.27
85.77
82.16
85.11
82.79
77.73
74.07
85.60
84.36
71.91
84.19
82.97
74.97
81.17
86.02
84.96
79.54
79.68
86.67
82.27
83.18
83.56
83.36
86.83
79.23
81.75
82.40
87.41
87.81
81.77
84.65
87.70
87.44
75.69
81.99
86.73
87.92
82.80
82.97
79.44
72.47
83.32
74.34
82.14
78.46
88.27
87.05
81.74
83.07
80.98
82.14
82.94
81.65
86.38
92.15
82.00
82.48
87.10
88.55
80.87
76.96
77.88
82.21
83.93
85.04
85.58
81.90
85.29
76.11
87.05
82.42
75.82
89.06
83.45
85.34
83.23
87.93
88.94
87.72
83.35
78.75
83.78
86.30
82.64
82.88
84.49
86.54
76.84
86.04
79.79
83.25
81.99
80.44
84.34
71.20
78.61
82.77
84.68
82.90
82.45
84.16
80.52
87.81
82.10
82.16
80.93
81.26
81.70
82.83
85.84
87.61
87.30
75.09
82.20
81.68
78.15
85.86
84.92
78.27
83.67
82.47
83.56
73.41
83.69
85.96
77.66
85.44
77.24
84.32
86.02
80.05
84.55
83.28
84.14
83.11
88.46
77.10
78.82
87.08
83.69
87.33
77.60
81.51
83.87
85.99
81.74
85.74
86.85
84.15
81.67
85.82
85.95
88.76
80.39
82.03
85.83
83.76
84.88
83.96
78.20
87.45
75.28
84.52
82.36
85.27
85.71
86.35
82.95
74.60
79.80
85.02
88.44
79.18
84.09
84.57
85.36
78.30
85.75
84.79
79.60
86.75
84.56
88.99
67.80
87.84
86.76
86.19
87.64
79.66
82.65
74.09
79.90
81.70
80.84
86.82
79.16
86.48
84.44
89.59
80.20
85.89
85.30
68.47
73.82
85.95
82.39
87.71
87.26
84.41
79.22
86.98
80.30
75.58
79.34
85.48
84.78
86.06
81.22
85.30
82.64
85.75
79.85
82.75
81.47
85.28
84.18
86.50
85.46
82.51
79.74
88.18
77.70
80.02
79.08
81.06
77.69
85.18
79.84
80.36
85.90
78.69
79.29
85.79
87.10
85.99
74.06
85.47
84.44
85.98
84.91
77.70
87.33
75.84
84.38
86.46
87.26
86.09
83.13
83.57
86.44
79.59
86.48
80.27
88.01
75.10
88.37
83.98
87.01
82.58
83.60
79.84
80.48
85.44
78.94
83.68
73.34
85.93
84.55
80.23
89.14
75.82
88.70
84.16
79.11
85.67
84.84
86.50
82.72
81.95
84.76
86.74
80.31
79.24
86.80
76.77
77.70
85.21
81.00
81.70
81.21
83.43
82.72
88.74
79.17
84.14
78.85
71.98
77.89
84.73
75.05
83.11
80.86
77.47
81.95
85.89
80.17
81.03
86.42
76.39
87.99
85.31
82.10
84.72
71.14
80.21
77.14
87.89
82.08
84.91
83.01
85.17
78.12
90.12
85.32
89.60
83.26
82.45
88.75
88.12
79.28
85.51
86.34
86.68
80.94
84.62
78.18
81.28
84.86
81.95
83.65
85.04
87.97
75.39
87.62
82.40
66.40
75.52
84.77
81.87
75.67
84.99
84.75
77.64
84.71
81.03
83.58
84.11
83.98
85.28
82.86
83.12
87.04
76.71
76.63
87.19
83.65
79.01
85.39
82.33
78.66
89.89
82.30
85.50
83.57
85.08
84.10
84.33
88.54
84.48
83.12
82.37
84.50
81.74
77.62
83.97
85.91
79.64
87.36
84.56
78.25
78.17
82.36
80.44
79.13
84.95
78.40
84.39
86.49
89.39
78.69
73.62
83.17
88.23
81.31
84.41
87.87
76.87
88.82
78.98
73.83
90.12
85.88
80.38
87.21
83.16
86.43
85.30
74.90
83.75
83.70
78.53
82.06
89.83
83.20
89.60
85.68
87.38
82.81
87.15
83.38
81.25
85.24
88.76
81.52
80.77
79.73
78.48
83.32
87.01
73.78
78.71
79.68
87.29
79.51
79.36
84.10
80.74
80.17
85.73
87.46
85.14
76.54
87.38
85.24
77.03
90.18
87.53
84.79
88.74
80.66
77.93
78.26
80.64
81.69
85.47
75.06
85.45
80.46
80.52
88.32
84.93
85.25
86.11
83.12
77.53
83.62
86.79
84.45
86.81
80.66
86.84
86.78
86.66
86.73
79.58
83.07
82.23
85.76
77.97
89.91
73.70
88.26
77.03
87.14
80.25
90.89
87.12
73.63
85.79
77.07
75.27
78.65
84.50
81.13
85.44
87.75
83.21
86.89
88.91
85.40
85.75
80.81
86.22
87.76
76.38
76.38
89.39
87.84
86.68
76.85
84.78
70.15
78.95
89.43
78.01
75.98
82.46
86.03
89.72
86.21
81.72
88.59
78.94
85.13
87.30
80.34
84.31
87.38
78.74
86.69
88.22
83.80
84.66
81.72
86.52
89.58
82.32
84.96
79.04
81.26
87.31
80.61
77.22
83.49
80.73
87.25
85.39
85.47
86.98
83.62
86.63
80.61
79.90
84.91
75.88
87.86
86.46
81.52
75.85
75.92
81.36
83.40
77.04
80.38
76.50
77.26
81.31
85.21
76.78
82.04
89.71
83.85
85.04
81.39
86.87
84.58
84.46
86.50
88.88
87.23
88.77
82.20
82.15
82.19
83.02
80.51
88.44
83.08
83.34
81.39
70.51
73.11
75.89
85.46
77.15
84.85
86.80
76.08
87.40
67.50
83.44
76.87
87.16
81.24
84.63
78.44
86.89
84.01
85.23
82.62
89.13
78.76
90.78
84.33
88.40
80.88
78.75
83.65
88.86
76.06
80.85
85.24
86.60
87.05
80.55
82.75
83.35
84.64
89.05
78.72
87.95
77.10
85.37
84.19
86.49
85.12
84.14
75.21
88.90
79.22
85.38
86.98
77.40
69.73
89.58
85.63
87.44
85.14
84.28
84.67
88.62
80.77
79.29
83.14
73.69
75.06
82.28
84.79
83.83
84.56
86.62
84.45
81.22
82.60
84.47
88.02
82.53
82.01
85.33
83.40
81.37
84.69
80.34
78.42
82.09
80.64
85.52
87.67
81.44
79.23
80.31
81.47
87.57
82.52
83.23
84.59
89.58
83.01
85.53
77.10
83.80
86.82
83.88
87.15
82.89
87.20
80.40
84.16
85.78
89.98
88.06
86.51
84.28
87.10
79.18
81.49
84.30
84.35
74.60
80.90
84.72
86.74
84.26
78.93
87.91
83.63
84.29
89.07
73.99
79.73
86.10
86.03
77.42
88.87
80.09
82.87
89.03
77.76
80.40
81.93
82.50
87.45
80.22
86.12
82.04
89.23
89.10
81.88
88.35
84.36
80.86
84.26
81.92
90.39
83.14
83.41
80.51
82.69
89.74
88.27
83.20
87.98
85.04
87.86
82.99
82.24
87.20
74.27
86.43
87.74
77.80
87.58
86.01
77.11
73.03
86.69
81.20
84.75
85.34
88.31
76.62
75.00
79.14
88.12
82.94
80.38
88.40
84.80
84.28
82.67
87.55
82.36
79.80
83.84
88.63
89.11
84.45
85.60
84.65
80.58
82.39
79.38
83.57
85.82
85.32
83.21
84.18
81.32
81.04
85.22
80.68
86.41
85.48
83.28
79.74
75.75
77.40
79.55
85.66
87.25
83.54
82.19
81.58
83.42
76.18
85.15
82.27
77.29
83.50
89.87
82.81
89.47
84.63
79.18
84.51
83.21
87.12
86.87
82.94
80.02
86.14
85.92
81.88
79.69
76.29
84.11
86.60
83.43
87.45
90.78
85.70
86.53
83.37
86.32
74.54
85.96
88.78
84.84
87.17
80.64
86.76
86.43
84.86
86.82
87.25
82.77
84.70
84.08
82.04
89.46
86.65
88.78
80.81
80.32
85.46
88.73
86.89
86.43
84.62
79.15
85.60
83.84
83.40
83.28
85.36
84.30
72.24
80.70
83.78
78.96
81.52
86.18
85.58
84.03
77.08
87.90
87.13
82.55
74.81
85.95
84.18
80.95
72.88
79.37
85.84
