76.01
69.56
73.01
70.15
69.69
70.41
67.92
75.15
70.04
73.69
72.32
71.38
73.28
72.37
59.22
70.59
75.87
71.48
74.07
72.29
68.36
75.43
70.67
73.06
76.50
71.52
80.13
72.30
73.95
65.60
83.03
79.51
79.36
73.55
65.19
66.29
73.52
74.47
59.60
74.63
69.49
79.65
75.09
77.42
63.39
68.85
68.96
72.47
59.35
76.85
76.56
74.77
77.29
75.68
73.34
77.95
65.97
71.73
79.95
69.17
66.24
75.56
73.87
66.44
74.19
73.42
68.77
75.49
72.03
64.86
73.77
77.50
73.55
67.99
75.48
71.12
77.48
63.77
76.77
61.48
73.10
77.01
69.38
74.85
71.73
79.46
58.20
73.79
71.02
73.42
76.50
66.38
72.40
75.67
71.27
76.10
70.30
70.78
72.78
72.45
81.00
64.07
78.46
72.88
74.42
67.09
70.90
73.51
74.35
75.91
68.67
68.82
67.89
67.01
79.37
77.66
77.66
71.70
62.48
74.88
65.66
74.03
70.82
77.94
74.67
72.85
78.95
65.23
78.46
75.17
68.18
61.88
71.82
67.33
53.21
72.97
72.10
76.69
64.85
69.68
76.35
78.93
72.43
75.83
76.80
75.38
79.67
67.45
80.15
79.11
75.87
75.82
69.04
69.49
81.27
80.19
66.09
73.60
76.32
78.27
66.02
74.35
70.59
70.62
71.17
71.88
75.63
69.26
73.87
76.72
66.88
71.92
64.23
69.18
70.24
65.13
73.77
65.42
75.45
70.79
77.07
79.23
74.99
76.92
76.05
75.64
77.00
69.07
68.73
73.48
77.66
79.99
78.60
78.09
71.98
67.86
82.15
60.27
63.32
66.75
80.47
71.89
70.23
70.76
76.06
79.11
73.50
69.89
70.96
74.04
62.29
75.28
72.59
74.40
72.58
70.77
74.24
74.96
72.86
70.30
74.43
74.82
71.03
70.33
75.49
71.78
75.66
73.43
75.91
66.16
70.71
52.47
74.73
51.83
73.33
77.54
77.49
74.14
69.52
76.16
67.88
75.74
68.38
70.93
70.22
75.01
66.16
73.34
79.85
75.54
75.73
66.03
69.04
74.99
64.94
77.83
66.47
76.92
77.48
77.55
71.26
78.29
73.03
75.80
73.06
71.24
80.21
65.92
74.89
70.07
75.50
75.28
74.21
69.97
78.86
62.79
64.12
81.35
74.87
63.87
81.97
70.56
71.24
63.76
72.57
67.96
72.85
69.74
70.50
73.66
73.76
70.29
61.17
75.38
76.95
76.33
65.37
76.33
74.08
73.63
73.12
70.53
79.80
74.50
63.81
77.04
71.90
72.97
78.42
76.58
74.70
78.28
71.70
63.34
72.26
76.00
78.20
77.45
82.35
81.39
62.80
70.24
62.92
73.24
74.09
68.36
68.56
70.29
70.23
78.13
58.88
72.40
63.74
74.01
64.81
79.99
77.63
59.85
75.40
76.84
71.55
75.69
75.05
74.00
78.92
73.56
78.03
68.42
79.19
67.32
74.76
74.95
82.08
70.77
78.18
74.84
75.99
73.59
62.40
75.65
73.08
80.53
74.88
72.31
74.56
76.71
74.14
78.19
75.38
70.36
74.05
68.93
76.29
79.14
71.13
70.95
73.89
67.00
78.04
65.34
76.45
65.24
73.59
70.15
75.46
65.58
76.24
79.30
72.80
75.88
73.71
73.58
77.28
52.67
69.43
61.20
77.04
70.06
73.00
63.33
71.14
79.30
79.09
79.64
74.42
76.06
74.32
76.85
61.64
65.49
77.25
76.26
70.11
78.43
72.29
65.46
64.05
78.32
69.73
69.05
78.39
78.28
79.85
69.09
69.78
74.34
75.13
61.72
68.90
76.44
66.20
71.18
72.17
72.72
69.27
72.80
79.52
70.42
69.60
70.93
62.57
61.38
76.18
78.07
75.42
68.56
67.54
72.30
71.36
68.87
66.62
72.51
74.72
71.75
68.23
71.14
77.38
66.21
75.66
67.93
68.84
68.86
67.23
69.14
76.30
66.85
71.33
82.32
71.05
61.63
79.44
63.07
71.52
81.79
68.41
76.21
52.44
68.59
74.97
77.11
76.57
76.46
81.42
63.73
67.18
73.35
73.86
65.68
49.82
71.05
58.80
73.92
70.34
74.41
78.49
72.21
72.12
71.09
74.55
78.76
74.93
69.80
76.64
75.20
72.29
68.31
69.42
78.80
76.91
70.23
66.87
68.79
71.64
75.62
70.59
71.31
81.96
75.95
72.65
77.38
74.87
76.48
74.64
78.71
77.62
70.17
67.32
72.65
73.89
72.21
71.37
71.19
70.58
82.42
68.24
75.93
68.05
66.62
74.65
72.29
75.07
76.36
72.83
70.80
71.11
74.17
71.35
74.81
77.32
66.11
76.79
74.19
71.63
70.04
76.67
78.42
73.80
64.96
76.13
68.32
76.99
72.31
81.26
70.02
69.51
73.84
81.97
71.63
72.44
73.23
74.71
64.57
72.86
68.18
82.01
77.27
76.52
74.12
68.93
73.85
79.26
76.78
69.13
70.49
71.79
69.74
66.21
72.89
68.28
75.01
74.00
73.96
73.17
68.20
79.03
67.52
76.14
70.81
67.80
67.79
64.62
73.20
72.72
78.98
68.93
80.48
76.37
75.14
68.68
75.18
80.32
77.30
72.61
80.48
71.06
75.66
73.61
78.57
66.74
68.10
76.99
73.35
77.86
76.68
72.72
75.27
69.97
75.24
67.83
72.61
74.46
76.19
63.26
76.33
73.92
74.78
77.34
74.99
75.22
71.69
56.03
66.18
75.87
67.53
78.76
74.75
82.17
71.57
68.05
71.78
71.79
68.46
72.22
62.19
77.25
72.15
78.85
78.93
69.59
73.57
72.40
75.10
71.71
73.18
73.17
74.42
76.75
67.08
72.96
74.33
76.11
73.75
76.51
79.73
69.69
70.00
81.72
81.52
72.99
75.28
74.94
74.74
71.60
75.11
74.41
79.67
79.92
70.57
74.70
71.54
74.26
66.71
63.36
70.10
69.44
74.66
72.75
71.35
75.52
67.41
71.41
74.87
69.12
73.62
77.76
79.30
78.89
73.63
74.11
76.08
76.18
63.81
58.63
72.49
70.61
72.84
76.91
81.60
75.87
74.03
64.47
67.37
68.31
76.73
60.32
68.94
72.75
75.80
69.18
70.71
80.12
73.73
76.40
68.56
70.27
80.02
75.41
71.80
71.78
71.66
79.54
78.06
74.57
79.09
64.77
71.98
71.28
71.60
76.07
72.29
75.17
69.89
75.60
69.46
67.27
60.42
78.87
70.94
78.99
73.07
63.55
74.72
77.19
73.12
75.81
81.56
78.53
72.64
68.42
75.99
68.40
77.14
74.67
63.27
72.90
71.36
71.10
66.94
67.56
74.27
69.38
65.21
79.46
68.56
74.84
77.05
71.85
79.31
63.80
68.83
61.69
73.72
74.62
72.91
69.91
72.22
72.35
72.31
70.46
75.00
81.86
74.72
74.47
68.85
62.24
75.63
75.70
76.85
76.10
74.44
76.90
76.12
74.71
74.80
76.95
71.83
75.48
60.83
66.15
74.07
64.45
77.26
77.44
70.39
75.01
78.76
74.76
71.28
74.61
72.14
60.95
71.56
71.33
69.07
77.55
75.85
72.84
76.04
73.32
70.89
63.68
67.35
78.43
64.39
69.29
72.14
76.17
66.49
73.36
72.27
60.42
66.02
75.33
75.91
67.28
75.26
67.88
69.66
76.23
68.04
75.68
60.01
83.72
53.37
69.74
76.89
80.16
72.77
68.95
72.32
71.05
69.94
69.10
73.97
70.88
77.11
64.47
77.46
67.94
66.48
76.12
77.12
75.01
74.98
73.79
72.28
75.10
72.16
66.62
75.94
66.47
80.90
77.94
74.50
75.03
71.69
72.20
71.09
73.98
77.24
76.01
74.66
76.41
78.61
72.18
78.64
77.65
72.77
70.56
70.67
69.88
71.27
75.58
76.65
55.80
68.14
75.74
77.16
77.52
70.78
78.59
66.66
72.45
79.33
74.77
72.40
73.12
74.65
77.67
74.68
75.52
73.19
75.40
68.81
82.35
75.91
73.79
79.44
61.68
67.84
76.71
70.26
79.17
70.16
69.85
76.52
64.47
62.30
66.91
65.07
66.00
65.51
76.69
63.75
76.47
66.37
75.45
82.50
75.46
66.32
76.51
71.97
73.83
64.41
66.24
73.46
70.05
68.13
72.02
63.76
74.88
78.49
77.29
74.48
67.79
79.69
76.44
71.64
71.98
68.73
69.57
76.75
79.21
69.49
79.79
78.60
71.67
77.56
75.60
79.44
79.35
69.33
70.92
73.60
73.00
73.18
79.92
72.09
66.44
74.03
