94.99
93.59
91.64
92.65
88.14
91.73
94.62
94.47
93.65
92.64
92.65
92.95
93.87
94.51
91.15
93.92
86.80
94.22
93.42
93.82
94.45
93.93
94.48
91.52
94.50
90.74
93.88
92.84
93.70
89.97
92.75
93.26
94.05
94.95
94.03
86.53
92.91
90.97
92.55
90.92
94.22
92.14
92.51
91.39
94.58
93.51
93.96
93.48
93.61
94.56
94.01
90.72
92.39
93.77
94.40
92.36
93.26
92.51
91.98
92.98
92.90
91.35
95.12
90.09
93.06
93.16
91.79
93.36
92.84
92.66
94.74
94.07
93.65
93.30
93.25
93.21
87.29
92.13
89.15
87.90
93.64
92.70
91.56
92.09
91.22
90.60
91.46
94.91
92.60
92.80
94.00
92.17
93.46
93.12
92.26
91.70
93.90
92.88
94.13
90.76
93.86
84.20
92.57
93.36
90.32
91.47
92.83
94.26
93.60
92.58
91.99
91.86
91.36
89.20
92.22
91.72
93.20
93.26
89.94
91.77
94.82
93.54
93.72
93.53
93.51
91.97
88.47
93.09
91.65
93.67
92.64
93.46
92.90
89.53
85.26
93.22
84.64
92.05
93.72
92.99
93.12
94.58
93.25
91.60
88.57
92.63
94.02
92.57
92.18
82.54
92.69
93.23
93.12
93.59
91.47
95.29
87.69
94.37
95.17
91.48
94.24
93.76
93.13
89.21
94.13
91.77
91.40
93.87
93.92
93.08
88.63
94.44
93.12
91.47
93.10
93.48
92.83
93.84
93.98
94.44
91.08
94.26
94.50
94.75
93.42
86.12
94.99
94.06
91.61
91.29
89.85
90.81
93.90
95.06
91.61
91.52
91.59
92.78
92.95
92.00
89.15
94.50
94.53
91.25
89.47
94.32
92.19
91.45
92.01
92.42
93.62
90.71
93.90
92.41
93.24
92.91
94.25
89.05
94.05
91.66
93.18
92.32
89.46
92.49
90.79
94.96
92.51
91.93
92.95
92.56
94.88
93.42
90.14
84.06
93.03
91.57
94.20
88.83
92.15
87.60
89.74
91.04
92.65
93.89
94.97
89.82
93.30
89.86
92.54
93.86
92.15
92.86
91.15
89.61
93.45
92.77
93.26
91.83
94.81
89.89
94.34
93.42
93.11
87.93
92.02
94.82
90.29
92.84
91.03
93.48
93.60
93.86
94.48
92.32
91.55
88.26
85.89
92.27
92.08
94.80
94.58
92.84
90.10
89.05
94.02
94.29
94.21
90.57
94.07
91.23
94.45
93.80
92.56
93.05
93.55
94.09
93.48
90.88
94.54
93.96
93.19
94.13
93.57
92.17
93.49
93.73
93.32
93.83
91.24
92.57
91.52
93.93
92.63
94.11
92.30
92.13
94.19
93.45
94.66
94.42
94.00
88.20
92.72
92.29
90.09
92.85
92.15
91.49
92.57
92.57
94.90
91.99
93.83
87.31
94.32
88.68
93.02
93.84
92.45
92.68
93.37
91.39
94.21
94.71
95.03
93.14
93.18
93.09
90.87
92.00
92.89
91.12
90.75
87.75
91.43
82.22
93.33
88.96
94.77
93.45
88.18
93.61
93.56
91.16
93.32
92.69
89.42
94.52
93.67
93.62
91.94
94.24
90.96
92.87
91.59
94.81
87.00
92.46
92.23
89.45
91.09
94.46
92.81
91.29
92.48
90.11
93.72
94.07
90.87
93.12
93.31
89.40
92.42
93.26
92.66
93.12
91.65
93.04
92.11
93.34
92.86
93.47
88.48
93.43
93.84
94.31
94.29
91.19
94.45
92.33
93.03
93.71
93.85
89.30
91.12
86.76
92.87
92.03
92.37
94.06
94.66
93.88
93.23
92.39
90.24
92.89
93.47
85.41
91.32
91.35
91.11
93.26
93.59
91.52
93.12
92.06
89.36
92.22
92.62
92.79
93.36
93.70
92.10
93.73
91.39
94.08
94.84
93.40
92.39
92.82
94.55
94.20
92.89
90.83
95.15
92.83
90.62
94.21
90.33
91.20
91.47
91.77
91.21
93.34
92.60
91.28
92.93
92.80
92.00
92.84
88.83
91.28
92.19
90.51
91.29
90.01
94.06
94.48
94.56
90.93
92.41
93.20
93.38
92.54
92.38
93.02
91.48
95.48
88.09
88.93
93.04
92.24
93.98
92.95
90.87
92.67
93.51
93.75
93.66
87.99
95.04
90.97
91.71
92.21
92.75
92.20
91.32
90.48
90.28
92.43
92.37
93.21
94.59
90.24
94.02
91.95
91.48
92.45
91.20
94.25
92.18
91.79
93.23
94.23
91.64
89.18
91.51
93.26
91.12
95.26
88.66
92.28
94.06
90.04
94.18
91.05
92.22
90.35
92.17
92.09
92.29
91.20
92.49
91.34
90.78
85.91
93.10
92.11
93.95
87.44
91.85
91.41
91.69
94.50
90.16
92.82
93.59
88.33
90.25
94.35
90.00
94.54
92.00
90.16
94.13
95.12
94.46
93.49
90.82
90.41
91.86
94.55
88.06
94.27
93.22
92.90
90.61
92.03
93.86
93.83
94.46
92.07
93.58
90.18
91.55
93.10
94.69
92.71
93.20
92.02
93.07
91.43
91.50
93.86
93.39
93.50
86.65
91.17
91.29
91.75
93.71
93.48
91.73
88.98
92.68
93.80
94.10
93.75
91.78
94.32
90.80
92.40
90.81
93.82
94.99
94.90
94.78
94.00
95.48
84.66
90.04
89.18
94.71
92.00
90.02
94.60
89.26
88.79
93.06
93.22
90.00
93.99
89.01
93.14
90.66
94.84
93.10
92.90
93.66
92.83
94.15
94.02
90.71
92.89
91.06
95.00
92.94
93.67
90.76
91.48
91.04
95.28
92.22
93.52
93.73
94.65
92.45
91.36
94.03
94.60
92.81
91.34
92.74
92.81
88.79
92.87
91.95
91.05
94.37
93.28
93.39
94.21
94.57
95.05
90.06
90.52
93.93
92.18
93.71
92.75
93.98
92.97
94.46
92.15
94.44
92.92
93.55
84.55
93.75
92.47
93.42
88.89
93.84
93.18
93.49
91.29
94.48
90.72
91.25
93.45
91.52
94.75
85.14
93.32
91.59
94.50
92.45
93.15
93.29
92.49
93.11
94.38
95.11
93.23
91.91
93.19
93.03
93.82
93.08
92.63
87.72
90.17
93.37
92.99
93.84
94.21
94.35
94.03
93.35
92.15
92.20
92.44
92.50
89.41
92.88
93.45
93.12
90.47
92.78
92.97
90.42
93.28
92.74
94.32
91.91
92.05
91.34
91.99
92.85
95.49
92.08
91.44
94.91
93.93
94.16
92.29
88.89
94.76
90.09
92.35
91.90
93.78
91.48
89.48
92.91
93.25
92.37
90.70
92.55
92.46
93.93
93.52
93.54
91.23
90.81
91.32
93.93
90.01
93.43
92.81
91.89
93.59
94.96
92.31
93.67
94.64
91.94
91.64
94.83
94.56
93.90
93.55
91.67
90.41
84.17
91.16
94.27
93.68
91.74
93.21
93.97
91.99
90.05
93.30
94.22
90.98
89.31
93.84
93.36
91.83
91.89
95.51
91.83
93.82
89.80
92.90
93.49
93.43
91.26
93.36
94.00
95.24
93.61
93.76
93.35
91.46
89.40
94.98
87.54
93.46
92.97
88.46
94.09
92.91
92.70
92.84
91.56
93.40
89.78
92.89
91.98
90.79
89.02
92.09
92.05
85.88
91.56
93.66
92.18
90.66
91.91
91.40
93.74
94.15
92.96
93.37
88.58
94.61
91.68
93.22
84.59
92.71
92.88
91.81
94.04
93.15
93.77
91.46
95.46
91.66
93.95
92.38
92.57
92.37
92.50
89.42
94.28
93.46
93.86
88.31
93.57
90.78
93.98
93.61
89.44
95.25
94.51
92.87
88.99
92.69
94.94
92.20
90.56
93.46
89.81
90.59
92.93
91.24
94.89
93.87
90.84
92.57
94.81
90.83
88.94
92.52
93.50
92.56
91.67
92.41
94.70
95.00
94.28
88.27
92.50
91.97
93.87
94.47
94.23
88.62
93.52
88.87
89.72
92.94
94.90
90.60
94.80
94.26
92.50
94.17
91.29
93.23
89.52
93.35
92.89
93.53
91.77
92.82
92.34
93.34
94.23
94.83
92.59
92.82
94.51
93.11
93.28
93.16
92.80
92.72
92.25
93.69
92.26
89.16
89.98
92.56
90.62
92.68
90.32
92.59
92.55
91.94
90.15
92.67
90.43
90.26
94.99
94.57
91.72
92.79
91.11
93.93
89.85
91.34
93.54
90.10
91.71
92.04
93.61
91.09
89.50
92.51
91.89
94.82
94.00
94.20
91.16
93.69
94.53
92.69
91.21
93.72
92.16
94.13
92.24
93.47
93.12
91.86
93.55
92.16
