91.67
91.94
90.00
93.24
90.29
89.49
92.15
92.90
91.14
91.99
89.39
88.27
90.08
91.75
92.74
92.32
91.89
92.52
90.38
91.80
92.64
91.55
93.07
93.22
92.00
92.52
91.93
91.05
92.52
92.46
91.53
91.67
92.15
91.38
92.67
91.09
92.91
93.27
92.95
90.70
92.42
92.58
91.98
93.07
92.87
90.78
92.04
91.81
88.22
92.33
92.95
90.46
92.52
92.59
91.47
93.34
93.02
92.20
91.67
91.81
92.39
91.01
93.70
90.20
90.79
91.77
92.55
90.00
91.74
91.38
92.25
92.17
89.17
92.70
91.38
92.69
93.01
93.34
91.95
92.34
91.90
93.00
92.68
93.18
92.20
93.12
91.71
93.42
89.85
91.82
92.11
92.55
92.72
89.49
92.21
89.65
91.98
92.32
89.49
93.26
92.22
88.06
89.82
91.59
91.99
90.85
91.96
91.41
93.43
92.38
91.81
91.70
92.96
92.80
91.39
92.02
91.92
91.53
91.33
91.34
92.49
92.50
92.75
92.91
93.34
93.17
92.83
92.14
92.13
92.01
92.79
92.30
92.76
91.87
92.93
91.75
92.66
89.62
89.88
91.96
92.66
92.38
93.69
92.96
91.25
92.69
92.79
92.58
91.61
93.17
92.43
93.02
89.75
91.11
92.92
92.43
89.33
91.05
91.75
91.91
90.88
92.34
91.55
93.16
93.29
92.78
92.96
91.29
92.44
92.73
90.92
92.03
92.35
90.52
92.59
92.85
90.02
91.32
91.27
91.33
90.25
92.49
92.72
91.83
92.02
91.48
92.48
92.01
88.84
92.79
90.27
92.63
91.39
92.01
91.70
92.39
92.69
92.32
92.31
88.91
92.19
91.64
91.19
93.16
92.49
91.45
91.41
92.46
91.55
93.44
92.07
91.85
92.13
91.20
92.76
92.41
93.24
92.51
91.90
92.00
92.76
91.48
93.28
92.94
92.37
91.02
92.71
91.94
91.27
92.35
90.25
90.14
90.94
90.72
91.54
92.67
91.20
93.39
89.75
92.39
91.80
91.93
92.16
92.23
91.55
92.60
92.10
92.81
90.02
91.33
92.64
92.94
91.70
92.46
92.97
90.06
92.61
91.47
91.25
92.70
91.57
91.78
90.53
92.69
93.00
91.68
93.49
91.14
92.58
91.96
90.19
92.41
91.16
92.80
92.33
91.28
92.04
92.49
92.86
92.12
91.83
91.89
91.55
90.88
92.07
92.29
90.42
88.62
93.07
91.60
92.39
92.52
91.58
92.96
92.50
93.34
92.05
92.83
91.51
91.88
92.72
91.06
91.06
92.21
92.00
90.38
90.67
90.97
92.56
92.40
90.67
92.43
91.56
93.23
92.27
92.51
92.47
92.67
92.45
90.43
91.99
92.78
93.33
91.06
91.71
92.32
92.32
93.13
91.92
90.17
90.39
91.58
89.99
92.50
93.37
92.14
88.73
91.31
92.48
92.98
90.15
92.29
91.71
92.11
92.47
92.87
92.77
92.30
91.90
90.07
92.67
93.04
92.05
93.47
92.15
90.27
91.62
91.35
92.86
91.04
91.98
93.12
91.27
91.84
92.67
91.50
90.49
87.17
91.81
91.96
92.70
90.74
92.50
92.57
90.23
92.49
92.64
92.55
90.31
92.88
90.40
92.30
92.88
90.05
91.65
91.69
91.52
93.03
92.23
90.25
90.98
91.76
89.60
91.84
92.13
92.36
92.85
92.85
92.00
92.30
91.84
92.91
92.13
91.28
93.03
91.23
91.20
93.52
88.57
91.76
92.32
92.94
91.57
91.79
92.50
89.64
92.06
90.93
91.69
92.42
91.49
92.30
92.81
91.67
92.18
92.37
91.34
91.69
89.86
91.59
92.31
92.84
93.49
93.33
93.86
91.36
92.44
89.89
92.80
90.90
91.50
92.90
91.74
92.49
92.41
92.28
91.66
91.30
91.53
91.94
93.32
92.86
92.90
92.97
91.46
90.51
93.15
91.65
90.98
92.89
92.43
90.79
89.65
92.44
92.71
93.30
92.06
90.88
90.88
93.11
91.86
92.24
92.38
91.04
90.87
90.67
90.65
91.97
91.48
92.42
93.36
86.88
92.32
92.89
93.10
91.36
92.54
93.41
93.21
92.70
90.20
92.86
91.24
93.27
92.55
92.84
93.46
92.65
91.94
92.69
92.91
91.08
90.98
91.01
92.20
92.22
90.31
90.97
92.76
89.49
91.17
93.02
91.93
91.50
93.28
91.65
90.58
93.08
90.74
93.43
92.99
91.92
90.00
91.33
92.43
92.67
92.84
92.87
91.70
90.91
92.48
93.20
90.50
91.57
92.54
92.03
91.00
90.78
91.61
91.13
88.42
92.60
91.35
91.75
91.46
92.59
91.14
91.49
93.88
91.59
91.43
92.47
92.26
91.91
92.74
90.54
92.92
92.79
91.97
92.52
91.97
92.08
92.46
91.25
92.04
91.85
93.45
91.78
90.02
92.45
91.38
90.89
92.01
92.11
90.34
92.01
92.48
93.63
91.57
92.10
91.89
92.08
92.29
90.95
92.91
90.92
92.41
91.32
91.60
92.26
93.00
93.58
89.72
93.72
91.14
93.24
92.35
92.62
91.73
90.85
91.69
93.20
92.59
91.63
89.00
91.44
91.74
89.97
91.30
91.56
92.26
92.38
93.09
93.24
91.51
93.13
91.90
92.50
91.90
93.05
92.29
90.49
92.54
91.32
92.82
93.34
91.84
91.53
92.18
89.50
90.06
93.15
92.91
93.34
92.28
92.50
91.93
91.58
89.11
92.38
90.44
92.91
93.26
91.16
91.39
91.66
92.49
91.41
90.05
91.65
90.09
91.83
92.86
93.25
91.09
92.50
90.92
91.52
92.55
93.61
92.55
93.59
91.87
93.02
93.46
91.00
91.78
92.86
90.92
90.56
91.60
91.83
91.52
92.98
93.69
93.56
92.62
89.74
92.61
92.73
92.49
92.06
92.44
92.24
93.54
92.25
86.87
93.55
92.07
87.76
91.11
92.54
93.04
91.84
91.95
92.66
93.36
92.39
92.20
90.29
91.44
93.36
92.69
89.41
91.84
91.12
91.82
92.01
92.34
92.75
92.86
92.90
92.52
93.53
92.30
92.84
93.08
91.31
92.03
93.42
92.81
93.00
90.22
92.78
92.07
92.52
90.59
88.66
91.31
93.87
92.06
92.83
90.18
92.22
92.25
92.20
91.61
90.31
91.79
89.39
89.19
92.88
92.43
91.74
90.52
93.19
88.62
91.07
92.90
92.70
92.84
91.57
89.76
91.91
92.77
90.31
92.70
92.82
91.88
93.30
91.69
92.80
93.54
91.82
92.88
92.72
91.64
91.98
92.83
92.12
92.31
91.00
91.54
92.58
92.08
91.56
92.03
90.91
92.71
93.01
91.08
92.37
90.22
92.30
93.06
92.26
92.99
92.13
92.85
91.91
91.28
92.65
90.84
90.29
92.96
90.91
92.72
91.99
92.02
92.68
91.77
91.00
91.76
92.48
91.97
91.58
87.23
92.48
92.10
91.94
90.82
91.77
93.00
88.88
93.20
92.63
91.99
90.59
92.52
92.73
93.09
92.51
92.08
91.96
92.45
92.73
92.66
91.61
91.04
93.57
92.64
92.02
92.47
92.31
92.65
91.74
92.59
91.57
92.31
92.40
91.19
93.16
92.23
91.58
91.34
92.74
92.45
91.76
90.88
92.11
92.23
93.30
92.43
92.32
91.56
93.17
90.80
91.78
92.48
91.58
93.17
92.42
91.30
93.09
91.60
91.09
91.21
90.99
92.76
91.86
92.84
91.03
90.70
91.13
92.62
92.97
93.08
92.37
91.24
86.93
93.59
93.00
91.87
92.98
92.76
92.21
89.42
92.35
91.70
88.17
92.71
92.77
92.87
90.76
92.17
92.25
92.26
92.03
91.31
92.54
93.75
92.41
92.55
91.98
93.38
92.48
92.87
90.44
90.47
92.14
92.40
93.01
92.19
91.58
92.60
92.88
91.59
93.12
91.10
92.83
91.93
92.78
92.89
89.79
92.50
90.42
90.73
90.35
92.42
93.16
90.73
92.39
91.71
92.97
90.17
92.17
91.72
92.88
93.13
93.30
90.47
92.71
92.37
92.20
93.10
92.25
91.72
93.70
92.69
91.12
89.06
93.25
89.57
92.60
92.76
91.87
92.11
92.98
92.42
92.93
92.59
91.58
91.89
92.62
91.99
91.87
92.97
91.08
92.09
92.23
91.82
92.30
91.97
92.53
92.40
92.54
93.60
92.27
92.72
92.15
91.79
92.52
91.46
92.60
93.06
93.16
89.60
91.18
92.82
92.68
91.74
92.99
92.63
92.21
91.51
93.61
92.72
93.21
91.47
92.00
