64.19
79.17
64.89
74.78
66.99
78.13
72.65
67.82
80.27
69.68
62.43
64.53
72.99
76.79
68.19
70.17
78.64
76.95
81.20
81.32
61.52
71.21
74.55
76.41
79.56
60.84
77.72
66.68
57.51
71.95
71.72
75.48
70.79
62.68
51.15
72.24
76.34
65.90
69.19
74.28
71.03
76.04
70.11
68.87
70.05
75.29
70.26
70.77
69.05
66.40
66.65
66.25
71.07
71.81
78.49
70.11
60.37
68.14
53.48
75.93
77.88
73.21
66.54
67.98
75.59
71.09
79.35
77.28
69.62
70.98
77.83
79.56
69.62
66.01
48.77
69.43
73.74
69.96
60.76
76.20
84.00
66.69
76.37
65.57
75.01
66.82
69.54
69.12
79.55
63.85
78.56
61.03
78.03
68.96
76.51
74.59
61.50
68.48
59.15
72.25
64.05
79.55
67.55
79.39
76.03
82.62
69.05
75.27
60.79
78.20
69.69
70.81
63.94
76.50
65.33
64.62
74.02
66.47
76.49
76.45
71.34
70.54
74.28
64.72
79.17
67.78
55.86
70.22
70.18
64.54
71.51
65.64
69.11
70.75
66.33
65.67
76.41
66.19
68.73
65.50
72.61
75.67
65.34
63.44
61.19
72.88
69.97
70.63
73.75
59.06
76.64
71.46
57.88
69.65
80.42
61.47
72.63
62.46
57.55
75.82
66.90
69.01
62.83
65.84
66.94
64.55
71.66
64.94
71.62
82.07
60.49
62.78
75.03
71.46
65.50
68.43
63.08
58.64
68.09
76.90
79.90
67.87
75.45
70.33
80.71
66.91
75.90
66.73
76.08
75.63
67.44
64.00
71.51
68.60
54.40
73.33
71.96
57.43
67.18
69.05
69.23
68.69
72.88
73.76
74.30
79.86
78.24
70.96
70.70
58.67
68.39
79.58
66.11
68.83
80.25
52.55
64.18
51.33
67.87
77.41
67.79
77.83
58.43
68.13
56.63
68.71
68.51
67.38
73.72
68.91
61.36
73.73
69.08
65.90
60.31
64.96
72.89
79.66
64.21
65.02
75.64
57.18
62.89
60.59
77.69
77.21
71.47
66.44
81.14
66.10
60.90
66.19
77.38
73.62
80.59
75.04
67.71
72.33
81.79
71.64
75.69
66.76
68.63
74.79
77.07
72.02
65.52
67.63
75.59
52.00
74.93
78.30
69.32
66.09
75.08
68.40
77.30
64.39
66.58
70.46
59.38
65.00
64.37
76.82
62.10
76.67
72.59
72.48
72.65
61.98
70.16
77.64
63.21
78.59
79.51
76.07
79.51
66.84
65.02
70.00
62.82
74.21
62.12
58.76
76.20
71.62
65.00
72.51
73.65
75.08
76.11
70.90
72.84
80.41
71.08
64.11
72.92
72.82
71.02
63.37
72.19
72.01
45.70
66.23
79.88
77.16
62.27
74.34
77.88
68.29
76.23
58.57
75.39
60.21
76.44
76.15
57.83
78.42
68.98
82.90
76.60
68.03
76.52
78.13
68.48
73.03
74.44
72.42
66.61
68.43
71.55
73.78
65.67
75.58
73.82
61.89
77.01
80.55
68.83
72.66
73.17
74.61
74.79
72.79
80.11
62.18
70.00
69.86
70.89
66.82
70.58
81.09
76.03
68.56
69.59
75.93
63.32
68.29
75.02
65.68
72.26
68.75
81.26
75.92
65.75
59.90
72.56
72.68
66.38
69.73
69.14
68.41
68.81
65.49
73.14
61.72
68.22
69.66
66.40
74.72
79.93
62.65
75.11
68.37
72.50
61.08
74.23
75.43
76.80
72.34
73.92
67.65
64.69
62.88
73.01
67.99
78.36
67.96
62.44
66.52
69.72
65.95
58.90
75.61
67.77
67.57
69.03
75.27
69.54
67.44
61.27
71.64
77.73
73.69
77.59
68.65
70.01
62.26
63.56
67.94
79.27
73.50
75.06
71.91
70.63
62.18
76.53
64.19
70.91
76.51
63.76
79.97
71.90
65.09
54.94
76.08
80.31
57.86
67.32
72.86
72.62
67.21
77.28
78.40
73.17
74.99
68.95
75.94
73.39
76.04
78.15
62.56
77.27
67.77
62.52
69.77
69.22
73.59
66.26
78.81
72.65
71.60
64.86
66.37
76.66
71.07
65.39
67.14
70.53
71.26
76.76
59.38
75.39
63.58
69.76
74.10
68.29
60.93
70.46
62.43
69.00
73.85
68.37
59.64
69.48
76.24
70.71
61.11
79.63
61.07
66.58
62.60
62.44
59.33
63.06
81.88
80.93
69.03
69.28
64.34
68.67
62.53
59.42
66.13
74.22
69.10
69.95
76.64
71.07
65.22
66.14
78.05
73.05
67.34
53.18
72.74
76.56
76.93
68.55
65.77
64.05
74.51
64.80
69.48
68.38
63.65
74.76
70.45
73.02
80.35
71.51
79.02
74.79
76.56
74.88
61.62
70.49
73.49
69.27
68.49
61.74
68.43
76.66
70.59
65.73
73.67
73.90
74.24
56.44
69.94
67.56
82.48
69.27
69.31
77.03
74.03
77.94
76.13
71.23
67.31
66.95
73.64
71.27
70.46
63.72
71.84
57.36
71.18
64.17
73.40
70.12
75.67
70.10
66.01
73.00
60.26
75.86
64.84
60.44
75.72
65.76
70.29
73.44
52.26
69.17
72.62
69.59
78.95
74.94
79.31
76.66
65.19
79.90
71.93
76.53
72.07
68.32
66.69
67.41
71.39
66.92
67.97
56.28
60.06
77.32
81.10
80.44
64.19
62.12
77.79
74.61
53.28
73.22
70.91
76.55
70.22
67.45
76.69
71.96
66.14
67.82
68.02
76.48
70.57
76.51
63.77
71.29
72.74
63.66
72.04
73.34
73.46
71.82
69.64
73.76
77.39
68.67
71.45
71.13
67.84
73.11
71.95
61.04
72.75
74.27
71.07
67.21
71.72
66.45
70.48
63.32
71.80
68.39
78.45
70.59
76.12
69.56
68.19
75.80
75.25
66.60
78.57
75.08
65.40
67.04
60.93
64.54
79.94
43.24
75.44
65.31
60.78
67.87
65.06
71.38
75.62
69.69
74.37
63.79
74.35
68.85
76.43
53.52
74.47
75.97
64.32
72.32
76.79
78.96
67.70
70.61
70.15
78.89
78.66
71.73
67.16
68.78
57.89
69.47
74.81
75.14
73.68
76.17
69.11
70.44
78.75
69.26
60.40
78.99
69.30
77.74
70.01
77.71
69.94
62.96
65.35
57.68
53.29
70.78
68.65
68.28
76.95
62.37
64.53
86.31
73.67
66.49
67.63
70.37
64.10
58.27
79.46
76.53
78.48
71.49
67.01
61.42
77.95
70.22
77.87
71.50
59.23
69.14
67.08
70.57
72.22
65.74
67.13
64.84
73.30
70.66
68.86
67.66
59.66
61.24
76.64
71.49
79.08
66.32
71.01
77.24
61.33
70.48
73.80
62.76
71.71
73.23
71.02
68.92
62.26
56.62
69.64
57.99
74.51
57.77
73.86
69.69
74.56
62.05
66.35
76.26
62.55
77.95
55.02
71.74
65.77
76.95
68.71
70.09
72.26
68.72
82.06
75.16
73.15
80.95
79.91
64.10
73.73
62.28
73.69
74.04
65.60
70.75
66.28
73.85
70.02
68.50
61.88
76.85
73.71
69.78
72.42
64.05
76.96
77.73
76.95
60.92
73.88
68.64
72.69
81.46
72.43
77.03
71.84
66.69
57.84
79.05
70.09
61.07
56.48
70.66
73.38
58.03
69.08
76.83
67.21
60.44
68.01
72.15
68.80
71.03
73.88
75.73
47.24
66.21
81.03
68.12
69.64
72.15
66.10
79.23
66.32
76.74
71.11
73.92
70.22
73.55
68.11
63.36
74.27
76.39
81.97
74.56
64.91
74.29
78.98
59.30
70.25
75.61
73.91
65.18
78.03
69.31
75.14
63.32
69.33
63.89
80.65
65.22
62.61
74.71
73.40
61.11
66.45
67.73
68.64
73.91
67.24
57.47
62.32
74.58
80.83
58.62
72.85
76.28
65.03
74.17
75.06
66.11
79.10
78.70
57.35
74.62
64.87
77.89
78.95
64.90
76.09
78.95
66.22
74.31
64.17
64.13
78.37
75.14
57.30
73.92
77.15
55.46
77.81
77.88
75.19
71.73
70.15
71.89
76.18
73.58
81.94
69.80
68.71
66.82
72.86
68.75
63.32
71.34
59.71
75.13
66.31
77.22
70.92
75.17
53.85
48.02
59.18
75.72
75.08
80.13
68.98
62.15
68.86
78.55
57.92
82.59
64.15
72.27
74.54
69.36
75.74
61.64
75.20
59.23
78.73
72.57
61.60
76.97
66.35
69.86
74.71
72.48
72.86
66.36
70.09
74.08
66.82
81.74
68.60
67.43
82.15
70.55
57.70
