83.82
85.92
86.61
87.25
89.41
88.04
85.33
86.65
88.57
84.31
88.18
88.86
88.43
84.78
86.90
86.92
85.74
87.01
87.59
87.47
87.59
87.92
87.11
87.63
84.36
87.49
86.39
86.17
86.20
88.15
87.06
86.76
88.15
88.00
84.28
86.80
87.74
86.64
88.83
87.66
84.16
83.78
88.23
88.34
85.09
87.14
87.82
88.08
86.56
89.85
86.52
87.47
84.74
88.66
88.42
87.23
88.16
84.02
82.84
85.25
85.21
86.49
88.05
87.69
84.73
86.00
87.61
86.94
87.33
87.05
86.95
87.39
87.95
87.59
88.11
86.69
87.72
88.70
87.88
88.31
86.14
88.33
87.61
86.02
87.07
85.79
87.30
87.51
88.70
85.07
88.67
86.25
88.54
86.67
82.80
83.51
84.02
87.95
87.26
86.72
85.49
86.81
87.15
87.57
83.58
88.10
84.15
86.76
87.52
88.23
86.51
86.23
84.21
87.49
87.68
81.38
84.48
84.08
86.90
87.73
86.15
88.67
87.68
87.64
86.96
87.27
85.51
89.42
86.79
85.27
88.44
87.40
89.01
88.78
87.67
86.59
86.91
86.49
86.50
89.24
88.13
87.05
88.61
87.45
87.87
87.02
89.45
88.57
88.12
84.10
85.88
85.74
88.18
83.44
88.49
86.85
87.24
88.34
86.05
86.57
87.82
87.63
87.79
87.37
86.39
86.73
88.62
87.56
88.34
86.40
85.90
87.94
86.05
87.04
87.90
86.58
87.47
86.22
87.51
85.31
89.16
86.70
85.07
89.10
87.44
87.54
85.49
89.36
87.66
85.83
88.34
87.77
83.60
85.29
87.72
87.79
87.99
86.05
86.57
86.28
88.27
84.87
88.16
88.22
86.60
86.14
86.50
87.30
88.67
87.34
88.82
87.14
88.50
87.02
87.51
87.91
87.47
86.27
87.75
86.62
84.66
87.23
84.46
86.84
86.39
88.26
88.50
88.20
86.92
83.06
86.73
82.98
86.61
85.68
85.87
86.70
87.57
86.67
86.80
88.02
87.28
87.81
86.69
88.47
88.51
88.86
88.52
84.58
88.36
85.32
87.09
88.81
87.94
86.68
87.88
88.03
87.57
88.42
86.79
89.21
87.36
85.70
86.53
86.65
87.09
87.52
86.91
85.28
85.47
87.56
88.51
85.37
88.57
84.44
87.25
87.26
87.61
89.34
88.05
87.91
86.62
82.87
86.28
86.02
87.42
88.66
87.35
85.79
86.53
86.81
86.67
87.37
89.17
84.82
86.50
89.08
87.63
86.40
87.75
87.98
87.29
84.87
87.84
88.82
85.50
88.74
86.58
87.71
85.73
86.30
86.11
86.63
84.58
83.54
85.34
87.37
86.52
83.89
86.97
88.19
87.48
88.30
88.96
88.04
88.14
84.86
85.21
87.30
88.35
83.26
85.66
86.60
87.33
87.06
84.11
82.06
87.42
87.90
87.60
87.52
86.68
88.37
87.35
87.79
86.58
86.86
85.90
88.51
86.13
85.97
85.83
87.46
87.48
87.62
88.53
86.56
86.47
88.06
87.03
87.31
86.01
84.64
88.95
87.42
85.13
88.58
89.05
87.01
87.21
86.47
88.36
86.70
84.34
87.90
85.71
88.16
87.53
87.42
88.93
89.76
87.85
87.89
88.73
87.81
86.66
86.81
84.14
87.31
87.79
86.59
87.55
84.61
87.10
86.39
87.79
83.68
83.88
87.99
86.07
87.38
85.39
88.42
88.42
87.18
86.75
88.00
86.59
88.66
88.33
85.35
85.56
85.82
86.18
88.65
86.68
87.82
87.96
88.38
87.70
84.35
86.94
86.04
87.75
89.67
86.83
86.62
86.47
88.36
88.56
86.61
86.84
88.27
86.82
88.08
87.49
87.34
89.11
84.95
85.27
86.57
86.01
86.78
86.07
83.90
88.67
88.72
87.50
86.27
87.54
88.16
87.37
88.70
84.98
87.89
85.00
88.54
86.27
86.80
86.97
87.19
87.54
87.55
85.51
89.02
84.46
87.20
86.73
86.72
86.56
89.11
86.41
87.89
86.89
87.04
87.86
86.94
85.78
87.22
85.92
85.99
87.61
87.37
86.65
87.05
86.85
88.52
86.46
87.24
88.29
89.07
88.65
85.11
87.62
88.17
88.21
87.92
87.18
86.10
88.20
86.31
87.79
83.44
86.76
86.50
89.13
87.46
86.88
89.10
88.77
85.26
86.94
85.68
86.57
83.75
85.66
87.32
88.96
86.76
88.71
85.36
88.29
89.07
88.35
89.38
85.62
89.37
88.93
87.10
86.67
88.12
85.78
88.20
85.56
87.21
88.79
89.32
86.93
84.42
88.25
86.91
86.52
84.63
88.64
87.79
84.32
88.22
87.41
89.79
88.69
85.34
87.43
88.38
87.80
88.29
86.06
87.97
86.69
88.07
89.34
89.28
88.40
86.81
89.28
82.41
89.50
87.92
86.48
88.29
85.40
87.76
88.10
86.62
86.74
86.36
84.61
86.25
86.97
88.76
87.87
81.99
82.01
88.03
88.57
88.41
88.61
87.12
85.31
86.45
88.42
87.25
86.74
88.29
88.06
87.75
86.98
87.93
85.59
88.62
85.89
88.44
87.82
87.23
87.16
87.83
87.96
75.52
87.32
85.86
87.04
88.00
84.62
87.75
83.31
86.42
88.88
85.77
86.21
86.61
86.27
86.66
88.45
82.29
88.19
87.40
88.26
85.32
83.79
87.93
88.42
86.92
86.52
85.34
88.12
85.08
84.70
88.38
88.61
85.72
87.22
86.55
87.91
88.87
88.11
86.07
87.24
89.02
88.21
87.51
87.61
87.53
86.44
85.54
86.48
87.35
87.81
87.13
88.37
88.87
87.51
85.98
88.39
87.46
87.62
87.42
88.40
87.19
89.68
83.28
87.74
85.50
87.25
88.07
88.22
87.06
86.78
86.91
86.20
88.01
87.16
87.19
86.88
87.02
87.88
86.40
85.84
88.67
88.26
88.22
86.71
86.50
86.94
87.85
87.28
85.29
87.83
87.48
85.65
86.72
86.91
88.36
86.29
88.17
84.14
87.36
87.96
86.26
81.69
89.62
86.18
87.30
84.11
87.95
87.15
84.21
87.26
87.29
88.43
83.96
84.65
86.01
87.50
87.68
87.59
87.01
85.47
87.75
87.43
85.81
87.91
88.10
88.75
87.42
88.41
85.02
87.61
86.92
86.58
87.19
88.77
83.76
88.47
87.96
88.89
87.94
88.16
86.61
88.95
87.16
86.96
88.23
88.03
89.50
87.15
89.59
84.40
87.66
85.97
87.41
87.73
88.75
84.08
88.20
85.73
88.70
85.87
86.13
87.23
87.92
87.67
88.70
84.53
85.76
88.77
86.99
87.24
87.24
86.62
89.02
86.32
83.62
87.93
87.50
86.71
84.95
87.31
88.63
84.85
86.79
86.97
89.20
86.18
87.11
88.06
85.89
88.83
88.84
87.62
85.19
86.21
88.43
83.62
86.82
80.77
89.10
87.47
87.06
86.28
88.37
87.46
88.74
88.39
87.55
86.28
87.35
86.97
84.19
87.70
84.95
86.08
88.58
85.31
88.51
86.19
84.57
87.29
88.12
87.14
87.88
87.76
86.55
85.68
88.16
88.49
87.08
88.29
86.11
86.87
88.94
87.90
88.93
82.25
87.01
86.42
86.34
86.33
87.13
87.86
86.89
87.17
86.47
86.74
87.63
88.05
84.83
87.58
87.54
85.12
85.94
87.83
88.22
87.65
87.05
87.90
86.92
87.92
87.28
84.10
88.26
85.78
86.13
87.92
88.26
88.45
87.74
88.91
85.40
85.10
88.44
87.69
81.70
88.22
88.16
87.37
87.84
87.52
83.97
88.47
86.00
88.54
89.72
88.14
87.58
84.13
88.80
86.77
87.27
86.35
86.13
88.63
85.87
88.69
84.97
87.77
82.55
86.27
86.11
88.33
86.07
88.40
86.85
87.46
87.66
88.94
87.63
88.33
87.09
87.53
87.36
87.57
88.50
88.76
87.27
88.66
87.35
88.83
87.31
87.72
87.70
86.14
87.94
83.41
85.43
83.76
88.26
87.10
85.82
87.03
86.10
87.74
86.48
87.90
87.28
85.76
88.49
87.77
87.70
88.25
88.00
85.68
89.51
86.66
87.97
84.76
85.67
86.50
80.88
82.46
85.10
87.26
85.91
86.84
86.40
86.26
88.64
89.53
85.83
87.93
88.07
86.80
88.55
88.22
86.08
84.78
89.51
86.02
88.81
85.15
88.28
85.58
87.54
87.47
88.43
87.09
88.55
86.89
86.38
86.43
86.72
86.42
87.12
88.11
83.60
88.80
86.13
87.61
85.47
88.80
88.14
87.44
87.72
