94.90
94.99
95.06
94.58
94.90
94.70
94.53
94.44
95.04
94.61
94.85
94.77
94.75
95.33
94.92
94.97
94.84
94.83
95.33
94.80
95.31
94.19
94.65
94.74
94.95
94.75
94.86
94.70
95.18
94.71
94.96
94.70
94.95
94.67
94.67
94.78
94.72
94.41
94.98
94.48
94.78
94.83
94.99
94.95
95.12
94.74
95.05
94.87
94.96
94.94
94.61
94.88
95.08
94.73
94.85
95.02
94.71
94.56
94.83
95.23
95.09
94.79
95.02
94.57
95.06
95.12
94.57
94.83
94.97
95.12
95.09
94.86
95.10
95.00
95.10
94.79
94.92
95.14
94.75
94.42
95.24
95.01
94.82
94.81
94.33
95.19
95.23
95.32
94.83
95.35
95.25
94.92
94.73
95.13
94.87
95.08
94.70
94.64
95.14
94.88
94.75
95.06
94.84
95.21
94.66
94.84
94.69
94.78
95.17
94.51
94.66
95.04
94.98
94.67
94.84
95.21
95.32
95.11
95.00
95.17
94.51
95.06
94.94
95.32
94.60
94.61
95.18
94.97
94.87
95.01
95.26
94.97
94.75
95.05
94.88
94.50
94.52
95.11
95.19
95.00
95.08
94.98
94.43
94.61
94.83
95.00
94.78
95.20
94.69
94.93
94.52
94.98
94.63
95.29
95.02
95.01
94.61
94.65
94.80
94.03
94.58
94.87
94.95
95.10
94.74
95.16
94.82
94.81
95.08
94.75
94.71
94.57
94.72
94.78
94.82
94.98
94.81
94.77
94.92
95.15
94.93
95.15
95.07
94.88
94.80
95.05
95.03
94.86
95.05
94.91
94.68
95.09
95.19
94.58
94.94
94.62
94.97
94.80
94.91
94.84
94.73
94.38
95.11
94.52
94.98
94.89
94.94
94.68
94.89
94.88
95.03
95.19
95.03
95.16
94.81
94.69
94.78
94.86
95.26
94.48
94.84
94.98
94.68
95.24
95.04
94.74
95.09
94.94
94.81
94.71
94.98
94.77
94.86
95.15
94.87
94.93
95.22
94.72
94.58
95.23
95.19
94.22
94.68
94.79
95.20
94.64
94.95
95.16
95.28
95.13
94.89
95.08
94.75
95.17
95.04
94.99
94.97
95.05
94.78
94.85
94.92
94.32
95.17
94.84
94.61
95.06
94.69
94.97
95.17
94.96
94.60
94.45
94.95
95.04
94.90
94.89
94.90
95.07
94.95
94.82
94.94
94.28
94.86
94.80
95.14
94.96
95.08
94.79
95.04
94.91
95.00
95.26
95.29
95.21
95.15
94.82
94.83
94.37
94.80
94.91
94.99
94.81
94.83
94.91
95.04
94.95
94.77
94.81
94.72
94.40
94.92
94.82
94.88
94.94
95.00
94.84
94.88
94.70
95.25
94.64
94.42
94.92
94.92
94.86
95.16
94.87
94.76
94.77
95.08
95.38
94.72
95.17
94.84
94.79
95.05
94.75
95.14
94.96
95.19
94.57
94.85
95.01
94.70
94.66
94.44
95.00
95.24
94.97
95.05
94.59
95.34
95.01
95.02
95.28
95.18
94.98
94.88
94.65
94.97
94.97
94.66
95.18
95.11
94.90
95.10
95.00
94.99
94.93
94.52
95.06
95.17
95.16
95.00
94.83
95.09
94.89
95.00
94.97
95.05
94.68
95.00
94.64
94.80
95.36
95.11
95.02
95.14
94.97
94.83
95.15
95.34
94.92
95.06
95.29
95.29
94.92
94.87
94.83
94.78
94.67
95.28
95.23
94.56
94.84
94.87
94.54
94.81
94.21
94.86
94.95
95.10
94.98
94.78
95.07
95.09
94.93
95.25
94.68
94.89
94.87
94.92
94.81
95.00
95.40
94.95
94.93
94.72
94.96
94.88
94.52
95.05
95.23
94.38
94.61
94.95
94.75
95.20
94.82
94.80
94.73
95.07
94.62
94.74
95.01
95.18
95.15
95.15
95.10
95.12
94.81
94.75
95.11
94.71
94.42
94.77
95.21
95.30
94.27
94.80
95.28
94.96
95.07
95.02
94.75
94.87
94.50
94.93
94.61
94.83
94.70
94.74
95.19
94.91
95.01
95.01
95.05
94.83
94.85
95.01
94.65
95.04
95.06
95.14
95.30
95.05
95.01
94.97
94.88
95.15
94.87
95.00
94.54
94.94
94.72
94.84
95.11
95.12
94.67
94.89
95.11
95.13
94.78
94.61
94.95
94.57
95.31
94.94
95.14
94.82
94.95
94.93
95.03
94.73
94.69
94.94
95.12
94.69
94.77
94.71
94.49
95.27
95.04
94.95
95.06
94.66
94.95
95.37
94.56
95.09
94.67
94.63
94.80
94.59
95.16
95.08
95.19
94.49
94.88
94.78
94.95
94.78
94.62
95.02
95.07
94.87
95.26
94.35
95.31
95.40
95.08
94.95
94.91
94.44
95.09
94.84
94.80
94.82
95.02
94.98
94.74
95.05
95.02
94.98
94.86
95.28
94.71
95.19
94.72
95.02
95.01
94.59
95.07
94.78
94.50
94.99
94.61
94.74
95.39
94.94
94.45
95.03
94.89
94.58
95.37
94.77
95.13
95.08
94.96
94.46
94.95
94.57
95.17
94.87
94.67
94.72
95.14
94.91
94.72
95.35
94.92
95.06
94.95
94.61
94.82
95.03
95.36
94.80
94.91
94.46
95.12
95.15
94.89
94.55
94.88
94.67
95.02
94.90
95.04
94.99
94.87
94.71
94.92
94.75
95.14
95.00
94.91
94.41
94.89
94.93
95.05
94.86
94.86
95.08
95.01
94.63
95.29
94.95
94.65
95.07
94.97
95.06
94.97
94.86
95.12
95.12
94.84
94.83
94.93
94.89
95.24
95.15
94.95
95.16
95.05
95.20
95.05
94.54
94.98
95.00
94.80
95.28
94.58
94.91
94.82
94.36
94.79
94.49
95.28
94.98
94.92
95.05
95.00
94.87
95.29
94.72
95.09
94.83
95.23
94.76
95.09
94.98
94.88
94.94
94.72
95.22
94.86
94.94
95.09
94.79
94.68
94.98
94.79
94.88
94.77
95.01
95.21
95.12
94.99
94.69
95.23
94.77
95.02
94.53
94.88
95.08
95.06
94.97
95.08
95.19
95.10
95.14
95.11
94.87
94.77
94.63
95.03
95.05
94.91
94.63
95.09
94.76
94.71
94.89
95.26
95.05
95.07
95.08
95.09
94.88
95.18
95.05
94.74
94.97
94.73
94.76
95.28
94.88
95.12
95.11
95.13
94.90
94.91
95.04
94.12
95.05
95.06
95.01
94.99
94.85
95.00
95.29
94.93
94.73
94.97
94.64
95.02
95.18
95.12
94.80
95.23
94.74
94.93
95.04
94.51
94.63
95.12
94.97
94.88
95.12
95.12
94.78
95.01
94.84
95.21
95.05
94.87
94.65
94.64
95.35
94.69
94.90
95.18
94.98
95.07
94.91
94.57
94.83
95.01
95.28
95.09
95.14
94.92
94.98
95.09
95.19
94.63
94.87
95.06
94.92
95.22
95.00
94.77
94.85
95.02
94.45
94.91
95.05
94.96
95.11
95.14
95.12
94.75
94.29
95.06
94.73
95.18
95.25
94.75
94.95
94.76
94.85
94.68
94.74
95.25
94.84
94.76
95.03
95.04
94.72
95.08
94.81
94.90
94.91
95.00
94.92
95.02
94.94
94.91
94.95
94.51
94.71
95.18
94.76
94.53
94.94
95.10
94.45
95.08
95.10
94.26
94.82
95.15
95.10
94.95
95.18
94.95
95.24
94.77
95.07
94.80
95.11
95.16
94.78
94.81
95.06
95.11
95.05
94.75
94.59
94.68
94.87
94.65
95.35
95.00
94.40
95.18
94.56
95.07
94.89
95.10
95.00
94.53
94.94
95.13
94.78
94.63
95.37
95.02
94.65
94.80
95.13
95.05
94.92
95.12
95.07
95.40
95.09
94.70
95.06
94.90
94.84
95.21
94.91
94.95
94.89
94.93
94.05
95.11
94.85
94.85
95.23
94.90
95.17
95.04
94.71
95.11
94.68
94.33
95.28
94.85
94.27
95.15
94.81
94.78
94.92
94.48
94.99
94.93
94.68
95.15
94.84
94.78
95.09
94.64
95.03
94.85
94.94
94.83
95.24
94.86
94.85
94.54
94.53
94.90
94.93
94.98
94.98
95.00
94.73
94.79
95.04
95.08
94.95
95.08
94.52
94.75
95.15
94.67
94.94
94.78
95.07
95.12
95.04
94.89
94.69
94.65
95.01
95.01
94.35
94.69
95.03
95.05
94.91
95.02
95.03
94.89
95.14
95.05
94.93
95.01
94.99
94.47
94.97
94.50
94.95
94.92
95.07
95.05
94.93
94.70
94.62
95.07
95.27
95.08
95.07
94.97
95.00
95.25
94.64
94.99
