89.38
84.48
87.36
86.25
85.45
87.09
86.97
87.96
87.56
87.18
83.83
83.63
87.93
88.01
87.76
84.86
87.32
88.77
87.86
87.89
86.97
88.59
88.33
87.66
86.77
88.59
88.87
86.84
87.53
88.22
86.21
89.05
88.37
86.33
87.89
86.84
86.34
86.44
87.23
88.42
87.87
86.51
86.49
87.41
88.58
88.48
86.87
86.29
89.21
82.65
86.68
87.54
88.62
81.48
87.85
86.43
86.40
88.54
87.06
85.04
88.04
86.97
86.29
88.10
84.52
84.50
87.45
87.63
87.08
88.28
87.73
82.40
89.04
86.82
88.30
87.78
87.67
84.96
88.36
86.32
86.79
88.59
85.07
88.21
85.93
88.75
88.50
84.21
87.30
85.36
87.14
87.87
87.61
87.26
86.56
84.96
88.85
89.00
87.83
87.22
87.06
86.27
86.53
84.54
87.28
87.97
85.98
85.41
85.73
86.39
85.11
87.85
88.31
87.44
86.53
85.77
88.13
86.13
88.37
88.38
87.64
88.46
87.60
87.84
89.08
87.24
87.35
85.93
87.69
87.65
87.97
86.94
88.62
87.04
88.06
87.35
86.67
88.63
88.21
88.62
87.86
86.82
86.54
87.26
85.25
86.81
83.59
86.69
87.95
87.15
85.19
87.22
88.79
87.11
87.95
86.14
87.68
88.56
86.98
87.99
88.07
89.20
89.17
87.02
88.11
85.59
87.39
88.28
86.40
86.52
82.77
87.61
86.87
89.17
88.81
88.70
86.65
87.85
88.01
84.49
84.51
86.88
88.96
87.02
87.27
87.66
85.36
86.16
83.55
85.48
87.62
85.54
87.20
82.43
86.03
83.73
87.10
85.30
84.82
85.93
88.70
87.20
86.44
87.08
87.43
85.41
88.77
88.38
86.40
85.46
88.56
85.54
88.13
87.85
87.21
84.45
88.21
88.55
88.43
87.88
87.21
81.35
88.83
86.12
86.54
86.05
87.83
83.95
86.29
84.66
81.50
88.08
88.01
87.96
84.13
86.08
86.68
84.10
84.39
85.25
84.56
88.30
83.29
87.83
88.28
87.55
88.41
86.99
86.20
86.26
88.95
85.77
88.23
86.85
89.09
87.33
87.57
87.54
83.70
89.26
88.78
86.84
87.14
86.92
86.95
86.38
87.75
86.70
87.39
85.27
87.80
87.94
86.77
88.03
87.17
88.53
86.13
87.90
83.73
87.22
87.76
87.45
87.59
88.66
87.54
87.93
87.68
89.26
86.98
86.45
85.03
87.94
84.06
86.76
88.83
89.02
84.45
86.37
89.28
86.93
88.22
87.32
88.62
86.86
88.04
83.73
84.11
85.96
87.99
85.35
85.61
88.99
89.05
84.44
87.71
86.24
84.07
88.37
85.43
88.27
86.79
85.55
87.67
87.91
87.56
87.46
88.71
87.58
85.06
86.38
87.08
86.76
87.98
86.83
87.58
87.75
86.48
85.93
87.02
89.89
87.63
86.89
87.02
89.08
87.66
88.10
87.58
88.51
86.94
88.43
88.20
87.25
83.66
89.06
87.08
86.78
88.69
84.50
86.84
88.04
89.03
87.09
87.92
87.09
87.96
87.36
86.81
88.26
83.87
88.03
87.89
89.11
87.61
85.70
87.53
85.74
85.40
88.47
84.75
86.63
86.30
87.91
86.41
87.82
89.09
84.61
86.21
83.80
86.95
86.80
87.75
83.67
88.12
86.59
86.78
87.39
85.81
84.39
85.78
87.36
87.48
87.51
87.88
84.73
88.26
88.43
85.34
87.12
86.81
85.91
85.30
85.21
84.61
86.57
87.29
85.22
89.46
87.01
87.08
86.20
87.50
85.95
87.69
89.69
88.12
84.51
88.36
88.82
88.12
84.94
84.78
86.82
86.46
86.65
88.15
86.62
89.19
83.26
87.20
88.73
86.88
85.66
87.49
88.72
87.32
87.75
86.74
87.04
87.14
85.94
86.30
88.68
87.59
87.66
88.21
88.37
86.17
89.30
84.90
87.56
83.11
85.59
85.54
86.23
88.01
88.34
88.34
82.88
86.57
89.02
86.98
86.84
89.55
87.38
86.51
87.63
86.55
87.45
89.07
89.04
84.75
86.44
87.44
87.88
87.02
87.84
85.14
84.66
87.45
87.29
87.82
88.69
85.32
87.32
84.55
83.94
87.63
88.42
86.14
86.32
88.66
87.93
87.48
88.98
87.33
87.83
85.37
86.91
86.30
87.17
87.23
87.04
87.81
88.37
87.07
85.69
86.63
87.22
89.18
86.04
87.38
88.37
86.99
86.21
85.17
85.21
84.98
88.33
87.73
87.99
87.20
85.65
87.49
86.45
88.84
88.58
87.59
88.03
86.26
86.36
84.62
86.67
86.90
89.01
85.83
85.87
88.34
85.69
86.33
84.29
85.95
85.39
87.95
88.30
88.23
82.53
87.20
87.21
85.89
87.52
86.58
86.58
84.12
80.63
88.68
85.93
86.86
88.38
87.87
85.92
88.60
87.49
85.89
87.75
84.86
87.51
87.33
87.47
87.75
85.57
87.88
85.88
88.71
87.48
88.26
88.47
88.30
86.80
86.55
85.56
88.60
88.13
86.09
83.33
86.03
88.15
86.37
87.82
88.86
86.97
86.29
86.00
88.26
88.01
87.56
87.25
86.20
88.05
86.39
87.93
86.08
89.04
87.32
85.68
87.87
83.09
88.45
88.76
87.61
86.38
88.11
87.41
85.39
88.05
86.59
89.42
88.19
88.41
85.48
87.77
86.89
87.12
86.43
88.02
83.51
87.22
84.63
86.11
87.08
86.23
88.67
87.51
86.01
87.12
88.30
86.52
88.42
86.43
89.21
88.02
87.82
87.45
86.83
86.85
87.04
87.41
87.08
85.30
84.00
88.17
89.24
87.05
86.63
88.12
84.31
85.98
89.10
86.76
83.44
84.06
87.86
87.29
88.28
88.40
87.06
85.39
88.96
86.92
88.48
88.02
85.95
88.54
89.31
86.15
87.15
86.94
87.89
84.94
88.54
87.82
88.67
87.44
88.71
86.17
86.17
87.22
84.23
87.03
85.04
87.44
87.05
89.15
88.25
86.54
87.20
86.46
83.64
87.21
87.67
84.04
81.39
87.16
87.73
87.70
88.60
85.85
87.28
87.01
87.90
86.99
87.22
88.78
87.83
81.21
87.73
84.94
86.09
86.93
85.76
82.21
87.99
87.29
88.27
86.61
82.51
88.38
87.21
88.85
87.20
86.79
86.77
84.85
88.88
85.94
85.19
88.16
87.22
85.44
85.79
88.61
87.87
87.66
87.55
88.78
87.73
88.04
86.84
87.00
87.21
86.86
85.92
86.24
87.58
84.66
85.26
84.66
83.16
87.37
87.48
85.49
86.94
88.23
87.96
87.19
87.35
85.66
85.79
85.46
87.43
86.48
89.12
83.87
87.42
87.05
88.44
89.64
88.13
89.18
88.14
86.09
88.25
87.16
86.40
87.13
85.37
89.32
87.69
86.24
86.76
81.39
86.52
88.60
87.47
86.77
84.04
88.31
90.16
85.28
88.72
86.51
86.55
86.86
85.90
86.78
87.11
87.70
85.66
82.55
86.59
87.76
86.37
87.53
88.33
87.96
85.38
87.16
85.00
86.26
86.92
89.17
89.10
88.66
86.17
85.44
85.95
88.57
87.73
87.52
89.06
87.40
86.20
87.48
86.39
81.18
80.60
86.62
86.24
86.26
83.88
89.08
88.28
86.65
87.47
87.59
86.35
86.15
84.17
89.13
87.40
87.46
86.66
87.66
85.47
88.43
87.02
87.22
83.94
87.25
88.12
85.09
86.15
86.74
87.66
87.03
87.66
88.48
86.77
89.02
87.15
87.84
84.28
86.13
87.44
89.96
85.55
88.79
85.76
86.75
86.26
85.83
87.73
87.54
87.08
89.12
85.74
85.87
87.61
86.98
87.63
89.15
89.14
87.33
87.10
85.90
86.46
85.04
86.79
88.56
87.63
82.83
87.75
86.23
87.39
87.69
85.07
86.92
85.01
89.12
85.07
86.58
84.41
88.91
86.81
87.59
86.37
84.11
86.45
88.84
84.39
87.74
86.86
87.88
85.62
88.48
85.01
88.70
88.33
82.99
85.33
87.29
87.08
86.30
88.90
86.98
87.42
89.05
84.92
88.80
84.92
90.00
88.83
83.84
85.26
88.31
85.52
89.59
88.90
86.61
87.51
85.94
87.64
86.16
87.17
86.99
86.48
87.04
85.87
85.95
86.25
87.69
86.89
86.77
87.18
88.58
87.81
86.57
88.34
88.00
86.04
86.44
89.30
87.42
88.96
85.63
87.88
89.23
86.78
89.35
85.40
87.27
89.47
88.64
87.21
87.63
87.96
86.50
89.24
87.64
87.17
87.49
