93.38
94.86
94.35
92.46
94.20
94.38
94.82
93.76
94.07
94.34
93.95
94.52
93.86
94.81
94.03
94.17
94.00
94.16
94.01
94.24
94.48
93.50
94.02
92.78
94.40
94.00
94.08
94.89
94.07
93.17
91.89
94.36
94.47
93.96
93.49
94.08
94.40
94.32
94.69
92.82
93.87
92.88
94.06
94.01
94.59
94.30
92.95
94.01
95.00
93.80
94.51
93.90
93.84
93.85
94.14
93.85
94.19
94.51
93.71
93.12
94.07
94.34
93.94
94.05
93.75
94.16
94.44
92.98
94.60
94.00
93.31
94.06
94.28
94.31
93.51
94.49
94.00
93.60
94.45
94.45
94.98
93.83
94.10
94.38
93.56
94.67
94.18
93.75
93.58
94.06
94.85
93.49
93.89
93.14
93.66
91.05
93.74
93.91
93.99
92.19
93.69
94.83
93.17
94.91
94.27
94.98
93.59
94.28
94.75
93.42
93.89
94.52
93.88
94.51
93.17
93.75
94.90
94.29
94.11
94.60
94.10
93.74
94.28
93.94
94.19
93.78
94.14
94.16
91.68
94.29
94.35
94.29
94.15
94.27
94.36
93.72
94.22
93.37
94.39
94.42
94.72
94.60
94.57
93.29
94.55
94.05
94.86
92.57
94.35
93.78
93.82
94.08
94.52
94.01
94.44
93.86
94.53
94.57
94.35
94.31
93.98
92.67
94.27
93.91
93.82
93.78
94.86
94.57
92.86
93.76
93.10
93.81
94.39
94.74
92.79
94.41
93.31
94.53
93.11
92.38
94.29
94.25
94.22
93.45
94.72
93.37
94.44
94.45
94.17
94.53
94.54
94.87
94.25
93.95
94.07
94.51
93.96
93.97
94.27
92.87
93.41
94.34
94.04
94.14
93.31
93.97
94.13
94.84
93.75
93.54
94.55
94.66
94.01
93.77
94.55
93.45
93.32
94.36
93.90
94.64
93.60
95.11
94.87
94.42
94.31
94.13
93.87
92.68
93.69
93.66
94.57
94.85
94.78
94.01
94.07
93.99
94.03
94.51
94.29
94.23
93.94
94.69
94.39
92.83
94.46
94.51
93.84
94.48
94.68
94.40
93.63
94.28
93.41
94.20
92.25
93.63
94.51
93.68
94.35
94.83
94.34
94.14
94.77
94.55
93.85
94.28
94.57
92.78
93.82
92.72
94.31
93.74
94.71
94.50
93.95
93.28
94.87
94.14
94.11
94.15
93.15
94.72
93.89
94.61
94.59
92.94
93.36
94.57
94.29
94.47
93.95
94.70
93.79
94.13
94.22
93.89
93.70
94.48
94.33
94.35
94.55
94.52
94.08
94.82
94.68
93.40
93.06
93.89
93.88
93.83
94.52
94.54
93.23
93.83
92.47
94.29
93.64
92.85
93.79
93.59
94.33
93.34
94.14
93.09
94.37
94.26
92.61
93.64
94.08
93.62
93.54
94.00
94.47
94.39
94.29
93.42
94.25
93.58
94.10
93.32
93.74
93.90
94.57
94.29
94.21
94.22
93.79
94.63
94.62
94.08
93.92
93.10
94.84
93.95
93.73
94.53
94.31
94.17
95.20
94.14
94.61
94.46
94.71
94.89
94.05
94.30
94.06
93.76
94.91
94.26
94.44
94.46
93.69
93.71
93.94
94.48
94.06
94.10
94.23
94.67
93.01
94.70
93.66
94.38
94.74
93.44
93.99
92.94
93.42
93.95
93.64
92.92
94.63
94.79
94.24
94.14
94.17
94.52
94.74
94.21
93.60
93.88
94.62
94.66
92.86
94.19
93.67
94.17
94.87
94.50
94.51
94.54
93.66
94.47
93.65
93.94
94.61
94.00
94.34
95.00
93.12
93.68
94.14
94.43
94.06
94.30
94.05
94.35
94.00
93.10
93.84
93.95
94.58
94.72
94.51
94.40
93.05
94.58
94.57
94.42
94.42
94.32
95.02
93.84
94.53
94.78
92.30
94.32
94.69
94.24
93.90
94.22
94.86
93.64
93.85
94.18
94.29
94.34
94.11
93.43
94.28
94.37
93.98
93.42
94.27
94.20
93.21
92.78
94.54
94.23
94.40
93.34
94.13
94.52
93.90
93.53
92.84
94.65
93.62
94.42
93.73
94.30
94.13
94.59
93.60
94.19
93.63
93.72
94.17
94.63
94.55
94.35
92.72
93.78
94.02
94.36
93.79
94.45
93.88
94.61
94.63
94.52
93.73
94.59
94.67
94.15
93.32
93.43
93.71
94.62
94.78
93.84
94.30
94.26
93.76
92.59
94.29
92.31
94.43
94.04
94.75
93.66
93.95
93.67
94.31
94.38
93.92
94.48
94.96
93.74
93.54
94.26
94.69
93.10
94.31
94.09
93.24
93.33
94.58
92.91
94.18
94.63
94.73
94.30
93.73
94.31
94.74
93.93
94.19
94.53
94.43
93.65
93.76
94.52
94.55
94.82
92.81
93.73
93.46
93.42
93.48
94.41
94.31
94.40
93.71
94.44
94.37
94.63
94.21
94.22
94.71
94.22
94.11
93.32
93.54
94.47
93.89
94.73
94.07
94.31
94.55
94.31
94.05
94.52
94.05
94.01
93.86
93.90
94.05
92.70
94.39
94.06
93.67
93.60
94.23
94.87
94.62
94.25
94.38
94.43
91.95
94.48
94.38
94.25
94.69
93.15
94.24
94.92
93.58
93.84
93.49
93.54
93.90
94.32
94.59
94.97
94.21
93.97
94.34
94.77
94.31
92.85
94.47
93.55
93.91
94.45
93.73
94.63
94.23
94.58
93.52
93.09
94.35
93.93
92.05
94.59
93.88
93.57
94.64
94.79
93.86
94.50
94.03
94.87
94.26
94.16
94.45
94.26
93.29
91.48
92.82
94.34
94.13
94.48
93.69
93.08
94.27
94.15
94.54
93.44
93.95
94.23
91.99
94.30
94.91
93.71
94.28
94.39
94.01
94.56
93.28
94.28
94.05
94.53
94.60
92.42
93.95
93.84
94.03
94.20
93.77
94.12
94.27
94.04
93.62
94.10
94.41
94.42
94.18
94.34
93.59
94.39
94.44
94.27
94.38
94.27
94.00
93.96
93.45
94.49
94.69
94.18
94.06
92.71
94.48
92.57
94.18
94.07
94.16
93.84
94.21
93.24
93.91
93.98
93.24
94.30
94.14
94.55
93.76
94.27
94.58
94.09
93.99
94.21
93.78
93.20
94.26
94.48
94.36
93.43
93.80
94.38
93.78
94.06
93.15
94.05
93.99
94.16
92.38
93.45
94.71
94.27
94.16
92.99
94.02
94.30
93.66
94.07
94.10
94.26
94.34
94.51
93.04
94.47
94.70
94.12
93.53
93.75
94.37
93.84
94.45
94.34
93.87
94.17
93.52
94.56
94.32
94.81
94.14
94.80
94.20
94.26
93.82
94.48
93.96
93.91
93.67
94.82
94.15
94.26
94.76
94.07
94.53
94.86
94.57
94.34
94.20
94.62
94.91
94.31
94.95
93.56
94.84
94.17
94.32
94.10
93.38
93.87
94.74
94.45
94.01
94.94
93.82
94.54
94.47
94.12
94.43
93.20
93.75
94.60
94.35
94.67
93.68
93.99
93.99
94.27
93.88
94.14
95.15
94.50
93.87
93.93
95.06
94.01
94.84
94.30
93.43
94.63
93.97
94.19
94.34
94.04
93.93
94.79
93.73
94.24
93.32
93.99
92.39
93.73
93.93
92.36
93.82
93.88
94.04
93.98
93.75
94.50
94.35
93.53
94.31
94.21
93.74
93.58
93.83
93.78
94.30
94.18
93.87
94.40
93.64
93.82
93.93
93.76
94.17
93.63
94.06
92.96
93.40
93.20
94.02
94.30
94.36
93.82
93.95
92.37
94.49
94.78
92.57
93.91
94.16
93.97
92.85
93.83
93.63
94.78
94.02
92.98
93.83
93.96
94.52
94.43
94.04
93.44
94.51
94.71
94.10
94.69
93.76
94.44
94.37
94.35
94.53
93.12
94.11
94.04
94.09
94.35
94.38
94.71
94.49
93.67
93.04
93.99
92.59
94.32
93.93
94.17
94.43
93.87
93.87
93.95
93.59
93.96
92.54
94.15
93.16
94.56
94.49
94.03
94.88
92.81
94.53
94.17
94.26
93.49
93.47
94.45
93.47
93.88
93.96
94.37
94.69
93.03
94.43
93.30
93.45
94.20
92.70
93.05
93.43
93.46
93.38
93.30
93.88
94.45
94.28
94.05
93.73
93.92
94.14
94.76
93.98
94.28
94.07
93.77
93.95
94.47
94.53
94.36
93.56
94.39
94.64
94.94
94.03
93.94
93.69
93.58
94.10
93.75
93.26
94.14
94.88
94.57
93.55
93.87
94.14
93.97
94.53
94.69
94.54
94.45
94.50
93.79
93.38
94.04
94.25
94.19
93.87
94.08
