85.0500
86.2100
85.9100
85.8300
86.6300
85.6800
86.8100
86.7400
87.0100
86.0000
86.2300
86.0600
86.4100
85.2500
86.3800
86.1700
86.8800
86.1400
86.5500
86.2800
85.9800
86.1600
86.2200
86.3100
86.4300
85.8100
86.4200
86.3900
85.8500
85.8200
85.5300
86.0200
85.8400
86.7100
86.0300
86.2900
86.9700
86.4000
86.7800
86.6300
86.3600
86.6600
86.8500
86.6600
86.5600
86.4400
85.6000
86.2500
85.9200
85.9300
85.9600
86.6000
86.6600
86.5000
86.3900
86.5000
86.1700
86.5700
85.9700
86.0900
86.4300
85.1000
86.5900
86.7200
86.2600
86.6200
86.8800
86.2000
86.1300
85.9700
85.9400
86.2700
86.2800
86.4200
86.5300
87.1200
85.9600
85.7100
86.2000
86.7300
86.4400
86.6500
86.1300
86.0100
86.4000
85.5000
86.5800
86.8400
85.8300
86.3100
86.9300
86.2300
86.3400
87.3200
86.2600
86.1200
86.1900
86.4500
86.5700
86.4900
