63.9200
64.2500
64.5500
63.6300
65.0900
64.3800
65.0300
64.8100
64.7600
64.3600
65.6000
64.3500
64.0900
63.8600
64.7400
64.3600
65.0900
64.2500
64.9900
64.7100
65.1000
64.5500
64.8700
64.6700
65.3500
64.5600
65.0500
65.0600
64.5400
64.7700
63.9300
64.6800
65.2300
65.1700
64.8400
64.1700
65.5100
65.0300
65.5800
65.0800
65.2900
65.2800
65.2300
64.8200
64.3800
65.7200
64.3000
64.2000
64.6700
64.7500
63.8100
64.8300
65.5200
64.9400
64.0900
65.0000
64.7600
65.0900
64.5600
65.1700
64.8000
63.7400
64.8800
65.5600
64.5400
65.1500
65.1900
64.3500
64.6600
64.3300
63.4100
64.7000
64.3200
65.3600
64.6500
66.0600
64.5400
64.5000
64.3600
65.2300
65.3800
65.3300
64.8400
64.1600
63.8600
64.1700
64.2300
65.2600
65.0600
64.8400
64.8600
65.0800
64.3500
65.6400
64.4300
64.1000
65.1500
64.9900
65.2200
64.8700
