56.7700
57.9900
62.3500
62.3500
62.8300
62.0400
60.9100
61.2500
62.6800
62.4900
61.0900
61.1200
61.0700
62.9200
62.6100
60.4200
58.7800
63.4400
62.1900
62.1100
60.1800
61.1200
62.2100
61.2800
62.7200
63.7600
59.0500
61.7600
62.4500
59.8900
61.5300
61.2600
60.6700
62.4500
64.1300
62.4000
59.7200
60.5400
62.3200
59.6300
59.3300
63.0200
61.8300
61.9100
56.4900
61.0900
61.4900
61.1000
61.4200
61.2300
60.9600
59.5500
60.5100
62.9900
61.1200
59.6100
61.3900
58.3000
63.1400
59.4100
62.6600
60.7000
62.7800
61.8900
60.9200
61.9800
61.9800
62.4200
62.6400
62.5300
60.6600
60.6500
63.3100
60.9100
61.9500
61.5700
62.0000
62.5500
60.9600
60.0800
60.4400
61.6700
62.2700
61.7500
62.1800
61.8600
62.5300
61.5200
61.3100
62.5000
59.8200
60.9200
61.4200
62.3100
61.2600
63.0200
62.9600
62.0400
60.2600
61.2600
