80.3500
81.5500
84.8600
83.8700
85.1500
84.3900
82.4400
83.7100
84.5900
84.1100
83.3200
83.4100
83.4000
84.9000
84.8100
82.7000
81.9100
85.4900
84.7000
84.5900
83.4400
83.6900
84.5200
83.0700
84.8400
85.2500
82.3900
84.5200
84.4800
83.4100
83.9300
83.7100
82.9900
84.8500
85.8800
85.1000
83.4500
82.9600
83.9700
82.6500
82.5200
84.9100
84.5800
83.6600
80.6700
83.1000
84.7500
83.5600
84.6300
84.4300
84.1000
83.2500
83.1800
85.4400
83.8900
82.7400
83.5700
82.2500
84.5900
82.6200
84.8900
82.5400
84.4000
84.0200
83.5600
83.8200
84.2700
84.0700
84.5700
84.8300
83.2000
83.6800
85.0100
83.7000
83.8900
83.9900
84.4200
84.8900
84.3300
83.2800
82.9300
84.5100
83.8600
83.4900
85.1900
84.6400
84.3100
83.6600
83.3600
84.8000
82.7600
83.2000
83.6600
84.8000
83.4900
84.7000
85.0000
83.9500
83.2300
83.8700
