63.9400
64.5400
64.4900
65.1800
64.8100
62.6800
64.4700
64.3400
65.1800
63.2100
64.3700
64.2700
62.7600
64.9700
64.6500
64.2100
64.5600
64.7800
63.9900
64.4900
64.0500
63.4200
64.2200
65.2000
63.4200
64.2600
64.3400
63.0300
64.6400
63.4900
64.9000
63.7900
64.5000
65.3800
63.5800
64.4400
64.6700
65.2200
64.6000
62.3900
63.9600
64.4000
64.9000
64.0800
64.2300
63.4800
64.9100
64.2300
62.8700
64.3900
62.6600
64.5200
64.5700
63.6200
62.3700
64.0900
64.6000
63.3400
63.0900
63.8100
64.1500
61.5700
64.8800
63.7000
63.6400
63.8500
64.3900
64.6500
64.0200
64.3700
65.4000
63.8800
64.6000
65.1300
64.3400
63.0200
64.4400
64.1500
63.7700
63.3300
63.3000
65.2100
64.0600
63.8600
63.5300
64.1800
64.8200
63.7800
63.1100
63.9400
64.7600
64.5000
63.6100
64.2100
62.7100
64.0300
63.5300
62.9700
63.5100
64.3700
