86.0300
86.2600
86.3400
86.1500
86.6500
84.4700
86.0600
85.7800
85.9900
85.9900
85.4000
85.5700
85.3100
85.9000
86.0200
85.4800
84.9900
86.2500
86.2600
86.1800
85.5900
85.8700
85.6000
86.2500
85.8600
85.8800
85.5600
84.4800
85.6800
84.8600
85.6800
86.0600
85.9000
85.8900
85.3500
85.9200
86.3200
86.4400
85.8300
84.3000
85.3600
86.2800
86.3500
85.5500
86.1500
85.4400
86.3600
85.7000
84.5200
85.3600
85.2000
85.5600
85.9100
86.4100
84.8900
85.8300
85.6000
85.3300
85.0800
85.7100
85.7500
83.7000
86.4000
86.1300
85.1600
85.8200
86.0100
85.8400
86.1800
85.5700
85.9600
85.6500
86.0600
86.1300
85.9700
85.3900
86.1000
85.6300
85.1900
85.6700
85.8600
86.5400
85.9500
85.8400
85.4200
85.9200
86.0800
85.7200
84.4900
86.1300
85.7600
86.1200
85.3000
85.7100
85.4900
85.6700
85.5000
84.7300
85.2000
86.2200
