85.8100
85.1000
85.9700
86.3900
86.5500
85.2400
86.2900
86.7400
85.8600
86.3600
86.4000
86.1100
86.8900
85.9600
86.1900
86.1200
86.0200
86.1600
85.1400
86.2200
86.3000
85.3700
86.0000
86.4100
85.8000
86.3000
86.4800
86.4600
86.0700
85.8100
86.8600
85.4600
86.6000
86.0800
85.8300
86.0700
86.7100
85.8700
87.0100
86.3700
85.9300
85.8800
86.1700
86.2200
85.8900
86.5300
86.2100
86.4900
86.1100
86.7300
86.2700
86.8600
85.7600
85.6300
85.2300
86.3000
85.5200
85.4200
86.3400
86.2400
86.4500
86.0700
86.3300
85.4800
86.6800
86.2200
86.6500
85.7300
85.8700
85.5800
86.9000
85.9500
86.6200
86.0100
86.5400
85.2100
86.5100
85.7600
85.9900
86.0100
86.5300
85.5100
85.9500
87.1800
86.8400
86.4400
86.2300
86.4200
86.2000
86.4100
85.6000
85.9900
86.5100
86.2600
86.6200
85.9200
86.1700
85.4900
86.3200
86.1700
