86.6100
85.9400
87.3100
86.8200
86.8600
86.7500
87.3600
85.9300
87.6200
86.6800
87.0500
86.1200
86.1400
86.8000
86.6900
87.0200
86.8300
85.5300
86.6400
86.4000
87.4200
86.7100
85.9900
87.3100
86.2200
86.2700
86.2400
86.7600
86.8000
86.5300
86.3700
86.3700
86.7700
87.1600
86.9300
86.8700
85.6400
87.0400
87.2200
86.6500
86.0300
86.3700
87.2400
87.0800
86.3100
86.8100
86.2500
86.4900
87.0000
86.6700
86.2000
86.6600
86.5800
85.9500
86.7300
86.6500
86.6900
86.8500
86.1700
86.6000
86.4700
86.3800
86.6000
86.2400
86.4400
87.3200
86.6200
85.6600
86.0300
85.6800
85.7500
87.6400
86.6400
87.2300
86.9400
86.8100
86.1100
87.0700
86.9900
86.3000
87.1000
87.4600
86.6200
87.3900
86.3100
85.9600
85.4900
86.6900
87.5800
86.0600
86.8100
86.0700
87.0300
86.6400
86.7700
87.6600
86.1800
86.8200
85.5500
86.9800
