65.6700
66.4900
65.5700
66.2800
65.3300
65.8200
65.6900
64.2700
65.3400
65.9700
65.1900
66.0600
65.9000
66.2700
65.1000
65.8100
66.9900
65.7600
65.9100
66.4400
65.5300
66.0100
66.3300
66.8400
65.3800
65.5200
65.6400
65.6900
65.2900
65.5700
65.7400
66.1000
66.3900
65.8300
65.9400
65.0300
65.5200
65.5000
65.6500
65.8000
65.4700
65.7400
65.6100
65.5900
65.1400
65.7700
65.1200
66.2500
66.5100
65.9600
65.1500
65.2300
65.1000
64.8300
66.4200
65.5800
66.6000
65.9200
64.8500
66.1000
66.2200
65.4900
65.8100
66.5500
65.8600
65.1300
65.9500
65.3400
64.9400
65.5400
65.6800
66.2400
64.9500
66.1200
64.6600
64.0900
65.8700
66.5300
66.1000
66.0200
65.3600
66.1600
66.0500
65.8800
65.4900
65.8400
65.7300
65.2500
65.9500
66.5000
65.4300
66.2000
66.7900
65.1600
65.2300
65.8200
65.9400
64.9800
65.9400
65.3500
