89.6200
89.7400
89.7000
89.5900
89.6600
89.8000
89.4000
89.7300
89.5600
89.6100
89.8800
89.6600
89.7000
89.5100
89.8900
89.5900
89.8300
89.4500
89.3600
89.7600
89.7400
89.6600
89.4500
89.6300
89.3000
89.4400
89.4000
89.5600
89.5200
89.7200
89.5600
89.4000
89.8300
89.9000
89.5600
89.7200
89.2300
89.5100
89.7200
90.1800
89.6000
89.5900
89.2900
89.7000
89.7100
89.5500
89.5800
89.6400
89.8700
89.5500
89.8800
89.6700
89.8000
89.5100
89.3600
89.6100
89.7300
89.8000
89.3500
89.5400
89.3700
89.3600
89.5700
89.2700
89.7800
89.0100
89.4900
89.4100
89.6300
89.7300
89.4000
89.3700
89.6800
89.2100
89.7000
89.6800
89.8500
89.1200
89.5500
89.3800
89.5700
89.3700
89.5700
89.6400
89.6400
89.6200
89.5300
89.4600
89.5600
89.5700
89.7200
89.6000
89.5800
89.4900
89.8400
89.7100
89.6700
89.3900
89.4700
89.6200
