89.1300
89.4200
89.0800
89.3300
89.1700
88.9900
89.2200
89.4100
88.6700
88.9800
89.6700
89.4800
88.9900
89.2100
89.3100
89.2400
88.9000
88.5400
89.1500
89.2600
88.9100
89.2300
89.1900
89.3200
89.6000
89.3300
89.2500
88.4000
89.4300
89.0700
89.4800
88.7700
89.0900
89.3900
89.0200
89.2100
89.1600
88.6600
89.2700
89.1400
89.6000
89.0400
88.9900
88.9900
89.3100
88.9500
89.2000
88.8800
89.5600
89.3800
89.1600
89.1000
89.2000
89.1200
89.0700
89.4500
89.4200
88.8500
89.3200
89.0400
89.0100
88.8700
89.0900
89.2500
89.2000
89.2800
89.0600
89.2500
88.9800
88.9700
88.8000
89.5200
89.5700
89.2400
89.1800
89.3200
88.7500
89.4900
89.5700
89.3300
88.9600
88.9500
88.9200
89.1200
88.8700
88.9400
88.8600
89.3700
89.3500
89.3700
89.0000
89.1300
89.0200
89.1200
89.2000
89.3400
89.2500
89.3800
89.6100
89.4600
