89.2900
88.8100
88.8300
89.4900
89.2700
89.2200
89.0600
89.6700
89.0600
89.1000
89.0800
89.0000
88.7800
89.1700
89.3700
89.4400
89.6900
89.0700
89.2500
89.1300
89.3600
89.0600
88.9100
88.7300
88.8400
89.0200
89.1300
89.2600
89.5000
89.1400
89.4500
89.2000
89.4800
89.1300
88.9000
89.2700
89.1500
88.8900
88.8900
89.0000
89.1200
89.5100
89.1200
89.2900
89.0400
89.3800
88.4400
89.1800
89.0400
88.9900
89.0900
89.0100
89.2100
89.2600
88.6000
88.4500
89.3600
88.5100
89.2700
89.0700
89.5200
89.0300
89.3800
88.8200
89.0700
88.7900
88.9300
88.6000
89.3400
89.3600
89.2500
89.3300
89.3300
88.7900
88.8900
88.9700
89.0000
89.2200
89.3100
89.0400
89.1600
89.1200
89.0500
88.7700
89.1400
89.3800
89.1800
89.2400
88.9400
88.6000
88.8300
89.0900
88.9700
89.0600
89.1300
89.0800
89.0600
89.4500
88.9400
89.2500
