85.0400
83.7400
84.8800
84.5700
85.5100
84.6700
85.3600
84.6100
82.9200
84.3400
84.1600
85.6600
86.2800
85.3200
84.6300
85.5700
84.5200
85.4800
85.4100
83.8600
85.6600
85.2900
85.4100
85.1800
84.8300
84.7400
83.8900
84.1600
85.7100
84.3800
84.6700
84.2900
84.6000
83.8500
83.1900
84.4700
84.2300
84.5600
84.9500
83.1100
83.4700
85.6800
84.7800
84.9900
85.1600
84.7600
84.9400
85.0400
84.8200
83.0500
84.8400
84.8200
85.1900
84.3400
85.0400
83.8100
83.2400
85.3300
84.8100
83.5600
85.4500
85.0200
84.7200
84.3100
85.9800
85.2600
84.6200
85.6100
85.3700
85.1900
84.6500
84.5400
84.7500
84.9800
82.4700
83.9700
84.7500
83.8300
83.5000
84.2400
84.8500
83.1900
84.3500
83.9200
85.3400
83.7400
84.7800
83.9400
84.4900
82.8800
84.8800
84.7500
83.8300
84.8700
85.2400
85.8400
85.1200
85.4600
84.9100
85.1900
