54.0700
55.6300
55.2400
55.0600
53.5400
53.9800
53.9800
55.6500
56.4900
55.2400
55.6700
54.6300
55.2200
50.8400
54.7000
53.7600
51.7200
54.0600
54.2500
49.4700
51.9600
56.2300
54.7100
50.4300
54.7400
52.1700
53.9500
54.1500
55.1500
53.7300
55.5400
55.6100
51.4300
55.3200
52.1800
54.9800
54.7100
52.7000
53.5500
52.5500
56.1400
53.0500
54.2400
55.2500
54.4500
52.3900
52.3200
53.9300
57.2000
54.8800
55.7700
52.9200
52.4100
55.8400
55.0600
55.2600
54.8300
54.4000
52.9800
55.0500
56.5600
53.6600
47.5900
57.0800
54.8900
51.8500
53.6600
54.4300
54.7800
55.5600
53.8100
54.0700
53.5300
55.2200
53.3600
55.6000
55.3700
54.9300
53.4800
55.5100
55.0100
53.8100
52.2500
53.3700
54.2600
56.4300
53.6400
54.8000
58.4600
56.0100
56.0700
54.1600
54.7600
52.8000
54.3000
55.3300
54.8300
57.2500
55.2000
56.1600
