87.0900
87.3700
87.3400
87.2200
86.9000
86.6200
86.5000
86.1400
86.6100
87.0200
86.4800
86.9900
87.2000
87.1100
86.5900
87.0500
87.8100
86.9700
86.7400
87.3500
86.7300
86.9900
87.7000
87.2100
87.0100
86.9800
86.9400
86.8500
86.6100
86.6700
86.8500
86.7500
87.1500
87.5500
87.3800
86.1100
86.8800
87.1700
87.3100
86.9400
86.5100
86.8300
86.7900
86.8800
86.4200
86.7800
86.3100
86.7400
86.8700
86.7100
86.7500
86.5300
87.1300
86.1800
87.3300
87.2200
87.5600
87.2200
86.4700
87.0400
87.2900
86.0300
86.8500
87.1000
87.5100
86.5600
87.1900
86.8700
86.1600
86.3500
86.2700
87.4200
86.5800
87.1500
86.4400
85.4300
87.1600
86.7500
87.4000
87.2900
87.2100
87.2500
86.9700
86.7200
86.7900
87.2400
86.9400
86.2300
86.8200
87.4500
87.0500
86.7300
87.3700
86.5500
86.9600
86.5900
86.0800
86.5300
87.0200
86.2800
