63.9600
65.2800
64.6900
64.7600
64.2600
62.2100
64.5700
63.7700
63.7500
63.3300
64.1400
64.3600
63.8000
61.5300
64.3300
64.4800
64.2400
63.9700
64.6800
63.6500
64.5500
64.1300
61.4900
63.0400
64.4400
63.5700
64.0700
65.2400
62.8500
64.4500
62.9500
63.9500
64.6900
65.0400
63.2100
64.0000
64.3400
63.6200
63.3100
61.9300
64.1300
61.5200
63.1200
64.4200
63.2700
64.4300
63.4700
64.7200
62.9000
62.7600
64.1500
62.3900
64.3700
63.9500
63.8100
63.4000
62.9100
64.5600
64.4300
63.2300
64.5500
64.0300
65.7000
64.7300
63.5700
62.4500
64.2300
65.3900
63.5000
63.1700
63.4400
63.7000
64.5200
64.4200
62.8600
64.6400
62.1200
64.5500
61.5600
65.0100
62.9800
63.3000
63.5000
65.3100
63.5400
63.7600
62.6000
64.1300
63.6200
63.0300
62.9200
64.4400
63.6400
63.6600
64.1100
65.0500
63.4300
62.7100
64.5700
62.8600
