64.6300
62.5000
64.5400
65.3900
64.8800
63.1300
65.4300
65.6100
65.0500
64.7000
65.6300
65.2100
64.6200
63.9800
64.0300
65.4900
64.1200
64.5200
63.5200
64.5200
65.3700
63.4900
64.6900
65.3400
64.7800
64.3000
65.0500
65.0000
64.6200
64.6100
65.7900
63.1800
65.6400
64.8000
64.1900
64.2300
65.4300
63.7900
65.4400
64.9500
64.3600
64.5500
64.6000
65.5400
63.7800
66.0800
65.0300
64.8100
64.8800
65.2100
64.9900
64.9700
64.0500
64.1700
63.8700
64.9400
63.6300
64.2100
64.4700
64.4700
65.1200
64.8900
65.1400
63.0500
64.3500
64.6500
65.5200
64.0300
64.1100
64.8200
65.2800
64.7000
65.5300
64.0600
64.4400
63.6700
65.0300
64.1400
65.0000
63.8500
65.4700
64.3800
64.8100
65.5600
66.0200
64.3300
64.7300
64.9200
64.6900
65.9800
64.8100
64.2100
64.7200
65.0300
64.7500
64.5400
64.8200
63.9800
64.7400
64.6100
