66.7300
66.4600
65.7000
66.4300
66.8600
66.3300
66.0200
66.7700
66.9800
66.7000
66.8200
67.2800
65.8400
67.6300
66.7100
66.4600
66.6400
66.0500
66.1200
66.9900
67.2800
66.6500
66.2000
66.0300
66.7900
67.1500
66.2500
66.7700
66.5800
66.5100
67.0900
67.2300
66.5900
67.4600
66.7700
66.3800
66.8100
66.3800
66.0000
66.3600
67.3200
66.8400
67.2500
66.1900
65.3400
66.6300
66.7200
65.7300
65.6000
66.3200
67.6500
66.0100
67.1600
66.3200
67.2300
67.2800
65.9100
66.4900
67.2200
66.9700
66.2800
66.0500
66.4500
66.1500
67.2200
67.0600
65.6500
67.4100
66.0400
67.5000
66.6900
67.1500
68.1200
66.7100
66.1000
66.1700
67.2600
67.0400
66.9300
66.7700
66.5300
66.5100
67.3600
67.2400
66.5000
66.9100
67.2600
67.0900
66.3600
66.9100
68.1000
66.0700
66.7000
66.7000
67.5200
67.6300
66.7200
66.6800
67.1400
67.1000
