42.3400
46.4400
42.0900
43.6000
45.5300
38.2000
41.9600
48.4800
45.0000
46.2100
39.9000
41.3800
38.4400
43.7400
41.2600
40.7500
40.7700
39.5100
47.6200
39.2000
48.2300
45.5700
45.2600
43.3300
39.5700
37.3600
38.2300
43.9700
45.1500
36.7100
43.5100
42.1600
43.5000
35.5900
38.2500
40.7100
39.3500
43.9600
43.6600
47.8600
47.6400
41.3500
44.5100
46.2200
43.0400
44.7600
38.3100
40.1400
43.5300
45.6800
44.6300
39.3600
41.9100
47.0100
41.1500
39.2000
41.8300
42.5200
42.3800
47.1100
37.1600
39.5600
43.4500
45.3200
48.6800
45.3500
45.4800
43.0000
46.4800
43.0100
42.5100
43.2200
41.6700
44.9500
41.0400
43.1300
44.5100
43.4300
35.9100
44.0100
42.7200
46.3200
45.6000
39.3000
46.2500
42.9500
45.0100
37.4400
44.0400
45.3200
44.7300
28.4100
44.8600
43.0800
42.5400
41.4800
44.3600
42.6900
42.9500
47.2400
