61.8700
60.1900
61.3800
61.6000
60.5300
61.3600
61.4400
60.6900
60.7300
60.2300
62.8100
61.7500
61.8300
61.9100
61.8300
61.5400
61.1100
61.3100
61.0600
61.8200
61.8600
61.0200
61.3200
61.6400
61.1300
62.2100
62.1600
61.6500
60.8400
61.7200
60.2800
61.9800
61.7800
61.5500
61.7900
60.9600
59.0100
61.2500
61.7600
59.5500
61.8900
62.3700
59.6600
61.2200
61.5700
60.2900
62.9800
60.8700
61.1900
61.4500
61.9700
61.4700
58.0400
61.0500
61.3000
61.1400
60.1300
62.9400
60.8900
61.5600
60.8800
62.8700
61.6000
62.1300
61.9900
59.8000
61.4200
61.9700
60.3600
61.1400
60.6400
60.8300
61.7100
60.9200
62.4900
60.6000
58.6400
61.0700
60.7600
62.6700
62.0200
61.5100
60.8300
62.0000
62.0000
62.9700
59.9000
60.6900
62.5500
60.7900
60.7500
61.9900
61.4800
61.7600
61.5400
60.7000
60.8800
60.3200
61.1500
61.0000
