69.7700
69.9000
70.2200
70.1900
70.2100
69.8900
70.1800
69.7600
69.8400
70.1400
70.1800
69.9500
69.9200
69.7200
70.3200
69.7400
69.7700
69.1600
69.6100
69.6700
69.8500
69.9000
69.5300
69.8500
69.7400
69.8800
69.4500
70.3300
69.7700
69.9300
70.1700
69.9900
70.6100
69.9700
69.7600
69.8000
69.6000
70.2000
70.0600
70.2900
69.7000
70.1600
69.8000
69.4000
70.4000
70.0900
70.4600
69.6600
70.4400
69.5900
69.4500
69.4500
69.7800
69.8800
69.8000
70.0200
70.0700
69.9500
69.8800
69.8000
70.1300
69.4700
70.1600
70.2600
70.0200
70.1200
69.8300
70.1000
69.8700
69.8500
69.6400
69.6400
69.9600
69.7100
70.6400
70.5200
70.3900
69.3100
70.0600
69.8400
69.5900
69.8000
70.2200
69.9800
69.7300
69.2200
70.2400
69.6300
70.1900
69.9100
70.4100
70.0300
69.9800
69.9100
69.8200
70.0300
69.6800
69.9200
69.9600
70.0200
