70.6000
70.3600
70.0600
69.6600
69.5300
69.8800
70.3300
69.9200
69.9400
70.5700
70.2300
70.3200
70.2100
69.9100
70.0300
70.2400
70.4100
69.9400
70.1100
70.4500
69.9100
70.2000
70.0400
70.4600
69.8600
70.0900
70.2700
70.0400
70.4200
70.3000
70.2900
70.3800
70.5200
70.2100
70.2200
70.4600
70.2300
70.4300
70.4400
70.3300
70.1300
70.3000
70.3100
69.9600
70.4600
70.5200
70.0100
70.2400
70.3500
70.5100
70.4200
70.1200
70.4200
70.2600
70.1400
70.7000
70.3300
70.3700
70.5100
70.2400
70.1600
70.5600
70.6300
70.2400
70.1000
70.4300
70.0100
70.6100
70.2700
70.2900
70.1100
69.9800
70.2300
70.3800
69.8600
69.7900
70.2500
70.3000
70.1400
70.3300
70.3000
70.4900
70.0800
70.3000
70.0100
70.5300
69.8600
70.2500
70.3100
70.7000
69.6100
70.3200
70.1800
70.0700
70.3800
70.2700
69.9400
70.1900
70.2600
70.3500
