67.9400
68.3900
67.8100
68.1000
67.6200
67.1100
67.4300
67.7600
67.7300
67.1600
67.7800
67.3600
67.8800
67.3000
67.4200
67.2900
67.5200
67.7000
67.8500
67.6400
68.3300
67.6400
67.6300
67.4400
67.6800
67.2800
67.5500
67.2300
68.1200
67.3700
67.4300
67.8700
67.7500
67.1500
68.3000
67.2500
67.9000
67.9800
67.4500
67.2100
67.4600
68.0000
67.3800
67.8800
67.5700
67.9200
67.8700
67.6700
67.3300
67.0600
67.3900
67.9700
67.8200
67.3300
68.1500
67.8500
67.5500
67.9600
67.5500
67.8000
67.5800
67.6300
67.5800
68.0700
67.4000
67.5500
67.4000
66.7400
68.0900
68.2700
68.2100
67.2800
67.4500
67.5600
67.9300
67.5600
67.4800
67.5700
67.4800
67.5400
68.3300
67.7400
67.9800
68.1000
67.7900
67.5400
68.4800
67.9400
67.4400
67.9800
68.0200
67.2100
68.1000
68.3100
68.5600
67.5900
67.3600
67.4000
67.5000
67.2400
