48.9800
56.8200
55.4000
51.4000
52.2400
52.0000
50.2300
54.3500
53.0700
50.6400
52.8700
53.8100
54.9100
54.0900
56.7500
53.6800
54.3300
51.3000
51.9100
53.3700
54.3900
53.6700
52.1700
51.7700
53.9700
52.8700
55.0100
54.1600
54.3700
52.8900
48.5000
55.2700
50.7200
48.8600
50.7800
50.7400
53.7900
53.6700
54.3900
48.8900
50.9500
54.1700
52.9300
50.0700
55.4200
47.1200
54.0300
54.4200
43.4100
50.8500
53.0600
53.9500
50.7300
53.7000
53.3900
50.0800
51.5100
53.5500
54.8900
52.6400
50.3200
54.7600
53.4300
52.0800
52.4700
50.9500
50.7900
53.1300
55.0100
52.2400
52.6300
54.2400
49.9500
54.5500
52.0600
51.6100
51.3100
48.4000
51.0200
51.5700
53.0500
52.2400
53.3300
52.6700
53.3600
54.6800
52.0000
46.7100
56.4600
54.3100
52.1100
53.2200
52.9300
55.5100
49.7900
51.4700
55.4100
55.9800
50.8700
47.0800
