88.6000
88.9700
88.6900
88.9900
88.4900
88.7200
88.2600
88.9900
88.8300
88.7500
88.9900
88.7600
88.5400
88.6200
88.8400
88.4500
88.5700
88.7600
88.6100
88.5300
89.0700
88.8700
88.9300
88.6700
88.3000
88.4200
88.7000
88.4400
88.6400
88.3400
88.3700
88.6200
88.3000
88.9300
88.9600
88.8200
88.6200
88.7600
88.5000
88.1700
88.5400
88.8500
88.3500
88.8300
88.6700
89.1700
88.8800
88.9200
88.3900
88.2000
88.1300
88.8800
88.9200
88.6100
88.2800
88.6200
89.1200
88.9900
88.5300
88.3500
88.8200
88.7300
88.2000
89.3600
88.7100
88.5400
88.6300
88.3000
89.1100
88.7800
88.9000
88.6300
88.8500
88.2400
88.7800
88.5700
88.6400
88.6500
88.5100
88.6800
89.1000
88.7500
88.5200
88.8300
88.7000
88.9400
89.0300
88.5800
88.7300
89.0500
89.0000
88.4400
88.7800
89.2300
89.2600
88.5200
88.6500
88.6300
88.3600
88.9500
