85.8900
86.6000
86.6900
86.7300
86.1400
84.7100
86.3200
85.9300
85.3200
85.8000
86.1200
86.2400
85.8200
84.3500
85.8500
86.0800
85.9600
86.2900
86.0800
86.1600
86.0100
86.3700
84.9800
85.1900
85.5800
85.8900
86.2500
86.7300
85.3500
86.1400
85.7900
85.5600
86.9400
86.6900
85.3600
86.2800
86.1200
86.0100
86.1400
84.4400
86.1600
85.6500
85.4500
86.6000
85.8500
85.9000
86.0800
86.3700
86.0500
85.3000
86.3400
85.1300
85.9300
85.8100
85.9300
86.0300
85.3100
86.2000
86.1700
85.5000
86.7200
85.9900
87.5200
87.2000
85.5700
85.5700
86.0200
86.8400
85.5800
86.2300
86.1400
85.7800
86.5200
86.3600
85.8900
86.8300
84.5600
86.3100
84.5300
86.9900
85.5600
85.2200
86.0400
87.0000
85.6800
86.1300
85.3700
86.3800
85.8800
85.4000
85.6100
86.4300
85.8100
85.6000
85.9700
87.1500
86.1200
85.3400
86.2600
85.4400
