89.5800
89.6300
89.7300
89.5600
89.5700
89.5500
89.7200
89.9500
89.7600
89.9200
89.5700
89.8900
89.7800
89.7200
90.3400
89.7000
90.0200
89.3700
89.8100
89.6100
89.7000
89.6900
90.0100
89.4800
89.7400
89.6500
89.4800
89.7900
90.0600
89.8600
89.5900
89.9300
89.5800
89.8000
90.0100
89.6500
89.7700
89.6000
90.0800
89.9300
89.9300
89.8900
89.9000
90.0400
89.7000
89.5400
89.6000
89.6900
89.5100
89.6300
89.9900
89.7200
89.4900
89.8300
89.8900
89.8000
89.6000
89.5200
89.5000
89.7800
89.5300
89.9000
89.7500
89.6000
89.6500
89.6000
89.7900
89.6600
89.6900
89.4500
89.7500
90.0000
89.3700
89.7200
89.4600
90.1100
89.6900
89.5100
89.9300
89.4600
89.6000
89.8100
89.8600
89.8300
89.6100
89.9600
89.8900
89.7100
89.7400
89.6900
89.3900
89.5200
89.3800
89.9100
89.8700
89.5000
90.1400
89.5900
89.9300
90.0000
