75.1200
80.8000
79.6100
76.5800
77.3600
78.3300
75.3100
78.7300
79.4100
76.6700
78.0200
79.4000
79.5700
78.8300
80.9900
78.4000
78.6800
76.1700
77.0100
79.8600
79.2800
78.2900
76.8600
77.9900
79.4900
78.8900
79.8900
79.0800
79.7000
78.0900
74.7400
80.2500
75.9600
73.4000
76.7800
75.6300
78.4600
79.2500
79.4500
75.4600
75.6200
79.0100
77.7200
75.6700
79.6500
74.3700
79.1100
78.9400
69.2600
76.2100
78.5300
77.9200
77.0600
78.5500
77.9400
75.3600
76.9000
79.0700
79.6400
78.1500
76.2400
79.5400
79.1300
78.4800
77.9100
76.6700
76.2400
78.5800
79.8600
76.8900
78.2500
79.2400
75.5000
78.3500
78.4300
77.3500
77.0700
74.7300
76.2000
77.4700
78.0900
77.4000
77.7600
77.9100
78.4900
79.6100
79.5800
73.3900
80.4800
78.6200
77.1900
78.4600
77.7900
80.6300
76.7100
76.3300
79.8300
79.8300
76.6900
72.8200
