79.0300
80.2300
80.1000
80.5200
78.8500
78.1900
78.5100
79.8400
80.6400
79.7900
79.1100
80.1400
80.8100
76.3700
78.7800
78.5300
77.3400
79.2500
80.0100
75.4000
78.2100
80.6600
79.1700
76.1900
78.9700
77.7300
78.7400
79.1600
78.4100
78.6400
79.8000
79.8000
77.2300
79.5700
77.0100
79.0200
78.9200
78.0100
78.6500
78.1600
80.2800
78.0300
78.9300
80.1700
79.4100
78.8600
77.8200
78.0500
81.4000
79.2000
80.0100
77.5000
78.1800
79.8600
79.5100
79.6100
79.5500
79.2300
78.2400
81.0800
80.3100
78.1100
75.4800
80.9500
79.8100
78.0600
78.7600
78.5000
80.4700
79.9200
79.0400
79.0100
78.5400
79.3800
78.0300
79.8100
80.1200
79.0600
77.7200
79.7000
79.9200
78.8700
77.0600
79.3000
78.3200
80.0600
78.9600
80.0800
81.7300
80.0200
80.1400
79.1600
79.5000
77.6700
79.0000
78.9100
79.3700
81.4000
80.9600
79.2000
