85.1200
83.9100
84.5900
84.7700
84.0700
84.1700
83.8500
84.2400
83.9400
83.6500
85.5300
84.7700
84.7800
85.1100
84.6800
84.5900
84.4300
84.1700
84.6900
84.9200
84.5900
84.6600
84.3500
84.8300
84.6000
84.7700
84.9600
85.0100
84.4800
84.5100
84.0100
84.5900
85.1400
84.3700
84.8000
84.2300
84.0600
84.4500
84.7800
83.1900
84.7600
84.9200
83.8500
85.0000
85.0400
83.7200
85.0200
83.9800
84.5400
84.0500
84.8400
84.2400
81.8300
84.0000
84.1500
84.6000
83.8100
85.2800
84.5500
84.5100
84.2000
85.6200
84.4500
84.3500
85.1800
83.3000
85.0400
84.6500
83.7800
84.4100
84.5200
84.4300
84.7700
83.7100
84.9900
83.8900
82.8600
84.2400
83.6100
85.0000
84.7700
84.4900
85.0000
84.8700
84.9700
85.2900
84.2700
84.2200
85.4000
83.8000
83.8000
84.4000
84.8200
84.6100
84.6300
84.0400
84.2300
83.6100
84.7100
84.5600
