69.4800
68.1900
68.6800
69.2100
69.4800
69.2900
68.8800
69.3000
69.2800
68.9600
69.3700
68.9800
68.8500
69.5100
69.1100
69.5000
69.3000
68.9500
69.1100
68.9200
68.9300
68.7800
68.7600
68.8400
68.8800
68.8700
69.2300
69.2200
69.0500
69.0600
69.4700
68.6100
69.4900
69.0900
68.7800
69.1700
68.7100
68.7300
69.6500
69.5600
69.3800
70.0100
69.0200
69.6200
68.6800
69.0800
68.8800
68.7900
69.1300
69.2000
68.5600
68.5000
69.2200
68.9800
68.9200
68.5700
68.9200
69.3900
69.5300
68.5700
69.2400
69.0500
68.9100
69.0900
68.5000
68.8300
68.9800
68.6200
68.7100
68.7700
68.6500
69.0900
69.5400
68.7200
68.7600
68.5700
68.5400
69.2400
68.9800
69.4700
68.9000
68.7800
69.0900
68.3000
68.4100
69.2400
68.5400
68.7500
68.6000
68.5600
68.2100
69.0600
69.2000
68.8200
69.0400
68.5800
69.3800
69.1500
68.9600
69.0300
