65.6500
64.0700
66.1400
65.9100
65.8100
65.8400
66.4300
64.6300
66.6000
64.9200
66.1000
64.3200
64.1400
65.5100
65.6700
65.3700
65.4500
63.2200
65.3700
65.1100
66.0600
65.0400
64.1900
66.2400
65.4700
64.7600
65.2200
65.5100
66.0300
65.0000
65.1100
65.3200
65.9700
65.8300
65.5700
65.6900
63.2600
65.8900
66.0500
64.8700
65.2200
64.8900
66.1000
66.4100
64.1400
65.3800
64.9400
65.0700
65.3000
65.5600
64.2600
65.4600
65.2400
64.4500
65.2800
65.3100
65.1000
64.8700
64.8700
65.7100
64.9100
64.7800
64.4500
64.8600
64.5800
66.4000
64.7800
63.3300
64.1100
63.4300
64.1100
66.3900
65.4100
66.3900
65.8900
65.4300
64.6900
65.5300
64.9200
64.7200
66.0300
66.3000
64.3200
66.4200
65.2100
64.3400
63.6200
65.2700
66.2800
64.6700
65.4000
64.6600
65.9800
65.4800
66.2300
65.9400
64.1200
65.4900
63.8800
66.0400
