87.6800
87.3800
87.0200
87.8100
87.6600
87.6400
87.3500
87.7300
87.7700
87.5000
87.4100
87.7700
87.3000
87.9300
87.0900
87.3700
87.8200
87.6200
86.7900
87.6300
88.2500
87.3400
87.5300
87.1700
87.4200
87.6300
87.5500
87.4900
87.5300
87.4800
87.9200
87.7100
87.3200
87.9500
87.8300
87.0900
87.6200
86.8900
87.4800
87.4200
88.0100
87.7000
87.9100
87.6100
87.0000
87.4900
87.5400
86.8200
86.8500
87.4700
87.8300
87.1800
88.0600
87.4400
87.8900
87.9400
86.6300
87.5200
87.4700
87.5100
87.3800
87.2800
87.6100
87.0400
87.8600
87.7700
87.0100
87.9900
86.9500
87.9500
87.1700
87.7800
88.4900
87.8200
87.2600
87.6300
87.9200
88.0900
87.7000
87.8300
87.2000
87.3400
88.1200
87.7700
87.2100
87.5900
87.8000
87.7800
87.3700
87.7500
88.4200
87.5200
87.6400
87.7300
87.8800
88.4000
87.7700
87.6800
87.9500
87.5700
