71.4300
74.0300
71.5800
72.0100
73.6100
67.8900
71.4300
76.6100
73.0200
75.3400
69.6700
70.6700
66.7100
70.8600
72.9700
69.0900
69.1400
71.2700
75.5400
68.7100
76.0800
73.0600
72.7400
72.1300
71.3600
66.7000
67.6900
72.9000
72.5200
64.4200
72.4700
71.1100
73.4800
65.4300
68.8900
70.1900
67.5500
73.5300
72.0300
75.2300
74.9000
68.9200
72.5700
74.5400
71.8600
73.1600
66.6200
70.7800
72.9800
73.0900
73.6300
69.1400
69.4800
75.8200
70.3900
67.1300
70.2300
73.3700
72.7700
73.7000
66.5300
69.4500
71.7800
74.0300
75.9000
73.6700
73.7600
71.6800
74.6100
72.1300
72.2800
71.8600
72.3900
72.9600
72.6400
71.7200
71.7600
73.7600
65.4900
74.0200
71.9700
74.2500
73.4500
69.5300
74.9100
73.0100
72.5400
66.4500
72.0900
71.9100
72.9900
55.1500
72.8400
71.0700
71.6800
70.4000
73.2600
73.5200
69.9000
74.8200
