61.6000
60.0300
61.6400
60.5100
62.6000
61.4900
62.0800
61.0900
58.2000
59.8700
60.5200
61.6700
63.8900
61.7600
60.4700
61.7700
60.5500
62.2100
62.6100
60.0900
62.5200
62.9000
61.7900
61.0200
61.7400
61.1300
59.0300
60.2400
61.9800
61.8100
61.1800
60.2800
61.2300
60.4800
59.7200
60.3400
60.8100
61.2100
62.0600
60.0200
59.7200
62.7200
61.4300
61.3200
62.0900
61.2900
61.3200
62.3700
60.7500
58.7000
61.5800
61.7000
62.3300
60.5300
62.1300
60.0100
59.6000
61.8800
61.9100
59.7100
62.5000
61.9200
61.0400
61.0600
62.8400
61.5400
60.8700
63.0200
61.6100
62.3100
60.7600
60.5700
61.6500
61.5400
57.5600
59.2900
61.9200
60.1400
60.1000
60.9000
61.4200
60.3200
60.8100
60.1200
61.0600
59.5200
60.9200
60.0200
60.3400
58.7400
60.9700
61.3900
59.7100
62.3100
61.7200
62.8900
61.7400
62.4900
62.0100
61.9400
