61.5200
58.5700
59.0700
60.6600
57.7300
58.6300
59.1600
61.3300
57.1300
58.3300
56.8600
59.7000
58.0100
61.8200
61.0800
60.0200
61.0100
59.9100
60.1900
58.1700
59.1700
61.5400
61.0200
60.7700
58.3400
60.0700
60.6600
57.6000
57.9000
58.6500
60.6300
60.2700
57.5600
59.2800
60.1700
59.5700
57.5300
58.6500
62.0900
58.3800
59.8300
58.0300
58.1700
61.7600
59.0600
58.8000
59.4500
59.2100
60.1900
59.0300
59.8200
61.6400
59.9000
58.9300
58.8800
59.6100
54.2400
61.1700
59.3900
60.0700
60.0100
60.8100
62.8000
61.2900
61.4400
60.0000
61.6100
60.4500
61.3100
58.1300
60.3700
59.8900
60.1600
59.9900
60.3200
59.8200
59.4700
59.3000
57.6300
59.0600
59.1200
57.6700
59.0800
59.4600
59.7500
60.5500
61.5700
57.9300
59.0600
57.9900
60.8000
62.2200
58.8900
61.6300
60.7200
59.1900
54.9500
61.8300
60.4000
58.7300
