69.7500
70.1800
70.5900
69.6100
70.2000
70.1600
70.7300
70.5000
70.0100
70.1300
70.4600
70.2500
69.7900
70.3200
70.2900
70.3400
70.0700
69.9800
70.1800
70.5700
70.4100
70.5700
70.0400
70.0400
70.6500
70.3200
69.8700
70.2600
70.2200
70.3100
70.3700
69.8000
70.5500
70.0900
70.8900
70.2600
70.1400
70.0800
69.9700
70.2500
70.2300
70.8100
69.9600
70.3900
70.5700
70.2700
70.2000
69.8700
70.1400
70.1400
70.4000
70.0800
70.4100
70.3700
70.3200
70.1400
70.2300
70.0600
70.1600
70.3600
70.2000
70.1300
70.2500
69.6800
69.9600
70.1700
70.2600
70.2100
69.8300
70.3300
70.4400
69.8500
70.0800
70.1300
69.5800
70.2200
70.1300
70.2500
70.4700
70.4400
70.2200
70.4100
70.1300
70.1900
69.9300
70.2600
70.1300
70.1800
70.1400
70.6600
70.3500
69.8200
70.7100
70.2000
70.0800
69.4600
70.5600
69.9300
70.3500
70.1600
