87.9900
87.5200
87.9800
87.9400
88.1700
87.5900
87.4900
86.5600
87.2700
87.0300
87.4700
87.3700
87.4700
87.5600
87.7000
87.2900
87.0800
87.5700
87.4600
87.5400
87.8600
87.6200
87.1800
87.7500
87.3100
87.2400
87.4400
87.0100
87.4300
88.1500
87.8800
87.2100
87.1500
87.6100
87.5800
86.8100
86.9600
86.6100
87.5300
87.6900
87.9300
87.2400
87.1600
87.0100
87.3200
87.5900
87.9100
87.5800
87.4900
87.8400
87.4300
87.6500
87.5000
87.4200
86.9700
88.1400
87.1500
87.4000
87.5200
87.7700
87.8400
87.5200
87.3900
87.6300
88.0800
87.5800
88.0700
87.5800
87.3100
87.8100
88.1200
86.8100
87.1400
87.7200
86.9900
87.1500
87.1900
87.6200
87.1200
87.5200
87.5100
87.8600
87.8000
86.8100
87.1700
87.7700
87.3500
87.1800
87.3000
87.7800
85.9700
87.6400
87.5600
87.3000
87.5400
86.4700
86.7700
87.6800
87.5200
87.3900
