67.1100
66.0100
66.7800
67.0400
67.3000
66.4600
66.6600
65.1700
66.1000
66.2000
66.7500
66.9800
65.5100
66.5300
66.8700
66.2500
65.9300
66.6600
65.7600
67.1000
67.4500
66.7600
66.8100
66.9400
66.3600
66.5800
66.9400
65.1500
65.8800
67.1100
66.9500
65.9200
66.1700
66.6200
66.5800
64.8100
66.4700
65.6300
66.7100
66.5100
66.6700
65.5300
65.9800
66.6100
66.7100
66.2300
67.2600
66.4100
66.9700
67.0900
66.5200
66.2300
66.2800
66.7300
65.6700
67.1500
66.1200
66.4200
66.5900
67.3400
66.6200
65.9700
66.1600
66.1800
67.0500
65.9600
67.1800
66.9000
66.4900
67.5300
67.3500
66.0200
66.1300
66.4000
66.4200
66.9900
65.9700
66.5000
66.5600
66.5100
66.2200
66.6400
66.4900
66.2000
66.8000
67.0400
66.6400
66.5500
66.8100
66.8000
64.8200
67.0200
67.4700
66.1000
66.6100
65.2700
65.7300
67.1600
67.2100
66.2300
