68.8000
68.4100
69.0300
68.5900
68.5900
68.5400
68.9500
69.1700
68.0800
69.3000
68.6300
68.7100
68.7200
69.0000
68.8000
68.1500
68.7900
68.0500
68.7800
68.5600
68.6200
69.2600
68.7300
68.8500
68.6700
69.6100
69.2900
67.8300
68.9800
68.5400
69.1600
68.8000
68.6100
68.8400
68.3100
68.4000
68.2500
67.9700
68.6900
68.9400
68.8300
68.8700
68.5600
68.8100
68.9500
68.7000
68.5600
68.5800
69.5100
68.9800
68.8800
68.0400
69.2100
68.4500
68.4100
68.3900
69.0600
68.5500
69.3100
68.6300
68.7800
68.5700
68.9100
68.7800
68.7600
68.9800
68.8500
68.5200
68.9200
68.6100
68.4000
68.9800
69.1400
68.6800
68.5300
68.7200
68.5700
68.7000
68.9100
68.9200
68.8100
68.9200
68.7500
68.7200
67.8300
68.1100
68.3100
68.4400
68.7900
69.4700
68.7100
69.1200
68.0200
68.7700
69.3300
68.8100
68.5800
68.3700
69.3400
69.1400
