84.2500
81.1300
82.8900
83.2100
81.0700
82.1300
82.0700
83.7700
80.5400
82.0700
81.2300
82.5300
81.4100
84.1700
84.0800
83.2000
83.7800
83.0800
82.9900
82.1900
81.7100
83.7700
82.9400
83.7600
81.3500
82.7300
83.5000
80.5200
81.6000
81.9100
83.4200
82.9100
81.9100
82.2500
83.5500
82.1600
81.1400
82.2000
84.2500
82.0300
82.9600
80.7100
81.0700
83.5500
82.7800
81.8900
82.8100
82.4100
81.3600
82.3500
83.4700
83.8800
83.0200
82.3500
81.3700
82.6700
78.2600
82.9700
82.6500
83.2900
82.9800
83.4000
84.6000
83.9600
83.2100
82.4500
83.9200
83.7800
83.3900
81.9700
82.7600
83.4500
82.8300
82.9600
82.8300
82.7100
82.0400
82.1600
80.5400
82.4900
82.4300
81.1000
82.8400
82.7400
82.4300
83.5200
84.0300
81.6700
82.4100
81.8000
82.8700
83.8200
81.9100
84.4900
83.6300
82.3600
79.2700
83.6300
83.2300
82.1400
