64.1000
65.1800
63.2700
64.9100
64.7500
65.5400
65.9800
65.3900
64.2900
65.4800
65.1100
64.5100
65.0800
64.5100
64.6800
64.9200
64.0600
64.8300
65.1100
64.5400
65.4500
64.0500
65.2800
65.2800
64.2300
64.4200
65.6500
65.6900
63.9900
64.6300
63.8600
63.6600
64.5000
64.6700
63.6900
64.9800
64.7600
65.8700
65.6700
64.5000
64.2100
64.4400
64.1900
64.6200
64.1300
64.6200
65.1000
64.9800
64.7700
63.6000
65.2600
65.3600
64.5800
64.2300
64.8600
64.5200
64.8600
64.0900
64.9700
64.2700
64.5300
65.0900
65.0400
64.6400
64.5800
64.1500
65.4600
64.0300
65.9900
65.3100
64.6500
64.4800
63.8500
64.4300
64.6300
65.2000
64.1500
65.7600
64.7200
65.2000
65.2500
64.5200
64.8800
65.3400
63.9500
63.9600
64.4200
65.4100
63.6200
65.0500
64.2600
64.7800
65.0200
65.0800
64.6500
65.2500
64.9900
65.3200
65.5000
64.7700
