85.7100
86.2600
85.9000
86.1800
86.7100
86.5800
86.0700
86.2400
85.9700
86.8400
86.3600
85.6700
86.1600
86.4000
86.4700
86.5200
85.7800
86.4400
86.3100
86.1200
86.2800
86.2900
87.0000
86.3500
86.0200
85.9700
86.4200
86.4400
85.4000
86.1100
86.0700
84.9800
85.8000
86.2000
85.4400
86.3200
86.0500
86.3700
86.5900
86.0800
85.4000
86.1100
85.8500
85.7600
85.3500
85.9100
86.7300
86.5800
86.4000
85.6000
86.2400
85.9700
85.8600
86.2900
86.3800
86.4600
86.1500
85.7100
85.9400
85.8900
85.8600
86.2500
86.1300
86.0100
86.1000
85.7900
86.6900
86.0400
86.4800
86.5800
86.4600
86.1700
85.6400
86.4900
85.7400
86.9300
86.2000
86.7900
86.1500
86.4400
86.4900
85.6800
86.0700
85.8400
85.8200
86.0800
85.7900
86.5200
85.5800
86.1600
86.2000
86.3800
86.3200
86.0600
86.1300
86.4200
86.0200
86.6300
86.9100
86.1400
