54.9600
53.5300
53.3800
46.4800
35.3300
48.7200
54.1500
54.2300
49.7900
52.5800
49.7900
55.1000
52.3500
45.2500
50.6800
53.8000
53.5000
51.4600
52.5300
55.5000
49.8100
49.9100
44.8100
51.5000
49.6800
51.4500
53.2100
51.4800
53.7600
46.6800
50.0400
43.7100
51.0800
53.3400
52.7600
54.4200
40.0700
53.6200
50.4500
52.6300
55.1700
53.1700
48.8700
49.5800
45.6600
51.1800
52.4300
47.2300
52.4900
54.4800
48.0800
55.5900
48.4400
57.4500
47.4400
52.9400
47.0800
50.8400
48.3700
47.3200
48.9600
50.9600
56.3300
54.1300
34.1600
48.6100
50.9500
45.9900
43.0900
49.6100
51.4100
55.4500
54.3000
52.1900
39.3800
52.9100
37.3400
55.2700
54.1700
54.9000
47.1900
53.9000
49.0600
53.6800
44.2500
46.6800
46.5000
46.2400
53.8600
52.1800
49.8800
49.3000
49.6400
52.0900
45.5400
54.6200
55.0100
48.7800
45.7600
47.2600
