65.4000
64.2900
65.9800
65.4200
64.6600
65.8400
64.2500
65.4300
64.9000
65.3900
66.1600
62.2200
62.8500
62.6400
64.3600
64.0700
66.3300
65.9900
63.5000
65.6200
64.1900
63.7200
61.3400
65.6100
64.4500
64.8600
65.6600
64.8400
63.7300
63.2000
65.6000
65.8900
62.7800
65.7500
66.4300
64.8400
62.6200
63.5900
65.6300
65.8600
65.6100
62.8100
65.6900
64.6400
65.1200
65.2300
65.0400
63.5200
65.8100
64.9900
66.0700
65.7600
64.6800
66.1100
63.7100
64.7700
66.0100
65.1700
64.0500
65.0200
63.5800
63.7000
64.4100
64.6400
65.1500
63.3400
65.2600
66.1700
65.0100
65.4900
64.6300
63.9500
66.5300
64.7600
64.9200
64.8100
64.9500
65.6500
64.2200
66.4600
65.2900
64.9300
64.2300
65.8300
65.5200
63.8900
65.0100
62.8400
66.2900
64.4700
63.7100
66.0700
64.2200
63.0500
65.3400
65.9000
65.2000
65.4800
64.3700
64.4000
