82.5100
78.1400
83.0700
81.3700
75.7100
74.8600
81.9100
82.0600
76.4700
83.2100
78.7500
80.6900
83.4300
83.2300
74.6300
83.5700
78.4500
79.8000
81.9700
82.5300
83.2700
81.5500
82.7400
81.5100
75.7200
84.3200
83.7300
77.5600
82.0000
74.6500
81.9900
83.0800
77.7900
79.2800
80.1700
83.2300
80.8200
81.9100
80.5800
80.8800
81.1100
84.7100
82.6300
81.9000
82.4000
79.9600
80.8600
82.6300
81.5500
82.9900
80.6600
81.8000
79.0500
82.7100
79.2000
77.9700
82.6500
83.7900
82.7800
82.6800
83.7800
83.9800
83.0300
83.2400
83.8400
80.4300
83.7200
81.8100
80.4200
84.7700
83.5700
82.2700
79.2500
80.5700
81.3100
79.4700
81.5700
78.5800
78.9000
83.4900
81.7300
78.6700
77.7800
80.7400
79.6400
74.6100
81.4900
72.6800
82.4200
81.4900
83.2000
82.5200
83.4500
81.9500
79.6300
79.0600
83.9300
70.2500
81.6800
76.8200
