56.8600
72.5700
69.7400
65.1700
70.9000
69.0900
63.5500
59.0200
55.5600
70.2000
61.2800
52.5800
59.1300
57.9600
63.4800
62.8200
70.6300
71.3900
60.8200
65.7000
65.5100
50.8400
64.7100
59.3400
65.3000
59.4400
52.2800
69.3800
74.3600
65.7500
64.8900
58.4700
68.5000
59.8500
46.4400
64.5400
69.7100
69.5700
71.3800
66.8300
58.2400
68.4700
72.7300
67.6100
60.5700
69.5400
68.7600
37.9500
59.3200
69.5000
67.6900
65.8200
67.7900
59.4100
62.2600
70.2800
60.7200
67.3600
70.1700
67.0400
58.9200
54.4200
61.2000
59.0200
62.2000
67.1000
57.1200
50.6100
61.2900
62.0000
67.2100
61.6800
61.5400
62.4000
71.0900
73.0500
54.5600
63.1800
68.0300
68.4300
61.9500
62.0500
68.1000
71.8500
67.8500
65.4300
72.2300
65.0600
74.8100
58.0700
67.5100
57.0700
67.6800
69.6400
70.4300
60.1300
75.8400
66.7000
66.8900
58.6400
