81.6700
80.4700
81.0500
73.8900
64.2400
76.9800
82.7800
81.1000
77.5700
79.9200
77.6600
82.1300
80.5600
74.7400
78.4000
81.1100
81.4400
80.4100
80.1700
82.0700
78.6200
78.2400
73.2600
78.7600
78.8700
79.2000
80.8600
78.6500
80.9300
74.2700
77.6900
72.5200
78.8200
80.8400
79.8300
82.0100
66.9600
80.5300
78.3800
80.4000
82.3000
80.1700
78.7100
79.7600
75.7000
79.5800
80.3500
76.5100
80.8300
82.0400
76.5400
82.1100
77.1000
83.3000
76.0900
80.1800
73.7600
79.1100
75.5500
75.3000
76.8100
78.5900
82.4600
80.6800
64.1800
76.4000
79.7100
75.3200
71.7600
76.8800
79.1700
83.4900
81.5300
79.2000
68.1000
80.3000
66.0800
81.7800
81.2200
81.1700
75.7000
82.0300
78.8400
81.5400
73.1500
75.4100
73.8100
76.5900
81.4600
80.1800
78.6300
76.6900
79.0800
79.0100
74.6500
82.0800
81.6300
76.7500
75.4600
74.6300
