29.4900
43.9000
40.7900
36.1900
42.6100
41.0500
34.6500
31.3200
28.7400
41.9100
31.9000
26.3900
32.6900
31.1000
33.5000
34.4500
40.7100
42.6700
32.3400
36.9600
37.6400
25.7400
35.6300
31.9900
36.2300
32.0200
27.3800
40.9300
44.4500
37.1400
36.9800
31.9100
37.9500
31.9500
21.6500
35.6000
39.5800
38.4500
41.7500
37.9200
30.3700
40.2300
43.9600
38.4400
32.1900
40.1500
40.1000
16.0600
31.7500
40.7700
38.9900
36.1000
39.7800
30.2200
34.8700
41.3500
32.4200
38.6400
41.3800
38.8300
28.6400
26.3500
31.8500
31.0100
33.7900
36.9000
30.2300
24.9300
32.7800
33.6000
38.4500
34.7400
32.5800
34.0900
41.6600
45.7000
27.1000
34.0300
37.9100
38.7500
34.4700
32.6400
39.2500
43.0000
37.7800
35.5500
42.6100
36.2300
46.3300
28.6500
38.8700
29.9300
40.2600
40.6600
42.1900
30.6200
48.5100
38.2200
37.9700
31.0200
