87.6800
87.1600
88.2900
87.8600
87.8800
88.1700
87.1100
87.5400
87.6100
87.9400
88.1900
85.2800
86.7400
85.4700
87.9000
87.5000
88.4700
88.8100
86.7700
88.1800
87.4100
87.2400
85.6500
87.9700
87.7600
87.2800
88.3400
87.5200
87.0000
87.2800
88.1200
88.6600
86.5800
88.6300
88.5200
87.7700
86.6000
87.0400
88.2800
87.9900
88.0700
86.6300
88.0900
87.8000
87.9500
88.2900
87.7200
86.6600
88.4600
87.7500
88.2000
88.2900
87.7000
88.2100
86.9500
87.1600
88.6700
87.8700
86.6600
87.1200
86.6200
87.1200
87.2200
87.5400
88.0900
86.8000
88.2200
88.3200
87.7500
88.0000
87.3900
87.5500
88.5800
87.4300
87.6700
88.0900
87.6400
88.2000
87.0200
88.6400
88.2900
87.5600
87.6000
88.0000
88.3900
87.6800
87.9800
86.4400
88.2000
87.7600
86.7000
88.4800
87.6600
86.6200
87.8400
88.2300
87.6800
87.7500
87.7300
87.8000
