51.3600
42.4500
45.9600
61.8600
54.0800
49.0000
60.0100
57.1100
50.9000
59.0800
59.3000
54.7900
66.1600
23.1300
58.3800
47.8900
46.1300
55.1000
28.8800
52.2100
48.0600
64.3000
63.1500
64.7500
59.2900
63.5900
38.1400
53.8000
53.1100
62.3400
45.2800
52.1700
49.7300
41.2600
59.8200
65.0300
55.3300
61.8500
53.1500
64.4700
61.1700
49.4000
56.7200
60.0900
54.6200
58.9500
61.4700
49.9900
62.6400
52.7500
39.4100
57.1500
64.3700
64.4800
55.6700
35.4000
53.9200
62.8200
48.9600
46.8900
46.7500
57.9300
62.1500
51.7000
58.2800
52.5100
55.0400
47.9700
56.6600
42.2900
49.8200
58.4500
57.9400
43.3400
50.9900
62.1100
65.7600
61.2300
55.2600
47.0700
51.8600
47.8300
54.0800
51.6200
52.4300
53.0800
51.6500
49.7100
61.6800
55.4100
50.1000
62.1500
61.2500
56.2000
39.3000
47.2200
54.0300
47.9100
53.5800
47.8100
