55.8700
51.6500
56.8700
56.0600
47.6800
47.5700
54.8800
55.1400
48.2500
57.4000
51.6500
53.2100
57.2900
57.3200
47.7600
57.4200
50.1600
51.9400
54.3500
56.5000
58.4600
54.7700
55.6700
54.9000
47.8100
58.7200
57.3700
50.7100
54.7900
47.1600
55.3300
57.0800
51.7400
52.7700
52.1900
58.0400
53.8300
55.5800
53.3700
54.2200
54.5800
58.1900
56.1500
56.7600
55.4400
52.4600
53.6000
57.1600
54.6900
55.6400
54.7900
54.5400
52.0600
56.3100
51.8200
51.3300
55.9700
57.6300
55.9300
56.6800
57.3500
58.2700
57.3900
57.5900
57.7300
54.2000
56.9900
55.7100
54.5400
58.9700
57.5600
56.0400
52.4900
54.6600
55.4700
51.9200
53.9700
50.2900
50.8500
57.2300
54.4800
50.9100
49.9600
52.9300
53.0700
46.6100
54.8500
44.1100
54.7900
53.7700
57.5600
55.6500
57.2700
55.4000
51.5100
53.0300
58.6000
41.6700
54.7700
50.6100
