23.3700
19.0000
20.7900
30.8500
27.4100
21.5100
31.0200
26.8900
22.3500
29.2500
30.9100
25.8300
34.5000
7.0600
27.5300
20.1300
19.3400
24.3900
10.9600
23.3500
22.1400
34.0000
31.1100
32.9800
28.6400
32.3200
14.5100
25.5800
25.3800
32.2800
19.5800
24.4200
24.1600
18.8900
29.8800
32.8500
23.1800
29.6300
24.3300
35.0700
30.7600
21.4800
26.3300
28.6700
25.8500
28.1900
30.3800
22.8800
29.8300
23.8900
15.4700
28.1500
31.7900
31.1700
24.2200
14.1400
24.8300
30.4900
22.9300
15.9600
19.6600
29.3500
32.2400
21.2700
28.6700
20.6800
24.6600
21.1500
27.5000
17.8500
21.6400
28.8200
28.0300
17.8500
25.3900
31.9200
34.9900
30.4600
27.8100
20.4000
23.7300
21.5700
26.3800
23.8900
24.2000
26.0300
22.9700
22.7200
30.5200
26.7900
20.1700
32.1300
29.4400
27.6200
15.6200
21.0200
25.0000
19.2700
22.8200
20.7700
