65.1100
63.7000
57.9800
64.5700
63.8700
65.0800
64.4300
67.0400
65.4200
65.4600
62.6100
64.4500
63.6800
65.5800
65.1700
65.1100
63.3000
65.6700
62.7900
65.7100
66.1300
63.6500
64.1600
66.0000
64.0300
64.8900
66.5600
64.1500
63.6100
66.0800
62.1900
63.4900
66.1400
66.0900
64.7000
63.8300
66.1000
64.5700
64.1500
64.8100
65.3800
65.5800
65.4000
63.8000
62.4600
64.9300
64.4200
66.1800
66.1700
61.3400
65.3700
66.2400
64.7100
63.6200
65.7700
66.5200
65.1500
64.8600
65.4300
64.6200
62.8200
66.3900
65.1200
64.9500
65.3500
63.0400
62.5100
64.5900
64.6000
65.8900
66.0000
63.9300
64.4600
63.0200
65.4700
66.0900
64.0800
65.2400
64.2600
65.0300
65.9900
66.6300
64.5000
65.3900
65.5300
66.2700
62.7000
61.2500
64.3700
65.6400
66.9700
64.8300
66.8600
66.1300
65.4400
63.5200
64.4000
64.7000
62.5100
62.2300
