87.8100
87.1800
82.3500
87.6400
86.6300
88.5300
87.7300
88.9300
88.4800
87.9600
85.5800
87.5900
87.1800
88.1300
87.1800
87.9400
87.1300
87.9800
86.5100
87.8600
88.5100
86.1300
87.2600
87.8300
87.8200
87.4700
88.5700
87.0500
86.6900
88.5200
86.1000
87.5400
88.7200
88.4300
87.8000
86.8200
88.6100
87.8500
87.0300
87.9500
87.9400
88.1500
87.9100
87.5500
85.9900
87.5000
87.1400
88.7100
88.2400
84.8200
88.4300
88.4500
87.5700
86.2000
87.7500
89.1900
88.1300
87.9000
87.9100
88.5200
86.3100
88.5600
87.6000
87.8700
88.0400
86.8600
86.2500
87.8500
87.7600
88.5300
88.8100
86.5700
87.3600
87.1400
88.8300
88.4100
86.7900
88.2200
87.0700
88.6500
88.4600
88.5900
87.6800
87.5900
88.1200
88.3300
86.7000
85.7300
87.7400
88.7800
89.0000
87.2600
89.1300
88.3300
88.3000
87.2400
87.8300
87.4800
87.1200
85.9200
