95.68
96.44
95.54
96.22
95.42
96.03
95.91
96.50
95.90
96.52
95.66
95.98
96.86
95.35
96.10
95.75
96.57
95.62
96.74
96.20
95.18
96.25
96.68
96.61
96.20
95.40
94.66
94.83
95.45
96.90
94.89
96.40
95.98
95.91
95.19
95.69
96.47
95.94
95.36
96.22
94.14
96.28
96.17
96.07
96.09
96.59
95.87
96.45
95.46
95.34
95.56
96.29
96.09
94.71
95.66
94.40
96.28
96.10
95.38
96.46
96.40
95.26
96.78
96.05
96.24
96.11
95.67
96.72
96.11
95.41
96.60
96.03
96.08
96.36
96.13
95.74
95.97
95.49
96.09
96.28
96.45
96.44
95.79
95.67
95.55
96.20
96.58
95.93
96.24
95.84
95.77
96.54
95.08
96.28
95.78
95.93
96.04
95.91
95.21
95.47
95.18
94.66
96.65
96.10
95.79
95.54
96.59
96.82
96.24
96.24
96.01
95.58
95.54
96.13
96.18
95.21
94.78
96.53
95.50
95.78
96.12
96.60
96.49
96.15
96.03
95.52
96.57
94.83
95.26
95.33
95.74
96.57
96.48
96.58
96.41
96.38
95.44
95.33
96.74
96.37
96.71
96.26
95.81
95.69
96.11
96.40
95.69
95.48
95.44
95.71
96.30
96.00
95.42
95.92
96.07
96.47
96.13
94.99
95.29
96.06
96.48
96.14
96.14
95.66
96.31
94.49
95.46
95.91
96.32
95.36
95.52
96.15
95.80
96.18
96.60
96.14
95.35
95.59
95.88
96.01
95.66
95.29
95.33
96.28
96.27
94.66
95.11
95.86
95.91
96.40
95.03
95.30
96.32
95.65
96.17
95.44
95.85
95.53
96.19
95.36
96.63
95.63
96.31
95.76
94.84
95.64
95.81
95.68
96.53
96.58
95.99
96.17
96.25
96.31
95.54
96.33
95.26
95.89
96.36
96.56
95.98
96.11
95.82
96.16
96.39
95.69
96.76
95.99
96.46
96.27
95.51
94.79
95.30
96.07
96.16
95.03
95.48
96.31
96.00
96.26
95.40
96.61
95.68
94.77
95.07
95.39
95.68
95.94
95.31
96.52
95.76
96.31
96.58
95.08
95.77
96.29
96.10
95.39
96.56
94.61
97.10
96.17
96.30
95.28
94.88
96.17
95.23
95.93
95.07
95.18
95.58
95.19
96.04
96.05
94.88
96.54
94.67
94.94
95.95
95.71
95.55
95.64
96.55
95.80
96.03
96.03
95.12
96.56
95.90
95.49
96.24
95.97
95.99
96.61
96.20
95.96
95.79
96.71
96.16
96.03
96.45
96.17
96.51
96.34
96.65
95.50
94.69
96.58
95.96
96.38
95.93
96.37
95.92
96.43
95.65
96.15
96.73
95.88
95.32
96.01
96.29
96.52
96.09
95.70
96.27
95.67
95.57
96.50
96.18
94.61
95.82
96.13
95.88
96.78
96.13
96.36
95.92
96.03
96.14
96.01
95.64
96.22
94.68
95.75
96.08
96.07
95.99
96.22
96.74
95.82
95.27
95.99
94.41
95.96
95.98
96.43
95.87
95.92
96.49
96.04
93.90
95.96
95.89
95.75
96.03
96.33
95.28
96.65
96.35
95.88
96.15
94.85
95.97
95.35
96.16
95.82
96.35
95.79
95.80
96.01
95.66
94.20
95.19
96.14
95.94
95.38
95.86
96.86
96.23
96.35
96.71
96.24
95.88
95.18
96.19
95.98
96.37
96.34
96.92
95.62
95.87
96.63
96.20
95.29
95.95
95.79
95.49
95.75
96.64
95.36
95.97
96.17
95.98
95.65
96.19
94.94
94.91
96.42
95.52
95.24
96.41
95.94
94.40
95.90
95.86
95.79
95.96
96.16
95.70
93.52
96.45
95.19
95.60
95.86
96.44
95.55
96.34
96.24
96.27
96.03
95.81
96.09
95.81
96.10
96.28
95.90
96.37
95.86
95.83
95.59
97.00
96.62
95.49
95.34
94.76
96.61
96.55
95.24
96.09
95.31
94.96
96.10
96.45
96.02
95.52
96.36
96.61
95.88
95.17
95.97
95.49
96.29
94.98
95.49
95.71
93.31
95.07
96.43
96.43
96.13
96.15
96.69
96.80
96.55
95.53
95.94
96.59
96.26
96.56
96.01
95.58
94.17
96.06
96.18
94.49
96.05
95.53
96.25
96.02
95.51
94.29
95.84
95.39
96.49
95.71
95.56
95.25
96.04
96.61
96.10
95.89
97.00
96.36
96.52
96.09
95.80
96.06
96.43
95.65
95.90
96.20
95.07
95.34
96.50
95.63
95.89
96.01
96.49
96.32
95.84
95.67
96.35
95.46
96.32
95.30
96.31
96.16
96.30
95.81
96.64
95.63
96.39
96.72
96.23
95.77
96.89
96.82
96.28
95.86
95.49
95.11
95.85
95.07
95.86
96.23
96.25
96.09
95.79
96.45
95.87
95.65
96.45
94.93
96.06
96.36
95.56
96.04
96.23
95.65
96.25
94.67
95.91
95.86
95.19
95.76
96.18
96.69
94.83
95.84
96.90
96.01
95.69
96.12
96.11
94.65
95.86
96.26
96.05
95.15
96.43
96.42
96.07
95.39
96.01
96.59
96.07
96.26
95.90
96.44
96.61
95.55
96.25
95.65
95.29
95.92
95.88
96.27
95.98
96.48
95.59
95.80
96.24
95.65
94.63
96.28
95.72
95.07
96.40
95.82
96.32
96.68
96.39
94.46
94.71
95.73
95.54
95.83
95.60
96.21
95.87
95.66
94.89
95.02
96.66
96.09
95.66
95.49
96.42
95.80
96.49
95.90
95.35
95.53
95.60
95.49
96.03
96.08
95.91
96.11
95.24
95.98
95.65
95.69
96.80
95.56
95.81
94.60
94.86
95.40
96.16
95.42
96.27
95.93
95.66
96.05
96.50
96.59
96.32
96.44
94.87
96.06
96.25
94.06
95.01
96.40
96.28
96.17
95.75
95.83
96.42
96.56
96.20
95.96
95.95
95.16
96.13
95.89
96.57
95.89
95.54
96.24
96.48
96.77
95.09
96.34
96.24
95.96
96.25
96.41
95.43
96.14
96.04
95.91
95.98
96.39
95.22
96.41
96.67
95.57
96.04
95.47
95.17
96.71
96.35
96.25
95.74
96.56
96.10
97.01
94.98
96.09
96.11
96.34
95.43
96.40
95.77
96.32
96.17
95.78
96.26
96.22
96.01
96.14
95.66
94.88
95.85
95.63
96.47
94.73
96.26
96.23
95.16
95.89
96.03
95.92
95.47
96.08
96.32
96.98
96.22
95.43
95.77
96.06
96.08
96.32
95.97
96.33
95.88
95.86
96.45
96.63
95.05
96.35
96.39
96.11
96.30
96.27
96.30
95.54
95.72
96.29
94.64
96.14
96.42
95.57
95.70
96.20
96.12
96.07
95.44
95.51
95.80
95.36
95.84
95.85
95.47
96.04
96.32
96.45
95.81
95.70
94.49
94.88
96.27
96.47
96.32
95.49
96.19
96.74
94.05
96.03
95.37
95.42
96.50
94.34
94.78
94.68
96.52
96.45
96.21
95.49
94.81
95.86
95.45
96.26
96.23
94.89
96.56
96.33
95.89
94.69
95.86
96.56
96.39
96.44
95.18
96.15
95.28
96.22
95.98
96.33
95.65
96.01
96.58
96.40
95.38
96.33
95.57
95.61
96.02
95.87
96.68
95.34
96.12
96.47
96.06
96.68
95.98
94.79
96.49
96.04
94.33
95.93
95.98
95.90
95.65
96.11
96.42
96.25
96.42
96.61
95.49
96.20
95.96
96.52
95.55
96.60
95.71
96.56
96.11
96.71
95.63
96.54
96.09
96.07
95.85
95.88
95.96
96.04
96.43
96.50
96.55
95.15
95.80
95.57
96.09
95.83
95.56
96.64
95.86
95.62
95.95
96.19
95.90
96.36
95.82
95.32
96.10
95.58
96.31
94.96
96.15
95.80
95.96
95.48
95.95
95.95
96.30
96.41
95.79
96.08
95.49
96.63
96.51
96.34
94.95
94.89
95.51
96.62
96.23
95.75
96.35
96.16
96.31
96.25
95.98
96.15
96.54
95.99
96.07
93.94
95.98
96.08
95.76
94.91
96.49
95.90
96.14
94.94
96.05
96.36
95.38
96.10
96.62
96.22
96.42
95.63
95.86
95.98
96.09
96.58
94.66
96.49
96.01
96.73
96.37
96.31
96.18
95.96
95.53
95.11
96.07
96.38
95.72
96.41
95.60
96.70
96.36
95.96
95.30
94.97
95.48
96.03
96.31
95.86
95.66
96.05
96.31
96.26
95.38
95.15
95.31
96.16
95.49
95.94
96.18
94.90
94.61
95.30
95.43
95.82
95.69
96.51
95.33
96.42
95.50
95.32
96.50
95.00
95.41
