0.8497
0.8920
0.9040
0.9088
0.9165
0.9199
0.9227
0.9253
0.9275
0.9289
0.9317
0.9302
0.9333
0.9344
0.9370
0.9369
0.9376
0.9370
0.9407
0.9392
0.9396
0.9424
0.9446
0.9440
0.9440
0.9454
0.9442
0.9451
0.9440
0.9445
0.9472
0.9594
0.9761
0.9796
0.9818
0.9834
0.9847
0.9862
0.9867
0.9873
0.9888
0.9887
0.9890
0.9903
0.9902
0.9912
0.9909
0.9905
0.9903
0.9915
0.9913
0.9920
0.9917
0.9924
0.9926
0.9926
0.9925
0.9925
0.9932
0.9936
0.9928
0.9940
0.9934
0.9940
0.9935
0.9942
0.9935
0.9932
0.9939
0.9927
0.9940
0.9935
0.9941
0.9941
0.9939
0.9947
0.9937
0.9941
0.9941
0.9936
0.9941
0.9938
0.9939
0.9937
0.9939
0.9946
0.9937
0.9945
0.9942
0.9939
0.9938
0.9938
0.9940
0.9934
0.9939
0.9939
0.9943
0.9939
0.9944
0.9941
0.9944
0.9945
0.9945
0.9944
0.9940
0.9944
0.9950
0.9944
0.9941
0.9945
0.9945
0.9932
0.9936
0.9941
0.9941
0.9944
0.9944
0.9945
0.9942
0.9937
