0.9288
0.9472
0.9566
0.9633
0.9617
0.9678
0.9657
0.9685
0.9680
0.9673
0.9741
0.9718
0.9697
0.9735
0.9759
0.9751
0.9757
0.9743
0.9763
0.9762
0.9728
0.9735
0.9779
0.9769
0.9777
0.9755
0.9779
0.9795
0.9764
0.9754
0.9771
0.9853
0.9971
0.9984
0.9990
0.9994
0.9993
0.9995
0.9994
0.9996
0.9998
0.9997
0.9997
0.9998
0.9998
0.9997
0.9997
0.9998
0.9999
0.9999
0.9998
0.9999
0.9997
0.9999
0.9999
0.9998
0.9999
0.9999
0.9999
0.9998
0.9999
0.9998
0.9999
0.9999
0.9999
0.9999
0.9999
1.0000
1.0000
0.9999
0.9999
1.0000
0.9998
0.9999
0.9999
0.9999
0.9999
0.9999
1.0000
0.9999
0.9999
0.9998
0.9999
0.9999
1.0000
0.9999
0.9999
0.9999
0.9999
0.9999
0.9998
0.9998
0.9999
0.9999
1.0000
0.9999
0.9998
1.0000
0.9998
0.9999
0.9999
0.9999
0.9999
1.0000
0.9999
0.9998
0.9999
0.9999
0.9999
0.9999
0.9998
0.9999
0.9999
0.9998
0.9998
0.9999
0.9999
0.9998
0.9999
0.9999
