0.3987
0.5754
0.6678
0.7175
0.7514
0.7694
0.7873
0.8005
0.8108
0.8207
0.8298
0.8349
0.8397
0.8450
0.8524
0.8545
0.8578
0.8620
0.8662
0.8704
0.8703
0.8740
0.8740
0.8787
0.8828
0.8835
0.8874
0.8861
0.8871
0.8909
0.8902
0.8904
0.8929
0.8957
0.8949
0.8970
0.8977
0.9012
0.9012
0.9023
0.9039
0.9040
0.9026
0.9057
0.9045
0.9040
0.9080
0.9083
0.9076
0.9071
0.9108
0.9102
0.9110
0.9128
0.9113
0.9126
0.9139
0.9134
0.9148
0.9150
0.9147
0.9186
0.9164
0.9145
0.9168
0.9164
0.9195
0.9161
0.9172
0.9176
0.9189
0.9197
0.9192
0.9197
0.9201
0.9177
0.9221
0.9220
0.9204
0.9218
0.9228
0.9332
0.9526
0.9593
0.9602
0.9639
0.9657
0.9665
0.9674
0.9673
0.9678
0.9694
0.9710
0.9723
0.9708
0.9727
0.9726
0.9735
0.9759
0.9759
0.9760
0.9757
0.9772
0.9756
0.9768
0.9769
0.9777
0.9782
0.9779
0.9792
0.9795
0.9793
0.9784
0.9800
0.9794
0.9805
0.9807
0.9804
0.9822
0.9816
0.9827
0.9812
0.9827
0.9834
0.9841
0.9846
0.9840
0.9847
0.9838
0.9845
0.9843
0.9852
0.9846
0.9850
0.9848
0.9853
0.9847
0.9854
0.9857
0.9851
0.9846
0.9859
0.9862
0.9855
0.9858
0.9848
0.9862
0.9866
0.9864
0.9856
0.9861
0.9863
0.9854
0.9851
0.9865
0.9861
0.9862
0.9858
0.9853
0.9850
0.9862
0.9867
0.9867
0.9864
0.9858
0.9858
0.9862
0.9862
0.9861
0.9862
0.9871
0.9858
0.9862
0.9871
0.9864
0.9854
0.9859
0.9859
0.9861
0.9853
0.9863
0.9866
0.9861
0.9869
0.9862
0.9862
0.9861
0.9852
0.9863
0.9863
0.9863
0.9870
0.9866
0.9852
0.9866
0.9867
0.9863
0.9858
0.9856
0.9864
