89.85
93.08
93.49
92.66
93.74
92.57
91.08
93.66
92.45
90.79
91.18
92.91
92.44
93.55
92.54
93.12
92.29
92.63
92.40
92.94
91.69
92.21
92.68
91.65
92.26
92.97
93.05
93.01
92.01
92.75
91.30
92.02
93.20
91.71
92.22
92.65
92.16
93.87
91.87
91.67
92.60
92.57
91.85
92.17
92.48
92.73
92.05
92.97
93.58
92.39
92.50
91.32
92.94
93.40
92.69
93.89
93.05
93.22
93.02
91.52
92.47
92.64
93.33
93.33
91.05
92.46
92.62
92.59
93.80
93.40
93.02
93.36
92.31
91.86
92.33
92.47
92.87
92.44
92.63
91.58
91.02
92.43
93.23
92.73
92.75
92.15
92.99
92.58
92.92
92.73
92.87
93.28
93.42
93.35
92.26
92.14
92.79
91.71
92.42
90.61
93.11
86.76
93.18
92.16
91.06
92.85
93.28
92.49
92.31
92.44
91.68
92.94
92.36
91.25
91.51
92.77
92.82
89.74
90.40
92.73
92.42
93.01
92.77
92.56
93.35
92.85
92.38
92.10
92.54
92.95
92.12
92.42
90.02
91.63
92.85
93.18
92.96
92.62
93.03
92.66
93.63
92.25
92.83
92.99
92.77
92.85
92.93
93.41
93.25
92.39
92.07
91.88
93.09
91.77
93.12
92.09
92.96
92.22
92.69
92.99
92.57
92.15
92.70
92.96
93.55
91.59
92.30
92.84
90.54
93.42
92.75
92.85
93.02
92.37
92.51
93.20
92.11
92.69
91.78
91.95
93.08
93.29
91.67
92.27
93.48
93.21
90.99
91.56
92.21
91.95
92.54
93.04
91.64
93.04
92.27
93.03
91.89
91.01
92.99
92.86
93.07
93.64
93.43
92.61
92.76
90.88
93.27
91.66
92.62
92.55
93.20
91.99
92.99
92.16
91.92
91.98
88.95
91.74
92.21
92.17
92.44
91.27
92.42
91.86
93.29
91.69
91.69
90.94
92.58
91.35
92.37
92.89
92.30
93.86
92.25
91.71
93.17
90.19
91.89
92.38
92.79
93.52
92.43
92.23
92.91
91.49
92.55
92.81
92.91
92.16
91.97
92.58
92.70
91.55
92.83
93.26
92.32
92.43
91.61
92.28
92.68
93.31
93.69
92.12
92.92
92.03
91.89
92.96
91.26
92.46
91.79
93.01
92.09
92.46
91.67
92.75
92.74
92.68
91.61
91.50
91.70
93.01
92.94
90.77
92.79
93.08
91.49
92.72
91.91
92.33
90.88
91.84
93.42
91.15
92.19
92.35
91.91
92.98
92.31
92.09
92.79
92.06
93.05
93.22
93.05
93.22
92.45
92.34
92.15
93.40
92.15
92.77
90.61
93.49
93.28
92.69
92.84
91.82
92.10
91.83
91.80
92.07
93.03
91.18
92.62
92.43
92.28
90.61
93.16
93.11
93.10
92.79
91.16
92.44
91.92
91.73
91.44
92.66
90.83
91.91
92.96
92.15
93.01
92.88
92.45
92.77
93.71
92.62
92.18
91.43
92.74
91.90
90.95
91.76
93.48
92.79
91.96
90.43
92.88
92.55
92.80
91.96
92.45
92.72
93.19
91.21
91.76
93.59
92.80
92.92
93.09
93.61
92.68
93.13
92.89
92.59
90.97
91.23
92.65
92.58
91.88
93.03
92.62
92.97
93.56
93.14
92.72
90.77
92.04
92.32
93.10
91.42
90.89
92.57
92.55
91.04
91.93
92.21
92.51
91.46
91.57
92.01
92.15
92.77
92.76
91.99
92.65
92.38
92.87
92.76
91.82
93.60
93.51
92.25
91.37
92.48
92.41
92.87
92.66
92.83
92.68
91.91
92.90
92.43
90.81
92.15
92.91
92.59
91.90
92.48
92.63
91.87
92.64
91.06
92.48
91.68
92.59
90.58
91.89
90.75
92.20
92.50
92.12
91.42
92.18
93.39
92.14
91.80
91.08
91.82
93.07
92.40
92.41
92.58
93.03
89.80
92.85
92.84
92.96
92.80
93.76
92.88
93.00
92.36
92.59
92.59
90.54
92.74
89.91
92.88
92.56
92.61
91.25
92.53
92.68
92.98
90.46
93.28
92.59
92.51
92.97
92.29
92.59
92.60
93.10
92.10
91.06
91.84
92.69
92.55
93.34
92.21
92.56
90.65
93.04
91.32
92.75
91.45
93.71
93.10
92.25
91.73
92.25
92.61
92.63
92.40
94.15
92.86
91.81
92.79
91.49
92.93
91.05
93.02
93.01
92.01
92.23
91.81
91.62
92.23
91.51
92.98
92.73
92.95
92.50
92.13
92.04
93.11
91.80
91.33
89.90
92.72
92.54
91.83
93.38
92.65
92.90
91.95
92.23
92.86
93.54
92.86
90.23
92.29
92.58
91.38
92.99
91.77
93.24
93.08
93.18
92.49
93.00
92.56
92.51
92.68
92.42
90.63
92.54
91.63
92.65
91.40
92.68
93.29
91.81
93.50
91.04
90.08
91.63
92.29
91.97
93.14
92.58
91.89
91.90
92.07
93.22
91.56
91.64
92.61
93.90
93.16
91.45
90.63
92.21
90.15
92.18
91.77
91.04
91.28
92.10
92.18
92.67
92.84
91.49
89.58
92.83
92.00
92.05
93.17
92.75
92.90
91.82
92.01
92.11
93.01
88.30
92.28
93.36
94.06
91.17
92.39
92.36
93.02
92.12
91.97
92.78
91.07
92.46
91.95
93.09
90.86
92.38
93.22
92.80
92.97
93.04
93.36
92.31
93.43
92.79
93.09
93.08
93.12
93.31
92.39
92.10
93.33
91.60
91.62
91.50
92.02
93.60
91.46
92.31
92.18
92.39
93.10
92.60
93.73
92.20
91.28
92.21
93.30
91.62
92.40
92.67
89.65
93.16
93.09
91.82
89.70
92.58
92.51
92.27
92.99
92.76
92.70
92.17
93.09
92.90
92.08
92.32
92.88
93.26
91.47
92.81
92.05
93.12
91.94
91.40
92.87
92.28
93.42
93.67
92.49
92.57
90.82
91.89
90.85
92.78
91.01
91.84
92.76
92.27
92.44
92.87
91.90
92.94
92.98
93.36
90.66
92.09
92.04
91.03
93.05
92.08
92.49
91.31
91.22
92.26
90.23
93.49
90.09
93.05
93.00
92.72
92.71
92.06
93.31
93.11
91.78
92.12
90.50
93.18
92.50
91.74
92.59
91.47
93.38
92.43
92.94
93.52
91.40
92.76
92.52
92.38
91.28
92.04
92.46
92.88
93.35
92.48
92.74
94.11
90.87
92.73
91.53
91.62
92.98
92.58
91.35
93.14
92.51
90.06
92.82
93.18
92.13
91.75
92.92
92.88
93.47
93.30
92.76
91.96
93.62
92.33
92.37
92.52
92.54
91.92
92.07
92.98
92.25
92.22
91.77
93.13
91.60
93.29
92.01
92.79
91.30
91.34
92.99
93.08
92.29
91.29
92.21
92.61
92.74
91.38
91.84
92.63
91.15
91.07
91.63
91.36
92.61
92.53
93.46
93.10
92.76
93.00
89.94
92.82
92.72
92.24
93.38
92.96
92.21
91.60
91.38
91.35
91.67
91.77
91.76
92.74
92.70
91.55
92.53
93.04
92.55
92.84
91.75
92.92
92.03
91.37
92.84
92.45
93.06
92.19
90.82
92.40
92.68
92.91
92.82
91.72
92.12
91.64
92.48
92.43
92.71
89.95
90.81
92.20
92.57
92.65
92.63
93.12
92.79
92.63
93.21
92.45
92.21
92.48
92.82
93.71
92.90
92.95
92.85
92.74
93.06
92.21
92.66
92.88
92.68
92.71
92.68
92.88
91.68
92.06
91.41
93.55
92.00
92.25
92.54
93.14
93.23
93.03
91.02
91.29
93.03
92.89
89.13
92.89
92.70
93.66
93.06
92.77
91.99
92.80
93.04
93.28
92.31
90.95
93.01
92.87
93.04
91.80
92.53
91.07
92.97
92.17
93.15
92.35
92.65
93.00
92.16
91.41
93.06
93.03
93.17
92.60
92.76
92.99
90.82
91.96
92.28
91.59
92.11
92.82
91.52
91.74
92.48
92.97
92.84
92.01
93.77
92.66
92.75
93.11
92.73
92.39
92.32
92.24
91.39
92.70
90.67
92.77
91.50
93.27
93.13
91.40
91.79
92.91
92.90
92.23
92.54
91.57
93.50
91.65
92.67
92.27
93.26
90.02
92.86
90.33
92.72
92.65
91.76
93.29
92.15
92.36
91.70
92.10
92.68
92.56
92.91
93.11
92.54
91.75
92.39
91.73
92.30
91.66
92.09
91.03
92.66
92.73
91.33
93.35
92.33
91.70
91.29
92.18
93.24
92.23
90.10
91.69
92.37
91.45
89.11
92.39
91.15
90.95
92.68
93.40
92.25
93.20
91.98
