83.35
83.38
83.84
83.01
77.71
84.54
83.28
80.81
84.24
80.32
82.40
85.71
81.96
83.70
81.02
80.87
81.41
82.75
83.35
82.55
83.03
83.20
82.98
83.28
84.80
83.78
83.82
84.33
85.32
84.19
83.23
80.83
82.43
81.56
81.60
81.07
74.50
81.44
82.12
80.61
78.07
80.83
85.70
83.14
76.95
83.53
80.73
83.80
82.04
85.17
81.87
82.21
81.56
78.08
84.25
84.03
81.51
84.02
79.77
79.30
77.13
83.93
84.78
85.56
83.77
79.76
84.20
85.92
83.33
81.01
81.77
77.62
82.54
84.78
79.58
82.75
80.22
82.22
82.89
80.07
82.30
83.57
82.54
83.11
81.64
83.99
83.28
80.50
77.13
81.12
82.93
75.56
85.22
82.18
79.66
83.94
78.05
85.81
82.16
83.50
80.06
81.24
85.57
79.90
79.48
83.29
84.83
82.33
82.74
83.14
81.55
77.03
83.99
84.81
85.14
84.89
81.76
80.75
82.52
81.91
82.53
80.48
83.82
84.37
81.62
83.21
83.48
85.83
83.20
85.27
81.30
84.94
81.51
82.03
79.43
81.95
84.04
83.04
84.96
83.31
80.90
82.63
82.93
79.63
74.36
83.45
82.93
83.71
82.67
82.10
85.12
85.01
84.28
84.44
81.45
84.43
85.57
83.75
81.38
79.39
79.06
84.78
85.18
81.30
86.11
84.92
78.96
80.33
85.03
81.06
80.55
82.09
80.57
84.11
83.12
82.60
82.98
82.48
84.43
80.72
83.46
82.88
78.33
85.31
85.85
82.72
82.42
82.95
84.33
84.49
82.09
81.18
82.61
77.25
84.80
80.58
86.22
82.20
82.01
80.21
81.93
82.14
84.49
80.93
81.78
82.00
84.34
76.71
83.22
81.31
81.51
84.07
80.86
84.99
84.79
86.48
82.42
85.56
82.91
83.60
79.63
82.31
84.71
80.84
84.27
84.89
81.45
84.14
83.60
80.32
81.80
83.76
80.25
84.94
84.10
85.85
85.46
83.98
83.69
83.70
80.43
79.63
79.33
85.29
81.33
83.99
83.19
85.56
85.71
80.46
82.55
83.40
81.91
81.43
85.60
79.23
84.46
81.47
84.51
84.75
81.87
85.47
79.61
80.24
84.07
82.00
84.74
84.07
81.69
85.95
84.01
79.79
84.30
81.93
84.92
80.39
80.54
79.57
80.70
82.22
81.40
85.45
83.53
85.28
83.59
83.46
82.75
84.11
83.89
82.24
82.83
80.04
81.93
83.65
82.40
82.21
84.12
83.76
81.90
83.00
83.02
79.44
82.48
84.71
83.00
81.19
82.92
81.43
85.09
74.72
82.03
82.79
84.34
82.71
84.63
83.33
83.07
81.13
82.96
82.12
80.70
84.35
84.59
75.96
79.58
84.46
82.75
84.06
84.54
85.32
85.99
83.88
85.55
82.90
83.01
82.01
83.74
83.55
84.23
81.94
80.55
82.19
76.96
81.47
81.98
77.35
82.56
82.56
80.40
80.91
85.37
85.70
84.70
81.91
84.02
81.04
83.46
85.87
83.63
83.02
76.28
84.81
81.92
82.48
84.86
82.55
83.54
84.54
83.84
82.70
85.80
82.68
83.95
78.63
82.52
82.70
79.74
84.76
83.28
83.25
81.56
82.62
82.48
80.67
82.43
83.42
80.72
84.26
85.43
81.53
82.48
83.30
83.52
84.67
85.15
79.51
80.41
82.10
85.27
81.63
86.46
84.44
84.19
83.86
84.61
82.98
83.23
84.63
83.46
85.28
82.01
83.47
80.97
80.10
79.25
83.82
84.28
82.11
79.41
84.26
85.23
84.35
78.65
85.16
84.82
84.07
82.83
85.76
84.45
80.25
82.42
82.83
79.63
83.19
82.86
85.94
83.48
85.63
84.43
84.05
77.66
84.02
80.27
81.50
80.93
82.89
79.87
81.38
82.09
86.30
83.87
83.93
78.80
82.71
83.35
82.83
83.81
83.72
84.84
86.25
78.86
81.55
85.56
80.82
85.41
84.65
81.02
82.07
82.49
80.06
82.18
81.66
79.62
83.65
81.26
85.61
85.04
82.35
85.65
79.36
84.48
83.02
80.98
84.89
84.08
83.53
86.79
80.81
83.57
82.64
83.80
83.87
80.48
84.66
85.61
82.52
79.67
83.35
78.71
83.49
82.52
81.37
84.27
83.74
83.57
84.93
79.43
81.01
79.67
84.06
82.09
84.94
80.69
81.76
82.83
85.47
81.04
82.60
81.74
82.46
80.04
84.73
79.09
76.19
83.82
81.16
81.99
84.01
82.09
85.69
84.54
80.08
77.32
81.17
83.24
81.76
83.43
84.09
81.91
84.81
80.81
86.61
80.79
78.99
81.91
76.08
85.60
82.70
81.86
82.86
79.55
84.03
81.78
83.54
83.90
85.21
83.22
79.25
84.16
84.64
78.08
81.34
83.85
78.24
84.19
80.81
78.95
83.59
85.94
82.48
81.84
81.85
80.60
83.70
83.85
83.63
84.21
82.33
78.59
81.21
84.24
81.25
85.53
81.92
81.14
79.22
83.62
79.12
79.24
79.10
83.06
84.12
82.18
79.20
79.75
81.98
80.72
84.41
79.56
86.06
81.01
79.95
84.54
84.31
80.85
81.90
84.00
83.88
82.50
85.12
85.07
85.78
82.09
80.79
84.96
83.71
83.03
79.27
84.06
83.11
83.24
80.69
80.60
83.59
84.17
78.86
81.91
81.72
82.57
82.37
85.44
83.65
82.93
84.00
84.97
82.32
81.14
87.02
81.03
78.86
81.62
82.27
80.53
84.71
83.42
85.14
80.81
83.51
84.24
80.78
83.66
81.99
79.05
81.81
83.58
85.85
83.75
81.49
83.40
78.60
78.02
78.17
75.78
78.20
81.79
79.87
84.44
79.07
82.59
81.71
82.24
85.60
83.69
83.13
79.61
82.56
79.08
79.87
83.16
83.54
85.27
85.10
85.81
82.96
84.46
84.29
83.80
82.38
83.17
82.00
78.06
79.59
83.18
81.96
84.43
84.27
81.09
82.95
85.29
82.78
82.84
81.67
81.40
83.57
83.31
81.70
83.57
84.52
82.77
85.73
83.81
83.66
83.29
81.85
78.88
84.90
79.70
80.83
84.20
79.34
84.70
81.55
81.18
82.89
83.95
80.74
81.52
83.70
83.93
80.46
84.24
75.89
80.33
83.46
82.86
80.59
84.04
82.64
82.99
85.54
78.59
82.82
84.54
81.19
83.58
83.73
81.23
85.89
82.94
82.05
81.89
82.89
83.46
83.92
82.81
84.11
85.13
81.98
80.79
82.25
83.53
82.56
83.44
83.80
84.75
84.78
81.72
85.13
86.02
80.69
82.30
85.10
85.34
80.06
85.42
83.23
83.02
83.88
80.66
81.62
81.84
82.49
78.72
75.33
82.32
81.30
80.36
83.96
81.00
82.72
81.13
81.06
84.73
81.16
85.50
80.21
82.21
83.26
79.63
81.65
81.71
81.80
84.56
84.47
80.19
80.67
84.65
82.51
84.43
83.95
84.01
83.04
77.38
84.96
86.31
84.42
82.12
79.06
78.56
84.80
82.86
79.65
82.71
84.97
84.64
83.56
85.68
83.57
82.61
81.28
82.95
84.01
80.16
83.01
79.30
85.04
85.63
82.79
82.74
84.77
85.10
82.84
83.16
80.94
81.91
83.58
82.11
84.47
84.37
79.81
81.58
80.24
80.95
82.31
81.66
81.98
83.72
82.06
83.95
80.43
83.08
81.25
79.20
81.31
82.10
84.68
77.29
85.25
85.64
75.38
82.33
80.55
80.67
80.74
83.08
80.30
79.61
82.80
80.17
83.64
76.77
84.80
80.77
81.18
82.57
82.21
85.30
84.43
82.53
83.53
81.68
82.15
79.44
80.29
84.74
83.49
84.89
83.52
85.10
85.41
81.18
84.21
82.64
84.88
83.99
85.74
82.98
83.22
82.58
83.71
82.01
81.10
83.45
83.40
85.67
83.60
81.91
80.85
78.36
83.79
83.31
81.68
84.50
82.82
83.95
82.96
81.19
79.22
82.02
82.50
84.72
82.56
83.58
80.02
78.16
84.71
83.40
81.55
84.50
82.01
81.26
83.69
84.70
85.42
83.63
83.46
75.85
83.15
82.16
84.64
80.19
83.76
83.17
82.26
83.02
83.53
84.32
82.91
81.43
82.83
85.22
83.30
83.89
79.07
80.27
84.04
86.16
83.55
83.62
80.38
84.54
83.70
81.26
81.59
82.42
75.23
80.70
82.43
83.83
80.79
82.53
83.27
83.40
86.07
82.58
83.42
82.55
83.18
80.68
81.71
84.27
83.99
80.96
82.43
81.70
82.91
85.39
84.69
82.58
79.78
