92.07
93.24
94.20
93.92
93.85
94.08
94.69
93.94
93.25
91.31
94.24
93.84
94.69
94.39
92.85
93.95
92.88
91.97
93.85
93.81
92.29
94.41
92.83
93.77
93.73
93.65
93.80
93.10
91.61
93.34
93.68
91.86
94.23
93.06
92.68
93.23
93.83
93.65
92.60
94.24
93.77
91.93
93.91
94.11
94.96
93.72
92.94
93.15
94.18
93.78
92.57
93.63
91.79
92.67
94.01
93.63
93.33
94.30
93.32
94.52
93.71
93.87
92.57
93.86
93.23
94.76
94.62
94.09
94.47
93.33
92.57
94.20
94.19
94.18
92.55
92.23
93.33
93.62
94.35
93.72
93.23
94.67
93.34
93.53
94.53
91.49
92.80
94.21
94.22
94.09
94.44
94.35
93.17
93.32
92.60
94.41
93.55
92.78
94.26
92.91
90.37
92.65
93.88
93.88
93.97
93.52
93.19
93.99
94.42
93.53
93.49
94.55
92.89
92.41
94.43
94.04
94.06
94.59
94.07
93.46
94.61
94.62
93.02
91.56
92.94
93.26
94.50
92.14
93.56
93.58
94.39
94.47
92.87
92.98
94.62
93.24
93.97
94.54
93.70
94.01
93.98
93.89
93.39
94.18
94.46
92.81
93.19
92.97
94.40
93.68
92.21
93.44
93.26
94.25
94.24
93.82
93.47
94.29
92.58
93.07
93.27
93.04
93.08
92.65
95.06
93.80
93.60
93.14
93.96
93.12
93.71
93.26
93.98
93.66
92.98
94.24
94.52
93.73
93.27
93.63
92.49
94.59
94.09
93.54
94.06
94.62
92.42
94.65
94.48
93.54
94.42
93.94
94.31
94.40
94.76
93.08
94.51
94.11
93.46
93.83
90.49
91.94
93.78
93.30
92.77
94.71
93.97
91.75
92.72
94.03
93.48
93.89
94.18
94.02
94.15
93.59
93.78
94.33
92.23
93.59
93.75
93.42
94.36
93.96
93.21
92.49
94.17
94.06
92.61
94.74
94.20
92.39
93.47
93.60
94.34
93.28
93.88
93.33
92.96
93.45
91.85
94.08
93.48
93.66
93.95
93.42
93.01
93.17
93.09
93.74
94.08
93.83
94.73
90.17
91.08
93.84
94.03
94.12
93.99
93.54
93.93
94.47
93.37
93.37
93.71
93.72
94.06
93.50
92.96
93.05
91.80
93.66
94.73
94.07
92.56
93.10
92.79
93.71
93.79
94.17
93.39
93.80
94.12
92.16
92.62
93.57
93.02
92.30
94.17
94.10
91.31
94.15
93.79
93.38
93.66
93.17
94.07
93.31
92.08
93.78
93.35
92.83
92.31
93.90
93.41
92.64
93.43
94.24
93.11
92.77
94.17
93.84
94.12
94.10
93.20
93.45
92.06
92.92
92.58
94.08
93.06
94.61
92.35
94.36
94.56
94.43
94.66
92.31
92.70
93.88
93.42
94.51
93.16
91.47
93.31
93.51
94.57
93.98
93.84
94.68
94.10
94.12
93.89
94.05
93.25
94.25
92.00
93.89
93.43
94.25
92.56
93.98
93.76
93.47
93.31
94.17
93.99
93.98
94.28
94.31
93.34
93.39
93.94
93.51
93.11
92.26
93.74
93.22
93.55
93.35
90.83
94.39
92.05
93.10
92.87
92.81
92.81
94.33
93.74
94.08
93.94
94.09
93.08
93.39
92.82
93.26
93.98
94.49
93.95
93.84
93.55
93.55
93.29
92.51
94.05
93.27
93.86
93.86
93.77
94.20
93.28
93.22
92.82
93.94
94.15
93.60
94.16
93.98
91.79
92.93
93.45
93.65
93.73
92.51
94.04
94.27
93.84
93.80
94.31
94.24
93.98
93.03
93.15
93.32
94.05
93.98
94.05
92.89
94.32
93.26
94.23
93.34
93.91
94.43
94.04
93.27
94.03
93.65
94.34
93.63
94.21
92.22
92.39
92.51
92.48
93.95
93.71
93.05
92.47
94.28
94.39
94.38
94.05
93.72
93.70
93.78
94.28
93.98
94.14
93.95
93.68
94.09
94.37
94.09
94.55
92.56
93.38
93.04
92.88
94.58
93.98
92.31
93.33
93.96
94.07
94.03
93.68
93.70
94.01
92.07
94.51
93.59
94.56
92.62
93.37
93.23
94.17
93.63
92.84
94.03
94.42
92.13
94.36
94.19
93.84
91.15
94.20
93.48
93.26
93.09
94.06
93.97
93.20
93.20
93.87
93.93
94.42
92.16
93.78
94.45
94.18
94.24
93.37
93.79
94.38
94.27
93.11
93.24
94.20
93.69
93.32
92.58
93.89
93.70
92.48
93.77
93.99
94.21
93.10
93.69
93.41
94.29
93.24
94.12
93.35
94.37
94.00
92.73
93.01
94.02
93.73
93.96
93.52
93.07
93.88
94.27
93.51
93.94
93.45
92.28
92.61
93.13
93.29
92.58
93.17
91.97
93.70
93.37
93.98
94.11
93.31
91.05
93.54
93.68
93.58
92.97
91.95
93.38
94.03
93.77
93.99
94.53
94.46
94.15
93.56
93.40
94.59
93.36
93.42
93.96
92.74
93.59
93.72
93.24
93.67
93.63
93.64
93.05
92.14
93.94
94.77
94.30
93.83
93.56
93.73
94.04
93.54
93.28
93.24
93.91
93.18
92.71
93.04
94.06
94.07
93.11
92.92
93.86
92.49
94.50
93.75
94.19
93.05
94.37
92.29
94.45
94.24
93.95
93.42
93.28
93.67
92.63
93.78
93.57
93.05
93.08
94.18
92.52
93.43
93.92
93.29
93.61
93.90
94.04
91.20
93.13
93.36
93.91
93.12
93.31
93.77
93.98
93.41
93.67
91.77
94.46
94.22
93.33
93.46
93.10
93.95
94.19
93.95
92.83
94.23
93.97
93.91
94.28
93.50
93.39
93.42
94.11
92.18
93.96
93.89
93.18
94.13
92.42
94.03
92.81
91.77
92.97
91.92
93.78
93.46
94.56
91.82
94.03
94.40
94.25
94.02
92.77
94.21
94.07
94.39
92.90
94.14
93.60
93.69
93.43
93.37
94.41
92.45
92.72
94.04
94.24
93.43
94.03
94.05
93.33
94.02
94.09
93.83
94.19
92.32
93.72
93.73
94.57
93.85
93.55
93.33
94.03
94.06
93.56
94.15
94.05
94.45
94.15
92.42
93.25
94.75
93.50
92.85
93.17
93.84
94.99
92.80
94.44
93.46
94.27
93.39
93.91
93.77
93.75
93.79
93.39
93.62
94.26
92.70
92.23
93.57
93.54
92.20
93.03
93.87
94.13
93.70
93.71
93.99
92.94
93.45
94.02
93.87
94.00
93.25
93.83
93.51
93.84
92.77
94.59
92.48
93.90
94.27
93.95
94.37
92.66
93.00
92.81
93.71
93.16
93.19
94.37
94.05
93.93
92.72
93.62
94.82
92.37
94.30
93.44
93.06
92.70
94.00
94.17
92.66
92.81
94.22
93.80
93.68
92.99
92.35
93.71
93.25
94.01
94.13
93.82
94.03
93.92
93.97
92.43
92.59
93.73
94.26
93.79
93.48
93.85
94.13
94.28
93.12
94.21
92.63
91.64
93.29
93.21
93.26
94.24
92.74
93.24
93.83
93.22
94.48
93.68
94.04
92.79
94.77
93.65
93.41
94.54
93.72
92.57
93.38
93.46
91.74
93.50
94.77
93.47
93.67
94.27
93.45
93.52
94.27
93.49
93.66
94.49
94.31
93.53
94.51
93.88
93.98
93.47
93.59
92.98
93.47
93.61
92.62
93.91
91.70
94.12
92.20
93.37
93.31
93.08
92.77
93.56
93.22
94.16
94.50
94.04
93.62
93.68
93.18
93.87
93.42
93.24
93.36
93.02
93.43
93.95
93.67
93.74
93.88
92.75
94.04
94.13
93.30
94.07
94.29
94.28
93.20
93.14
93.65
93.11
93.98
93.82
93.35
94.03
94.04
92.03
94.31
92.98
92.27
92.17
91.93
93.25
93.74
94.07
93.74
93.46
93.58
93.63
94.37
93.42
93.70
94.66
94.35
93.22
93.38
93.37
92.61
94.42
93.86
93.39
93.58
94.22
93.77
90.44
94.07
93.53
93.21
94.95
93.48
93.33
94.50
91.94
92.68
93.61
91.11
92.84
93.32
93.35
93.45
93.57
93.12
93.36
93.32
93.93
93.71
92.70
94.16
93.41
94.77
93.14
93.95
94.68
91.87
93.44
93.22
94.36
93.59
93.32
92.41
93.25
93.98
94.35
91.95
93.93
92.64
92.52
93.85
93.74
94.87
93.39
93.64
93.07
94.56
92.70
93.90
94.12
93.29
94.00
94.15
93.38
94.10
93.16
93.37
94.34
93.04
93.79
94.20
93.36
94.22
94.32
93.68
92.71
93.39
94.49
93.26
93.57
93.74
92.68
