92.29
93.05
93.87
94.41
93.95
93.78
94.67
94.33
93.24
94.49
93.38
93.86
94.54
94.85
94.14
93.84
93.10
93.01
93.59
94.11
93.87
93.37
94.36
91.62
94.44
93.73
94.15
92.65
93.00
93.46
93.50
93.97
93.65
93.49
94.21
92.86
93.90
92.98
93.14
94.35
93.98
93.54
93.38
92.24
94.16
93.62
93.86
94.56
94.13
93.81
94.14
93.87
93.60
92.98
93.88
93.60
93.88
94.28
94.40
94.18
94.14
93.95
92.71
93.20
93.81
93.39
93.62
94.63
94.91
93.66
93.60
93.83
93.97
94.79
93.01
93.67
93.26
92.54
94.05
92.17
94.46
94.41
92.71
94.52
93.02
93.54
94.05
93.35
94.08
92.37
94.30
94.35
93.08
94.82
93.12
94.13
94.66
94.38
93.55
94.42
94.51
91.97
93.71
94.43
94.58
94.09
91.44
94.06
93.03
94.55
94.60
93.03
94.35
92.25
93.42
94.28
93.64
94.00
94.05
94.10
93.74
94.35
94.73
93.41
93.72
93.61
94.70
94.18
92.94
93.59
93.94
92.99
94.66
93.55
93.91
93.51
94.05
93.78
93.32
93.70
93.67
93.20
94.29
94.46
93.28
94.88
92.60
93.81
92.23
94.53
94.08
94.64
93.46
94.21
93.82
93.61
93.99
94.07
94.07
94.54
93.70
92.88
94.07
93.78
91.24
93.14
93.49
93.44
92.61
92.07
94.87
94.13
94.09
93.84
93.99
94.68
93.82
93.36
94.42
93.75
94.14
94.61
94.60
93.30
93.34
94.69
94.54
94.60
93.64
92.99
92.23
93.75
89.63
93.71
93.69
93.85
93.95
92.59
94.29
92.79
94.06
94.30
94.32
93.01
93.48
93.74
92.63
94.47
93.59
94.53
94.55
94.03
94.10
93.47
94.36
94.17
92.77
95.10
92.90
93.78
93.00
93.99
95.08
93.35
94.26
93.73
93.79
93.91
92.79
93.61
93.73
94.42
94.25
93.32
93.21
93.99
94.23
94.63
93.83
93.17
94.32
94.00
94.08
93.69
93.51
94.30
94.33
93.32
93.47
94.20
93.57
93.81
94.33
93.76
93.33
94.15
93.20
93.92
93.08
93.04
93.85
93.95
93.59
92.30
94.35
94.04
94.46
93.37
93.54
93.94
93.83
92.52
94.13
94.43
94.41
94.05
94.43
93.80
93.39
93.29
94.27
94.23
94.79
93.19
94.46
92.26
94.17
92.73
94.07
93.88
95.13
94.17
92.78
94.13
94.39
92.77
94.04
93.85
94.76
93.68
93.81
92.53
93.86
94.43
93.82
94.53
93.32
93.25
94.67
94.31
93.78
94.98
93.85
93.03
94.43
94.06
93.75
92.50
92.86
93.81
93.77
93.82
92.94
92.82
92.53
92.10
93.97
91.89
94.43
92.99
93.93
93.39
94.39
94.09
93.78
94.93
94.24
92.23
92.98
94.31
93.92
94.28
94.32
93.57
92.92
92.78
94.07
94.25
94.24
93.45
93.96
93.19
93.64
93.52
93.80
93.93
93.95
93.79
93.81
93.82
93.97
94.48
93.45
94.27
94.22
92.41
94.32
93.62
93.75
93.75
93.19
93.07
94.14
94.00
93.71
94.08
94.10
93.79
94.00
93.15
93.80
93.01
94.35
92.56
93.73
93.80
93.73
93.85
94.76
93.99
93.82
91.99
93.93
92.65
93.54
94.27
93.13
94.35
93.35
93.28
94.12
94.05
93.66
94.32
94.14
93.94
92.59
94.08
93.41
94.59
95.18
94.06
93.36
94.50
93.54
93.32
93.37
94.30
94.08
94.31
94.46
93.15
94.81
93.24
90.80
94.08
93.41
94.22
94.26
94.55
93.45
93.58
94.39
94.56
94.48
92.08
93.15
94.07
94.35
93.76
93.12
94.77
92.57
94.22
93.89
93.92
93.72
92.68
93.84
94.27
93.42
93.57
94.58
93.07
93.09
93.63
94.06
94.46
94.23
93.33
93.25
93.89
93.95
92.65
93.80
93.56
94.72
94.35
93.36
93.96
94.08
94.69
93.67
94.30
91.32
93.48
94.01
92.84
93.23
94.42
93.94
93.05
94.24
93.97
94.37
92.95
94.48
93.07
93.84
92.65
93.95
93.78
93.86
94.87
93.53
93.91
92.93
93.15
94.37
94.34
93.65
92.76
94.20
94.52
94.39
94.60
93.23
94.02
92.25
94.66
93.11
93.29
94.48
93.47
92.85
93.62
93.56
94.94
95.03
93.28
93.05
93.98
94.04
93.72
94.16
94.58
91.08
94.04
93.38
92.28
93.20
94.13
94.63
92.81
94.08
95.07
94.35
93.35
93.23
94.50
94.17
93.90
93.43
93.66
91.64
94.64
94.29
92.05
94.22
93.17
93.81
93.86
93.38
93.82
94.41
93.19
93.50
93.21
92.68
93.55
94.38
93.11
91.68
93.79
92.16
93.48
93.90
93.79
94.56
94.92
94.63
93.28
94.11
93.10
94.20
93.50
93.50
94.48
94.36
93.89
94.75
92.63
93.93
92.81
94.11
93.94
93.47
92.90
93.92
93.90
93.28
92.99
94.46
93.73
93.67
93.83
94.69
94.60
94.39
94.13
94.32
92.47
93.52
93.43
94.04
94.38
93.43
93.36
94.34
93.13
92.08
94.29
94.63
93.03
94.11
93.88
93.26
92.83
93.72
94.83
93.80
92.76
89.49
93.03
93.94
93.54
93.54
93.48
94.17
92.88
93.06
94.42
93.97
93.43
94.28
92.95
93.95
94.13
93.42
93.96
94.14
93.74
93.86
93.28
92.53
94.67
93.29
93.74
94.58
94.31
93.50
94.47
94.80
94.34
93.74
94.33
93.53
93.02
93.65
93.98
92.49
93.35
94.04
94.78
93.80
93.52
94.33
93.19
92.87
94.09
92.27
93.72
93.69
93.24
94.07
91.92
93.78
93.09
93.74
93.28
93.85
94.62
94.17
93.05
93.92
93.19
92.73
93.21
93.36
94.15
94.48
93.87
93.95
92.08
94.22
94.06
94.19
93.92
94.15
93.70
94.18
93.89
94.24
94.32
93.95
94.50
94.21
94.07
94.00
93.81
93.28
94.00
93.84
94.49
93.94
93.09
94.34
92.30
92.96
93.78
92.23
94.63
94.49
93.14
93.77
93.16
93.78
92.94
94.05
94.02
94.44
92.01
94.70
94.30
94.23
93.77
91.22
94.16
94.19
93.70
94.15
93.94
94.69
94.00
93.17
93.11
93.94
93.09
93.42
93.95
93.07
94.22
93.91
94.20
93.84
93.84
93.46
93.32
93.80
94.24
93.19
93.06
93.23
94.14
95.11
93.65
94.34
93.67
92.17
94.01
93.44
92.61
94.44
94.07
93.07
94.33
93.74
94.04
93.02
92.99
93.47
94.36
93.95
93.28
94.48
93.49
92.23
94.46
94.67
94.20
93.46
93.45
94.09
94.34
94.55
94.02
93.46
94.07
94.37
93.59
94.01
93.93
94.26
94.12
94.54
91.88
93.57
92.64
94.70
94.20
93.54
93.52
93.29
93.92
93.90
94.66
92.80
93.09
94.34
93.43
94.34
93.80
93.06
93.39
93.91
93.40
93.56
93.72
93.33
94.16
94.29
94.22
94.18
92.70
93.20
94.01
93.95
93.57
94.04
94.08
94.92
94.76
94.03
93.84
92.85
92.56
92.33
93.57
92.39
93.88
94.34
92.55
93.25
94.16
93.78
92.61
93.50
94.54
93.61
93.52
93.42
94.09
93.69
92.27
94.22
93.71
93.73
93.60
94.86
93.95
94.00
93.57
93.75
93.23
94.02
93.24
93.31
94.55
93.91
94.04
94.08
94.52
93.63
94.66
93.81
92.97
93.06
93.94
94.09
94.61
91.89
93.69
93.87
94.30
94.32
91.92
93.64
94.48
93.30
94.15
93.91
93.93
93.74
94.09
93.44
94.17
94.24
94.42
94.61
94.07
94.24
91.91
94.19
93.90
93.27
93.28
94.43
91.71
93.72
93.90
94.06
94.10
94.65
93.01
94.54
94.38
94.13
94.08
93.51
92.99
93.59
93.53
94.00
94.28
94.48
93.99
94.35
94.34
93.43
93.52
93.40
93.34
94.28
94.43
92.83
94.29
93.26
93.86
94.10
93.77
92.55
93.71
93.00
94.03
94.18
92.64
94.29
94.17
93.90
91.96
94.37
93.62
93.91
93.86
94.08
92.97
93.68
94.17
94.01
94.12
93.73
93.92
92.76
94.76
94.23
94.25
93.77
94.33
94.39
93.05
93.70
93.73
93.95
91.17
93.47
93.97
93.85
93.98
92.15
93.70
93.66
92.46
93.26
93.93
94.52
93.07
93.26
94.83
93.24
93.92
