96.52
96.44
96.70
96.69
95.77
95.90
96.45
95.93
96.72
97.05
95.73
96.81
96.85
95.33
96.31
96.45
96.09
96.37
96.72
96.79
96.52
96.12
96.75
96.55
96.13
96.63
96.67
96.02
96.32
95.99
96.15
96.54
95.99
96.78
96.52
96.78
96.71
96.35
96.83
96.56
96.90
96.36
96.63
95.75
96.39
96.56
96.70
96.04
96.40
96.68
96.32
95.91
96.08
96.16
96.60
95.94
96.37
96.59
96.56
96.55
96.69
95.74
96.37
96.58
96.62
96.45
96.39
96.29
96.76
97.00
96.26
96.41
96.50
96.51
96.38
96.55
96.57
95.97
96.04
96.94
96.46
96.53
96.75
96.37
95.48
96.52
96.48
96.19
96.32
96.22
95.84
96.21
96.70
96.76
95.88
96.79
97.15
96.39
96.66
96.52
96.18
96.44
96.03
96.50
96.23
96.15
96.21
96.43
96.53
96.71
96.34
96.13
96.30
96.72
96.49
96.91
96.04
96.48
96.16
96.52
96.29
96.27
96.55
96.42
96.36
96.10
96.07
95.64
96.68
96.32
95.96
96.91
96.72
96.61
96.08
96.51
96.87
96.04
96.48
95.93
96.37
96.35
95.81
95.78
96.30
96.19
96.78
96.41
95.88
96.27
96.20
96.47
96.08
96.30
97.20
96.86
96.01
96.31
95.47
96.67
96.24
96.56
96.27
96.56
97.05
96.70
95.70
96.39
95.85
96.53
96.50
96.60
96.71
96.14
96.56
95.95
96.45
95.76
96.70
96.58
96.05
96.42
96.46
96.62
96.73
96.54
95.71
96.61
96.61
95.80
96.82
96.68
95.31
96.59
96.32
95.87
96.86
96.81
96.60
96.24
96.98
96.01
96.60
96.53
96.36
95.73
96.65
95.60
96.40
96.24
96.14
96.67
96.90
96.44
96.29
96.64
96.00
96.77
96.71
95.74
96.92
96.71
96.26
96.26
96.20
96.12
96.35
95.91
96.36
96.54
96.87
96.77
96.55
96.64
95.80
95.82
95.80
96.56
96.62
96.20
96.43
96.05
96.08
96.48
96.51
96.70
96.64
96.60
96.98
96.38
96.67
96.69
96.17
96.17
96.62
97.08
96.74
96.54
96.77
96.40
96.60
96.55
96.54
96.56
96.05
96.46
96.19
96.45
96.04
96.64
96.23
95.87
96.60
95.62
95.62
95.55
96.85
96.85
95.65
96.11
96.55
96.63
96.04
95.79
96.28
96.82
96.83
95.79
96.49
96.42
95.12
96.48
96.36
96.27
96.95
96.45
96.63
96.20
95.93
96.76
97.00
96.49
95.59
96.76
96.37
96.26
96.49
96.66
96.45
96.59
96.84
96.24
96.72
96.47
96.74
96.67
95.79
96.56
96.24
96.32
96.89
96.67
96.74
96.16
96.65
96.97
96.37
95.94
96.63
96.37
96.28
96.41
96.14
96.36
96.63
96.29
96.75
96.51
95.97
96.48
96.79
96.85
96.64
96.45
96.74
97.04
96.54
96.49
95.92
96.71
96.62
96.55
96.28
96.33
95.98
95.81
96.36
96.40
96.67
96.56
95.56
96.82
96.32
96.44
95.81
97.04
96.34
96.55
96.76
96.86
96.58
96.08
95.99
96.57
96.28
96.68
96.63
96.44
96.59
96.42
96.05
95.92
96.48
96.21
96.46
96.02
96.58
96.03
96.61
96.39
96.37
96.31
96.14
96.53
96.56
96.40
96.61
96.32
96.06
96.50
96.03
96.41
96.22
96.42
96.54
96.37
96.59
96.79
96.44
96.52
95.99
96.19
95.98
96.69
96.73
96.67
96.32
96.29
96.04
96.73
96.23
96.51
96.60
96.85
96.22
96.30
95.49
95.87
96.58
96.18
96.51
96.26
96.27
96.75
96.92
96.50
96.70
96.27
96.57
96.20
96.76
96.32
96.60
96.46
96.09
96.83
96.78
96.73
96.31
96.93
95.73
96.87
96.51
96.80
96.39
96.10
96.33
96.86
96.21
95.51
96.35
96.60
96.08
96.13
96.93
96.13
96.66
96.48
96.23
96.74
96.48
95.69
95.94
95.66
96.17
96.34
96.58
95.02
96.82
96.65
96.95
96.40
96.20
96.51
96.62
96.80
96.06
96.48
96.80
96.18
96.48
96.18
95.85
96.69
96.24
96.50
96.63
96.30
96.72
96.65
96.23
96.70
96.28
95.36
96.38
96.67
96.25
96.78
95.85
96.51
96.51
96.41
95.97
96.21
96.68
96.10
96.68
96.61
95.43
96.07
96.36
96.80
95.81
96.73
96.50
96.20
96.08
96.82
95.36
96.53
96.21
96.51
96.82
96.81
96.15
96.52
96.51
96.26
96.43
95.70
96.65
96.55
96.36
96.55
96.51
96.69
96.46
95.70
96.09
96.15
96.33
96.19
96.05
96.56
96.62
96.14
95.99
96.30
96.60
96.45
96.42
96.27
96.86
96.73
96.22
95.72
96.56
96.08
96.57
95.94
95.86
96.25
96.66
96.62
96.64
96.45
97.00
96.66
96.61
95.73
96.65
96.24
95.96
96.70
96.75
96.28
95.84
96.45
96.22
96.81
96.31
96.90
96.26
96.78
95.71
96.67
96.07
96.29
96.16
96.16
96.53
96.11
96.29
95.62
96.38
96.04
95.97
96.60
96.82
96.60
96.42
96.59
96.54
95.72
96.85
96.78
95.72
96.76
96.10
96.54
96.51
96.15
96.82
96.07
96.49
96.45
96.82
97.01
96.07
96.70
96.37
96.40
96.58
96.66
96.36
96.57
96.86
96.63
96.07
96.25
96.75
96.60
96.34
96.33
96.07
96.21
96.45
96.59
96.81
96.66
96.12
96.62
96.06
96.75
96.50
96.69
96.08
95.57
96.75
96.82
96.33
96.42
96.53
96.08
95.91
96.71
96.51
96.38
96.53
96.37
96.43
96.43
96.31
97.01
95.99
96.49
96.14
96.59
96.80
96.24
96.31
96.75
96.26
96.36
96.92
96.66
96.95
96.47
96.77
95.84
96.74
96.23
96.24
95.76
96.17
96.90
96.52
96.70
95.89
95.61
95.96
96.67
96.77
96.34
96.53
95.91
96.54
96.46
96.88
96.68
96.45
96.00
96.85
96.35
96.85
95.64
96.44
96.37
96.57
96.71
95.44
96.46
96.28
96.24
96.54
96.51
95.99
96.16
96.24
96.12
96.23
95.79
96.70
96.15
95.77
95.73
96.55
96.48
96.30
95.89
96.36
96.21
96.86
96.51
96.15
96.76
96.75
96.52
96.05
96.35
96.48
96.86
96.36
96.56
95.95
96.45
96.48
96.59
96.28
96.54
96.09
96.08
96.64
96.22
96.48
96.47
96.31
96.14
96.56
96.39
96.57
96.91
96.11
96.42
96.30
96.00
96.88
96.41
96.45
96.91
96.58
96.18
96.44
96.50
96.18
96.75
96.30
96.49
96.70
96.40
96.62
96.36
96.71
96.58
95.06
96.51
95.89
96.50
96.53
97.15
95.81
95.51
96.51
96.48
96.59
96.87
96.61
96.48
96.66
96.26
96.36
96.16
95.81
96.31
96.76
96.35
96.18
96.19
96.64
96.70
96.36
96.51
96.75
96.18
97.00
95.49
96.77
96.63
96.50
96.31
95.52
96.39
96.12
96.42
96.51
96.19
96.70
96.07
96.77
96.33
96.04
95.68
95.83
96.75
96.11
96.37
96.43
96.63
96.86
95.88
96.65
96.25
96.72
96.17
96.13
96.21
96.73
96.24
96.83
96.60
96.83
96.04
96.33
96.41
96.64
96.66
96.09
96.83
96.63
96.55
96.46
96.60
96.55
96.07
96.45
96.49
96.61
96.13
96.47
96.63
96.42
96.81
96.71
96.17
95.81
96.03
96.48
96.30
96.79
96.46
96.28
96.74
96.49
96.88
96.30
95.34
96.69
96.48
96.93
96.24
96.44
96.31
95.58
95.73
96.29
96.30
96.14
96.98
95.82
96.47
96.81
96.22
96.78
95.94
96.42
96.86
96.94
96.06
96.77
96.43
96.06
96.05
96.50
95.90
96.36
96.01
96.37
96.42
96.06
96.56
96.46
96.48
96.06
96.63
96.20
96.72
96.48
96.23
96.63
96.23
97.02
96.28
95.89
95.34
96.08
96.26
96.17
96.56
96.39
96.29
95.86
96.41
96.26
96.61
96.01
96.29
96.44
96.30
96.50
96.17
96.78
96.50
95.90
96.03
96.80
96.29
95.76
96.16
96.59
96.39
96.60
96.62
96.58
96.45
95.32
96.40
96.68
96.38
96.35
96.83
96.17
96.61
96.84
96.75
96.36
96.24
96.68
96.62
96.44
96.78
96.98
96.57
96.67
96.02
96.53
96.11
96.86
96.33
96.68
96.21
