76.09
82.09
78.57
79.81
74.87
70.46
80.62
69.46
78.87
76.59
75.74
75.89
77.14
78.40
73.72
78.54
83.95
72.79
83.76
81.08
72.66
81.12
81.07
78.39
84.75
75.18
74.50
78.55
75.07
80.93
83.62
80.08
77.83
72.15
80.13
78.54
76.04
80.92
81.40
79.43
75.03
76.97
80.66
80.62
71.18
78.34
73.67
79.63
78.00
80.99
74.61
83.49
80.57
77.58
82.92
82.03
73.13
80.62
81.85
82.09
84.83
73.72
76.48
82.58
81.60
76.77
74.79
79.21
77.82
78.80
84.45
77.28
81.50
77.38
80.31
75.77
74.84
83.22
76.52
79.02
80.81
77.63
79.96
81.42
76.14
77.73
78.27
79.63
81.43
69.00
81.15
78.23
84.34
85.41
84.68
73.95
81.74
73.14
79.53
78.54
75.91
81.02
86.42
80.16
69.97
78.01
76.73
78.04
77.27
81.27
81.29
80.44
81.21
76.03
83.75
74.33
77.28
76.52
80.73
78.40
71.36
83.06
82.69
75.44
82.91
83.54
78.74
78.79
76.47
77.94
73.61
83.32
78.02
78.99
76.99
83.82
80.39
82.54
78.07
75.83
81.10
75.39
80.75
80.19
79.80
79.55
78.80
82.12
76.22
81.82
78.04
76.09
81.58
79.92
76.05
81.88
74.44
74.99
72.01
80.62
78.46
76.27
69.24
78.16
78.92
81.52
79.58
75.60
77.43
80.17
73.99
77.76
82.06
81.18
73.74
80.31
70.65
82.47
68.46
76.93
82.29
75.79
75.46
80.36
74.42
79.35
77.22
75.81
81.45
78.91
83.36
78.76
80.97
80.21
77.80
81.90
79.39
74.14
83.29
77.83
74.66
75.92
81.09
76.55
78.21
79.21
76.81
80.44
82.62
78.38
80.47
78.74
80.46
81.40
77.18
75.59
83.75
85.09
82.35
84.70
79.13
83.36
80.34
75.35
75.00
73.71
79.32
77.61
75.09
82.49
79.02
78.76
78.57
83.17
82.03
79.91
78.41
72.47
81.32
81.97
81.43
83.46
81.37
75.65
78.16
77.67
74.55
78.02
77.67
79.88
78.71
78.43
80.47
78.84
83.09
77.21
76.18
80.48
78.00
82.14
74.33
78.28
76.24
73.90
75.79
82.19
74.80
73.10
76.39
79.10
71.65
74.46
84.88
79.03
77.64
82.79
77.89
85.62
73.32
82.17
78.57
79.58
69.19
81.53
83.26
73.23
72.73
78.99
77.52
77.30
79.34
81.85
81.50
80.49
75.88
81.23
80.10
71.63
77.87
80.27
79.72
82.64
77.05
78.41
78.69
81.73
82.10
76.56
76.06
81.15
69.82
83.04
73.76
75.28
81.58
73.40
82.76
77.65
76.59
83.93
80.47
80.18
79.52
78.39
73.56
82.28
75.49
73.48
78.77
78.76
77.29
78.48
76.36
82.48
78.01
71.99
77.07
72.49
79.27
77.67
80.99
78.20
80.47
83.75
83.04
73.77
85.56
75.11
78.50
80.57
76.37
82.05
81.47
80.46
81.45
80.58
73.90
79.89
79.67
83.49
72.85
81.65
82.49
81.60
84.41
76.03
79.77
78.89
75.27
75.64
77.60
78.30
82.45
75.60
74.60
82.72
77.84
84.37
75.44
81.11
80.07
77.88
80.87
80.00
81.27
77.94
77.59
72.88
78.32
79.01
82.02
79.57
76.77
76.45
79.53
78.82
81.08
79.14
80.55
80.26
73.26
73.93
82.45
82.37
76.31
80.21
76.64
74.81
78.19
72.47
75.54
82.43
83.49
72.63
75.27
75.37
83.53
80.55
81.75
80.49
82.38
83.02
75.63
67.85
74.21
71.90
82.94
71.88
78.20
79.21
78.88
77.95
76.98
80.42
82.81
79.94
75.42
78.02
75.67
81.28
81.97
76.86
71.78
76.78
81.93
79.53
74.03
79.57
82.69
76.09
76.79
82.39
85.09
77.89
80.30
71.21
79.05
72.61
80.35
80.06
81.47
81.22
77.40
77.88
82.41
80.14
82.12
78.69
78.89
74.44
78.13
80.55
77.33
78.75
74.50
76.65
75.85
80.57
77.63
78.59
76.23
84.09
76.27
81.04
82.25
81.48
71.78
82.43
84.36
80.39
83.65
79.17
76.32
80.28
73.74
80.21
79.25
76.34
76.96
82.33
81.47
79.31
77.56
75.06
78.04
80.79
75.39
82.29
80.49
83.04
81.52
80.92
82.79
77.63
82.17
84.05
82.56
77.55
70.77
75.30
79.68
77.46
83.18
78.24
83.00
82.45
83.13
73.64
80.63
78.04
78.00
79.47
77.99
78.52
81.33
76.57
76.30
83.36
75.93
82.55
76.82
81.20
78.85
82.21
78.93
76.64
77.92
77.27
79.73
81.30
67.90
67.00
73.31
76.51
79.03
81.87
79.13
83.23
81.90
80.55
81.05
84.35
79.25
80.26
80.00
80.56
76.07
82.40
74.98
76.45
79.27
81.43
83.20
81.08
77.42
73.18
73.25
76.96
74.55
82.41
79.60
71.58
78.82
80.85
77.15
83.56
81.49
81.80
75.65
77.75
80.65
80.28
82.12
73.01
78.23
78.65
77.05
80.47
82.15
74.25
78.44
77.94
76.82
79.29
77.53
81.96
80.07
80.55
79.65
83.74
78.38
77.72
83.14
82.55
82.75
76.53
76.50
74.96
68.30
77.25
73.71
80.57
77.39
80.65
70.26
82.46
79.57
80.21
74.13
73.48
78.94
76.98
75.45
71.94
69.67
79.93
79.89
74.70
80.80
79.03
82.77
80.06
80.30
82.82
78.35
75.71
71.57
80.88
79.92
75.79
82.01
73.15
82.10
81.93
72.50
76.54
81.12
79.00
76.81
83.19
83.31
78.46
82.96
75.83
80.24
77.89
72.61
77.92
77.79
79.60
83.82
79.38
80.26
75.14
77.87
81.12
84.09
73.27
83.02
73.76
84.48
79.15
82.59
82.89
74.86
79.79
77.30
75.03
80.74
81.13
77.20
80.09
83.66
77.31
80.88
81.55
80.95
75.33
82.79
79.19
83.43
80.55
80.37
76.54
67.19
73.64
70.00
75.08
73.59
81.28
77.10
75.78
82.38
78.65
79.67
75.15
77.94
71.10
76.70
82.53
79.00
80.39
75.93
83.81
77.06
77.62
80.14
76.01
75.48
76.73
78.96
72.05
72.11
78.57
77.43
75.12
76.49
78.79
75.75
79.83
72.31
75.36
79.15
78.76
84.37
81.06
76.96
81.68
79.87
76.71
82.35
78.07
84.34
75.53
81.09
83.29
78.73
81.93
75.50
78.26
74.78
81.88
79.19
80.24
75.70
76.11
79.45
80.73
84.03
82.56
73.35
76.07
78.41
80.18
75.40
82.80
76.33
77.68
78.73
79.24
75.44
62.61
76.54
64.71
75.39
82.10
84.72
81.03
77.40
73.19
79.99
81.64
78.83
81.07
80.18
78.71
78.77
80.55
79.43
75.34
81.43
78.63
78.41
76.41
81.69
84.00
78.58
77.36
76.29
76.79
77.08
79.44
76.31
74.66
64.98
83.56
77.23
66.06
78.64
73.07
79.57
78.70
80.89
73.92
80.84
83.66
81.11
80.85
81.45
79.20
80.17
81.00
81.38
74.43
74.15
74.72
79.66
77.99
72.27
77.42
79.37
78.75
74.97
78.96
82.61
78.20
81.37
81.90
75.88
84.56
70.89
77.18
68.96
82.69
81.32
76.77
78.76
80.44
82.84
74.01
77.14
75.46
80.37
76.58
80.45
73.98
78.12
83.36
80.67
82.18
72.15
79.02
80.14
80.09
79.98
83.68
80.47
79.52
81.48
81.48
78.40
75.69
81.77
79.52
79.59
77.34
75.77
70.14
76.37
80.35
75.62
81.56
76.60
78.66
81.67
84.70
80.80
79.14
79.65
74.05
81.42
81.18
84.00
79.91
77.04
82.13
81.48
79.49
78.72
79.62
78.84
79.72
78.20
79.36
78.74
80.98
81.75
75.21
81.67
79.31
83.12
78.54
75.08
69.01
74.95
81.53
74.08
68.10
81.59
81.87
78.39
76.31
82.15
81.50
75.94
84.94
77.58
74.92
76.57
80.69
80.87
79.46
72.48
67.69
69.67
82.18
82.27
79.75
75.13
75.57
85.36
80.33
78.36
78.55
76.78
79.44
76.34
78.95
75.59
74.42
78.63
80.89
77.34
74.49
75.86
72.99
77.71
82.26
85.01
75.50
79.29
75.29
78.42
81.60
74.98
81.25
81.28
83.57
74.92
77.31
84.70
79.86
78.16
78.19
81.52
80.86
78.43
78.02
76.77
81.50
80.22
80.91
78.39
81.43
82.24
75.74
75.52
78.43
81.93
75.83
