81.09
78.27
82.77
68.64
83.97
84.26
72.74
74.62
81.32
83.66
75.02
79.43
78.86
83.37
81.93
82.20
78.50
76.81
76.20
79.15
79.71
78.77
78.06
79.17
70.07
72.95
80.71
80.80
83.08
78.12
78.24
79.40
81.93
79.22
79.37
80.24
83.06
76.59
81.37
82.95
71.56
80.65
78.22
82.14
80.86
79.59
73.54
75.24
81.32
81.00
82.40
77.28
84.71
79.34
79.01
76.01
70.51
82.68
85.39
83.05
77.69
74.82
77.19
81.77
78.41
81.46
79.26
76.72
79.88
81.71
76.29
81.86
76.99
80.24
83.68
80.01
81.13
81.51
81.36
83.34
74.01
81.43
76.92
80.79
77.43
83.40
80.15
83.41
73.72
84.91
81.63
80.20
81.57
77.14
79.15
73.77
74.05
73.52
83.81
81.48
76.18
80.16
83.77
75.69
68.29
80.72
78.89
75.09
77.10
82.05
77.88
79.04
72.03
80.76
82.29
76.88
80.95
80.83
84.62
75.93
79.59
81.59
84.98
74.20
81.68
80.43
83.10
74.39
81.32
81.32
80.12
79.01
77.14
78.26
81.22
85.81
83.15
77.14
79.53
74.75
83.98
71.93
84.84
84.22
78.10
81.22
77.97
80.31
84.60
75.49
81.68
80.69
77.83
81.81
82.06
75.52
83.75
82.50
83.32
84.10
74.90
75.39
77.66
84.92
80.77
81.94
83.53
80.85
75.91
78.81
79.24
81.90
85.01
75.66
79.17
84.58
76.55
81.82
83.74
82.61
78.55
83.80
80.21
78.74
83.53
80.22
78.38
75.97
69.95
76.52
75.09
82.30
82.49
80.25
79.58
80.98
82.02
80.17
77.20
78.76
81.29
79.19
81.48
75.39
78.14
85.04
81.86
80.90
76.85
83.03
76.81
82.38
84.41
74.38
79.46
76.47
80.31
81.80
82.44
77.08
80.09
78.01
78.69
80.07
76.81
79.50
84.07
79.38
81.29
77.93
78.57
77.89
78.23
82.78
82.37
66.51
74.68
82.51
77.51
79.05
79.18
77.82
81.07
82.30
76.75
77.14
82.41
81.57
82.61
78.80
75.75
82.73
76.87
78.97
67.02
78.69
78.78
81.33
81.53
77.93
80.51
77.25
82.89
80.86
79.77
83.00
81.03
73.71
79.17
81.20
78.47
81.36
80.21
74.63
76.49
75.12
81.85
78.36
77.40
83.78
75.48
67.36
78.55
74.13
77.11
76.81
81.98
77.91
79.46
78.49
78.85
82.43
82.74
83.78
79.86
82.61
79.36
72.73
80.28
84.99
84.24
79.02
81.40
77.82
80.53
81.19
80.82
77.69
81.38
78.09
82.57
79.79
76.76
82.05
82.95
80.15
80.11
74.91
82.71
81.62
73.38
77.63
76.77
77.23
79.73
80.50
78.85
80.92
79.37
78.78
81.18
81.94
79.05
74.67
81.32
80.96
76.58
78.01
78.57
81.93
81.44
78.02
82.40
81.33
81.35
77.22
81.01
81.04
79.00
80.75
77.62
78.26
81.43
79.66
83.92
76.85
83.08
80.06
78.54
83.67
77.76
79.81
80.92
83.01
79.41
74.91
67.14
72.08
80.06
71.57
77.07
78.79
80.94
81.52
78.53
74.57
80.20
75.21
70.64
73.00
79.32
76.06
78.20
81.19
75.08
73.36
81.65
79.65
78.95
76.48
71.37
78.94
75.17
78.95
75.41
79.80
78.75
71.88
73.07
77.72
80.77
84.99
78.35
72.92
82.69
85.88
80.01
75.08
81.41
79.55
78.16
81.16
80.92
79.36
79.40
79.71
79.90
79.91
74.83
83.93
75.58
78.30
80.96
77.03
79.52
77.27
76.02
83.78
82.82
82.40
77.67
78.76
81.32
86.51
78.28
79.54
80.87
77.94
81.51
71.24
82.23
77.29
75.91
81.90
72.82
78.83
82.09
79.00
78.24
80.43
78.24
81.12
77.49
77.54
73.46
78.93
79.52
78.29
78.22
74.65
77.59
79.29
78.51
78.21
80.33
85.08
81.08
77.64
73.42
85.12
78.85
80.85
79.57
67.45
81.82
83.22
79.02
74.66
78.83
79.30
84.54
80.69
73.68
83.72
76.82
75.54
73.15
81.09
78.48
82.00
78.14
81.72
69.68
79.71
83.28
82.97
70.82
70.02
73.48
81.80
80.02
79.95
76.99
82.81
73.30
81.38
73.94
77.08
82.68
76.75
79.39
81.01
77.74
84.99
83.06
81.71
76.84
81.91
76.48
79.61
78.01
79.05
78.43
76.36
83.83
77.92
74.78
78.09
77.95
81.36
77.50
80.96
80.66
78.15
83.29
82.17
78.01
74.89
79.74
79.74
81.27
78.90
80.39
81.73
79.88
75.25
85.23
79.08
83.52
71.51
69.85
78.39
75.21
83.37
76.46
78.62
71.19
77.34
78.47
80.99
80.21
75.69
81.70
79.48
79.98
81.60
81.65
81.41
81.47
72.49
79.01
83.78
81.87
83.51
74.39
77.56
81.16
81.74
82.83
82.48
80.37
81.50
81.11
78.96
79.41
76.26
81.56
76.38
83.18
82.73
77.15
80.64
81.73
80.19
80.85
81.43
77.83
80.06
77.16
81.51
77.42
77.26
80.26
75.73
82.19
77.64
82.62
73.57
80.72
78.58
79.42
79.39
80.94
70.71
84.46
74.74
79.82
81.11
78.84
84.24
75.39
83.14
80.44
75.29
81.28
83.78
73.87
81.07
79.49
79.24
78.05
82.39
83.28
74.84
81.50
78.37
76.16
82.02
77.33
77.03
69.17
82.22
77.73
77.88
76.81
77.65
76.58
78.79
83.53
79.99
78.25
80.27
81.83
73.91
80.39
80.46
75.10
82.11
82.40
82.18
73.54
80.30
75.47
84.05
74.60
82.12
76.37
71.40
75.78
67.34
75.15
80.10
81.14
80.72
79.66
82.90
80.04
76.00
76.62
83.42
81.78
80.33
71.69
82.32
78.42
80.62
81.12
74.12
79.40
80.95
77.05
74.87
77.10
81.36
82.65
77.64
76.32
74.58
77.38
78.37
79.27
80.19
80.61
77.24
80.41
72.96
81.39
66.03
82.00
77.30
74.05
79.49
80.98
81.47
78.48
78.60
83.34
79.95
77.52
75.77
74.83
77.38
75.23
82.31
83.35
74.07
78.35
79.73
82.19
80.24
80.01
74.89
79.04
82.11
81.26
82.48
84.06
74.88
82.99
76.72
77.64
80.77
80.47
74.66
81.24
81.35
78.55
77.72
80.85
77.78
80.40
80.06
80.78
73.18
80.54
80.99
78.37
78.74
76.98
75.43
78.63
81.59
80.73
82.70
78.01
79.80
82.95
82.23
79.28
79.50
78.67
79.78
80.09
77.91
76.12
80.93
80.16
80.81
79.62
80.35
81.87
78.43
75.24
79.93
77.16
74.04
82.42
82.66
79.01
81.29
73.82
82.62
78.36
77.24
79.53
77.46
78.02
76.17
79.52
74.77
81.82
81.10
74.37
81.09
82.62
84.94
81.90
76.99
81.15
78.17
81.16
81.38
80.80
82.94
81.24
76.63
81.37
74.65
87.19
83.44
81.25
73.13
84.82
75.75
79.93
84.33
76.43
85.37
78.44
81.82
75.27
79.88
83.32
75.37
80.47
74.95
80.41
79.47
78.76
74.50
74.11
78.47
78.66
77.62
80.19
75.46
76.35
83.02
76.65
74.90
77.81
77.16
78.11
82.36
77.82
78.60
83.89
81.10
79.60
79.13
79.27
80.01
75.72
82.94
78.47
81.57
79.04
81.43
75.63
81.61
78.51
83.03
75.70
81.43
81.38
81.54
80.46
75.83
75.36
67.76
79.38
79.00
79.02
79.46
81.30
83.29
75.86
84.52
78.51
84.07
75.45
77.02
78.94
79.37
81.04
79.63
79.79
79.16
79.33
81.39
81.33
82.47
79.91
80.68
81.10
75.97
73.45
81.86
75.82
84.44
79.76
77.56
76.34
83.97
81.58
82.35
79.39
83.73
79.26
81.23
77.29
65.13
79.22
77.08
81.73
79.26
78.90
84.33
74.45
82.96
81.00
65.57
78.70
81.30
82.82
78.42
77.21
85.23
75.04
83.17
82.35
80.33
81.03
83.97
76.62
70.10
77.33
82.99
80.32
79.62
81.98
80.40
84.81
80.49
79.07
77.71
75.00
82.15
76.00
80.21
73.76
82.82
78.96
75.80
81.07
81.46
82.15
73.79
73.45
81.58
80.44
79.38
72.15
81.52
74.14
82.58
71.13
79.69
77.19
84.00
84.08
80.49
78.74
71.58
83.96
78.97
78.91
81.16
75.46
82.12
81.17
74.95
82.21
77.02
82.01
69.97
79.31
79.21
74.48
78.83
