86.24
90.50
90.79
91.12
86.43
89.77
89.73
92.23
89.64
92.11
88.45
91.45
89.38
88.64
88.38
89.67
89.50
92.36
91.62
89.66
90.00
91.04
90.98
88.22
85.56
89.51
89.27
83.53
90.95
86.99
90.21
89.08
91.21
91.66
87.37
89.60
86.17
89.13
93.25
86.36
86.30
89.43
90.49
91.06
85.81
83.55
88.28
90.02
87.76
90.08
85.64
89.01
89.23
89.44
86.60
88.79
90.43
90.95
88.98
88.49
90.56
89.01
86.48
90.36
90.18
90.82
85.14
88.36
88.45
89.13
90.43
89.58
87.13
90.17
90.33
88.77
83.67
84.08
90.39
86.16
90.47
90.05
90.30
91.45
83.32
90.97
89.86
89.60
91.10
86.76
86.45
90.00
88.98
91.19
86.86
88.30
87.84
88.45
83.61
88.42
88.85
87.82
91.70
89.55
90.05
89.56
85.75
86.32
87.28
81.62
90.01
90.38
89.38
90.76
89.91
89.79
88.73
89.81
90.36
91.87
91.24
88.02
85.92
90.49
90.02
89.25
91.16
90.40
84.11
91.80
88.98
86.62
88.84
92.13
90.64
86.59
87.32
90.56
90.11
87.64
85.07
86.49
88.95
87.79
91.07
90.11
87.49
89.65
88.00
88.69
89.95
91.46
86.15
89.54
87.57
88.71
83.77
85.81
89.02
90.15
89.14
92.14
89.15
88.84
91.55
89.05
90.62
87.54
90.22
91.07
92.26
87.86
90.37
88.02
88.34
85.96
87.02
90.15
85.67
89.62
83.83
85.20
90.50
87.63
92.62
89.52
89.24
88.53
85.19
84.57
87.26
86.66
87.71
86.83
85.44
91.52
87.26
89.42
90.29
88.17
88.18
89.68
92.55
88.06
89.56
90.50
90.14
91.86
90.37
87.86
90.29
87.99
88.32
92.06
90.34
87.57
90.60
89.29
85.63
89.78
88.18
89.22
90.52
88.85
86.25
86.37
88.95
86.79
89.92
87.55
89.06
85.81
88.47
89.72
90.45
83.79
88.06
89.37
90.66
90.65
89.92
89.55
89.33
92.59
89.16
87.31
85.65
90.56
90.33
88.31
90.12
88.72
87.06
88.33
89.94
88.86
87.49
85.42
90.09
88.12
77.63
87.67
89.91
88.93
86.76
89.68
86.92
89.09
90.18
87.90
90.95
89.18
87.04
89.49
91.08
86.58
84.67
89.27
89.15
88.51
88.27
87.08
92.72
86.88
90.81
89.23
89.98
87.19
88.66
88.82
89.47
88.40
87.04
89.46
89.80
90.57
89.60
91.18
81.50
85.45
83.30
91.06
88.62
90.54
85.48
86.76
91.94
89.51
89.89
87.74
89.70
88.48
90.91
80.70
89.72
88.61
89.88
87.43
87.26
91.08
85.62
90.23
91.78
85.23
85.83
86.81
92.24
90.90
90.58
89.26
90.42
83.99
88.10
89.90
88.77
88.17
91.64
87.84
90.06
90.95
87.88
86.27
89.16
91.10
89.67
89.65
88.53
87.16
87.13
89.24
88.24
91.17
88.37
89.64
89.39
87.89
87.60
87.41
88.26
88.76
87.82
85.66
89.52
90.71
87.38
86.38
89.37
90.30
90.49
90.35
90.17
91.66
89.02
90.36
90.41
87.69
90.09
91.17
89.35
87.08
88.14
90.81
88.29
89.32
90.20
87.94
90.85
88.18
88.85
92.11
89.64
87.76
88.87
89.04
91.95
89.99
92.15
90.02
91.05
90.96
88.32
90.07
87.88
89.56
90.77
92.36
92.25
86.17
86.52
89.48
89.90
89.52
89.14
91.42
90.82
91.83
91.85
87.89
89.28
91.63
87.03
84.74
89.32
86.19
87.13
83.39
89.06
87.01
89.11
85.69
90.57
82.27
88.51
90.25
88.35
89.47
89.34
89.82
88.33
90.03
86.87
89.19
90.18
91.32
92.51
87.71
89.47
91.85
91.21
85.98
90.55
91.07
90.72
80.98
87.61
85.43
88.56
86.09
85.40
85.82
86.65
88.67
86.35
88.44
90.70
89.86
90.76
86.99
91.50
87.64
89.13
87.96
84.19
83.95
91.13
89.81
82.95
90.94
89.90
86.21
89.43
91.68
90.29
90.63
90.59
88.86
87.79
90.24
90.56
91.31
92.16
88.28
89.65
88.50
84.44
91.63
88.55
89.44
85.52
84.41
90.54
90.06
82.14
86.98
84.48
89.12
88.49
90.03
89.84
86.16
88.29
88.76
91.28
88.70
89.40
88.36
90.56
90.65
90.86
91.07
90.82
86.58
89.83
89.41
87.18
88.36
92.00
88.08
88.56
90.90
89.45
92.09
88.77
89.25
88.86
82.99
88.69
90.34
86.17
90.09
91.33
84.72
83.32
90.90
89.27
88.88
84.24
87.51
84.69
88.65
90.63
88.48
91.15
87.05
91.25
90.01
88.99
88.34
89.05
88.46
86.39
85.89
88.09
86.36
85.08
88.93
90.21
87.96
88.94
86.98
88.85
87.44
90.49
89.44
87.06
90.14
91.20
88.09
91.61
91.20
88.83
92.19
84.41
90.66
87.52
90.97
86.49
91.82
91.08
90.96
88.16
88.91
88.33
90.79
88.20
89.96
87.47
88.88
91.73
90.77
89.67
88.43
89.88
90.61
84.39
86.28
90.23
91.83
88.16
89.55
90.57
87.32
88.64
91.71
90.61
87.39
83.87
87.07
88.41
85.97
89.36
87.63
88.55
86.19
88.45
85.36
88.04
90.90
89.04
87.70
89.78
88.40
90.30
90.00
90.06
89.38
86.10
88.45
89.06
89.21
84.52
86.62
90.90
91.36
88.92
89.59
89.11
90.37
87.59
90.17
84.89
88.60
84.32
92.00
90.50
87.47
87.63
91.21
89.95
84.37
88.01
90.66
87.99
88.69
88.77
79.43
90.33
90.96
89.95
89.58
87.56
89.18
90.54
91.87
89.21
86.06
89.32
86.70
89.11
90.90
87.27
90.41
91.51
87.56
89.84
84.58
86.34
86.99
90.55
91.89
89.29
89.88
84.88
88.46
89.71
90.06
90.54
87.70
90.40
89.53
91.12
88.96
88.92
91.33
89.28
89.13
89.42
83.63
87.60
83.27
86.01
88.68
91.68
85.17
88.55
89.51
90.92
88.59
91.85
85.09
90.57
92.04
85.24
86.50
90.98
90.24
91.35
88.39
89.03
89.64
88.83
89.83
90.55
87.05
86.93
89.08
86.67
90.31
85.52
88.55
88.08
89.75
88.29
88.31
90.30
89.65
91.08
86.39
88.19
90.51
89.75
88.27
91.06
90.85
90.01
91.53
89.01
89.85
86.73
89.21
89.59
87.33
91.15
89.68
90.87
91.20
92.21
87.09
87.84
88.83
86.77
91.36
90.43
87.10
83.63
91.42
90.23
89.97
92.21
91.14
89.76
92.15
88.21
89.72
82.12
90.59
88.30
91.56
86.35
91.64
89.38
90.63
88.42
90.69
91.72
89.39
89.46
90.97
82.42
91.62
85.81
88.68
88.33
89.37
91.45
86.25
87.21
88.29
91.30
92.49
90.05
91.03
83.50
90.74
88.95
92.14
87.31
90.49
90.39
87.85
87.98
91.45
90.02
88.73
92.07
92.38
87.56
91.79
91.46
91.02
90.44
88.00
89.08
90.06
89.33
87.51
88.55
89.22
91.23
90.37
89.43
85.95
90.22
87.55
82.91
90.56
88.83
91.81
90.12
87.16
78.50
88.82
85.54
89.61
88.50
89.69
82.25
86.88
90.27
89.50
90.37
90.85
84.25
90.24
87.36
93.00
90.03
90.52
88.03
90.86
85.50
88.75
91.76
88.44
89.97
89.34
89.60
87.67
88.35
91.92
88.67
89.41
86.93
87.18
86.97
84.20
89.53
91.46
88.71
87.16
82.61
89.71
91.71
90.13
85.90
89.87
87.76
91.42
91.37
88.00
85.83
88.01
91.94
89.41
90.86
85.92
87.71
88.64
90.75
90.75
90.09
88.45
88.99
88.72
89.07
89.36
90.15
89.01
89.34
90.71
89.96
85.98
90.13
86.29
91.42
87.27
91.72
90.29
89.69
86.74
90.44
88.09
88.07
90.67
89.96
83.76
91.67
82.67
92.23
90.44
89.87
87.55
87.68
87.06
85.78
90.54
89.18
87.18
91.18
83.99
90.72
89.63
88.33
87.39
83.05
88.43
89.42
90.11
86.05
89.89
84.79
91.60
88.86
84.13
89.24
91.60
89.71
89.12
91.87
89.88
90.98
84.26
88.70
88.36
82.49
90.17
89.19
89.68
89.47
88.33
87.79
88.25
91.00
92.16
87.67
90.94
90.23
91.35
91.13
86.59
88.06
88.06
87.74
86.92
88.97
90.06
90.65
90.69
90.65
89.10
