99.65
99.59
99.62
99.64
99.63
99.63
99.62
99.62
99.60
99.60
99.59
99.58
99.58
99.58
99.57
99.58
99.57
99.58
99.58
99.58
99.58
99.58
99.57
99.57
99.57
99.57
99.56
99.56
99.56
99.56
99.56
99.56
99.56
99.56
99.55
99.55
99.55
99.56
99.55
99.55
99.55
99.54
99.53
99.53
99.53
99.53
99.53
99.53
99.53
99.54
99.54
99.54
99.54
99.53
99.53
99.53
99.53
99.52
99.53
99.53
99.53
99.53
99.53
99.53
99.53
99.53
99.53
99.52
99.53
99.52
99.52
99.52
99.52
99.52
99.52
99.52
99.52
99.52
99.52
99.52
99.52
99.52
99.52
99.52
99.52
99.52
99.52
99.53
99.52
99.52
99.52
99.52
99.52
99.52
99.52
99.52
99.52
99.52
99.52
99.52
