89.72
89.67
89.07
89.15
89.45
88.72
89.57
89.69
89.93
89.36
89.49
88.88
89.69
89.49
89.34
89.56
88.23
89.80
89.68
88.79
89.53
89.50
89.53
88.56
88.91
89.42
88.87
89.38
88.88
89.24
89.39
90.09
89.31
89.00
90.10
89.96
89.58
89.28
88.63
89.13
90.09
89.47
89.63
89.75
89.97
89.76
89.57
89.08
89.49
89.11
88.94
88.57
89.22
89.33
87.93
89.04
89.48
89.60
89.36
88.35
89.62
88.98
89.13
89.10
89.87
90.10
89.49
88.89
88.99
88.83
89.63
90.51
89.39
89.67
89.88
89.55
89.49
89.22
87.47
88.04
89.67
89.45
89.07
89.21
88.85
88.96
89.82
90.00
88.92
89.53
89.98
88.78
89.72
89.43
88.71
88.04
89.66
89.36
88.88
90.28
