91.40
91.56
90.75
91.12
91.06
91.17
90.77
90.80
90.65
91.18
91.20
90.75
91.35
91.54
91.34
91.40
90.91
90.57
91.09
90.83
90.68
90.72
91.00
91.33
91.15
91.01
91.49
90.94
91.32
91.51
91.18
91.22
91.50
91.80
91.70
90.48
91.32
91.22
91.35
91.12
90.58
91.58
90.52
91.27
90.80
91.06
91.07
91.31
91.21
90.90
90.81
90.67
91.33
90.51
91.58
91.61
90.78
90.62
90.77
91.28
90.88
90.86
91.16
90.50
91.82
89.88
90.99
90.46
91.22
91.24
91.75
90.99
91.49
91.03
91.73
91.51
90.48
91.01
91.09
91.73
90.81
90.54
91.13
91.39
90.96
91.46
91.17
91.42
91.62
90.56
91.18
90.23
91.05
91.16
91.00
90.63
91.36
91.17
90.48
90.31
