86.96
85.84
86.90
88.23
87.34
87.79
87.39
85.97
84.93
87.62
79.78
86.09
87.31
86.57
85.70
87.60
85.84
87.40
86.42
85.09
87.97
83.36
87.03
86.65
88.06
86.70
85.97
86.70
87.16
88.37
88.03
86.80
86.47
87.02
87.02
88.95
83.85
87.34
87.75
87.80
88.17
88.23
87.58
84.24
86.76
85.91
86.46
86.43
87.81
87.56
86.07
87.24
86.34
85.75
87.95
87.18
88.05
86.51
88.18
85.26
87.81
87.49
87.51
86.63
85.81
87.27
86.66
85.07
87.69
88.47
87.36
86.91
85.66
86.71
87.50
85.85
86.33
87.13
87.32
87.39
85.57
86.93
87.87
87.57
85.70
85.54
87.54
84.82
86.88
87.89
83.80
88.11
86.06
87.49
86.76
85.18
85.33
86.90
87.53
87.70
