88.74
90.28
89.17
89.58
88.79
89.42
89.78
89.52
88.37
89.08
88.98
90.21
89.61
89.87
89.10
88.82
89.25
90.83
88.41
89.50
89.33
89.00
89.20
89.89
89.99
90.21
89.07
89.15
87.48
88.89
90.44
87.34
89.44
88.44
90.00
89.55
89.91
89.85
89.92
89.22
88.43
88.55
89.62
89.26
89.61
89.78
88.88
90.38
88.52
89.86
90.49
89.12
89.30
90.16
88.69
87.50
88.87
89.29
90.26
88.47
90.41
89.21
89.50
88.64
89.75
89.65
89.42
89.88
89.82
90.24
89.54
89.91
88.26
89.30
88.34
89.86
88.71
88.14
89.04
88.65
88.97
89.53
89.88
89.00
89.52
89.04
90.14
90.03
89.15
90.14
87.79
88.35
89.04
87.23
89.64
89.61
89.34
89.42
89.76
88.98
