87.38
87.20
88.53
84.50
88.82
86.60
88.42
85.94
81.86
86.57
86.88
88.05
86.74
86.31
86.36
88.05
88.76
86.66
86.33
85.84
88.06
87.11
84.06
86.99
87.52
87.41
88.60
87.44
86.88
87.54
86.07
87.99
87.31
88.60
87.71
85.69
83.51
84.92
87.78
86.00
87.21
88.47
85.49
86.43
88.34
86.56
84.78
87.80
86.96
84.25
88.82
88.14
88.75
87.64
85.70
86.94
86.03
87.74
88.26
88.55
86.88
87.58
86.06
87.82
87.74
85.98
86.85
86.97
87.40
87.16
87.81
86.52
86.87
87.30
85.21
87.14
85.84
87.40
88.60
86.45
85.83
88.56
87.58
86.34
85.45
87.29
86.92
87.33
88.07
88.20
88.05
86.70
88.31
88.21
87.20
85.22
87.77
86.20
86.42
87.20
