89.56
89.11
89.81
89.10
88.81
89.01
86.77
85.63
88.35
87.63
89.08
86.65
87.47
88.30
88.90
88.51
88.20
89.33
88.40
88.41
89.27
88.36
87.92
88.07
88.93
90.41
88.68
88.67
89.49
87.70
88.03
89.82
88.80
88.57
88.88
87.50
89.20
90.30
89.27
86.95
89.83
86.09
89.41
88.60
88.18
90.45
89.02
89.07
87.90
88.72
90.05
89.90
87.50
89.01
89.20
87.32
87.41
89.86
88.27
88.75
89.80
89.02
87.39
88.52
87.31
87.66
88.87
89.78
89.11
89.61
89.49
88.37
89.10
88.96
88.71
87.74
89.06
89.25
87.31
89.51
88.83
89.33
88.68
88.60
87.57
87.47
88.01
89.16
89.22
87.76
89.39
89.03
88.50
89.17
88.30
89.25
89.09
88.92
88.44
87.40
