87.87
88.57
85.08
85.14
85.22
85.75
88.76
86.75
87.54
86.64
87.64
87.15
83.70
87.17
87.96
87.64
84.95
86.27
88.01
85.33
88.36
85.80
84.17
86.56
88.34
85.97
82.58
87.72
85.05
88.14
85.97
86.48
86.65
85.58
88.85
86.95
86.92
85.68
87.95
85.09
88.08
86.80
87.59
85.64
85.91
87.24
88.92
85.75
86.35
86.13
86.30
86.93
85.29
87.00
87.72
86.44
88.88
79.22
84.71
87.81
86.84
83.91
86.48
87.26
85.10
87.53
87.57
86.07
86.34
86.31
87.11
85.03
85.94
87.16
87.41
86.44
87.92
88.20
85.86
83.54
88.61
87.62
88.22
87.62
85.47
86.27
87.52
87.11
87.58
88.72
86.44
87.18
86.05
87.16
88.00
86.82
84.17
86.38
87.33
87.52
