86.4900
86.4900
86.5700
85.4500
85.1900
86.5800
85.4000
86.6500
86.4500
86.3200
80.8500
87.5100
87.2700
85.9900
85.4200
82.4700
83.7500
85.2800
85.8100
86.7800
87.1900
86.0000
83.0800
83.0600
85.1200
82.6000
86.7200
87.8100
87.0300
85.6800
87.5900
86.8800
88.1200
85.1200
84.6700
84.4700
80.9500
85.0700
84.2900
84.3100
86.6600
85.1700
87.4100
85.7900
86.9000
84.8100
85.6500
83.8100
79.3100
84.9100
84.5800
82.9400
82.2000
83.9700
81.1800
86.7700
85.7300
82.4200
85.5900
86.1900
79.6500
85.5400
77.4500
85.4800
86.0300
84.4500
81.8200
85.4800
84.9200
78.9800
82.4300
86.8800
85.6000
84.8200
86.3400
87.4200
86.1800
85.2500
86.6700
80.6200
83.8100
86.2000
87.3800
79.7900
84.7900
84.4700
85.0600
86.8400
86.6300
86.7400
86.2800
82.2800
87.6800
84.8400
85.2200
85.5900
79.4900
86.4400
85.4700
82.7900
