88.2200
88.7400
88.6300
87.9700
88.2000
89.1000
88.9600
88.4300
89.1600
87.4700
89.0600
89.2800
88.4400
88.4000
88.5100
89.2900
90.0300
88.5400
89.6700
89.3900
89.1700
88.4600
89.1100
88.7900
87.6800
89.0000
88.5000
89.1400
88.0100
88.4900
89.0400
89.3500
88.1500
89.4700
89.6000
89.9700
88.2500
89.9600
88.3800
89.6000
89.8800
87.3000
89.0300
88.6000
88.4600
89.3700
89.7900
88.4300
88.5900
90.0200
89.1200
88.8400
87.7600
88.8000
87.9600
89.6700
89.1500
89.0700
88.6500
88.9100
88.4300
88.3800
88.9800
89.7000
88.9200
89.9400
88.4600
88.1900
88.6200
89.1000
87.0500
88.0200
86.9200
89.1300
89.4100
89.1600
89.6400
89.0600
88.8300
88.9800
89.1400
89.2700
87.3600
87.6900
89.3100
89.6400
89.2700
89.4100
89.0500
87.3700
89.1400
89.3900
89.1100
89.6400
88.9800
89.1300
88.5200
87.8300
88.6600
88.2100
