87.07
89.06
87.88
88.80
88.37
89.43
89.27
88.61
89.09
88.18
89.43
88.10
86.58
87.85
89.21
89.40
89.36
88.25
89.89
87.36
88.89
87.51
87.86
89.02
88.72
88.80
88.98
88.11
88.58
88.82
89.15
89.34
89.25
90.08
87.68
87.35
87.92
89.05
89.30
88.59
88.31
88.99
87.79
89.13
88.61
88.63
89.47
89.48
88.72
88.60
89.04
89.31
89.37
89.49
89.10
88.46
88.99
88.62
88.56
89.61
89.37
88.76
89.94
87.12
87.32
89.15
88.45
88.89
89.45
89.04
89.25
88.68
89.24
87.57
88.41
89.14
88.76
88.54
88.53
89.87
89.25
88.65
89.61
89.90
88.30
89.87
87.36
87.54
89.40
89.05
89.46
89.83
89.82
87.78
88.50
89.05
88.41
87.71
89.01
89.01
