81.00
85.77
83.61
81.60
83.35
82.46
85.72
82.63
82.77
81.31
85.48
83.85
84.16
83.32
83.11
85.92
82.96
79.77
83.86
81.42
82.79
83.82
80.80
83.19
82.73
85.32
81.59
83.29
83.33
83.70
83.12
82.29
81.66
82.03
83.44
83.33
81.50
84.33
78.42
84.67
82.42
81.43
84.22
84.28
81.86
85.02
81.69
84.55
82.84
81.73
85.80
82.00
81.86
84.19
85.68
85.37
82.05
85.33
84.40
84.97
83.31
82.72
83.61
84.38
86.22
79.88
82.99
81.98
84.73
85.11
85.76
81.97
84.02
84.52
84.65
82.36
84.46
77.62
82.51
81.22
84.37
85.84
81.41
81.33
84.94
84.52
83.71
82.32
84.31
84.05
82.90
78.96
84.57
82.93
81.77
83.81
83.80
84.74
80.14
84.36
