90.76
90.66
90.71
89.76
91.25
91.11
90.30
89.69
90.88
91.40
90.59
91.25
90.97
91.01
90.10
91.29
90.31
91.03
89.87
91.09
90.17
90.86
90.75
90.57
89.99
90.80
90.71
90.38
90.04
90.67
90.53
90.53
91.11
89.87
90.58
90.81
90.45
90.90
91.31
90.45
90.03
90.79
91.13
91.01
91.33
89.95
90.82
90.00
90.47
90.77
91.08
90.60
90.73
90.95
90.70
90.35
90.53
91.31
90.90
90.74
91.30
90.90
90.25
90.41
89.99
90.86
90.98
91.33
91.72
90.86
90.43
90.91
91.20
91.28
90.61
91.14
90.35
90.88
89.65
91.42
89.24
90.79
89.86
91.85
90.75
90.47
91.03
90.37
91.13
90.95
89.75
91.14
90.39
90.80
90.82
90.84
90.72
91.04
90.11
90.60
