91.47
91.69
91.47
91.44
90.83
91.26
91.56
91.26
91.18
90.92
91.73
91.04
91.37
91.26
91.37
90.94
91.20
90.84
91.34
90.63
90.80
91.47
91.12
91.62
90.77
90.92
91.62
90.83
91.36
91.57
91.51
90.94
91.16
91.40
90.77
92.11
91.04
90.92
91.11
91.15
91.35
90.78
91.07
91.13
91.32
91.09
91.21
91.40
90.69
91.36
91.67
90.89
91.47
90.59
91.11
90.56
90.46
91.53
91.59
91.31
91.67
91.27
91.58
91.06
91.57
91.41
91.11
91.16
91.40
91.40
90.95
91.54
91.00
91.11
91.33
91.13
90.61
91.55
90.87
91.59
91.46
91.19
91.57
91.33
91.29
91.37
91.30
90.59
91.86
91.13
90.99
91.81
91.09
91.62
90.91
90.52
91.38
91.45
91.40
91.27
