81.58
82.71
81.14
85.13
83.39
80.85
82.14
83.49
81.34
84.96
80.77
82.79
83.80
80.58
84.21
81.66
82.88
77.70
80.70
76.99
81.78
84.19
82.02
81.21
83.66
80.55
74.21
80.92
73.70
81.88
81.12
78.98
82.44
81.08
77.61
81.30
82.25
79.32
81.53
83.26
83.78
81.77
81.07
83.95
79.27
81.07
82.32
80.22
82.12
82.73
83.29
81.95
82.12
82.30
81.29
83.70
83.39
80.88
79.55
80.70
80.96
79.45
81.99
82.27
66.43
78.26
77.16
77.54
79.66
85.14
83.94
83.59
83.35
77.73
82.41
81.24
82.50
83.69
79.37
80.36
83.47
80.99
76.12
78.92
82.38
82.74
80.95
82.08
81.83
85.37
81.84
80.04
83.56
79.59
82.18
82.39
83.43
79.92
80.08
78.01
