91.95
91.80
91.88
91.65
92.53
91.84
92.15
91.45
92.20
92.17
91.82
91.88
91.81
92.61
91.68
92.04
91.64
91.99
92.33
92.09
92.16
91.72
92.19
91.71
91.83
92.04
91.46
92.09
92.15
91.91
91.59
91.99
91.77
91.95
92.11
91.95
91.57
91.87
92.11
91.31
91.47
91.73
92.00
91.74
91.45
92.33
91.93
92.06
91.94
91.63
91.73
92.14
92.24
91.85
92.19
91.81
92.37
91.96
91.56
91.93
92.21
92.12
91.97
92.07
92.05
91.41
92.07
91.86
91.84
92.11
92.00
92.06
91.97
92.15
91.67
91.85
92.39
91.62
91.66
91.97
92.61
91.83
92.12
92.17
91.74
92.04
92.60
91.66
92.20
91.56
91.82
92.11
91.99
91.81
91.95
91.48
91.91
91.93
91.79
92.11
