69.83
80.38
75.48
75.92
76.66
77.27
74.43
72.60
74.45
79.88
71.86
66.23
76.89
76.73
69.47
74.62
70.88
76.71
68.90
63.66
73.90
71.84
77.66
76.18
60.69
79.74
70.02
69.23
75.98
80.74
74.42
74.12
77.74
73.84
64.23
77.32
78.44
69.24
70.81
74.50
73.36
69.73
75.98
74.14
78.43
79.76
68.63
70.95
59.72
74.37
60.38
72.06
61.35
71.98
68.06
64.76
74.21
79.55
70.78
72.15
67.97
72.66
78.43
68.08
75.35
68.09
76.43
73.90
77.27
69.24
75.95
77.80
80.67
63.67
76.70
76.83
76.42
79.09
77.94
70.89
64.60
74.53
68.77
72.19
68.55
69.49
66.88
70.50
80.19
71.35
79.10
74.30
71.60
74.35
72.22
73.71
78.71
79.74
70.18
75.19
