90.75
89.71
89.53
90.41
89.68
90.44
90.09
90.18
90.01
90.89
90.36
89.28
90.43
91.18
90.25
90.29
90.29
88.40
89.34
90.53
89.28
89.19
89.79
89.95
89.92
88.91
89.87
89.38
90.53
90.63
89.02
89.89
89.75
89.64
90.15
89.73
89.59
90.58
90.38
89.02
89.54
90.34
89.80
90.35
89.27
89.14
89.65
89.25
89.94
91.14
89.93
89.60
90.24
90.11
90.21
90.08
91.19
89.51
90.06
88.82
90.45
90.08
89.17
89.47
90.11
89.35
90.28
89.79
88.50
89.90
89.73
90.19
90.07
90.31
90.53
88.89
89.67
89.42
89.83
89.90
89.84
89.23
89.96
90.62
90.30
90.24
89.35
89.97
89.58
90.42
90.18
90.68
89.78
90.08
89.92
90.36
90.31
89.02
89.91
90.17
