91.40
91.30
90.97
91.11
91.18
90.74
91.25
90.85
91.85
91.28
91.29
90.68
90.77
91.47
91.35
91.04
91.52
91.36
90.63
91.25
91.14
91.18
90.60
91.10
91.19
91.33
91.03
91.27
90.35
90.38
91.07
90.75
91.27
91.64
91.29
90.42
91.24
91.22
91.38
91.22
90.49
90.94
91.37
90.92
91.77
90.41
90.83
91.44
91.08
91.06
91.48
92.02
91.20
91.59
91.38
90.82
91.72
91.61
91.14
90.66
90.75
91.54
91.17
91.37
91.38
90.90
90.81
91.25
91.39
90.91
91.18
91.68
91.25
91.44
91.33
91.28
91.16
91.29
91.11
91.29
90.87
90.98
91.32
91.18
90.90
91.62
91.33
90.90
91.59
91.68
91.31
90.47
91.31
91.34
91.18
91.44
91.41
90.73
91.03
91.63
