63.82
55.91
71.62
73.94
74.62
65.83
73.55
76.83
75.85
72.97
69.99
75.85
68.31
78.05
73.01
68.16
72.91
77.03
69.89
71.93
76.10
67.23
69.29
74.72
72.06
68.19
68.08
70.34
74.18
72.36
71.55
74.50
77.08
60.32
69.58
70.50
75.91
70.76
66.71
79.09
75.74
71.79
74.65
73.66
71.63
70.58
65.80
66.19
66.78
75.30
66.40
72.51
74.18
73.21
77.25
62.96
69.82
69.46
73.26
73.39
75.17
75.28
72.47
74.30
74.96
79.46
66.66
70.43
63.49
75.52
64.83
75.94
73.55
74.69
74.50
69.49
74.40
76.45
54.11
73.97
76.17
75.05
76.20
67.91
72.81
68.98
69.80
56.60
64.50
69.40
71.56
60.37
76.67
69.39
64.76
70.10
73.99
73.46
70.18
59.52
