86.22
87.40
87.30
83.28
86.88
88.24
87.95
86.06
86.63
84.30
88.71
88.64
86.72
88.16
86.25
87.70
87.44
88.05
88.23
87.12
88.29
87.65
89.31
88.17
87.06
87.95
88.71
87.50
86.20
88.87
85.92
88.87
86.74
87.22
87.73
87.32
84.75
87.52
87.98
88.24
86.24
86.65
87.18
87.02
87.79
88.40
87.69
86.61
87.66
86.53
87.20
88.29
87.95
87.65
87.58
85.68
87.93
87.47
85.17
87.54
87.75
86.70
88.37
87.09
87.44
86.92
88.62
85.91
88.66
88.63
88.67
87.97
87.80
87.35
87.03
86.88
88.13
88.05
87.95
87.01
85.83
86.77
88.54
88.23
88.76
87.51
85.92
87.88
81.34
85.96
87.65
86.89
85.91
86.50
86.91
86.67
86.62
88.49
85.93
88.35
