89.77
89.60
88.64
89.95
89.75
90.04
89.00
88.59
88.76
89.00
89.25
89.02
89.58
89.20
89.68
88.88
90.04
88.25
90.40
89.78
88.90
89.05
88.62
89.15
89.34
89.96
89.73
89.79
88.07
88.00
88.49
89.23
88.38
89.87
89.66
88.75
90.00
89.11
89.87
88.49
89.84
90.03
89.04
89.26
88.70
89.60
89.49
88.88
89.50
88.98
89.43
89.15
88.85
87.09
89.62
88.70
89.73
88.84
89.24
90.42
89.48
89.40
89.92
90.09
89.52
90.18
90.46
89.81
88.95
89.16
89.93
88.62
89.14
89.89
89.26
89.49
89.04
90.13
89.42
87.48
89.69
90.21
88.04
89.24
89.23
89.18
89.72
90.12
89.60
89.36
89.01
89.78
89.65
89.17
89.70
89.97
88.79
89.12
90.39
88.73
