89.43
89.37
89.52
89.21
88.99
89.13
90.19
89.36
88.85
87.53
89.72
87.98
86.87
89.30
89.81
87.38
88.28
89.04
89.30
88.94
89.26
88.83
89.10
89.42
90.24
89.65
89.25
89.35
88.41
89.46
90.15
88.08
89.80
88.53
88.98
90.01
88.91
88.94
89.59
88.06
89.39
88.90
89.65
89.95
89.03
89.67
89.89
89.61
89.02
89.09
89.52
88.62
89.06
88.73
89.42
89.12
89.58
87.28
89.46
87.98
89.51
88.10
88.94
89.65
88.93
88.90
88.42
88.65
89.09
88.91
88.54
88.98
90.17
88.68
88.83
89.22
89.98
89.22
88.67
89.59
88.09
89.26
89.32
89.12
88.52
88.73
89.21
87.07
88.56
88.97
88.99
89.78
88.69
89.24
88.12
89.13
89.21
88.27
89.04
89.72
