87.25
86.28
85.28
86.27
87.05
86.78
88.11
88.90
88.45
88.37
88.25
88.13
87.46
88.46
88.06
88.84
87.40
85.82
87.53
88.27
88.19
88.51
88.19
88.38
87.53
86.74
87.35
88.49
88.33
87.29
88.87
86.46
88.34
88.30
88.22
87.59
86.92
88.05
86.49
88.15
87.90
87.91
88.19
87.74
87.51
88.61
86.31
87.52
86.68
88.51
87.84
87.99
87.23
87.57
86.76
87.73
86.78
88.75
88.45
87.38
87.57
88.08
86.58
87.40
86.80
87.59
88.29
87.87
87.39
88.23
88.19
85.52
88.10
87.56
87.36
88.21
86.95
87.82
87.37
87.35
88.51
88.31
87.69
87.53
88.89
87.64
88.22
87.48
88.33
87.08
88.34
87.79
88.26
85.47
87.33
88.45
87.25
87.63
88.03
86.15
