91.77
91.86
91.83
91.34
92.19
91.52
91.50
91.04
92.04
90.98
91.50
91.70
90.81
91.64
92.04
90.93
91.64
91.10
91.69
91.87
90.94
91.31
91.49
91.49
91.32
91.77
91.14
91.60
91.77
91.75
91.31
91.17
91.59
91.37
91.46
91.26
91.43
91.28
91.92
91.20
91.55
91.61
91.69
91.47
91.78
90.93
91.36
91.26
91.61
91.40
91.59
91.38
91.79
91.14
91.74
91.26
90.86
90.84
91.32
90.82
91.33
91.48
91.84
91.77
91.60
90.76
91.58
91.12
91.11
91.77
91.46
92.13
91.69
91.87
91.54
91.79
91.72
91.54
91.44
91.73
91.58
91.23
91.33
91.33
91.16
91.48
90.54
91.78
91.52
91.87
91.36
91.56
91.34
91.55
91.69
91.43
91.48
91.32
91.72
91.43
