81.94
88.20
82.23
87.60
90.65
88.93
86.67
86.36
88.91
87.64
85.44
90.85
89.08
88.52
85.60
86.62
87.38
87.47
90.00
89.09
88.76
88.68
89.68
89.46
86.98
89.49
85.58
85.72
87.85
89.70
87.62
88.99
86.46
87.37
90.13
89.33
85.43
88.46
89.81
88.71
89.02
90.48
90.81
89.97
90.01
89.52
85.79
89.48
90.59
90.75
87.04
88.42
89.71
83.38
88.89
89.22
88.88
89.37
84.57
86.76
88.47
85.76
90.72
87.97
87.77
87.41
84.06
89.99
91.14
87.48
90.06
86.60
87.15
85.52
89.77
88.69
87.27
88.89
88.04
90.22
88.43
89.48
86.74
89.39
87.75
87.36
88.08
89.61
88.06
82.74
89.83
89.46
88.09
90.38
89.61
88.64
86.51
85.71
89.58
88.88
