90.91
91.58
91.80
91.42
91.60
91.96
91.84
91.55
92.02
91.56
91.79
91.97
91.87
91.57
91.54
92.08
91.71
91.84
91.82
91.70
91.39
91.51
91.51
91.83
91.84
92.07
91.84
91.62
91.36
91.38
91.26
91.81
91.54
92.01
91.83
91.13
92.10
91.57
91.56
91.46
91.86
91.51
91.44
91.63
91.91
91.87
92.05
91.84
92.10
91.62
90.94
91.62
91.26
91.59
91.60
90.81
91.68
91.81
91.73
91.64
91.98
91.50
91.16
91.79
91.14
91.64
91.79
91.33
92.01
91.36
91.97
91.47
91.06
91.91
91.92
91.79
92.14
91.67
91.51
92.04
91.22
92.13
91.40
91.45
91.43
91.21
91.90
91.44
91.66
91.47
91.67
91.92
91.47
91.94
91.71
91.89
91.85
91.81
92.00
90.95
