38.98
31.93
57.02
56.81
45.21
58.40
57.67
45.33
63.56
58.34
62.86
48.83
46.05
48.23
41.61
38.26
59.92
48.28
34.55
58.73
61.86
66.94
54.15
62.04
44.45
66.34
48.11
62.99
48.57
43.94
55.61
54.27
35.71
46.52
41.17
37.83
46.68
55.74
53.69
66.60
41.84
39.30
47.34
53.48
57.30
45.83
57.61
67.76
36.47
61.66
63.12
56.16
61.02
30.47
62.51
53.87
57.42
48.96
55.46
53.09
37.25
42.07
29.68
59.80
57.38
31.43
59.36
46.29
66.48
50.48
63.09
53.65
62.01
53.51
58.54
56.19
57.70
36.66
57.37
64.13
47.47
54.66
46.95
57.34
52.85
53.28
45.75
60.05
48.87
43.30
57.01
54.57
45.41
53.34
37.59
47.95
65.70
43.55
44.69
60.86
