87.17
87.34
86.16
87.66
88.00
86.96
84.97
84.89
86.86
86.43
87.24
85.27
86.98
87.18
87.33
86.51
86.52
88.34
83.53
84.17
88.19
85.36
87.68
86.44
87.70
86.65
87.25
85.65
86.41
84.77
85.56
83.73
84.63
86.18
86.63
86.62
85.32
87.09
86.34
84.25
86.96
87.20
86.24
85.52
85.37
87.84
85.49
85.84
86.63
84.91
84.77
87.30
86.91
86.61
86.17
84.08
85.48
87.14
86.99
84.69
87.70
84.47
87.10
83.73
86.61
86.62
87.03
85.92
86.66
86.23
87.16
85.33
86.45
86.31
88.80
86.83
85.42
88.21
85.51
85.30
87.79
85.65
85.83
85.95
85.29
85.39
84.03
87.86
85.45
84.87
87.43
87.82
85.38
86.61
83.91
86.34
83.83
87.19
86.50
88.28
