91.59
91.29
91.97
91.46
91.65
91.86
92.02
92.19
92.09
91.90
91.51
91.65
92.03
91.50
91.38
92.10
91.49
91.60
91.66
92.01
91.63
91.17
91.96
91.63
91.90
91.53
91.37
91.89
91.39
92.02
91.82
91.99
92.12
91.38
91.77
91.99
91.37
91.46
91.62
91.91
91.63
92.05
92.31
91.71
91.25
91.40
91.52
92.16
91.80
91.99
92.07
92.05
91.72
91.69
92.11
91.46
92.03
91.66
91.49
92.05
91.79
91.43
91.64
92.15
91.70
91.88
91.94
91.67
91.67
91.72
91.89
92.27
91.53
91.91
91.75
91.46
92.46
91.64
91.63
92.15
92.48
91.29
92.19
91.68
91.23
91.78
92.04
91.27
91.91
92.09
91.45
91.53
91.85
91.66
91.63
91.40
91.61
91.58
91.96
91.52
