88.87
90.83
88.13
88.57
89.77
90.11
90.08
90.05
89.47
89.34
89.97
90.39
90.32
89.89
89.69
90.37
90.03
89.89
89.88
89.71
89.48
89.88
90.69
90.00
90.57
88.88
88.77
90.05
90.06
89.80
90.30
89.68
90.38
90.48
89.80
88.81
90.33
90.78
90.13
89.93
89.13
88.98
89.46
90.25
89.31
90.45
89.71
90.17
90.12
90.40
89.91
89.98
89.87
90.48
90.04
90.16
89.34
87.42
89.44
89.55
90.25
90.35
90.15
89.22
89.30
89.13
90.84
89.97
90.87
87.86
90.14
90.16
90.64
87.49
90.76
90.10
89.23
89.62
90.46
90.50
89.68
90.53
88.54
89.80
90.03
88.42
89.16
90.38
89.10
90.49
88.38
89.77
90.26
90.18
90.75
87.40
89.97
90.29
90.73
90.41
