91.82
92.56
92.41
92.34
91.89
92.59
92.30
92.22
92.49
92.06
92.20
92.44
92.46
92.87
92.39
92.47
92.52
92.15
92.42
92.22
92.54
92.29
92.48
92.29
92.09
92.13
92.53
92.15
92.57
92.41
92.08
92.56
92.36
92.32
92.49
92.71
92.54
92.39
92.41
92.42
92.60
92.35
92.38
92.25
92.39
92.28
92.35
92.26
92.65
92.35
92.35
92.48
92.28
92.47
92.54
92.47
92.56
92.13
92.39
92.54
92.23
92.75
92.47
92.73
92.49
92.82
92.52
92.13
92.32
92.17
92.28
92.34
92.16
92.54
92.11
92.54
92.21
92.42
92.43
92.07
92.60
92.58
92.78
92.52
92.42
92.42
92.63
92.19
92.49
92.56
92.48
92.45
92.49
92.02
92.21
92.06
92.47
92.50
92.31
92.28
