89.26
88.57
89.05
89.60
88.92
87.43
89.36
89.15
89.27
89.58
88.68
88.83
89.60
85.37
88.35
89.57
88.92
89.57
87.88
89.10
88.44
89.50
89.34
89.14
88.68
88.44
88.91
89.43
88.02
89.61
88.72
89.05
89.51
87.95
89.00
88.18
88.24
88.86
89.73
89.38
88.62
89.64
89.28
88.64
88.28
88.65
87.57
89.69
89.10
89.35
89.72
89.50
89.56
89.03
88.30
87.27
89.53
88.89
89.53
87.49
88.16
89.02
89.87
89.14
89.70
89.58
88.37
89.61
88.68
89.50
88.17
88.68
89.15
89.71
88.64
89.04
87.30
87.91
88.70
88.15
88.41
88.66
88.29
89.07
87.72
88.04
89.58
88.90
88.34
89.99
88.77
88.92
89.17
88.35
89.45
88.97
88.63
89.80
89.26
89.31
