87.63
88.91
87.06
88.40
88.10
90.10
87.89
88.44
90.48
89.01
87.18
88.11
87.57
87.60
84.66
87.98
88.51
89.07
88.67
87.87
89.43
89.74
88.96
90.27
88.12
89.13
89.55
89.81
89.38
88.53
90.12
88.22
87.89
88.42
88.56
89.86
89.42
87.80
88.64
88.49
88.00
88.58
88.72
87.90
87.70
88.91
88.33
89.74
89.14
88.85
86.66
87.50
88.81
89.60
89.75
89.11
89.38
88.39
86.88
90.17
89.19
89.28
87.93
89.29
86.53
89.92
87.93
87.90
89.48
86.14
88.34
87.23
89.53
89.02
89.04
88.38
90.26
89.88
88.29
88.38
90.33
89.12
89.15
88.08
88.36
89.16
88.31
89.51
89.86
87.78
87.34
89.15
89.04
89.38
89.04
88.83
89.66
88.80
89.92
88.23
