88.71
89.34
87.70
88.73
88.28
88.54
88.33
89.08
88.85
88.70
89.35
88.61
89.11
87.54
89.51
89.30
89.56
88.78
89.54
88.78
89.06
88.85
89.88
88.35
88.75
88.54
89.05
88.30
89.37
88.93
89.14
88.93
89.37
89.11
89.31
89.68
88.64
89.56
89.70
89.43
89.43
89.65
89.65
88.83
90.12
88.76
89.24
89.22
89.39
89.26
88.97
88.56
88.13
89.24
88.00
89.89
88.84
89.90
88.64
88.00
89.84
89.75
88.60
88.57
89.69
89.30
89.72
88.55
89.74
87.91
88.51
87.73
88.60
88.66
89.51
88.76
87.95
89.15
88.86
89.68
89.37
89.47
89.42
88.93
89.82
88.19
89.07
89.18
89.00
89.38
89.33
88.49
89.14
89.82
89.24
88.85
89.67
89.49
89.65
88.31
