84.43
86.99
87.83
86.96
86.79
86.44
88.04
86.57
87.55
85.49
86.83
87.39
87.65
87.33
85.64
84.64
86.27
88.12
87.32
87.40
86.93
87.01
85.44
86.34
87.40
86.07
86.34
84.89
86.27
87.80
86.86
87.43
87.95
86.15
87.85
86.51
87.49
85.50
86.89
86.23
86.73
85.67
86.47
86.53
87.43
86.91
87.38
85.96
83.90
87.11
87.92
86.33
87.21
87.60
87.88
86.32
87.04
87.56
86.89
85.59
86.55
85.19
87.51
85.91
85.84
87.48
83.89
85.36
85.69
85.86
87.46
86.13
86.77
87.00
87.57
86.00
86.79
86.26
86.06
86.65
86.94
85.71
86.73
86.58
86.41
86.31
86.93
87.87
85.31
85.36
87.45
87.98
86.83
87.41
85.37
86.93
87.09
84.08
87.47
87.98
