88.91
89.54
89.33
90.96
89.98
88.92
90.35
90.33
89.36
90.12
89.84
90.20
90.05
90.14
90.02
88.23
90.50
90.53
88.22
89.88
90.25
90.45
90.29
90.46
90.13
89.04
89.09
89.39
89.13
89.75
90.18
90.54
89.56
89.96
88.72
90.86
90.84
89.96
90.97
88.74
88.22
89.32
90.52
90.50
90.19
88.56
91.09
88.89
90.10
89.97
90.24
89.64
89.32
91.25
90.06
90.09
89.21
90.04
89.47
90.83
90.31
89.52
90.21
89.85
89.37
89.70
90.00
88.89
89.65
88.22
90.35
89.48
90.84
91.27
88.62
89.89
88.97
88.43
90.62
89.95
89.15
89.84
90.50
89.74
90.12
89.75
90.42
89.85
90.51
90.01
89.83
89.31
90.25
90.91
88.31
90.69
89.92
90.09
89.73
89.34
