85.05
86.33
82.52
85.40
86.44
82.68
77.11
83.65
83.12
83.23
81.88
82.46
83.66
80.81
83.55
80.80
81.84
83.10
81.37
85.51
82.35
85.74
80.46
85.77
86.12
81.73
82.61
83.89
84.01
86.88
86.40
83.40
86.53
86.24
80.69
87.18
84.52
77.95
84.20
79.17
80.03
86.55
83.78
85.65
81.78
82.82
85.83
81.90
83.08
85.03
86.91
85.43
83.64
84.56
84.28
84.54
83.90
82.42
83.65
83.95
82.94
84.99
82.95
82.64
85.23
83.08
81.98
86.62
82.23
84.53
80.16
84.43
83.70
83.87
80.19
87.39
84.77
86.03
86.09
84.02
78.91
87.57
84.90
85.07
85.71
83.29
82.24
82.77
83.53
86.24
84.73
83.84
85.68
86.39
86.08
82.87
83.90
85.67
82.05
83.11
