77.61
78.38
77.75
75.64
81.43
81.07
75.40
74.59
82.85
79.13
79.70
82.82
82.55
84.70
77.95
81.80
75.33
81.10
81.59
81.70
82.98
82.30
84.80
83.32
81.26
82.59
79.17
86.26
68.98
77.61
85.30
84.03
80.64
81.02
81.52
78.74
83.67
80.57
81.05
78.92
81.31
81.98
83.46
85.54
83.66
81.67
79.51
83.52
79.58
75.47
82.59
82.50
81.34
83.38
82.06
80.34
77.80
81.92
75.60
83.22
80.57
78.78
79.60
80.81
81.39
79.20
80.99
84.81
82.81
79.51
79.78
84.28
78.14
78.05
82.65
80.61
84.03
79.04
71.50
83.48
82.59
82.09
81.57
81.73
82.88
81.96
82.53
73.22
80.59
83.16
82.77
79.26
78.97
85.83
81.69
86.25
81.40
83.33
79.57
65.08
