86.5700
87.5600
86.9900
86.5000
86.2000
86.7500
85.8300
84.9000
84.8300
87.6000
87.6400
86.3000
85.3400
86.8300
84.4800
81.1200
85.7300
86.0800
86.7900
87.2100
86.0700
87.7300
86.9900
86.1600
83.4300
85.4100
88.5300
87.8200
86.5400
88.4400
85.1100
86.3400
84.8000
86.7500
87.0200
85.3300
84.7600
84.6600
86.9600
86.5300
86.6200
86.7400
85.8700
87.1300
84.9600
87.3200
85.0200
87.2900
82.5300
87.8000
86.4400
87.6000
87.7800
86.7900
85.2800
86.4700
86.1900
86.1300
88.1000
86.2500
87.2900
85.6000
87.4600
85.3700
86.3600
86.0500
85.7400
87.5100
85.7800
85.9100
86.3500
85.4200
85.6700
84.0200
83.4600
86.5900
85.8600
86.0000
86.5200
87.2700
86.4700
86.7900
88.0600
87.7800
86.0600
87.8300
83.9300
85.5200
86.7900
87.8600
87.4500
84.7600
86.0900
87.8600
84.8100
86.9500
87.1600
84.8100
84.0700
86.3800
