84.7400
85.7000
84.9800
83.6200
82.3200
85.0600
85.0400
84.9800
83.5800
86.8900
87.2400
83.1000
82.4100
84.8700
86.1000
80.3300
84.9300
79.4300
85.4100
87.1200
86.4100
84.5900
84.4700
84.8600
84.4100
83.0100
85.3400
83.4000
86.0500
84.2900
85.6200
82.5500
83.7700
85.0200
83.8900
86.5100
86.5000
85.4500
85.3800
86.4700
85.8500
85.0100
84.6600
80.5600
81.6600
83.9100
85.8900
86.0900
85.7300
86.7800
85.9800
85.7800
83.7800
86.1500
84.8000
82.9500
79.7000
85.6200
86.2800
83.3900
83.9900
85.6300
82.5400
83.4000
87.1500
87.3100
85.7700
85.9700
84.5600
86.6800
85.0400
85.5700
83.9700
85.4900
84.3300
84.0400
81.8100
84.2200
81.8200
85.0800
86.3400
80.5400
84.4900
85.4200
85.0300
86.6000
82.8500
84.7200
83.1800
83.4900
85.6900
86.6400
81.2900
85.0300
80.2700
83.2700
85.9100
83.6700
83.7300
86.7500
