74.4800
78.7700
61.2200
63.6700
71.0700
78.5300
79.1700
79.3700
78.5800
80.3700
83.6300
78.9000
80.2000
74.6000
74.9000
76.6500
76.4400
82.7300
75.3500
75.8300
76.0400
76.9300
80.7800
73.6300
67.0900
77.2900
77.8600
79.8000
78.8800
66.4700
80.6200
73.6300
81.5500
76.6700
77.3100
76.7100
73.5300
65.1300
79.4700
61.7100
76.6800
67.6300
72.6900
77.1400
74.9900
73.0600
71.0600
71.9000
77.5200
76.6400
74.2900
62.6300
72.1700
51.4100
75.9000
72.9800
67.2200
78.8300
80.7700
76.2800
78.3300
66.4500
78.3800
82.7400
67.9300
68.1600
74.2800
80.2900
61.1100
73.4300
78.1000
70.1800
65.7200
75.8600
75.6700
64.0900
72.8900
55.3400
80.7400
75.7900
63.0000
73.8600
66.3900
75.7200
77.2400
82.0800
72.9400
81.0100
69.2400
65.7900
80.1500
73.8700
79.8600
72.5600
80.6000
80.0000
73.3600
73.2000
78.8500
71.3400
