67.8000
69.3200
63.6400
60.9700
74.1700
46.4300
76.0400
66.9700
77.4200
61.5900
72.7000
63.6700
54.0900
76.2300
47.1900
64.8800
67.6000
66.5600
72.4000
49.9900
68.8200
68.9500
53.5900
64.0800
75.0000
71.2800
54.9100
57.5900
68.3300
55.6400
66.9200
73.2800
61.6500
53.2300
64.7400
50.9500
55.6500
72.2300
74.4700
58.9600
73.5200
75.4200
54.7200
78.5800
53.1600
68.9600
60.4400
70.6800
50.5500
52.1900
58.9200
67.4600
70.0000
62.3800
65.5400
77.6100
62.4800
53.8500
50.8900
70.3400
50.8500
74.5000
71.1200
74.9800
72.7700
69.8400
55.4200
63.8800
69.5300
65.2000
70.2800
73.1200
62.7400
63.1500
61.7200
65.7900
58.8500
64.6600
72.9300
67.3200
74.2800
71.5100
60.4200
66.9000
50.3700
59.9000
74.3900
48.7400
63.7000
68.2000
68.1100
29.7900
72.3600
69.3200
63.1100
63.3300
69.6000
63.4100
75.4600
55.6400
