34.1200
44.0300
52.2900
53.7700
53.6900
30.4100
46.8700
36.4400
39.5900
57.0300
51.4100
52.0300
42.8600
51.6400
53.0900
36.2600
48.4700
36.1600
50.7800
46.5700
37.7600
53.0600
44.9700
46.0700
46.4500
35.9300
43.6800
49.9300
42.4700
45.7900
32.2200
37.5100
42.7200
50.5300
62.6300
37.8000
53.7900
48.4800
48.4700
30.7400
56.0100
58.0800
34.6200
27.7500
55.6200
43.5000
31.4500
54.6500
54.5700
49.9400
53.5600
45.5200
42.6200
62.8900
53.5800
30.2800
38.2200
51.4100
56.4100
31.8800
60.1700
39.1100
45.3600
33.0500
55.3900
36.5500
40.3200
39.4100
39.0900
40.6600
59.8700
36.7700
41.0500
32.8800
42.2600
40.8200
52.4900
47.9000
59.5800
52.6000
52.5000
53.5500
45.9500
27.3700
39.1100
60.2800
62.5400
43.7600
51.0400
55.1500
43.6800
47.7300
56.2900
57.2900
48.7900
37.9700
30.9900
50.6800
60.7100
52.3200
