83.8000
84.4700
81.9400
78.5000
84.9500
81.8200
83.4300
83.8900
83.0000
84.8200
84.8000
82.9900
84.9600
78.7700
83.2100
82.1200
81.8500
84.6800
83.5500
84.0000
84.7400
82.0700
84.8500
84.3500
83.9600
85.7900
83.4700
83.1600
83.1800
82.1900
82.5400
84.9800
82.3500
84.5800
84.1700
84.0200
83.7500
84.0100
83.4100
84.6000
83.9300
83.3100
82.3600
84.5500
82.3800
84.8700
83.5100
79.7800
84.6200
83.2200
84.6900
82.9800
83.5700
84.4400
84.8400
80.6100
79.0100
83.6000
83.9200
83.0200
83.5600
84.2300
83.3500
83.8500
84.3600
85.0300
82.9400
84.8500
84.7100
82.4600
84.3200
82.5400
83.3800
85.2500
84.8700
84.6200
82.6000
83.5200
82.5800
85.5100
85.4900
84.2900
82.9300
84.8800
83.8400
84.8300
83.9600
82.2900
83.3700
85.1100
82.6600
84.6400
83.3900
83.6700
82.3300
84.9900
81.5100
84.8300
82.8700
83.4900
