87.9700
87.5800
88.4900
87.7200
87.5400
87.4100
88.0800
88.4000
88.1800
87.7700
87.1500
88.9100
87.7300
87.8900
86.3900
88.4500
87.3200
87.7900
87.9700
88.2300
87.8200
87.9200
87.4500
87.8000
87.2200
87.5900
88.3500
87.9000
87.8600
87.6100
88.1800
88.0100
86.8100
88.2800
87.3800
88.0700
87.7400
87.4100
87.5100
87.9800
88.4300
87.8200
87.8700
88.0900
88.3600
87.8500
87.3100
87.9100
88.3200
87.9300
87.5000
88.2200
88.1800
88.5700
87.4300
88.0900
88.1500
87.5900
86.8900
87.8700
88.0200
87.1200
87.9700
87.3800
87.6500
87.8200
87.9200
87.9300
87.2600
87.7900
87.9100
87.6700
87.9500
87.6600
87.6300
87.4300
88.0500
87.8400
87.6200
87.7500
87.2600
87.5600
88.4400
87.9500
87.3200
88.2700
87.4800
87.8200
87.9900
87.7200
88.1900
88.3900
88.3400
87.8500
87.5900
88.1700
87.6900
87.1000
87.0000
88.4200
