84.0300
77.7600
80.9700
78.3700
83.7100
83.7500
79.0000
80.9600
81.4700
80.7300
80.4100
83.0400
77.4900
77.9700
77.8600
80.2100
81.4100
80.2500
80.5100
80.8500
82.1100
80.6000
80.7000
81.7600
82.7300
81.7300
81.7400
81.7500
81.8100
82.3500
80.3500
83.1300
81.0700
76.2000
81.6200
80.2700
76.4900
81.8900
81.5600
80.1000
81.9500
82.5800
78.7800
83.2800
80.4200
83.3800
80.6100
82.6300
83.5800
83.6100
82.1700
78.5900
81.6300
79.4700
80.2700
79.2100
79.8900
79.7400
80.9100
80.9100
79.1800
81.9600
78.7700
82.1000
81.7800
83.0500
78.8800
83.3100
80.6900
83.0800
79.3900
82.9100
81.8400
80.8200
81.7200
81.3200
82.1500
80.3500
77.9200
80.9900
81.7600
80.6100
82.0400
82.1000
80.9800
78.3200
81.4600
78.6500
80.6600
78.3800
81.2200
81.3700
80.5800
79.7500
83.3700
80.9800
78.7100
79.8100
81.5500
80.5900
