76.4700
72.6600
80.8700
77.7300
77.6300
78.7000
80.2400
79.1600
79.7900
76.1500
76.3200
74.5700
72.3900
80.1800
79.8500
77.5800
79.6400
77.3900
76.0600
79.3900
83.0200
79.8500
80.1100
80.9100
79.6700
78.3400
80.0300
71.8100
79.8700
81.4200
81.3100
80.6800
78.4700
77.4200
81.0500
81.6700
81.2300
78.6200
75.2400
79.0300
79.2600
76.2800
80.4300
76.4000
73.4400
77.7700
77.4200
80.5800
79.0900
77.1700
79.5600
74.7600
80.5100
79.5400
75.7700
78.5100
81.3400
78.6000
78.6600
77.0200
77.2400
79.5800
77.4200
77.5800
77.0500
74.7200
76.8600
83.0100
73.4400
78.1400
78.6100
82.4600
80.6800
79.0000
78.7300
78.2200
78.5200
76.6400
77.3100
82.3500
71.7300
77.3600
79.9900
77.1000
79.7600
75.9700
75.6500
74.7100
79.7000
78.9800
77.8500
76.9200
77.7100
79.4000
80.9500
72.8900
79.2100
75.4400
81.1000
76.4800
