94.85
96.31
95.37
96.48
96.06
96.16
95.22
96.06
96.27
96.53
96.03
95.05
94.64
95.18
95.76
96.69
96.02
95.22
94.87
96.16
95.48
94.78
95.81
95.75
96.46
95.86
96.02
95.89
96.22
95.87
95.81
96.46
95.86
96.20
95.18
95.53
95.09
96.37
96.43
95.32
95.18
95.22
94.97
94.10
95.84
95.70
94.75
95.08
96.08
95.65
95.21
95.92
94.66
95.94
95.23
94.26
96.22
95.27
96.04
95.47
96.25
93.50
96.09
96.13
95.89
96.13
96.03
95.93
95.74
95.92
96.13
96.09
96.94
96.55
96.36
94.86
95.81
96.21
96.05
95.19
95.07
96.13
95.09
96.05
95.64
94.62
95.82
96.22
95.36
96.04
94.92
96.35
95.90
95.64
92.52
95.92
96.35
95.76
95.92
95.55
95.93
94.41
96.19
96.05
95.37
95.02
95.62
94.65
95.37
95.45
96.47
95.53
95.85
95.14
95.98
95.18
96.63
95.32
94.67
94.92
94.93
95.14
95.74
95.94
95.82
95.95
95.37
95.15
94.97
95.74
95.80
96.54
96.29
95.57
95.28
95.93
96.02
94.82
95.42
96.02
95.59
96.00
96.11
96.38
94.90
95.14
96.12
95.45
95.79
95.45
95.06
96.52
96.39
96.15
95.70
95.48
96.36
96.57
95.64
96.05
95.72
95.61
96.69
95.56
96.12
94.60
95.82
95.70
95.47
94.95
96.04
95.46
94.39
95.21
95.74
95.20
95.46
96.64
95.92
95.40
95.16
95.79
94.99
96.70
95.89
96.46
96.81
95.50
95.99
95.58
95.45
95.89
96.35
95.29
96.37
95.96
95.93
95.38
95.81
95.14
93.31
95.48
96.38
95.42
95.81
96.31
96.41
94.96
94.30
95.78
95.24
95.78
94.46
95.99
95.61
94.90
94.97
96.10
95.68
96.15
95.64
95.52
95.68
96.19
96.38
95.94
95.62
95.50
95.52
96.04
96.35
95.05
96.44
96.02
96.41
96.45
95.55
96.32
95.28
96.84
96.83
95.42
95.37
96.29
95.10
96.41
95.30
95.24
95.36
95.41
95.09
94.62
96.53
96.00
94.75
95.89
95.34
95.21
96.21
93.71
96.16
96.26
94.99
96.71
95.06
95.23
96.05
96.45
96.35
95.27
96.15
95.20
96.03
96.30
95.91
96.13
96.04
95.87
95.64
96.06
96.07
93.84
96.57
96.41
94.54
95.98
95.78
96.13
95.64
96.22
96.13
95.95
96.22
96.43
96.49
95.58
95.58
94.65
96.11
95.46
96.51
95.07
94.69
95.89
95.57
94.95
95.75
96.10
94.64
96.13
95.85
95.27
95.67
96.68
95.52
95.17
96.10
95.82
96.36
95.70
95.58
95.69
95.48
95.93
95.82
94.11
95.82
94.32
96.37
95.75
95.51
96.41
93.88
95.72
96.03
96.24
95.71
95.77
96.39
95.58
95.04
96.10
95.31
96.03
95.73
96.14
96.29
93.70
96.17
96.43
96.19
95.08
96.33
94.42
96.73
95.38
93.40
96.21
95.57
96.05
96.37
95.89
96.08
95.42
95.37
95.90
95.52
96.06
95.80
96.22
96.08
95.79
95.79
95.80
96.59
96.69
95.56
96.00
95.10
96.01
95.15
95.50
95.38
96.12
96.14
96.32
96.10
95.35
96.16
96.58
96.02
95.43
96.05
96.19
94.00
95.66
95.27
95.85
95.55
95.39
96.06
95.20
96.14
95.49
95.35
95.37
96.36
96.39
96.26
96.67
95.92
96.28
95.88
95.93
95.81
93.83
95.45
95.62
96.50
93.94
96.54
95.71
95.79
95.70
96.21
95.09
96.28
94.53
96.09
96.74
96.12
96.50
95.84
93.86
96.09
95.56
96.21
95.63
95.62
95.83
95.30
96.01
95.49
95.23
95.99
95.93
96.04
95.89
95.73
95.37
96.16
94.62
94.61
95.57
96.37
95.27
92.86
96.19
96.16
94.26
94.69
96.50
95.12
96.22
93.17
95.69
94.74
95.90
95.54
96.47
94.65
95.93
95.93
96.09
96.41
95.31
95.40
96.34
95.29
96.28
95.93
94.55
94.14
95.08
95.92
95.62
94.98
95.73
96.11
96.26
96.24
95.87
95.58
95.48
94.51
95.49
95.87
96.07
95.46
96.62
96.13
96.04
96.48
94.92
95.90
95.30
95.72
95.64
95.72
96.36
95.62
95.39
95.68
96.39
95.48
96.02
95.69
94.55
95.53
95.80
95.61
95.27
95.69
95.83
96.32
95.42
95.08
94.88
95.51
95.68
95.90
96.10
95.02
95.94
95.44
93.96
95.90
95.41
96.07
95.21
95.84
96.13
96.28
96.23
93.44
96.54
95.16
96.46
96.41
96.53
95.84
95.40
96.13
95.90
95.46
95.64
95.55
96.00
95.20
95.40
95.37
95.61
96.06
95.18
95.85
96.62
95.13
95.95
95.17
96.06
95.36
96.47
95.74
96.66
95.76
95.36
96.19
96.04
96.09
95.89
96.09
95.74
95.67
96.37
95.97
96.11
95.73
95.55
96.39
96.31
95.28
94.48
96.31
95.59
96.44
96.19
95.82
95.96
95.10
94.83
96.53
94.87
96.19
96.29
95.15
95.09
95.68
96.13
95.07
95.11
95.00
95.37
95.60
95.89
96.25
95.61
96.00
95.63
96.36
95.71
95.94
96.22
96.05
95.17
95.73
96.06
96.41
96.21
96.20
95.34
95.95
95.04
94.88
95.38
96.73
95.61
95.62
94.33
96.23
95.98
94.42
95.47
96.15
95.73
96.64
95.73
96.38
96.72
94.44
96.77
96.35
95.88
95.53
95.43
94.05
95.79
95.33
95.31
96.21
96.26
95.64
96.13
96.69
96.07
95.64
96.20
96.42
96.00
96.51
94.88
95.37
94.50
95.32
94.73
95.85
96.05
95.25
93.57
96.29
95.58
96.23
95.44
95.84
96.33
96.21
95.80
95.88
96.70
95.31
96.04
96.27
96.46
95.16
96.13
95.84
95.76
95.07
95.56
95.57
95.72
96.36
95.85
95.47
95.68
94.63
94.10
94.82
95.82
95.98
96.40
96.03
95.52
95.97
96.35
96.25
95.56
95.58
95.72
95.87
96.02
95.31
96.63
96.07
94.76
94.53
96.22
96.14
95.98
95.75
96.55
96.02
96.14
95.53
94.93
96.00
95.87
95.68
95.61
95.29
96.20
95.99
96.43
94.96
95.52
95.38
95.46
95.24
95.55
96.16
96.22
95.13
95.96
96.09
96.22
95.97
96.15
96.42
96.50
95.69
96.07
96.32
95.61
95.43
94.42
95.83
95.78
95.78
96.10
95.50
95.39
96.29
94.92
95.85
95.17
93.48
96.06
96.48
96.31
96.25
95.79
96.23
94.79
95.32
96.54
95.22
96.60
96.27
95.70
94.52
95.63
95.41
95.12
95.48
93.76
94.83
95.09
95.56
94.97
95.94
95.40
95.84
94.87
95.22
95.77
96.40
95.66
96.52
96.11
95.84
94.82
96.32
96.05
95.55
95.66
94.35
95.39
95.59
96.73
95.77
96.37
96.17
95.76
96.00
96.18
96.08
96.02
94.73
94.53
95.46
95.45
94.48
95.45
95.90
95.87
96.22
94.60
96.34
96.07
96.43
95.56
95.58
95.08
95.54
95.83
95.84
96.51
95.49
96.70
95.03
96.34
96.15
95.73
95.85
95.84
95.22
96.40
95.90
96.27
95.51
96.34
96.40
95.50
95.30
96.01
95.55
95.15
95.25
96.00
95.28
95.07
95.78
96.09
96.65
95.81
94.74
94.98
96.41
93.17
95.76
96.01
96.11
95.72
95.73
96.69
94.77
95.78
96.55
95.50
94.44
95.79
96.13
94.91
96.40
95.69
95.66
95.63
96.22
95.98
96.02
95.91
95.71
95.75
96.04
95.49
95.63
96.81
94.72
94.97
95.81
95.73
95.44
96.02
95.92
95.25
95.56
96.09
95.50
96.83
95.72
94.70
95.69
96.07
95.09
94.94
96.14
96.07
95.33
95.83
94.44
95.31
96.03
95.68
96.59
96.29
95.82
95.74
96.17
94.84
95.86
95.29
96.34
95.07
94.56
95.26
96.17
95.75
95.49
95.39
95.97
96.00
95.68
95.85
95.25
96.47
95.63
95.60
95.94
95.54
96.13
95.31
96.01
93.88
96.03
95.14
96.06
95.56
94.50
96.30
95.90
96.60
96.17
96.22
96.22
94.83
95.67
96.02
95.52
94.97
96.05
95.91
96.33
96.43
95.41
95.70
94.87
95.74
95.66
95.78
94.80
95.09
95.65
95.50
95.17
96.18
96.45
95.46
95.53
94.99
96.09
93.32
