85.5100
85.9500
85.2800
83.8500
87.8500
85.9400
79.7700
87.4300
88.1500
78.3600
81.0400
84.7200
84.8600
87.4900
85.2100
86.6500
84.1000
84.6600
85.0400
87.9600
87.0100
83.2300
83.6800
80.1400
81.2400
86.5500
84.8400
82.4100
74.3700
87.0000
84.4300
85.0400
83.9500
86.7300
88.6000
82.8500
85.4000
80.7300
81.7200
86.2300
85.6800
86.2400
81.7400
85.2400
84.5100
83.2600
80.6500
86.7700
87.4700
79.9200
82.1700
85.8600
87.1200
82.6600
82.7700
77.6000
86.8100
85.7300
88.3200
80.5300
83.8800
83.7400
85.5800
87.0200
83.8700
80.2800
76.3500
86.7700
83.7000
78.9200
73.8600
87.5700
81.2200
84.2600
82.4100
79.2800
85.3800
81.3700
84.7700
84.8300
87.8700
85.9800
84.8400
82.3900
86.8800
85.7400
84.7600
87.1300
85.7300
86.7300
84.5000
81.2400
83.8700
86.5800
85.7300
82.2800
77.0100
80.1400
85.6300
82.3100
