86.0100
89.4400
88.4600
88.7900
89.7400
89.3300
86.6300
89.0500
88.7200
89.2400
88.6700
89.6300
89.2700
87.4100
89.8300
89.3700
88.1800
89.4600
88.6600
89.7100
90.2000
88.4800
88.7700
87.3700
87.9000
89.4200
87.7500
88.6900
89.2900
87.0200
88.9800
88.7600
87.9500
87.7800
87.7100
89.4400
88.6400
88.2500
89.8600
88.7400
89.6900
89.7100
87.9100
90.1300
83.8600
88.8300
89.4400
89.7200
89.3500
88.7100
78.6400
88.5100
89.6300
87.8600
89.3900
89.2200
89.4700
88.9200
89.0000
88.3600
89.2300
88.8400
87.1000
89.2400
88.6800
87.7100
88.9600
90.1400
89.6500
89.5800
83.8400
87.9800
89.3500
88.1800
88.4100
88.3100
87.8900
88.6000
88.0400
89.6800
88.2900
90.0900
88.3400
89.5500
86.9200
90.0400
88.0500
87.9700
88.8100
89.3400
89.0700
87.6500
87.4700
88.7400
88.3900
89.9800
88.2700
87.5800
89.1300
88.2200
