81.1800
81.5600
80.9200
81.2500
81.2000
82.9700
82.1400
82.8800
79.4400
80.5800
80.4800
82.0000
82.1900
80.7100
80.6300
81.4800
81.6800
82.0000
77.6500
81.8800
81.2000
82.7200
81.4500
82.9100
79.7600
81.6400
82.6600
82.9600
81.3300
83.0100
81.1200
81.0200
83.2400
81.6800
82.0600
81.0800
82.8200
81.9800
78.9700
81.9200
83.2700
82.2100
80.6000
81.4100
82.0500
80.8300
81.8900
80.3900
82.3300
81.9300
78.7200
78.9100
83.0200
82.2400
78.5800
80.6100
83.1300
82.0700
83.3500
80.8400
80.8100
81.7300
82.3900
81.3700
80.9800
82.8500
82.1200
82.4200
82.4000
80.2200
81.8000
81.7700
82.7200
80.5500
79.0400
81.8000
81.6200
79.7200
82.2600
83.8900
82.7000
81.8400
80.7400
82.5600
79.5700
80.7700
81.6300
83.0500
80.9000
81.9000
80.7500
80.4200
81.7100
78.6400
82.1300
81.2000
82.8900
80.0500
80.9300
82.2400
