60.2500
48.2100
74.5000
69.1100
70.4800
68.3900
64.0400
67.3600
66.1200
43.8300
53.5700
74.7900
76.8600
71.3500
63.9000
71.7700
55.9700
65.0000
56.1900
71.9000
73.9100
72.0800
65.6900
73.5800
64.2700
60.1200
58.1000
63.5600
66.1400
72.4800
67.9800
60.2300
62.1000
68.2300
73.0100
72.7600
66.2100
78.2000
61.7400
58.9600
59.9800
65.2800
46.6700
59.0100
58.8200
65.9900
65.8400
77.0400
48.2100
70.9000
72.2600
61.7600
52.0000
78.0500
64.2900
56.1300
67.3700
63.9400
78.0300
70.0400
73.3800
67.8600
67.5400
68.4000
48.0800
71.4100
54.8200
60.6900
71.0300
68.0900
68.4100
66.8500
65.2600
76.1800
67.6400
71.3900
71.9900
68.4800
61.6600
58.2100
74.9100
71.6700
61.1800
72.8100
74.0000
64.2300
55.6300
67.0300
75.8000
61.8300
69.9100
62.3000
71.2200
54.7400
67.6600
71.2200
69.2900
50.1600
68.2300
69.3800
