86.6800
83.9600
86.6300
86.6900
86.1900
83.8800
84.3700
77.2200
85.1500
85.6500
86.5000
84.6500
83.3700
85.9300
84.5200
85.6000
84.3400
83.8900
85.4600
86.7100
82.6700
85.8300
84.2600
83.8300
82.8200
82.5800
84.2600
85.5400
83.4200
83.9800
83.1100
84.6400
85.8100
84.8600
83.6200
86.9700
87.2400
84.7300
81.0700
81.1300
86.0100
83.1000
84.5300
83.8700
84.3400
85.8500
78.3500
84.8900
84.1700
84.9400
84.4400
83.9100
86.7700
85.3400
86.1800
83.8600
85.5000
85.3700
85.1100
86.1300
84.4000
82.0700
85.4700
83.9400
84.1500
86.5000
84.8000
85.2500
85.0700
84.3000
84.6700
80.8900
81.5400
87.2300
83.7700
84.8500
86.6100
85.6700
83.4000
84.4200
84.7300
85.5700
85.7200
83.9500
86.0800
85.6400
83.7400
84.9900
84.7800
81.5000
84.8000
84.1200
84.0700
85.4600
85.4100
85.6500
82.2400
86.0100
83.8100
83.6400
