74.7000
66.1000
77.5100
79.7800
78.4600
64.9300
80.7300
80.2800
78.6400
77.2000
76.3700
78.6000
73.4000
76.8600
75.2200
65.0200
70.4000
77.1400
76.6400
74.7600
69.2800
73.9300
73.3500
79.3200
72.0600
75.8500
74.1400
79.2800
77.9800
53.3300
71.4800
79.1500
66.5500
70.5800
69.0300
71.0100
75.1000
76.3600
77.3400
81.0000
70.9200
73.2900
76.6200
73.0200
73.7100
82.6800
74.8800
77.3700
70.0300
80.4700
80.1000
80.0000
70.4700
80.4800
62.5200
78.0100
77.1400
77.5800
71.8900
68.0100
75.1300
76.1100
77.8300
69.9800
58.1400
81.4500
80.6800
80.9100
72.5100
78.7800
54.0600
77.6600
75.9700
68.5300
78.4200
77.1100
61.4400
77.5500
72.6600
68.4300
77.7200
78.2700
82.5300
63.0500
75.8700
79.2900
72.9400
78.5800
80.1100
77.3100
64.9500
77.3100
80.5200
76.8900
72.4000
75.6900
38.3500
78.1800
78.7600
73.3400
