81.3300
82.9800
78.7900
82.3100
81.3500
82.3800
83.5500
83.2000
82.9200
80.6000
79.4700
83.1800
80.4600
77.5500
81.8300
81.0600
82.7600
82.8400
81.7800
77.1400
81.0900
81.6500
79.4100
82.6100
84.4900
80.3200
79.9200
79.3200
80.1100
82.6200
81.1300
80.8200
81.7600
82.7100
81.8200
82.1300
80.3300
82.3200
80.6000
82.8800
77.4400
82.6500
82.8900
76.3600
79.9600
79.8800
82.3800
78.0400
80.8700
78.2300
78.1300
81.4800
82.1700
82.1600
84.1900
82.1900
82.2700
84.5500
81.2600
83.3400
81.0300
81.5600
79.8100
80.8700
79.6100
83.5300
78.3800
83.2600
81.9300
83.5600
84.2800
83.3300
82.0100
82.7200
80.6000
82.9800
80.7200
83.0500
82.5200
83.2300
82.5400
81.9300
82.1500
81.0700
81.0400
83.2800
80.2800
79.1800
79.2100
80.8300
82.3400
81.0000
82.0800
83.1700
81.9400
82.2200
82.6500
78.0500
80.5900
83.4800
