86.5900
85.1600
87.5400
86.2900
86.8500
87.5100
86.7000
86.8800
87.3400
85.7600
87.0900
87.1500
84.5900
83.3700
86.6300
86.8600
85.6400
87.8100
87.7200
86.6300
86.1400
85.8200
86.4100
86.2200
87.4300
87.9500
87.8300
87.9900
87.7500
86.3600
88.5500
86.6300
88.3500
87.3600
87.6000
87.4300
85.6100
87.1300
88.0400
85.0500
87.7900
87.8800
88.2100
87.3400
88.3200
86.8500
87.5100
87.2300
88.0300
86.7200
86.0000
86.5900
86.6400
88.1300
86.5200
87.7700
87.0300
86.6000
87.8200
88.4900
87.2800
86.8100
88.4700
87.1400
85.6700
88.5500
87.7900
87.7300
87.6500
87.7100
88.0400
87.5100
87.1200
88.8800
86.7200
87.5600
85.9600
84.1200
86.3500
83.4300
86.8500
87.7100
81.7200
87.7200
87.4900
88.2600
88.2500
86.2100
87.4600
86.0600
87.9900
86.8300
86.5700
87.5500
88.6600
87.0400
87.7500
87.2000
86.9400
88.1600
