75.6700
69.8200
80.6100
69.6000
70.1800
74.4900
78.4600
69.9900
75.0200
72.7800
74.1300
75.6000
64.2600
79.0600
82.5200
79.8900
77.1800
73.5300
69.0800
74.3200
74.8700
68.4400
75.9400
69.4300
78.0600
80.0700
76.0100
70.7700
70.8100
77.5400
79.9300
63.2400
74.1000
80.9500
72.2700
82.6700
76.5900
70.9300
73.9400
80.2000
70.3300
78.4800
74.6000
81.8800
77.9800
78.6600
61.3300
81.8000
81.5900
71.1400
74.2300
78.1100
76.9400
74.6100
80.3400
79.6700
79.6600
77.1300
73.2500
73.7800
71.2200
70.7600
72.3100
74.1000
81.8000
73.7700
68.2400
76.7300
64.3000
78.7500
77.8300
81.4400
82.1600
73.3500
74.8200
65.5500
73.1400
70.7500
58.4600
74.3800
76.8500
67.3600
81.8000
75.1700
78.3100
73.5300
62.2100
70.9900
79.5500
73.7200
77.6300
73.2700
74.8700
77.0300
69.7500
77.5300
71.7200
76.7500
78.8600
78.6300
