78.8900
82.5900
83.1700
80.6000
76.7400
81.0600
82.9700
77.8800
81.5300
80.2900
78.8500
80.6400
75.5100
83.1900
82.3100
78.7500
79.1500
80.2700
79.2700
82.2300
78.9400
80.2900
78.3200
80.6200
80.1800
81.5400
80.3000
82.5100
81.1900
81.7300
78.1800
82.4300
80.1200
80.6100
78.5900
80.9100
78.0400
80.0500
77.6700
79.1900
82.2100
72.3800
79.2000
82.0800
81.1800
81.9700
80.4800
78.2400
80.0400
81.2000
82.5700
80.8600
80.0900
82.5200
77.5000
81.2700
83.1100
80.5400
81.8100
79.7800
82.7100
83.2400
79.5000
81.1200
77.8900
81.4800
81.1100
79.5100
81.2700
81.2600
79.2700
77.9100
81.6300
81.0800
79.7600
82.5800
80.9900
81.0700
82.6500
77.4000
81.4400
78.1300
78.8000
82.6000
80.2800
81.0500
79.5600
82.3000
80.7300
80.2900
80.7300
81.0400
79.8000
77.8000
81.7100
79.6100
81.8000
77.4900
78.8500
82.1600
