72.1800
73.4400
66.8000
71.6900
75.7800
71.1600
78.5300
77.3300
78.8700
76.1100
73.5200
79.6600
74.6000
77.0600
75.9800
77.1800
77.7600
76.8300
73.1100
77.2600
77.3100
75.5000
75.4500
79.5400
75.9800
81.2900
74.6500
65.5900
77.6800
78.7800
70.5100
74.8800
74.3100
75.5400
70.2900
74.9800
78.2300
72.8000
75.9400
77.1400
78.5500
73.6700
72.4900
66.1900
75.7300
72.3200
77.7900
77.6800
73.7200
71.0500
77.7000
70.0700
73.9500
80.0200
68.0800
66.0700
67.7600
76.6500
70.3900
69.5600
77.1900
75.7100
77.5400
76.6100
71.7000
76.5000
70.8500
78.4000
71.7900
78.2900
77.3700
73.4500
70.2200
79.2600
77.8000
78.1700
76.7200
78.5600
75.5900
65.9900
77.7700
72.3300
73.5300
79.5600
75.0900
76.5900
78.0600
71.0200
78.7000
73.1000
74.2000
77.7500
73.3400
75.7500
72.5700
70.6500
75.8200
73.7300
80.7500
77.2600
