74.1900
76.8700
78.9500
78.8500
81.3600
77.2000
68.0200
78.9800
79.3400
79.3200
74.8300
74.7200
72.0900
76.8800
80.0700
77.8900
78.3400
70.8600
80.2200
77.7200
76.9500
80.7800
81.0900
77.1100
79.5800
78.3100
76.9800
79.1100
79.4800
77.7100
76.3400
78.3400
77.8400
79.9300
81.7700
80.1000
77.7100
77.7100
79.5200
78.7400
80.1600
80.4900
75.9000
78.1300
76.3800
78.4900
68.9400
79.1100
73.4400
77.7500
79.1700
81.1300
76.2900
77.9900
76.4500
76.9100
79.8000
76.7000
72.5700
77.9900
71.7200
79.1200
81.6800
75.4000
82.1400
80.0900
77.9800
72.9200
80.4400
78.6600
79.9900
78.6500
82.2100
80.5900
80.8200
80.9700
77.3400
80.5900
77.3500
80.7600
79.5700
81.1700
78.8300
78.0600
79.6800
80.7500
77.9500
78.7700
79.7400
78.8000
78.2900
78.9300
77.7200
76.2700
73.2000
75.7400
78.9600
79.2400
75.5200
77.8000
