24.7600
26.4700
20.6400
20.6000
19.6700
17.2500
27.1900
17.2600
29.4900
20.1500
39.2100
19.4200
24.9300
22.9000
26.9600
19.5200
29.5600
34.2600
30.2800
21.0700
20.9500
25.3000
17.9200
24.7600
25.4100
15.1900
33.9600
21.5400
15.2000
34.0500
22.1400
21.8400
18.2800
20.3200
22.7000
19.0300
28.8500
14.7700
19.5800
20.1600
15.3900
19.8700
21.2000
13.5100
11.9300
18.8600
25.5900
19.5600
21.8300
16.1700
25.4100
19.7100
16.6200
19.3600
15.1800
25.1500
20.8200
23.3100
15.2500
20.5500
29.6500
16.6900
15.7900
15.8500
29.5200
18.7000
20.1800
16.9700
17.9500
17.4000
21.9100
27.6300
24.2300
32.1400
12.5100
31.2300
21.3000
17.0700
21.5300
18.2800
26.3900
22.0300
30.5100
16.7000
23.5100
10.9100
17.5500
25.1800
17.1200
16.4600
19.9700
26.4000
21.3600
10.4500
18.8700
23.1100
20.7900
26.1900
29.8800
14.5700
