65.0800
53.5900
59.5300
49.2300
51.0300
50.8500
64.4900
53.8800
53.7500
55.1100
41.5300
57.2000
54.5000
53.5800
45.9200
52.2500
55.4700
53.9400
49.1800
59.2800
57.8100
50.9700
56.9000
58.1600
41.3100
61.0500
52.2600
54.0800
44.3200
49.9600
52.9600
32.8300
57.9900
46.9100
48.5900
57.3400
47.5400
56.1200
51.2400
62.3900
27.1000
42.1100
66.5400
52.5700
53.9400
46.7200
61.8700
51.1100
49.1100
59.5700
49.2100
63.1000
49.3500
52.8800
51.6600
53.0800
51.9300
55.7000
52.5400
48.5200
35.5700
49.7000
44.3600
46.2200
54.1300
55.6600
57.9800
33.5000
56.9500
59.3600
44.7700
54.7600
43.3900
53.5700
56.5600
65.6500
51.1000
53.2200
49.0600
41.8900
43.7000
56.0500
57.8400
51.9600
49.1400
42.7400
62.1100
58.1200
60.0600
53.0700
53.5300
56.1900
62.5800
42.7700
51.9600
47.2000
57.6600
59.9600
50.5700
52.7300
