70.4200
75.5800
74.1400
78.2900
78.4900
75.7900
75.9900
74.0300
66.9200
77.6900
68.1100
77.0700
69.3700
69.9300
76.0800
71.0600
73.7600
75.1300
72.7400
62.1300
75.9800
65.5900
66.5300
72.8800
78.1300
70.3800
70.3500
70.2400
73.8300
66.7500
76.6100
70.4900
73.6400
75.0300
67.4100
73.7300
71.9800
73.2900
75.1500
71.5900
73.2900
77.0900
69.8500
66.5000
73.2700
65.7400
72.6200
70.0000
64.6900
64.2900
73.0700
74.4300
67.3100
76.0400
73.0500
73.0400
70.6900
73.4100
73.1000
70.8300
73.8400
72.6800
75.1000
72.0100
75.0000
72.2500
59.5200
75.9600
67.5400
69.1700
73.2800
68.4700
69.3400
60.1500
56.6300
65.8400
76.2400
75.8900
64.0400
63.9300
71.2500
75.3200
72.1800
73.8600
65.2200
74.5700
72.9400
73.6500
74.0500
77.8600
73.8500
76.3200
65.4600
70.0900
76.4200
71.7800
68.7200
64.4000
74.5900
73.1200
