50.2100
26.2200
25.3400
48.6400
36.1200
53.3600
42.4400
33.2700
44.8600
59.9100
41.0600
58.8000
17.8500
45.3800
56.7100
37.7000
41.9900
30.1400
43.5200
18.6300
56.5900
46.8600
33.5200
52.1900
50.3900
29.6200
31.5200
42.2400
40.4900
47.3500
46.3800
31.0500
35.2300
44.6300
46.8200
41.1700
62.8100
49.1000
43.6700
49.3200
21.2200
50.1500
37.7200
33.0900
45.5400
24.2500
29.8300
36.9700
36.0200
54.1300
41.5400
44.8100
46.2800
24.8700
55.2400
42.0500
45.0100
28.9000
39.4200
33.3600
37.7600
24.5400
49.0200
37.9200
37.8500
56.5600
37.6100
26.7900
39.6700
42.7500
43.9200
38.5000
31.8400
50.6100
40.9600
41.5000
43.4400
19.5900
37.0700
43.5200
27.9500
48.5300
31.5400
50.0800
42.9500
32.5200
31.9400
27.9400
54.7700
37.4700
22.5300
20.1300
32.5500
44.6400
37.6700
43.4600
43.1900
55.5100
44.0000
36.7900
