82.0800
81.2600
81.9700
82.8200
82.0400
82.3900
81.7200
79.5400
81.3800
81.9300
81.3700
79.4000
79.4600
81.8100
80.2200
82.4200
81.6300
80.9500
80.5000
82.1500
83.2200
81.1100
81.3000
82.7800
82.2600
80.1700
81.8100
79.2500
80.8900
81.8800
82.4800
80.1900
83.7600
82.7900
80.6900
79.4000
80.6100
81.7800
80.1500
82.3600
81.9700
83.1600
82.1500
82.7600
81.6100
81.5500
83.3000
79.1900
82.1000
82.0200
81.8500
83.9200
80.6000
81.7000
79.6900
82.5400
78.0600
81.4500
83.8800
81.4100
79.5800
83.4100
78.9900
81.4600
81.4700
79.7700
81.7500
79.3400
79.9900
83.1900
82.9500
82.1700
81.5400
81.9200
81.8600
83.0400
80.4800
81.9400
81.5400
82.3400
83.2600
77.4700
80.8600
81.4400
79.4700
74.9400
82.5500
82.4800
82.4400
81.5000
81.2900
81.8600
81.2700
81.5300
82.7200
83.4800
81.8900
83.1700
82.0500
78.6900
