87.3800
88.0900
87.2400
85.6800
86.7000
87.4800
87.4600
87.7300
87.4100
86.9200
87.5200
87.2700
87.8900
86.4700
86.9000
86.1100
87.8000
87.4800
87.1800
87.5100
87.3500
88.2500
87.5300
87.2400
87.5800
87.5600
87.9500
86.1800
87.8200
87.8000
86.7800
87.4800
87.0200
87.2300
86.9200
88.0400
87.1600
87.0000
87.4200
87.5300
87.8700
88.1600
85.9900
88.0500
87.9000
87.9600
87.4400
87.6500
86.5300
86.7800
87.9800
87.4100
87.6000
87.3900
85.9100
87.4700
87.2200
86.9300
87.6600
87.8500
86.2900
87.4900
86.4800
87.6300
87.9500
87.2100
88.3800
87.1100
86.8600
87.8200
87.7000
87.1100
87.3800
87.6400
87.0400
87.9000
86.7700
86.9000
87.6700
86.9500
86.5600
88.0600
87.9700
87.6500
86.3500
87.3900
88.1200
87.9600
87.2500
87.2000
87.0600
87.8600
87.8100
86.5700
87.7100
87.5300
87.3800
87.4000
86.6000
87.4900
