80.2800
80.4800
79.9300
78.7600
76.7600
76.8500
79.7800
77.9800
80.0100
77.7300
77.8800
78.9500
77.3400
77.6200
77.1800
77.8200
79.6700
75.1200
77.7800
77.7700
78.9700
76.6300
78.8500
79.0200
78.4100
81.0200
78.2600
76.9400
78.9200
75.8800
79.2800
79.6700
76.0500
75.2500
76.1900
76.2300
79.2400
77.9800
79.2400
79.6600
79.5400
76.8400
78.7700
79.1500
78.8700
79.3600
72.2200
80.4000
77.9100
74.5600
78.7000
79.1400
80.7900
76.9500
77.0700
78.5900
77.3000
78.2300
76.3000
80.9200
79.2700
79.3200
79.0800
76.7000
81.3400
79.4900
77.3300
81.5700
76.6500
79.1600
81.2300
79.3000
79.2700
77.8200
77.8500
78.2900
79.0200
79.1900
76.4700
76.7100
81.0300
77.6400
76.5000
77.7100
79.1300
78.4900
79.2900
76.5900
73.0500
74.7600
80.7900
81.1800
76.0300
79.2900
77.8500
79.0500
79.4200
79.3400
80.5800
77.4400
