86.9500
87.7900
86.7100
88.3400
88.8200
88.2800
88.6800
87.1400
87.1200
87.4200
88.0300
87.1000
86.1000
87.8000
87.2400
87.1000
87.8800
87.3300
88.7500
88.3400
87.5400
88.5700
88.0100
87.6000
88.2200
87.6100
87.8400
87.6500
88.2800
88.4100
87.8100
87.4100
85.6900
88.5500
87.3000
88.4500
87.9500
87.4300
88.2600
88.0800
87.5800
87.3700
87.4500
88.2800
87.2800
87.9800
85.6900
88.4800
88.6600
87.4800
88.8800
88.5700
88.2800
88.1500
86.9000
88.0600
87.6100
88.0300
88.4600
87.4400
88.6400
88.2400
88.0000
88.3000
87.0500
85.5500
88.0400
88.1800
86.6600
87.3800
87.9500
88.4900
87.7900
87.5700
88.2100
86.5100
87.7300
87.3700
88.2800
87.3000
87.5900
85.5000
86.4800
87.2400
86.2400
87.1700
87.7800
86.8500
87.2700
88.0900
88.4700
87.8400
88.3800
86.8600
88.0200
86.7400
87.2700
88.4900
87.9500
88.0000
