79.9900
79.7300
80.2900
77.5100
78.6000
80.4800
75.9200
73.0400
79.6700
79.3800
78.6700
76.4400
79.8900
78.0700
79.4600
76.8300
80.0000
78.0800
78.6500
77.9200
78.0700
77.0200
77.3100
78.6200
79.0600
79.5600
77.5600
79.0800
81.0200
78.3500
80.1100
77.5900
79.1800
77.3300
76.9700
78.0300
80.1200
80.0600
80.0800
76.2400
79.8100
76.1800
80.3800
81.0300
78.2700
76.4300
78.3300
79.8600
80.5500
79.4600
76.9800
76.6100
78.3700
73.5000
77.2300
78.7800
74.3200
80.9100
79.0700
78.3800
80.1800
77.4000
78.3500
71.8600
79.0300
79.3500
78.2700
77.2300
78.5100
78.4700
79.1800
77.5900
79.5000
75.3900
77.1200
79.5900
80.7500
77.1500
79.2700
80.7700
78.5700
76.8500
77.6700
79.6500
79.5000
76.5100
77.1100
78.5800
79.8200
80.0700
79.6500
78.0200
77.6900
79.8400
76.7600
76.3600
75.3200
79.6200
79.3200
78.6300
