90.3700
90.2500
90.2900
90.4600
90.4400
90.1700
90.2000
90.2600
90.6000
90.1400
90.0500
90.5400
90.3700
90.3100
90.2400
90.6400
90.2400
90.4300
90.1900
90.0300
90.4600
90.3400
90.3900
90.0400
89.8700
90.2400
90.3800
89.9200
89.8800
90.3300
90.2200
90.2100
90.2300
89.9600
90.4400
89.9900
90.2400
90.1800
90.2300
90.4500
90.4900
90.1500
90.1200
90.3900
90.1100
90.2300
90.5300
90.2600
90.4500
90.1200
90.2100
90.5600
90.1800
90.5600
90.2600
90.0300
90.4700
90.0600
90.3100
90.0500
90.1400
90.5000
90.4100
90.0500
90.4000
89.9200
90.1100
89.8800
90.5500
90.4000
90.4300
90.2200
90.2600
89.8800
90.1700
90.3600
90.0100
90.0900
90.3700
90.0800
90.4200
90.4300
90.3200
89.8900
90.3100
90.3100
89.9500
90.4800
90.1400
90.3300
90.1700
90.4000
90.5000
90.2600
89.9100
89.9800
90.6300
90.4200
90.6300
90.3200
