89.9400
89.9400
90.2000
90.1600
90.2900
90.1500
90.2900
90.0600
90.1300
90.2200
89.9800
89.8600
90.2800
90.0600
90.1200
90.2000
90.1800
90.0400
90.0700
90.0300
89.9600
90.0300
90.1500
89.9100
90.1000
90.0700
89.8300
90.2300
90.2000
90.1200
89.9100
90.2400
90.0000
90.2300
89.8800
90.1700
90.0400
90.0500
90.0800
90.1800
90.1600
89.8600
90.3100
90.1700
89.9900
90.3000
90.2300
90.0200
90.3200
89.9800
90.1700
89.9000
90.1200
90.0600
90.0200
90.0100
90.0700
90.1400
90.1100
89.8300
90.1400
90.1700
90.1500
90.3200
90.1300
90.0900
90.0700
90.1700
90.3100
90.1500
89.8400
90.0000
90.0000
90.2300
90.0000
90.3500
90.0800
89.8600
90.1400
90.1400
90.0600
90.0900
90.0600
90.0800
89.9600
90.2300
90.1800
90.1300
89.7300
90.0900
90.2800
90.0900
90.4300
90.1400
90.1800
89.8500
90.1500
90.1600
90.1300
90.0700
