82.6000
78.7900
81.8500
79.4800
80.2800
81.2000
80.8600
79.4300
81.9500
78.1000
81.8300
80.9300
80.8800
82.1800
81.0000
80.4500
82.5900
82.5500
82.3700
80.5100
80.3700
80.7500
79.0100
80.6700
81.0700
80.0300
80.3200
78.1900
80.0400
80.5500
78.8300
78.9600
77.9100
78.9600
80.2100
82.7800
81.9200
80.0500
77.9700
82.8200
80.8400
81.4800
81.6100
75.1800
81.7000
80.2300
78.3800
80.6600
81.2700
81.9100
78.0200
80.8000
79.7800
80.7300
81.5800
80.8300
78.9400
82.9000
79.9800
80.9400
82.0800
81.6100
81.1400
78.6900
79.0400
83.0500
78.3100
81.6200
82.0500
79.3800
81.5200
77.8000
82.5900
80.9200
80.3800
79.0600
82.5000
80.2000
80.5500
80.5900
81.4900
80.5200
82.4800
81.9800
80.2600
82.1800
80.8000
79.8300
81.9900
81.6900
81.1700
77.9100
77.6900
77.7900
81.4000
81.2500
80.8400
80.0500
81.5100
81.6700
