88.1500
85.7300
86.9600
86.2000
86.4000
86.2700
87.5500
86.7500
87.7900
87.6000
87.5200
86.8200
86.9700
86.3700
86.1700
87.5500
83.0800
87.0500
87.0200
87.0400
86.2000
87.4900
86.3900
86.1000
87.4400
86.4900
87.3600
86.6600
87.0000
88.3300
86.3600
88.4100
87.7800
87.6300
86.3800
87.2400
86.3100
85.8700
88.0000
87.1000
85.9300
87.6400
85.8100
85.9100
84.7500
86.5100
86.8800
86.1800
86.1600
87.1500
87.7000
85.1000
86.7100
86.6500
87.1200
85.5700
87.1900
86.3300
84.9700
87.9600
88.1700
87.6300
84.9600
88.3300
86.8700
86.8500
87.1300
88.0600
87.5500
88.1400
87.9500
86.2000
88.0400
86.4500
85.4600
87.9700
85.2900
87.2800
87.9300
87.9700
87.2200
85.1600
87.6000
88.3200
88.0700
84.2700
87.2100
86.2500
87.1300
87.9700
86.4500
86.7700
86.7000
88.9600
87.3400
87.8900
87.3600
87.2300
87.1200
87.4600
