31.4200
31.5800
28.2900
38.7500
36.9300
14.9400
24.9300
45.9000
18.0300
17.4200
40.6200
36.5400
29.0600
26.7100
25.0500
40.4200
20.9300
27.8800
30.8800
41.1900
41.3100
21.2900
14.4800
29.7500
32.4100
41.5200
33.0100
48.9300
39.3900
29.2500
29.9700
36.9100
33.9200
25.9900
38.7100
22.7200
18.2900
26.8100
38.6800
32.3900
39.0800
21.7600
28.7400
40.3400
26.3900
29.0200
36.2000
30.0400
16.4900
16.1900
17.6600
24.5400
35.9300
33.8900
36.7700
46.4300
36.6000
18.2200
28.4800
28.6700
21.8800
29.3100
26.1200
29.3800
26.6400
33.7100
27.4000
27.3700
36.3600
25.5400
15.5500
24.1500
50.3800
25.7200
27.5900
34.0000
29.8200
35.9000
37.1500
31.9100
30.6000
32.1800
31.7700
21.8200
24.8300
44.8100
29.3300
46.0800
24.8100
17.5100
27.5800
36.2400
30.6200
29.5300
12.4500
31.7400
45.5300
29.4700
18.8300
30.9500
