74.3400
64.8900
71.0600
71.0500
72.1200
76.4200
77.7200
72.2400
75.6900
76.8100
79.3300
73.1400
73.3000
76.2800
77.0000
73.4000
79.1800
74.0400
70.6800
73.1400
78.6000
79.5000
76.0800
78.6200
78.8500
78.7800
75.3700
78.7800
74.8000
80.4100
76.6600
77.9800
74.6800
76.8900
69.3400
76.2000
72.2300
72.5000
80.6400
76.5100
75.5100
68.3300
76.7400
78.1900
72.7200
75.1600
79.0400
76.4000
77.8000
80.1200
76.2400
73.6100
72.7700
78.0600
71.9400
74.6800
76.8700
79.1900
68.9700
80.2900
74.2900
77.0100
77.0100
79.1600
80.3700
74.6200
73.5900
72.8700
75.0600
78.1300
63.0200
77.6000
76.0300
75.1800
79.8600
71.9100
79.3600
75.1700
77.8600
74.6900
76.5000
79.5900
76.9700
70.4200
77.9300
80.3200
69.4900
77.8700
74.0500
71.8000
74.7900
77.7000
77.3900
76.0700
73.5600
77.0100
71.8800
71.3700
76.6600
78.3900
