38.9700
64.4700
56.3800
60.7700
59.1500
56.7500
63.1300
58.6400
64.9000
64.4000
66.0300
53.7000
52.4900
51.0500
58.0700
68.2100
58.1900
65.1300
48.2100
58.2300
38.7800
70.5100
65.9000
63.7600
66.9900
58.1300
67.0600
60.6400
58.8100
55.3000
62.9500
70.0300
62.7400
49.3000
64.3600
55.5900
58.8700
62.4700
57.1900
62.1700
58.2600
51.2300
67.0500
58.5400
58.6400
60.0500
70.1200
56.1300
59.4800
59.7700
48.3900
53.1400
62.9400
55.2100
63.9600
59.1900
73.0400
61.7600
66.6000
55.4400
65.8800
60.2700
55.9500
59.4400
63.1300
65.1200
57.1000
51.5600
54.5900
56.7300
66.2900
67.7600
55.7600
65.9700
58.0100
62.2100
60.7800
62.0500
61.7100
45.1800
52.0500
68.4600
66.3700
64.8200
58.3200
67.5400
59.7400
70.0100
50.9300
59.8500
69.5500
49.8800
69.4500
62.1900
47.1900
62.6400
65.6400
54.0500
63.7700
60.5300
