78.3400
78.4000
76.8300
81.8700
74.8000
74.0500
80.2300
80.7100
80.4200
79.1200
77.1400
81.7000
76.4800
81.1700
76.1000
77.2700
81.3600
76.1700
73.7400
79.4200
76.2200
72.2700
76.3300
79.8700
78.5700
75.7600
77.0700
77.6600
74.5000
76.5900
77.4200
78.8700
79.0200
78.1700
79.0200
72.6200
74.1200
79.1800
79.1200
76.3300
78.5600
73.9000
76.5800
74.8800
80.1200
75.0200
81.3800
80.8900
79.1300
80.5500
78.8300
74.3400
77.6400
77.6700
80.7600
74.1600
74.7500
79.8000
77.1600
81.1100
77.0700
76.8400
80.0900
78.5600
78.8200
79.5100
79.3000
74.8700
80.7300
77.0900
75.2100
76.5500
81.5000
79.1900
80.4800
80.1000
78.7400
80.3900
76.7000
77.5400
77.0700
77.4000
75.8200
80.9100
78.1900
76.2300
76.7800
76.5800
79.6800
77.9400
79.8000
75.1100
70.2900
77.3500
82.3200
77.8700
77.7400
74.4000
77.7800
79.8900
