83.4400
83.1600
82.7400
82.0100
84.0300
82.8900
83.3100
83.8400
83.5000
83.8800
82.7000
83.8300
84.4000
83.2800
84.0500
83.8900
84.2400
82.4900
83.5400
83.4300
83.1600
83.1700
82.2400
82.6700
82.9800
83.1900
82.6300
83.1100
82.9900
83.1400
82.3800
83.6900
83.9400
83.3300
83.7200
83.0500
83.0000
84.0000
83.7400
82.4300
84.2000
83.8700
84.1600
82.8300
83.5100
82.5500
83.6200
82.4700
83.2000
82.4500
83.6500
84.0200
82.8100
82.8100
83.6900
83.9500
83.7500
84.3200
82.1500
82.1600
83.5100
83.9700
81.6900
82.9300
82.4800
83.3800
83.4200
83.3800
81.9700
81.9000
82.9100
83.0900
82.9300
81.4600
83.9400
82.4000
81.0200
83.0900
83.9700
82.6200
81.4600
83.8600
83.3600
82.8300
83.1300
83.7700
83.9800
83.7100
82.3300
82.8400
84.3400
82.2600
83.7200
82.3200
83.1200
83.2100
81.4300
84.0900
83.6700
83.7900
