82.6400
82.9300
82.6200
82.6100
81.3900
82.6200
82.3800
82.8300
82.1400
82.8900
82.9700
82.5900
81.7300
82.9200
82.0100
82.6500
82.2100
82.6600
82.8300
82.7900
81.8400
82.2000
83.0600
82.8900
82.6000
81.8000
82.4600
82.7000
83.0000
83.0100
82.4300
82.9000
82.4300
82.7600
82.7800
82.8900
83.0500
82.7500
81.9900
83.1000
82.5700
82.9200
82.1900
82.9100
82.5500
82.2000
82.7400
82.6200
83.0800
82.9200
81.9200
82.7200
83.0200
82.1700
83.3400
82.4900
82.4800
83.0700
82.4300
82.1700
82.5000
82.7200
82.5300
82.4900
81.7100
82.8000
82.1500
81.9200
83.1200
82.9100
82.8600
82.9200
82.9400
82.7600
82.3800
83.1700
82.4500
81.9300
82.2000
82.8400
81.8500
83.0800
82.5400
82.7200
82.4100
82.2400
82.2500
83.0000
82.6400
81.8100
82.2400
82.4900
82.5700
82.5700
82.2800
82.5300
81.5800
81.9700
81.3800
82.8100
