72.4800
75.1800
75.2800
74.1500
74.5700
72.0500
72.6500
72.8400
73.1200
70.8300
74.6600
71.9300
74.1000
69.9800
74.9000
74.7100
72.8100
73.4900
74.4300
70.3800
73.4800
72.1100
71.5900
72.8100
73.2400
63.2600
76.0800
73.0700
75.0400
72.4000
69.1000
70.4000
69.8400
72.9600
75.4000
74.1000
73.5100
66.0900
74.7900
72.2000
67.7100
75.1800
75.0000
75.0600
72.3400
71.4600
75.2400
70.6700
72.9200
75.3200
74.0600
70.5500
73.6100
66.2600
74.5800
74.4500
76.3700
67.4900
74.7000
70.1500
72.5600
72.6700
72.2100
75.2100
72.2100
70.8100
69.5400
71.9300
65.3800
71.4100
75.2100
71.6900
70.2300
64.0600
70.4100
74.2200
71.4400
72.3400
73.0500
72.6000
75.2800
73.7800
74.9600
73.1900
72.4600
72.2700
73.0600
73.7200
73.3800
73.5400
77.4800
75.3000
76.0100
72.5400
74.9200
66.0900
68.8500
72.2000
74.3300
68.8300
