82.5900
81.1400
83.2700
82.3600
82.9300
83.8100
79.4000
81.5300
84.5200
83.4600
83.5900
83.3400
79.7800
83.2500
83.3900
83.8400
85.3600
83.1100
82.7200
83.1900
83.2000
83.3500
82.3700
82.8000
83.3900
84.9000
83.3000
82.3200
84.8300
85.2600
84.5800
81.8800
84.2300
83.1400
83.2100
79.0900
83.2600
82.9400
83.7200
85.1100
83.4700
82.5500
85.3400
84.7100
84.4300
80.7900
84.8600
81.9000
83.3900
82.7000
83.1200
84.4900
84.3300
84.5200
84.0600
83.3600
82.8200
82.5600
84.9800
85.0100
84.7800
84.3800
82.1500
84.1800
82.2600
83.0700
84.4500
84.0500
83.9700
83.0500
83.3100
83.7300
83.2300
84.4200
84.8900
83.1300
83.3000
81.0300
83.2300
84.7600
84.9000
81.2900
83.0400
80.2500
82.1300
82.8600
82.3900
82.5800
83.2600
83.2700
82.9300
82.8100
82.6500
81.9800
83.8100
79.7100
83.4700
81.5900
81.4500
82.9700
