79.8800
79.1600
81.6300
81.6700
75.4300
82.2400
80.2400
80.7200
83.2000
81.4200
81.2400
81.0500
79.7400
81.4700
80.7300
82.0400
79.8400
81.7700
81.7400
81.8300
80.0700
80.0900
77.5000
81.8200
83.0300
81.0800
81.2000
80.8100
81.8800
80.4800
82.1700
81.0300
81.2100
82.1800
82.5700
81.7300
81.4800
81.0700
82.6000
80.9800
80.8900
82.6800
80.7500
78.1500
81.6600
79.6600
81.2800
80.4900
81.7900
81.9600
79.7100
81.3700
80.9700
82.8700
78.5800
81.3300
79.5100
83.5000
82.3300
81.9900
80.8500
80.6700
81.2100
79.6600
81.8500
81.3500
79.5000
81.9300
81.0300
77.9500
81.2800
82.5200
82.1400
76.0000
81.2200
82.4900
80.7000
83.1400
82.5700
81.9900
73.2400
80.3300
78.9500
80.9900
80.9300
82.1000
80.9600
79.4800
82.7100
81.6700
81.3400
81.9400
82.0800
79.4500
80.9300
80.5800
83.3000
79.8700
80.8100
82.3200
