73.5000
75.7100
72.5100
77.7300
73.3300
77.9200
78.5100
76.1900
77.5000
68.1000
73.0200
72.9500
65.9000
63.4500
70.5800
75.5900
69.9500
70.3200
72.8200
73.9100
74.9300
54.6400
65.0000
69.5100
75.8800
67.1500
75.4100
71.4200
69.0400
73.6900
71.6000
74.3000
65.8200
74.8400
74.1100
68.3000
73.5800
71.5100
69.2500
65.6900
78.1400
75.7300
70.9800
73.0800
62.7000
71.3900
76.4000
66.8400
67.6100
76.9400
71.3500
71.3700
66.6800
69.2900
73.6400
70.7400
72.5100
72.6900
70.7900
68.3400
72.8700
67.8300
63.2800
72.0900
77.2300
71.2700
76.8700
78.1900
76.6100
72.2600
72.6100
73.8900
77.2900
75.4100
72.5400
77.1400
63.3600
74.5000
79.5100
63.6700
73.7300
69.5300
77.1400
71.2600
66.6900
74.0800
67.8400
68.7600
74.7900
73.9400
66.5700
72.4800
71.2200
70.9200
71.8200
67.9600
65.9900
73.1800
60.2200
73.0400
