64.4200
57.6400
72.6900
62.5100
65.4200
63.4900
69.1200
56.0600
66.6500
70.4100
66.2100
58.0000
72.4400
64.8800
62.8800
61.8300
67.7800
57.8200
61.5400
61.5500
63.5700
66.1200
69.1000
61.6100
67.7800
49.0600
60.9400
64.7600
69.9600
54.6800
66.7300
63.1100
59.8000
61.3200
70.1400
63.1200
56.7100
57.1600
69.3500
65.1900
66.7500
69.1600
67.5300
47.8800
68.4900
60.4200
71.2100
63.2100
74.0700
57.8200
53.0300
70.3200
63.4500
68.0700
66.4400
68.5900
68.3500
65.2700
59.7900
59.7600
67.0000
70.2100
64.9400
67.1600
72.0800
56.2700
54.4100
68.0100
62.7100
64.0500
64.8800
55.4100
57.4900
71.9800
61.1600
64.7600
65.7400
67.4200
59.4400
58.6000
65.7000
52.4200
66.4900
64.7600
65.0100
65.1100
64.9900
66.7300
62.7900
64.8000
61.4100
70.2600
59.0100
65.8600
63.6500
69.2300
66.0400
58.5000
68.1300
49.7300
