85.5600
85.2400
85.7300
85.3500
85.9900
85.5500
85.6900
86.0600
85.5600
85.9300
86.4000
85.6800
86.1200
85.4000
85.9200
84.8800
85.8500
85.8700
85.7900
85.8000
85.8900
85.4800
85.2100
85.8600
84.8600
85.9100
85.0600
85.5900
84.9800
86.2200
85.3700
85.3800
84.9500
85.7300
85.2000
85.9000
85.0800
85.7700
85.3900
85.9200
85.1500
86.0800
85.2700
85.7800
85.6000
84.4300
86.0000
86.2400
85.8200
86.2700
85.5300
85.4300
85.9900
85.3100
85.3400
85.9700
85.4400
85.6700
85.9900
85.9400
86.2400
86.3100
85.6200
85.0600
85.9800
85.3800
86.0600
85.2300
85.4500
86.1700
85.2600
84.9300
86.1600
85.8800
85.8800
85.0100
84.9400
85.2800
85.6700
85.4700
86.0100
86.0400
85.7900
85.9000
85.4100
86.4800
85.4200
85.5800
85.3600
86.0300
85.9500
85.4900
86.0200
85.9100
85.5100
85.9400
85.5700
85.7800
85.4700
85.1300
