87.1400
87.6700
87.4700
88.4000
88.0100
88.4700
87.4000
88.2400
87.8100
87.7600
87.8600
88.1900
87.5000
87.6700
87.4900
87.1500
88.5400
87.1800
87.5300
87.5200
87.7800
87.2200
87.5700
88.1600
87.9900
87.9700
87.7400
87.7400
87.2900
87.9200
87.2900
87.6800
87.3800
87.9600
88.0500
87.9200
87.4300
88.2800
87.6800
87.4800
87.5900
87.9400
86.8700
87.6200
87.6900
87.7900
87.9400
87.8100
87.7100
87.4700
87.8900
88.0000
88.1300
87.6900
87.4000
87.5400
87.6200
87.8900
87.2700
87.3700
87.7600
87.7400
87.5800
87.6000
88.2700
87.2900
87.9400
87.9100
87.9700
88.1800
87.5100
87.5700
87.3200
87.6400
87.7400
88.0500
88.0200
87.5700
87.5200
87.9800
87.7500
87.7800
87.7400
86.9500
87.7100
87.4700
87.9300
87.2800
87.8100
87.5000
87.8900
88.0500
87.6700
87.7800
88.0100
87.6400
87.8400
87.8000
87.8400
87.4600
