79.3900
78.1900
81.1100
79.4200
80.1600
81.1900
79.6900
80.8500
79.8800
80.2100
79.6200
78.4300
79.9000
79.0900
80.6800
78.0900
78.7500
78.8700
79.2600
79.9900
78.9000
79.5000
79.8100
80.0700
80.4800
80.1300
80.3700
80.4100
80.1900
77.2500
77.7300
79.8700
80.1700
80.2100
79.2400
81.0900
79.8400
80.7900
79.2600
80.4000
80.7900
80.1800
80.8800
78.4800
80.0200
80.1900
79.4400
78.8300
79.0700
79.8200
79.8100
80.8500
79.6100
79.3800
80.3400
80.3200
80.0100
79.0400
79.8300
79.3800
81.3900
80.1500
79.1800
80.2900
81.2600
80.3100
80.3500
78.0800
77.8000
79.3300
79.2100
79.4300
80.8400
79.8000
80.3100
80.6000
80.6800
80.6400
79.9700
80.5300
79.1300
80.0000
78.7200
80.3800
80.5000
77.9700
79.9600
79.4600
79.3300
81.0700
80.9100
81.4000
78.2700
80.4800
80.9800
79.8100
80.3900
79.2200
80.5300
79.1800
