71.1900
79.8300
77.6500
77.5500
70.8300
67.8600
60.5800
77.0100
61.3900
70.7200
76.6300
80.1600
64.7700
80.1200
76.1700
73.5500
76.2400
80.9700
81.7200
67.1800
76.5500
84.5100
70.1600
61.1000
79.4500
77.6900
78.9500
72.8400
70.8300
75.2400
75.1600
80.3800
82.4300
78.8100
71.3000
77.5600
70.7300
71.0400
69.9800
74.9700
80.1900
73.8700
71.2200
71.8400
76.9200
68.4300
54.3400
79.5000
80.7600
74.5400
63.4300
76.4500
80.7400
80.4300
80.1800
71.5700
80.2000
67.4300
65.0800
74.6900
81.8900
72.2000
73.9700
72.4300
73.3400
79.2900
74.3000
73.6800
82.8300
65.5500
74.7400
80.4800
74.8400
77.6200
71.0800
73.7100
80.0400
65.9800
72.8300
77.3400
76.7100
80.2100
75.8900
82.8400
79.3600
73.6100
84.4300
65.5700
66.3800
82.8800
76.1100
67.5700
75.9700
81.3200
76.9400
72.0700
75.9500
79.7900
68.3100
73.5600
