11.4800
10.8400
11.9000
10.1100
13.0900
11.7500
10.7100
14.6200
10.0100
13.7500
14.6200
10.3400
13.6100
16.0000
10.4500
8.7100
13.8800
14.9300
12.2700
10.4500
12.3200
8.7200
13.7000
12.7300
18.1600
12.2100
14.2100
10.2600
14.7700
14.3800
12.8000
10.2800
11.9600
17.2000
15.7800
9.9700
15.8200
13.0700
12.7600
13.4700
10.9200
14.3700
10.9300
11.6100
14.4800
11.8100
11.6800
12.2200
11.5100
14.8600
10.1600
12.2800
14.0000
14.0000
9.9500
10.2200
11.4900
15.1000
16.8100
10.0100
11.5600
14.1200
12.1100
15.7400
10.6800
10.3700
11.1400
11.6800
10.4600
12.7000
18.9800
9.9800
10.7000
16.3900
11.0200
11.7800
9.7500
12.4000
15.2000
11.6000
13.5900
13.9800
12.0800
11.8400
10.5500
12.5000
11.0100
10.4100
14.9900
12.7400
14.0200
13.0100
16.1200
9.6800
10.8200
10.5900
7.5400
17.0400
16.3100
9.9800
