48.4000
31.4800
32.3600
37.8700
35.4000
23.9800
34.7200
39.7300
36.9000
51.4600
40.8500
39.7100
33.0300
37.8100
19.8400
27.7600
42.3000
41.4200
52.7500
26.4600
33.8900
41.8500
39.2500
20.9500
23.4100
27.6700
52.6500
22.9500
47.8600
21.7100
40.0600
22.7400
46.4600
19.7800
35.1300
45.1700
33.3100
31.5200
20.1000
32.0000
32.4800
51.3300
26.9300
38.2000
30.3700
22.1500
36.4100
35.8200
33.6100
21.3500
34.5900
37.9100
21.6700
40.8000
33.8000
28.8800
32.3500
33.8900
24.0300
20.6100
51.9300
34.6400
48.5600
25.9400
19.2900
28.0200
40.0600
30.4200
39.4800
17.6400
27.0400
20.8700
39.7700
45.6300
31.4000
33.0200
20.9800
26.8000
40.1300
32.7700
38.8800
30.9000
38.1800
40.9400
46.9600
38.4700
53.5900
35.7000
19.3700
30.0600
26.4600
18.7600
33.8800
28.7500
26.9600
46.8800
21.3300
26.2100
19.4300
28.5000
