90.0100
90.8000
90.3500
90.7100
91.0100
90.6000
90.5600
91.1300
90.3300
90.6600
90.9600
90.7400
90.2900
90.0700
90.8100
90.4600
90.1100
91.3100
88.6000
91.0300
90.4900
90.5900
90.4200
90.0400
90.7800
90.3300
89.1300
90.3900
89.9500
91.0700
90.0600
90.1400
89.8000
91.0500
89.6200
90.3300
90.7200
90.8700
91.0900
90.8300
89.6100
89.4600
90.0600
88.6000
90.2800
91.1200
89.7400
90.7000
90.1000
90.8300
90.4700
91.0600
90.2300
91.0100
91.1200
90.1400
90.8200
89.8200
89.6400
90.3000
91.1200
91.0900
91.0900
90.1800
91.1900
90.0500
90.2700
90.7400
90.7000
90.3600
89.9500
90.0500
91.5900
90.1800
91.1000
90.3400
90.6400
90.3900
90.4600
89.9900
90.6000
89.9300
90.1200
90.2700
90.4400
90.3100
90.4900
90.8300
89.7800
90.7900
90.1200
90.7900
89.7100
91.0800
89.4300
89.5400
88.6800
90.5200
89.9800
90.2800
