0.8549
0.8976
0.9084
0.9117
0.9184
0.9241
0.9246
0.9248
0.9269
0.9313
0.9336
0.9344
0.9333
0.9380
0.9397
0.9370
0.9396
0.9417
0.9401
0.9421
0.9449
0.9427
0.9440
0.9454
0.9446
0.9462
0.9491
0.9477
0.9485
0.9494
0.9464
0.9583
0.9787
0.9826
0.9843
0.9853
0.9869
0.9875
0.9887
0.9890
0.9901
0.9906
0.9915
0.9911
0.9926
0.9924
0.9922
0.9922
0.9920
0.9931
0.9932
0.9935
0.9937
0.9930
0.9938
0.9936
0.9942
0.9938
0.9941
0.9937
0.9948
0.9949
0.9946
0.9950
0.9945
0.9954
0.9949
0.9949
0.9944
0.9952
0.9950
0.9946
0.9960
0.9951
0.9958
0.9954
0.9949
0.9960
0.9954
0.9957
0.9958
0.9961
0.9957
0.9958
0.9956
0.9963
0.9958
0.9958
0.9959
0.9957
0.9960
0.9957
0.9954
0.9962
0.9959
0.9959
0.9953
0.9964
0.9960
0.9960
0.9963
0.9959
0.9962
0.9956
0.9962
0.9959
0.9958
0.9960
0.9957
0.9958
0.9961
0.9961
0.9962
0.9962
0.9958
0.9959
0.9963
0.9953
0.9961
0.9959
