0.7760
0.8425
0.8570
0.8648
0.8728
0.8732
0.8801
0.8832
0.8836
0.8868
0.8916
0.8895
0.8953
0.8920
0.8958
0.8955
0.8956
0.8989
0.8991
0.8991
0.8990
0.9015
0.9033
0.9042
0.9019
0.9047
0.9022
0.9041
0.9038
0.9057
0.9070
0.9218
0.9356
0.9396
0.9423
0.9438
0.9454
0.9458
0.9485
0.9486
0.9496
0.9506
0.9519
0.9536
0.9532
0.9540
0.9544
0.9521
0.9538
0.9560
0.9546
0.9560
0.9560
0.9581
0.9589
0.9572
0.9592
0.9584
0.9591
0.9600
0.9598
0.9618
0.9618
0.9624
0.9633
0.9637
0.9631
0.9625
0.9629
0.9634
0.9637
0.9633
0.9632
0.9633
0.9635
0.9656
0.9637
0.9652
0.9650
0.9665
0.9644
0.9640
0.9659
0.9644
0.9652
0.9645
0.9652
0.9651
0.9636
0.9654
0.9650
0.9648
0.9642
0.9644
0.9658
0.9665
0.9646
0.9641
0.9653
0.9654
0.9668
0.9664
0.9660
0.9666
0.9646
0.9662
0.9658
0.9645
0.9667
0.9655
0.9675
0.9661
0.9641
0.9653
0.9664
0.9650
0.9661
0.9667
0.9656
0.9659
