0.6641
0.7799
0.8104
0.8224
0.8332
0.8406
0.8443
0.8498
0.8538
0.8547
0.8589
0.8613
0.8593
0.8610
0.8620
0.8688
0.8675
0.8695
0.8694
0.8690
0.8711
0.8722
0.8687
0.8736
0.8713
0.8763
0.8758
0.8748
0.8754
0.8734
0.8780
0.8904
0.9003
0.9052
0.9081
0.9100
0.9124
0.9131
0.9128
0.9143
0.9162
0.9180
0.9191
0.9181
0.9187
0.9217
0.9208
0.9209
0.9206
0.9212
0.9212
0.9224
0.9236
0.9234
0.9241
0.9233
0.9254
0.9250
0.9254
0.9253
0.9261
0.9290
0.9266
0.9282
0.9298
0.9302
0.9291
0.9300
0.9295
0.9299
0.9295
0.9317
0.9303
0.9307
0.9309
0.9306
0.9308
0.9300
0.9315
0.9306
0.9327
0.9307
0.9305
0.9325
0.9303
0.9312
0.9295
0.9309
0.9320
0.9325
0.9291
0.9300
0.9322
0.9325
0.9317
0.9319
0.9319
0.9311
0.9310
0.9338
0.9328
0.9330
0.9318
0.9310
0.9311
0.9335
0.9344
0.9322
0.9336
0.9328
0.9340
0.9310
0.9325
0.9328
0.9318
0.9341
0.9337
0.9335
0.9330
0.9307
