0.6507
0.7698
0.7970
0.8122
0.8208
0.8268
0.8355
0.8352
0.8414
0.8431
0.8462
0.8511
0.8498
0.8518
0.8553
0.8570
0.8591
0.8595
0.8596
0.8604
0.8641
0.8628
0.8636
0.8627
0.8635
0.8687
0.8682
0.8670
0.8697
0.8687
0.8714
0.8783
0.8869
0.8896
0.8920
0.8933
0.8963
0.8949
0.8962
0.8963
0.8962
0.8989
0.8997
0.9002
0.9004
0.8989
0.8987
0.8978
0.9004
0.9011
0.9007
0.9017
0.9028
0.9027
0.9026
0.9028
0.9034
0.9039
0.9046
0.9003
0.9038
0.9048
0.9066
0.9066
0.9042
0.9076
0.9069
0.9064
0.9077
0.9076
0.9075
0.9062
0.9087
0.9058
0.9066
0.9067
0.9072
0.9064
0.9075
0.9054
0.9067
0.9071
0.9079
0.9083
0.9089
0.9073
0.9071
0.9094
0.9081
0.9067
0.9067
0.9071
0.9074
0.9063
0.9089
0.9085
0.9045
0.9100
0.9070
0.9098
0.9094
0.9076
0.9088
0.9088
0.9084
0.9086
0.9077
0.9074
0.9083
0.9085
0.9106
0.9082
0.9079
0.9074
0.9100
0.9100
0.9074
0.9092
0.9097
0.9078
