0.1244
0.1651
0.1784
0.2016
0.2464
0.2984
0.3305
0.3638
0.3943
0.4312
0.4684
0.5042
0.5372
0.5664
0.5911
0.6122
0.6327
0.6504
0.6707
0.6799
0.6949
0.7044
0.7152
0.7234
0.7301
0.7375
0.7432
0.7472
0.7532
0.7588
0.7640
0.7733
0.7849
0.7883
0.7926
0.7949
0.7949
0.7974
0.8001
0.7991
0.8005
0.8026
0.8044
0.8059
0.8057
0.8080
0.8068
0.8058
0.8096
0.8103
0.8112
0.8109
0.8119
0.8121
0.8140
0.8149
0.8139
0.8193
0.8170
0.8170
0.8180
0.8178
0.8221
0.8233
0.8213
0.8233
0.8199
0.8247
0.8258
0.8240
0.8203
0.8233
0.8218
0.8241
0.8236
0.8248
0.8232
0.8229
0.8232
0.8237
0.8240
0.8229
0.8258
0.8248
0.8229
0.8236
0.8229
0.8234
0.8249
0.8256
0.8251
0.8252
0.8241
0.8271
0.8263
0.8263
0.8248
0.8271
0.8283
0.8264
0.8274
0.8258
0.8247
0.8272
0.8263
0.8254
0.8257
0.8257
0.8270
0.8270
0.8258
0.8274
0.8256
0.8254
0.8268
0.8270
0.8264
0.8261
0.8251
0.8259
