0.8154
0.8686
0.8804
0.8850
0.8920
0.8939
0.8993
0.9003
0.9019
0.9058
0.9078
0.9080
0.9102
0.9125
0.9130
0.9151
0.9138
0.9173
0.9161
0.9175
0.9206
0.9192
0.9190
0.9213
0.9201
0.9219
0.9230
0.9252
0.9277
0.9276
0.9246
0.9422
0.9569
0.9622
0.9651
0.9670
0.9679
0.9694
0.9719
0.9714
0.9728
0.9722
0.9744
0.9752
0.9754
0.9763
0.9753
0.9774
0.9783
0.9787
0.9774
0.9789
0.9783
0.9788
0.9805
0.9803
0.9804
0.9793
0.9813
0.9804
0.9806
0.9817
0.9817
0.9834
0.9834
0.9833
0.9845
0.9836
0.9839
0.9841
0.9834
0.9845
0.9842
0.9848
0.9837
0.9843
0.9835
0.9840
0.9844
0.9838
0.9838
0.9839
0.9846
0.9853
0.9844
0.9856
0.9850
0.9849
0.9851
0.9846
0.9844
0.9846
0.9852
0.9855
0.9855
0.9846
0.9854
0.9848
0.9857
0.9845
0.9846
0.9859
0.9844
0.9847
0.9859
0.9849
0.9851
0.9842
0.9852
0.9865
0.9841
0.9856
0.9857
0.9853
0.9855
0.9860
0.9862
0.9860
0.9855
0.9850
