90.32
91.54
91.78
92.64
92.90
92.45
92.79
92.28
90.95
91.99
91.51
91.07
92.17
93.13
92.13
91.08
92.68
91.57
91.11
91.95
91.78
92.64
93.15
92.69
93.57
93.24
91.19
91.59
92.75
92.65
90.82
90.93
91.83
92.11
91.38
92.41
90.68
92.42
91.79
92.76
91.76
93.62
91.67
92.93
92.41
92.13
92.99
92.79
91.14
90.54
92.33
91.40
91.47
92.41
91.16
92.98
91.24
91.55
90.24
92.25
92.11
92.23
93.58
91.72
93.07
91.33
93.11
90.92
91.44
93.06
91.50
92.31
93.57
91.61
93.13
91.80
91.77
92.40
93.65
93.13
90.91
92.85
92.58
93.41
92.05
91.94
91.45
92.19
91.59
93.34
91.62
91.30
92.07
91.93
93.09
93.37
92.75
92.19
92.95
92.26
92.82
92.40
90.53
90.57
91.09
92.68
90.39
92.93
91.62
92.46
92.41
91.99
88.89
91.99
92.34
92.85
92.35
92.37
92.33
93.15
92.43
91.88
92.78
93.20
91.68
91.10
92.86
90.37
92.87
92.07
91.49
92.17
91.08
92.48
92.04
93.31
93.34
90.34
92.97
92.69
93.06
93.28
91.08
90.73
92.28
92.41
92.43
92.24
92.53
92.42
92.55
92.77
91.44
91.12
92.03
91.74
90.87
93.00
92.19
92.70
92.83
92.95
91.99
92.33
92.42
91.60
93.38
93.46
92.80
93.55
91.94
93.87
92.22
92.43
92.82
92.02
93.18
93.19
91.36
92.11
91.71
92.91
93.14
91.57
92.44
91.34
93.56
90.98
92.15
91.85
92.96
92.73
92.93
92.44
92.71
93.31
92.93
92.54
91.12
93.19
93.53
91.05
89.36
92.17
92.57
92.00
93.39
90.25
92.46
92.39
91.30
92.73
91.13
93.04
89.84
92.56
92.43
92.30
92.44
91.68
93.09
91.57
92.01
92.68
92.36
93.06
91.14
93.05
91.42
93.34
92.84
91.71
92.73
91.90
92.06
92.98
92.05
93.25
92.26
92.61
92.92
93.31
91.59
93.26
91.88
93.55
91.48
91.65
92.79
92.07
92.44
91.61
92.24
91.63
92.58
92.69
93.27
91.65
91.26
92.03
92.32
90.72
92.60
92.34
92.26
92.20
91.84
92.13
92.82
91.79
92.58
92.51
92.95
91.82
92.83
92.06
91.70
91.85
92.51
92.62
92.69
91.63
93.17
91.91
91.36
92.73
93.11
92.66
93.14
91.14
93.59
92.51
91.79
90.40
92.69
91.72
90.40
92.27
92.73
91.41
92.66
93.66
92.53
91.44
93.22
91.63
92.00
92.86
93.63
91.85
91.81
90.63
91.86
92.25
92.49
92.83
92.04
91.49
92.35
90.93
91.17
92.01
90.49
93.50
92.31
90.86
91.86
91.49
92.37
91.59
91.11
92.90
92.78
89.46
92.48
91.24
92.51
92.09
92.34
93.54
93.33
92.79
91.76
92.62
92.30
92.81
91.15
92.21
92.50
89.94
93.24
91.97
91.85
93.04
92.87
93.23
93.10
92.42
92.14
92.32
89.69
92.23
89.82
92.27
93.26
91.18
92.67
93.16
92.43
93.19
89.54
91.88
92.23
91.85
91.83
92.37
91.75
93.64
92.50
92.53
92.49
92.80
92.36
91.57
89.45
92.51
93.55
93.02
91.90
91.14
91.46
93.54
92.56
91.03
93.04
92.93
92.01
92.94
92.86
92.90
92.77
93.27
92.18
92.29
91.41
89.94
92.10
92.45
91.24
92.28
92.85
92.83
92.68
92.29
92.42
91.07
86.81
92.61
91.66
92.24
93.23
91.14
93.99
92.36
92.38
92.59
92.57
90.68
91.46
91.25
92.07
91.04
93.44
93.42
94.05
91.98
92.40
93.28
93.25
92.11
91.99
90.24
92.82
92.13
92.29
89.82
91.58
92.18
91.03
92.64
92.77
92.59
92.85
93.00
92.53
91.61
89.97
92.88
91.55
92.56
91.16
91.34
92.50
91.35
91.73
92.23
91.92
92.67
93.27
93.00
89.92
92.69
92.35
93.20
90.44
92.33
89.41
92.81
91.88
92.21
92.91
93.38
92.42
92.32
92.96
93.75
92.60
91.82
91.25
90.76
92.21
92.13
93.66
93.20
92.69
91.39
90.55
92.90
91.88
91.54
92.09
91.70
90.88
93.13
93.08
91.81
93.03
91.99
92.96
92.25
91.77
92.86
92.28
92.64
92.54
92.76
92.08
93.39
91.74
89.35
92.59
92.74
92.21
92.43
92.83
90.95
91.42
92.87
92.13
91.92
89.98
91.13
90.78
92.78
92.10
91.86
93.06
91.66
91.73
92.63
92.72
91.13
92.20
91.86
92.29
92.27
92.99
93.60
91.70
93.04
91.56
93.06
92.47
92.74
91.74
92.39
94.07
92.11
91.78
93.03
92.63
91.07
91.31
93.18
92.65
92.43
92.38
91.72
92.69
92.82
92.79
90.82
92.69
92.81
92.15
93.15
92.02
92.17
91.98
92.18
93.34
92.64
91.00
93.05
93.29
91.90
92.86
91.89
92.18
92.48
92.78
92.52
91.92
92.29
92.26
92.38
89.69
92.57
90.58
91.97
92.74
93.25
92.19
91.25
92.96
91.21
90.89
92.09
93.59
92.13
93.73
89.90
92.93
93.00
92.27
92.91
91.56
90.01
91.06
93.03
92.63
91.82
92.31
92.28
91.28
92.65
92.24
93.78
92.55
92.49
92.86
92.53
92.76
93.05
92.10
93.29
91.85
91.79
92.39
92.58
91.97
93.31
92.38
92.47
91.17
92.24
92.81
92.98
92.95
92.41
91.51
93.17
92.37
91.22
92.99
90.18
92.07
91.87
89.83
92.46
92.12
93.38
91.88
93.58
90.99
92.14
92.67
92.56
91.81
90.62
91.94
92.13
92.83
91.74
91.44
89.42
92.10
90.90
90.03
92.61
91.58
91.52
92.02
93.56
92.82
92.68
93.09
91.85
92.72
92.09
92.53
91.75
91.38
93.50
91.78
92.19
91.90
92.57
91.05
92.68
92.95
90.92
93.19
92.62
90.68
92.50
93.38
93.22
92.71
92.52
92.99
90.34
93.05
92.93
91.58
92.92
91.94
90.58
92.82
92.07
92.47
93.04
92.25
91.69
92.73
92.92
92.06
91.50
92.19
92.91
93.34
92.18
91.12
92.17
92.28
92.40
92.16
92.64
91.51
91.38
91.16
91.54
91.66
92.36
92.41
92.77
92.84
90.57
92.63
92.13
90.63
92.39
92.42
92.36
92.74
91.07
92.64
92.92
93.72
92.52
90.04
92.72
91.60
92.23
92.37
92.16
91.59
91.83
91.94
91.53
89.39
90.55
93.20
92.67
92.17
88.84
90.88
92.10
92.00
93.56
93.56
92.63
90.90
90.15
91.68
91.95
93.24
90.80
93.50
91.21
92.59
91.43
92.91
92.48
92.05
92.96
91.86
93.19
93.11
89.90
91.89
92.33
91.42
93.44
93.00
92.34
93.21
92.34
91.91
91.38
91.55
91.42
91.95
92.09
93.06
93.03
92.08
90.49
91.79
93.23
89.46
93.62
90.74
89.88
92.36
93.33
91.14
92.84
94.07
92.66
92.09
91.73
92.23
88.27
93.05
91.72
92.14
92.69
92.80
93.05
92.73
90.33
92.74
91.69
92.42
90.73
91.88
93.39
91.86
92.93
91.36
90.81
91.96
93.32
92.73
92.77
92.48
92.22
92.91
91.30
92.43
91.54
92.60
90.54
92.08
92.00
90.77
91.76
91.95
92.10
90.48
92.17
92.00
91.89
91.12
93.69
92.45
92.41
92.94
91.32
91.60
92.72
91.74
91.50
92.31
92.86
91.63
93.30
93.01
92.53
91.68
89.67
93.34
91.05
93.50
91.21
92.59
91.58
93.19
91.73
91.99
91.61
90.12
90.10
93.29
91.69
92.67
92.28
91.43
91.74
92.61
93.25
92.18
92.79
92.92
90.94
91.86
91.38
93.13
90.63
91.86
92.55
92.35
91.77
92.10
91.68
92.99
93.00
92.90
92.48
91.85
92.57
93.12
92.13
91.41
91.23
91.49
93.21
93.07
92.24
92.84
92.34
92.44
92.29
93.36
93.66
93.68
92.37
92.19
91.51
89.12
91.82
91.21
89.67
91.16
92.82
90.63
92.21
93.08
92.49
93.53
91.84
92.08
91.19
93.07
92.19
91.87
92.53
93.08
92.88
92.78
91.28
91.75
90.39
92.62
92.17
91.70
91.61
92.15
91.65
91.24
91.27
90.56
92.08
92.48
91.57
93.23
92.57
89.47
90.91
90.86
91.59
90.75
92.68
90.78
92.66
91.22
93.09
90.93
91.97
