89.40
88.36
89.02
89.66
88.74
89.64
89.76
89.69
89.50
89.51
87.79
89.14
89.32
89.67
89.60
89.44
88.65
88.37
89.44
89.26
89.00
89.36
89.86
89.20
89.39
90.10
89.16
89.42
89.27
89.52
88.50
88.54
89.65
89.92
89.78
87.96
89.66
89.58
90.21
89.36
89.16
88.25
89.89
89.90
89.30
89.70
89.79
89.47
87.22
89.27
89.40
89.77
89.87
89.79
89.19
88.88
88.20
89.06
90.32
88.45
88.45
87.76
89.55
89.62
89.23
89.06
89.99
89.90
89.96
88.00
89.18
89.52
89.37
89.29
88.47
88.47
89.90
89.77
87.07
87.40
90.09
89.57
88.87
89.32
90.14
88.86
89.88
87.73
90.29
89.56
88.70
87.40
90.14
89.51
89.18
89.63
89.39
88.79
86.95
89.07
87.88
89.82
88.60
89.28
90.18
89.79
89.19
89.81
90.03
88.86
89.05
89.89
88.78
89.54
89.68
90.03
89.33
89.70
88.21
90.19
89.71
88.75
88.06
89.80
89.80
89.20
89.11
89.92
89.43
88.90
89.08
89.97
90.17
89.36
89.65
89.86
87.27
89.52
88.52
90.14
89.90
90.18
88.76
89.66
88.11
89.24
89.32
89.57
89.43
89.20
89.61
89.86
89.83
88.96
89.24
90.53
89.82
87.04
88.69
89.02
89.56
89.33
88.81
89.04
89.10
88.02
87.36
90.03
89.83
89.60
89.62
88.66
90.15
89.00
88.41
89.65
89.25
89.77
89.58
89.69
89.75
86.56
89.79
88.70
87.46
88.95
88.83
89.59
89.76
89.58
88.91
88.72
89.77
88.75
88.96
89.24
88.59
90.45
89.18
89.82
88.65
89.27
88.91
89.46
88.37
88.20
89.79
87.71
89.20
87.58
88.44
89.58
88.68
89.67
90.01
89.81
88.98
87.71
87.33
89.79
89.39
89.45
89.33
88.92
89.74
90.03
88.95
89.78
88.34
89.66
89.37
89.99
89.29
89.72
89.75
89.22
88.89
88.61
88.62
89.47
89.29
87.71
88.79
88.69
88.41
88.88
89.73
89.15
89.72
89.97
88.89
89.50
89.50
89.12
89.68
89.28
89.27
89.04
89.69
89.06
89.03
89.28
89.99
89.12
88.95
89.06
88.77
88.42
88.73
89.34
88.86
89.26
89.61
89.14
88.36
88.59
89.05
89.56
88.74
86.48
89.58
89.96
87.83
89.34
89.05
89.36
89.15
88.98
89.65
89.12
88.88
89.63
88.56
89.00
88.23
89.12
89.64
89.15
89.96
89.91
90.02
90.26
88.94
89.55
89.01
90.00
88.97
87.51
89.80
90.20
90.00
90.04
89.24
89.71
89.63
88.98
89.74
88.76
89.36
89.38
87.63
88.47
89.84
88.75
86.97
87.66
89.29
89.32
88.39
88.71
88.61
88.58
87.59
87.68
88.44
89.10
86.43
89.23
88.34
88.62
86.85
87.09
88.89
89.85
88.62
88.58
89.30
89.99
89.78
89.40
89.57
89.53
89.52
89.83
87.30
87.90
88.84
86.54
89.63
89.45
89.32
89.04
88.74
88.46
89.06
87.88
90.02
89.43
88.77
89.26
89.67
89.42
89.22
90.13
89.12
89.33
89.53
89.93
89.45
90.03
88.99
87.50
89.44
90.13
88.00
89.90
87.91
89.47
86.02
90.32
89.66
87.75
88.93
89.90
89.27
89.33
89.78
88.97
89.36
88.94
89.66
89.44
88.95
89.04
89.38
89.14
90.04
87.87
90.06
90.31
89.24
89.51
88.99
89.70
89.60
89.39
89.10
89.38
89.19
89.91
89.77
88.49
89.33
88.72
89.28
89.43
87.66
89.12
87.28
89.90
89.12
88.78
89.66
89.33
88.85
89.45
89.65
89.02
89.57
89.95
89.86
89.78
89.29
89.86
89.65
89.40
90.19
89.62
90.09
89.35
88.10
87.76
86.61
88.82
89.55
89.24
88.24
90.28
89.49
88.53
88.08
87.83
89.55
89.25
87.82
88.94
88.78
89.66
88.84
89.51
89.48
89.63
89.92
87.67
89.45
89.12
87.54
90.44
89.52
88.06
90.00
89.39
89.78
88.93
89.95
88.11
87.88
88.24
87.71
87.22
88.98
88.66
88.88
88.01
89.11
89.26
89.13
89.29
88.90
88.86
87.51
88.03
89.27
89.64
89.52
89.43
90.03
88.96
87.96
89.38
88.94
89.80
89.31
89.29
89.18
87.92
89.38
89.42
88.50
89.76
89.39
89.04
88.97
88.48
86.93
88.74
88.65
89.42
89.29
86.48
89.07
89.71
88.59
89.35
88.16
88.65
89.18
90.23
88.51
89.87
89.83
89.30
89.87
89.36
89.86
84.83
89.38
88.69
89.39
89.19
88.98
88.40
89.23
89.13
89.50
88.56
88.40
88.29
89.21
89.49
89.25
89.01
89.13
89.61
90.35
89.05
89.83
89.45
89.75
88.36
89.42
89.11
89.53
89.14
89.33
90.29
88.97
89.54
90.28
89.27
89.83
88.56
89.91
88.33
89.15
90.24
89.16
89.35
89.98
88.94
89.20
89.63
89.35
88.98
89.51
89.72
89.97
89.61
89.37
88.82
89.63
88.94
90.08
90.22
89.15
89.06
89.13
89.55
89.52
88.61
88.36
88.87
89.42
89.45
89.35
89.78
90.17
88.51
87.55
88.35
88.07
89.31
89.25
88.91
87.77
90.00
90.41
88.64
89.56
90.15
89.78
89.45
88.14
89.76
89.02
88.27
88.42
89.34
89.46
89.19
89.40
88.37
89.86
89.57
89.21
89.33
89.03
89.23
89.18
89.63
89.57
88.95
89.38
88.28
89.32
89.33
89.49
89.45
87.99
88.81
88.68
89.77
89.24
89.21
86.80
88.91
89.86
89.50
89.21
88.44
89.13
89.37
89.09
89.83
89.36
89.51
89.50
89.20
88.85
88.88
88.77
89.06
88.09
89.51
89.85
89.47
89.72
89.21
90.11
86.46
88.76
89.76
87.48
88.31
89.92
88.70
88.43
89.95
89.42
89.72
88.89
89.50
89.06
88.89
89.56
88.99
89.75
89.69
90.01
89.21
88.75
90.67
89.70
89.41
89.04
88.79
89.68
89.97
88.65
88.65
88.76
89.42
89.80
87.85
89.08
88.73
88.47
90.17
86.97
88.84
88.27
87.66
89.76
89.12
89.70
88.59
89.41
89.16
88.62
88.70
89.97
89.28
89.52
89.58
89.49
89.20
88.48
88.64
90.08
88.29
87.64
89.18
89.95
89.65
90.00
88.87
88.56
89.98
88.07
88.02
89.06
88.82
89.51
88.83
87.28
88.78
89.78
90.06
90.16
89.63
89.37
89.04
88.98
88.91
89.64
88.52
89.11
87.76
90.27
89.25
87.88
89.35
89.70
88.35
87.15
89.79
89.65
89.11
89.23
89.61
90.01
89.49
89.46
89.62
89.49
90.21
89.53
89.97
86.78
89.42
89.58
89.69
89.90
88.81
88.61
89.39
89.77
90.30
87.39
89.71
89.53
89.89
89.12
89.38
89.92
87.69
89.96
90.19
88.95
89.58
89.35
89.06
89.72
89.69
89.03
88.78
88.77
89.35
89.01
88.76
88.48
89.89
88.37
89.60
89.00
89.31
89.79
90.09
89.19
89.71
89.18
89.72
89.85
88.35
89.92
88.78
90.23
89.56
88.41
89.26
89.29
89.62
89.52
88.91
89.10
89.03
88.53
88.03
88.44
90.03
88.88
89.93
88.87
89.71
89.86
88.43
89.62
89.85
90.20
87.99
89.80
89.64
89.77
90.25
88.77
88.62
89.65
89.18
90.03
89.83
89.51
88.49
89.95
89.77
89.60
89.29
88.88
89.38
89.04
88.48
88.19
87.80
88.26
89.63
87.17
88.50
89.56
89.61
89.87
89.31
89.59
87.23
89.28
89.49
88.91
89.28
89.36
88.40
88.77
90.19
89.24
89.55
87.33
88.94
88.82
89.55
88.68
89.43
89.74
90.22
89.10
88.78
88.31
89.02
88.71
88.42
88.63
88.38
88.28
89.55
89.68
88.15
89.88
88.95
89.18
89.20
89.88
89.15
89.76
89.02
84.24
89.07
89.22
88.59
89.63
88.93
89.37
87.80
88.62
88.96
88.38
89.78
89.04
88.95
89.36
88.30
89.96
89.30
89.75
90.06
88.16
88.93
90.13
89.91
89.64
88.32
90.46
90.02
89.69
89.68
89.55
90.03
89.37
89.08
87.37
88.57
89.07
87.28
88.46
89.50
87.88
88.65
89.99
89.50
89.98
88.05
89.78
89.63
89.27
87.71
89.75
88.97
88.76
90.34
90.16
89.25
87.39
89.51
89.12
88.83
