86.59
87.84
88.33
87.39
88.27
88.45
87.56
88.47
88.08
88.31
88.29
88.68
86.42
89.32
87.67
88.67
88.83
87.62
88.37
86.90
87.17
87.42
85.95
84.85
87.15
87.39
87.20
88.08
88.17
88.07
87.77
88.70
88.60
88.33
86.02
87.57
87.05
88.09
88.45
88.05
87.83
87.43
86.94
88.66
88.28
88.35
89.12
88.71
88.15
87.45
88.10
87.57
86.41
88.31
87.83
88.69
86.05
87.52
86.95
88.47
88.12
87.93
87.86
88.24
87.26
88.65
87.48
88.42
86.07
88.35
87.43
87.29
88.52
89.09
88.85
85.95
88.19
88.68
89.34
87.33
88.84
87.87
88.54
88.60
88.52
88.21
86.76
88.40
89.05
88.61
87.94
87.70
87.66
88.57
88.02
87.99
87.87
87.62
89.10
87.74
85.69
88.53
86.88
89.11
87.34
88.24
88.61
87.99
88.26
88.31
89.28
88.77
87.91
87.19
88.44
88.33
87.71
88.05
88.62
88.39
88.72
88.92
87.87
88.32
88.68
88.98
87.41
89.04
88.02
87.76
86.41
87.78
89.09
89.13
88.78
89.10
88.35
89.07
88.03
87.82
87.71
87.70
87.67
87.52
88.06
87.98
89.01
87.12
88.60
88.32
88.02
87.86
88.94
87.36
88.31
87.62
88.76
87.80
89.02
87.52
88.31
88.85
87.79
88.90
88.74
87.89
86.76
88.57
88.81
88.43
87.36
87.32
86.59
87.72
89.09
87.54
88.75
87.77
89.20
87.49
86.35
86.60
89.01
88.48
87.73
87.60
88.43
87.29
86.70
88.33
89.00
88.00
86.26
87.69
87.29
89.00
88.17
87.87
88.23
87.56
88.23
89.05
88.50
89.00
89.17
86.81
87.87
88.00
88.15
89.18
87.98
88.14
89.45
88.40
87.94
88.64
87.38
88.19
87.57
89.09
88.41
87.89
88.00
88.65
84.65
84.86
87.79
87.98
88.48
86.85
87.62
88.41
88.70
88.51
87.51
87.98
88.48
87.63
87.07
88.49
88.88
88.76
88.21
88.31
89.06
88.35
88.98
87.84
89.62
87.69
88.51
87.41
88.56
86.11
89.53
87.83
87.56
88.72
88.22
87.49
88.22
88.85
87.28
86.36
87.80
89.00
87.61
88.60
87.60
87.59
88.59
88.79
87.00
86.50
88.05
88.51
87.59
86.22
88.67
87.47
88.13
88.02
87.88
87.28
88.71
87.92
88.78
87.79
88.48
89.32
86.75
88.25
88.00
87.64
88.05
87.83
88.74
87.96
88.21
88.63
88.01
87.95
88.94
87.43
87.41
88.10
86.37
87.47
88.68
88.12
89.16
88.69
86.63
88.87
88.02
87.97
88.38
86.59
87.93
88.12
87.72
87.99
88.91
87.30
88.56
88.35
88.99
87.83
88.39
88.63
87.93
86.74
88.67
86.34
88.89
86.78
89.22
88.63
88.11
87.64
88.69
88.52
88.24
88.25
87.40
87.38
88.44
87.70
87.38
88.11
88.93
87.43
88.60
89.08
88.69
88.07
88.44
88.44
88.40
88.24
88.14
87.42
88.69
87.23
88.80
86.67
88.53
88.96
88.75
87.26
88.28
87.01
88.73
87.03
87.95
89.11
88.26
89.20
88.01
88.87
88.05
87.81
88.86
88.15
87.96
88.81
88.13
86.41
85.76
88.55
86.87
87.90
88.49
86.81
86.81
88.28
89.32
89.61
89.22
87.60
87.97
87.91
87.26
89.06
87.42
88.68
87.58
87.81
88.57
88.32
88.04
88.96
87.22
87.16
88.82
88.55
88.52
88.43
87.96
87.55
88.94
87.60
88.56
87.92
88.31
87.65
87.82
88.24
87.59
88.26
88.22
88.11
88.24
88.57
86.04
88.55
88.54
88.45
88.67
88.24
89.00
88.75
86.50
89.19
87.60
89.45
87.87
89.24
87.72
88.76
88.70
87.18
88.43
89.39
88.42
88.60
88.56
88.01
87.11
88.11
88.56
88.77
88.23
88.16
87.45
88.03
87.49
87.99
88.40
88.81
87.88
88.35
87.71
88.18
88.99
88.28
87.89
87.02
87.29
87.32
87.87
88.79
87.59
87.99
87.60
87.98
89.39
85.19
88.34
87.04
88.22
87.21
88.29
87.92
87.20
87.64
87.78
87.35
87.95
88.22
88.90
88.94
88.12
87.54
88.48
87.74
87.82
88.49
87.42
87.84
88.73
88.15
87.27
88.73
88.69
86.58
88.32
88.41
87.53
89.52
87.46
88.15
88.51
87.97
87.79
88.15
86.45
87.54
89.06
88.35
89.00
86.41
88.65
89.22
87.97
87.49
88.67
87.20
87.14
87.83
87.35
87.90
87.92
87.90
87.81
86.85
88.67
88.15
87.73
86.78
88.10
88.57
88.77
87.76
87.40
88.16
88.82
88.73
87.69
88.49
88.14
88.75
88.36
88.40
88.52
88.71
88.69
86.77
87.48
88.21
86.52
87.42
86.73
88.60
88.88
89.11
88.76
87.67
88.66
87.65
88.79
86.86
87.92
86.28
88.21
87.26
88.69
88.29
88.60
89.40
86.40
87.65
89.46
88.07
87.82
88.52
89.05
87.84
89.67
87.61
87.61
88.61
88.37
87.97
88.60
88.26
88.43
87.58
88.10
86.30
88.33
87.82
85.44
88.24
87.53
88.37
86.83
88.64
88.15
88.26
87.76
87.67
88.73
88.54
88.88
88.00
86.07
86.41
88.87
88.66
88.32
87.52
87.81
87.33
87.94
89.01
87.57
88.82
87.38
87.24
88.39
87.55
88.48
87.94
88.60
86.43
88.97
88.47
87.23
88.40
88.11
89.51
88.37
88.26
87.81
87.14
88.53
88.74
87.71
88.60
88.17
87.96
86.68
88.89
87.95
88.76
89.05
89.70
87.62
86.10
88.34
88.05
87.42
88.50
88.05
88.67
88.64
88.88
87.98
86.38
87.93
86.82
88.31
87.44
89.10
86.98
88.46
86.26
89.45
88.16
87.96
87.57
88.56
88.00
88.80
86.96
88.89
88.02
87.97
88.09
88.17
88.86
88.21
88.59
89.11
86.64
87.44
87.74
88.20
88.62
87.69
87.84
87.64
88.41
86.09
88.16
88.41
88.48
86.00
89.43
87.96
88.69
88.26
88.29
86.14
87.27
88.82
88.81
89.18
87.60
88.72
88.51
86.79
88.14
88.08
89.07
88.86
87.88
88.82
89.59
87.73
86.28
86.87
88.08
85.93
88.84
89.16
88.65
87.88
86.64
87.53
87.60
88.16
88.16
88.89
87.74
86.29
88.74
87.40
88.80
87.63
87.73
88.79
88.91
88.25
87.67
87.01
87.15
89.12
89.43
88.45
88.22
87.90
88.60
87.85
87.47
87.25
88.65
88.55
89.19
88.51
87.58
86.69
88.62
87.81
89.26
88.87
88.49
87.88
88.27
88.33
87.99
88.09
89.04
87.36
88.57
89.06
87.57
89.13
87.28
86.71
88.61
88.24
89.18
88.41
87.28
87.96
87.39
86.83
87.52
87.56
88.29
88.71
88.36
88.12
87.90
88.15
88.02
88.54
88.63
89.48
88.42
87.50
88.33
87.74
88.57
88.39
87.78
88.58
88.35
88.77
87.58
88.61
86.94
87.88
88.06
86.68
88.72
86.58
88.89
88.50
87.46
88.40
88.55
88.38
88.94
88.79
88.29
89.82
88.40
86.99
88.59
88.27
88.26
87.93
88.62
88.19
88.52
88.83
88.96
86.07
87.14
87.93
87.81
88.80
88.52
86.91
87.96
85.26
88.77
88.08
87.71
88.89
88.76
88.50
87.60
89.37
87.69
88.29
86.78
88.61
87.53
88.39
88.52
87.15
87.81
88.09
88.45
85.63
87.62
88.38
87.92
88.97
88.69
88.46
87.29
88.19
86.47
86.97
88.60
88.35
87.86
88.96
87.45
87.65
88.88
88.24
88.05
87.28
86.88
88.00
88.15
89.08
88.49
87.90
88.79
86.17
88.66
88.62
87.41
87.44
88.03
88.12
88.20
88.20
89.94
87.58
88.47
88.08
87.51
88.77
88.37
88.89
88.66
87.97
87.48
88.82
88.87
87.70
88.64
89.13
88.37
88.85
88.90
88.87
88.42
86.23
88.45
88.63
85.65
88.41
87.24
87.09
86.23
88.62
87.68
87.19
86.74
88.44
87.07
88.44
88.83
88.43
87.69
88.65
88.09
87.68
88.44
87.85
88.49
88.79
88.96
88.55
89.07
89.09
88.86
87.53
88.79
87.90
88.28
88.11
88.55
89.55
88.60
87.78
89.42
87.41
87.94
87.20
88.55
87.98
88.30
89.04
88.13
87.63
88.66
87.77
87.63
88.12
86.07
