79.85
83.86
82.68
84.21
83.92
76.40
77.44
84.48
82.97
82.52
81.20
80.56
79.51
80.12
82.31
84.55
79.06
73.95
83.92
81.15
83.50
83.96
82.50
81.19
77.82
80.98
84.11
81.85
80.73
82.99
80.56
78.61
84.14
83.00
84.35
82.90
83.00
83.77
81.13
84.86
81.04
76.31
84.10
82.10
76.48
79.84
81.07
81.61
82.09
80.28
83.06
80.27
81.22
81.88
82.33
82.30
83.51
75.70
81.47
82.40
82.75
76.09
84.87
83.61
81.45
76.04
82.43
81.57
76.58
82.65
78.85
82.93
82.17
79.15
82.94
80.89
84.16
78.66
75.43
81.35
81.36
80.04
81.76
83.51
82.77
82.26
83.66
83.05
82.81
82.28
82.94
83.16
80.84
79.54
83.78
82.42
84.10
85.03
82.98
78.57
79.48
84.45
84.81
81.46
79.99
84.75
80.13
83.45
82.54
82.78
81.67
82.87
79.28
84.69
82.19
82.22
83.12
73.73
81.78
79.85
82.19
82.60
82.99
82.32
80.84
83.85
82.10
83.80
84.18
81.89
83.16
76.68
82.14
81.91
77.85
70.68
79.08
83.55
81.49
82.62
78.54
82.98
77.38
79.61
81.96
79.09
79.51
82.20
81.86
81.73
77.99
81.57
78.54
84.68
83.43
83.83
80.31
78.00
81.22
85.26
82.04
79.60
80.56
83.30
82.72
83.03
83.85
83.77
82.93
82.41
78.04
83.96
77.91
81.03
81.91
81.90
83.47
84.01
84.66
81.47
81.92
83.11
82.75
83.40
79.55
83.72
81.79
81.71
83.91
83.44
83.14
83.04
82.45
79.72
79.34
80.10
83.29
82.47
81.38
84.75
81.08
77.94
79.94
81.29
81.44
84.27
80.06
83.40
82.30
83.68
84.68
80.50
82.60
82.45
79.59
85.14
82.41
82.11
80.27
80.70
84.08
82.09
81.35
82.56
80.50
80.03
81.09
84.45
73.88
81.44
80.88
83.09
79.10
84.70
77.99
85.01
78.82
79.09
86.33
80.63
76.65
84.28
83.76
82.46
79.01
81.29
82.51
82.99
79.22
83.05
81.25
84.79
83.20
83.32
80.03
80.54
79.68
84.05
81.79
86.60
79.29
83.03
80.01
81.29
80.98
80.60
83.50
81.57
80.51
77.02
82.89
85.48
82.68
80.94
81.50
83.15
80.38
83.01
85.21
83.82
79.23
83.49
82.84
81.44
79.14
83.72
83.05
79.21
79.77
79.26
83.68
83.36
78.66
77.08
83.37
76.05
78.69
83.43
81.41
83.95
79.05
78.72
80.59
83.12
82.01
80.35
84.69
76.65
84.75
84.01
81.94
83.32
78.71
77.86
84.34
82.42
78.47
83.90
78.78
81.76
82.51
81.66
79.25
80.33
81.16
81.50
80.30
83.06
75.14
81.60
82.20
82.01
79.96
82.25
82.59
83.29
75.64
78.15
78.24
82.25
81.75
83.95
82.03
79.90
80.69
84.19
81.55
85.81
83.03
84.14
82.58
83.66
82.93
84.70
82.60
79.98
81.55
84.48
85.11
82.90
83.58
79.70
81.13
83.15
79.02
84.42
81.05
83.18
82.43
79.41
77.50
83.04
83.56
83.13
81.23
80.56
77.44
82.13
82.54
81.17
84.52
81.20
81.72
77.98
82.02
84.14
81.11
81.48
76.90
79.56
82.11
81.96
80.90
80.90
82.96
81.21
83.03
78.10
82.11
82.42
82.97
80.15
83.66
77.23
82.82
79.09
79.85
82.51
84.03
82.98
81.31
81.12
79.66
82.54
79.19
81.97
81.13
80.67
81.87
82.25
84.44
80.43
71.13
83.14
82.59
82.21
84.22
79.88
84.50
80.09
84.90
79.72
83.03
79.45
83.03
81.42
79.82
79.56
82.09
78.73
83.71
77.56
83.75
80.24
79.78
80.62
80.97
81.01
78.50
81.72
74.69
81.16
84.61
85.05
81.62
82.31
82.44
77.78
80.04
81.34
83.08
82.61
81.86
80.42
85.42
83.33
83.52
84.33
79.86
84.63
81.67
81.13
82.88
81.57
80.99
85.50
83.57
82.80
83.43
79.17
83.90
81.54
80.49
81.36
80.23
79.63
78.61
82.21
79.77
78.05
81.24
77.64
81.88
74.52
82.03
78.34
81.60
78.33
82.14
82.37
78.27
83.82
84.67
83.69
79.03
79.72
80.25
84.71
80.44
78.71
80.50
81.27
80.73
81.31
81.57
83.06
83.88
82.26
78.44
81.76
80.98
84.75
80.63
83.24
83.35
81.92
78.83
82.78
83.46
83.69
83.28
81.92
84.15
83.23
83.50
82.48
81.60
84.07
85.24
78.72
81.95
82.59
71.66
82.55
81.48
80.52
82.25
83.20
83.07
81.81
82.01
82.93
83.90
78.54
82.42
81.66
82.44
81.09
78.02
78.66
84.70
82.59
81.69
81.68
78.83
82.46
79.09
81.59
74.34
84.76
84.32
80.00
82.98
82.06
82.48
81.00
83.52
82.24
81.96
81.66
83.15
80.76
80.30
81.28
79.83
82.64
84.45
80.73
83.48
81.03
79.71
80.41
81.55
80.54
76.45
80.26
82.88
84.90
78.09
82.11
79.01
78.27
83.10
83.01
82.24
81.01
83.47
81.32
80.46
78.00
82.47
84.01
78.74
82.86
83.92
85.52
80.32
79.70
79.52
83.17
82.71
79.61
79.12
78.56
82.39
81.85
77.99
84.71
77.90
79.65
83.25
81.89
76.23
78.31
78.44
81.01
84.17
79.56
81.20
83.62
83.14
84.21
81.14
80.44
82.68
84.25
81.52
83.87
74.53
83.31
84.85
75.91
81.86
79.77
84.80
83.31
80.01
81.32
83.26
82.36
83.49
82.63
78.57
81.57
85.12
81.64
78.37
77.02
82.44
82.64
84.63
82.05
85.52
75.90
78.03
79.74
80.23
82.07
81.97
78.90
80.25
84.53
78.68
82.44
78.95
81.38
82.90
81.47
77.58
82.78
77.93
81.39
83.24
82.97
81.87
80.87
81.68
83.13
77.54
78.99
77.90
82.76
76.17
82.49
82.05
79.71
78.39
81.34
81.43
79.24
82.13
84.92
82.02
81.34
77.51
83.29
81.62
83.84
84.11
81.46
79.58
76.68
80.35
84.13
82.01
79.69
83.61
77.73
75.48
85.29
80.54
78.03
78.21
81.30
82.41
82.42
81.78
80.81
83.05
80.13
80.83
78.07
82.56
81.09
83.67
80.73
81.97
80.03
82.58
82.52
82.90
79.81
81.41
82.99
84.97
77.03
81.33
82.05
82.06
80.53
82.10
82.48
81.37
79.28
81.58
83.16
82.47
83.38
83.49
80.33
82.06
79.43
81.29
82.43
82.79
80.88
80.97
82.07
81.67
82.99
79.79
83.66
82.62
83.41
80.65
78.52
83.12
83.44
79.74
82.85
80.21
80.65
83.38
79.36
80.92
77.63
83.56
79.84
81.03
81.32
80.52
82.94
81.73
82.80
84.60
77.49
74.83
79.40
85.28
78.27
79.39
79.15
83.76
82.52
81.65
82.59
74.16
83.46
81.97
83.23
73.15
81.06
83.22
83.60
81.83
84.24
81.91
83.66
80.22
83.61
83.95
80.88
80.39
81.53
82.90
82.02
81.49
79.15
81.57
77.27
82.09
79.60
77.96
78.13
82.78
80.54
75.20
83.02
78.86
79.06
81.50
81.00
81.64
82.76
78.44
79.54
82.38
80.11
84.42
84.30
83.53
81.29
77.20
79.29
79.60
82.38
78.92
83.31
77.94
83.08
84.29
84.82
80.90
81.98
82.48
80.72
82.97
84.76
75.73
85.30
82.30
82.68
83.01
81.70
83.27
78.90
80.69
74.12
78.29
83.31
79.56
78.78
77.44
81.15
79.27
83.97
81.67
80.12
82.90
81.95
83.31
80.06
82.62
83.77
81.29
81.29
83.52
82.15
83.27
78.01
83.10
84.11
81.85
82.46
78.44
79.29
81.31
79.05
81.61
82.45
78.52
77.80
83.51
81.51
80.56
80.73
82.85
81.47
83.98
81.13
75.66
79.35
83.26
83.78
83.07
78.14
79.06
83.21
82.84
83.81
83.65
80.21
86.40
79.80
83.48
82.28
81.16
82.98
82.24
81.80
80.63
82.90
77.22
80.58
79.12
82.30
82.83
81.98
80.83
81.29
84.12
79.59
79.91
79.58
80.23
81.73
74.07
81.02
82.57
77.41
80.35
81.15
84.14
83.23
81.23
84.09
80.80
83.11
81.42
82.69
83.67
83.92
76.03
81.76
80.48
82.07
84.18
80.10
80.86
81.80
82.17
80.79
81.82
84.74
83.84
80.53
79.86
82.23
82.72
84.92
