94.61
93.39
93.51
93.41
94.18
93.29
92.63
93.89
94.07
93.86
94.03
94.18
93.21
92.89
93.58
94.23
93.70
93.22
93.62
94.25
93.96
94.18
93.13
93.93
93.81
94.04
93.52
92.65
94.42
94.02
94.18
93.57
94.22
94.01
93.69
92.83
93.35
92.97
93.64
93.78
93.12
93.93
93.71
92.85
94.02
93.24
94.67
93.82
93.83
94.44
93.80
94.01
93.42
94.18
93.57
93.96
94.01
92.75
93.16
93.68
94.16
92.92
93.08
93.95
93.73
94.00
94.40
93.55
93.78
94.25
93.43
94.08
93.01
93.53
93.99
93.29
93.89
93.53
94.38
94.23
92.97
94.29
93.44
92.63
93.66
93.74
94.09
93.90
93.90
94.23
93.91
93.09
93.60
92.77
94.10
93.47
94.27
94.02
93.87
93.62
93.25
93.33
94.00
93.42
94.22
93.62
93.13
93.47
94.13
92.45
94.62
93.41
93.28
93.90
93.98
93.30
93.92
92.34
93.65
93.91
93.82
94.33
92.88
92.17
94.04
93.14
94.59
94.10
94.28
93.15
93.42
94.15
93.52
93.50
93.77
94.14
94.12
93.33
93.04
94.19
94.50
94.25
93.33
93.78
93.61
91.91
94.34
94.30
94.12
93.68
94.26
93.88
94.02
93.71
93.33
93.67
93.08
94.04
94.10
93.39
93.68
93.89
93.53
93.44
93.22
93.89
94.03
94.08
93.98
93.81
94.10
94.23
92.46
94.21
93.90
94.37
93.63
93.88
92.39
92.14
94.05
94.24
94.11
94.35
93.74
93.77
94.03
93.62
93.70
92.72
94.35
93.03
92.89
92.97
93.01
94.14
93.69
93.75
93.46
94.31
93.78
93.58
93.88
94.27
93.72
94.42
93.82
93.88
93.53
93.93
93.77
93.13
93.85
93.82
93.81
93.58
93.63
94.17
93.84
93.86
92.88
93.40
93.95
93.51
93.81
93.31
93.60
94.22
93.68
93.76
94.26
93.02
93.18
93.64
94.00
93.67
93.49
92.58
94.59
94.01
93.04
93.59
93.65
94.01
93.37
94.13
93.39
94.20
93.87
93.19
93.98
93.77
94.42
93.83
93.98
93.60
91.96
93.86
93.79
93.49
93.27
94.41
93.46
93.88
93.17
93.88
94.21
93.44
93.36
93.30
93.82
94.51
94.16
93.82
93.53
93.94
92.78
93.03
93.44
93.32
94.06
94.69
93.40
93.97
94.28
94.12
93.07
93.68
93.30
93.27
94.50
93.38
94.03
93.67
93.40
93.84
94.25
93.43
93.82
94.10
94.06
91.68
92.60
94.00
94.21
94.23
94.50
92.45
93.75
93.83
93.93
93.76
91.98
93.90
93.61
93.17
93.62
93.37
94.08
93.66
93.54
93.28
93.01
94.40
94.00
93.59
93.42
92.71
94.03
94.02
93.23
94.10
93.38
94.26
93.99
94.22
94.76
94.44
94.47
93.84
93.92
93.20
93.84
92.66
93.29
93.44
94.58
93.84
94.02
94.27
93.71
92.54
94.15
93.24
93.85
94.76
93.46
94.07
92.96
93.52
94.10
93.89
93.89
93.69
93.57
93.91
94.29
92.82
94.44
93.49
93.38
94.32
93.02
93.27
93.18
93.49
93.75
91.70
93.22
93.87
93.84
94.09
93.55
93.81
94.01
93.72
93.42
94.11
93.61
94.00
93.37
94.03
93.68
94.10
93.65
93.71
93.25
92.93
93.09
93.75
93.15
92.94
93.98
94.58
94.00
94.17
94.18
94.17
93.08
94.22
93.66
93.01
93.59
94.21
94.30
94.17
93.53
93.80
93.67
92.51
93.68
93.28
94.42
93.90
94.31
92.42
93.46
93.22
93.79
94.29
94.04
94.26
93.57
94.10
92.67
94.23
92.94
93.52
93.56
94.28
93.98
94.08
92.64
93.08
92.88
94.08
93.79
93.49
93.93
94.19
93.61
93.76
94.01
94.30
93.42
94.11
93.50
93.47
93.84
94.03
94.05
93.82
93.86
94.26
92.63
94.28
93.59
93.02
93.92
94.57
93.97
92.93
93.91
93.83
94.07
94.33
94.25
93.12
94.28
94.55
92.71
94.11
93.99
93.55
93.02
93.97
92.99
92.86
94.13
92.86
94.22
91.66
93.74
93.76
91.63
94.01
93.81
93.42
94.00
93.21
93.63
94.47
93.35
94.22
94.46
94.13
93.98
93.46
93.46
93.45
93.31
94.29
93.97
94.08
92.93
93.82
93.11
93.49
93.78
94.19
93.78
93.79
93.99
94.11
93.78
94.12
94.12
94.15
93.42
94.59
93.86
93.82
93.27
94.22
93.39
94.17
93.81
94.57
93.97
93.74
94.42
94.04
93.63
93.79
93.24
93.71
94.19
94.05
94.21
93.42
93.48
93.86
94.11
93.65
93.30
94.74
93.06
93.82
93.85
93.07
93.94
93.57
94.22
93.22
93.59
93.67
94.27
93.45
94.10
94.01
94.11
93.86
92.87
93.73
93.38
93.49
93.65
93.50
93.88
94.22
93.46
93.57
93.94
93.57
93.25
93.18
93.35
94.18
94.07
93.17
93.65
93.96
93.62
94.18
93.98
93.38
93.01
93.86
93.27
93.70
92.60
92.97
94.02
93.94
94.77
93.63
93.45
93.22
94.03
93.20
93.98
93.77
93.82
93.85
93.83
93.79
93.98
92.05
92.71
92.78
93.01
93.41
93.63
93.34
93.88
92.87
94.19
93.56
93.13
93.67
93.52
93.29
93.60
93.89
93.72
93.60
93.77
94.26
93.82
94.11
94.45
94.38
94.05
94.02
94.58
94.37
93.67
94.06
94.01
93.47
94.11
94.05
94.31
93.47
93.33
93.55
93.89
92.96
93.92
94.41
94.09
93.28
94.22
93.83
93.88
92.76
93.90
92.64
93.59
92.55
93.84
93.58
94.18
93.71
94.39
93.90
92.91
93.17
94.12
94.04
94.31
94.02
93.06
93.18
93.62
94.39
93.57
93.85
93.30
93.33
94.56
93.90
93.98
93.49
93.96
93.70
93.77
93.47
92.83
94.51
92.97
93.95
93.75
92.42
94.36
93.96
92.85
93.95
93.08
93.51
93.65
93.53
93.95
93.62
93.87
93.61
93.62
94.11
93.90
93.38
94.10
92.33
93.48
94.73
94.03
94.13
94.16
93.78
94.48
93.70
93.77
93.33
93.89
93.68
93.24
93.37
93.86
93.75
94.31
94.18
94.79
94.52
93.78
93.10
92.86
93.02
93.54
93.76
93.15
94.04
94.57
92.78
94.18
94.15
94.09
91.50
92.64
92.95
93.79
93.31
93.18
93.63
93.39
92.02
94.02
93.57
93.09
94.00
93.17
94.24
94.27
92.98
94.28
92.95
94.02
93.73
93.93
94.63
93.49
93.49
93.61
92.06
93.72
93.86
94.46
94.06
93.40
93.65
92.80
94.35
94.27
92.81
93.81
92.20
92.49
93.43
94.24
93.97
93.36
93.17
92.84
94.64
93.44
93.36
94.14
94.01
93.02
94.32
92.63
93.90
94.45
93.69
94.39
92.67
93.41
94.11
92.34
93.82
94.03
93.87
93.52
93.26
92.91
92.78
92.53
94.09
93.75
94.39
94.52
93.26
94.26
93.18
93.38
93.38
93.86
94.16
92.89
93.59
93.72
92.81
94.15
94.10
93.61
94.17
93.48
93.85
93.93
94.01
94.40
93.46
93.56
93.94
93.16
93.59
93.13
93.72
93.35
93.64
93.66
93.97
94.44
93.13
93.91
93.65
93.52
93.63
92.78
93.44
93.45
94.47
93.82
92.42
94.08
94.33
93.89
93.99
94.16
93.66
93.99
93.53
93.68
93.69
94.01
94.02
93.47
94.27
93.51
93.64
93.74
94.09
93.89
93.79
94.37
94.26
93.91
94.56
93.52
93.12
93.50
94.01
94.14
93.61
93.42
93.67
93.86
92.83
93.80
93.57
92.57
93.64
94.13
93.91
93.68
94.51
93.58
92.99
93.82
94.08
93.60
92.77
93.32
94.38
94.30
94.10
94.09
93.77
93.03
93.21
94.00
93.55
94.08
93.60
93.84
93.46
94.33
94.07
94.24
94.09
93.95
93.07
94.23
93.83
93.94
93.94
94.34
93.75
92.08
94.00
91.90
93.23
94.22
93.21
94.12
93.37
93.43
93.88
93.36
92.59
93.40
94.36
92.66
93.40
92.27
93.96
94.18
93.42
94.23
94.41
94.19
93.95
92.93
94.27
93.84
91.90
92.90
93.42
93.77
94.09
93.69
94.19
91.49
93.69
94.25
94.17
93.93
93.47
93.60
93.99
93.35
93.63
93.46
93.14
93.88
94.17
93.42
94.44
93.77
94.24
92.90
94.27
