85.43
86.16
84.49
86.28
82.61
85.33
85.53
84.72
84.14
85.96
84.99
86.76
84.28
85.82
85.99
83.90
85.46
86.44
84.64
83.11
86.15
85.59
84.00
85.78
85.84
84.72
83.03
87.22
86.19
85.03
85.94
83.76
85.49
84.45
83.89
83.88
85.48
86.82
83.98
85.55
85.44
85.36
86.25
84.59
86.65
84.41
84.87
81.01
84.99
85.47
86.46
83.38
84.98
85.23
85.51
86.72
84.27
86.36
84.50
86.61
85.85
85.58
86.58
82.78
85.90
86.33
87.30
85.33
84.08
87.66
82.57
86.28
83.03
82.32
84.06
83.59
82.91
83.71
85.23
85.40
85.53
84.26
86.59
86.36
83.54
85.74
85.93
85.38
85.02
82.71
85.00
82.65
78.22
85.01
82.10
86.73
86.39
85.48
86.28
80.82
86.63
85.30
85.51
85.27
86.08
82.83
83.25
85.07
86.35
86.16
84.10
84.15
86.17
85.19
85.39
82.57
85.81
87.54
82.64
83.11
87.01
84.06
85.29
86.60
86.83
82.21
85.99
83.57
84.32
85.79
83.37
81.26
82.82
85.49
85.28
86.42
86.61
86.16
87.59
88.37
86.92
85.74
80.16
84.58
85.54
86.08
85.66
82.26
87.52
85.33
85.39
85.93
84.97
86.70
85.24
83.88
87.36
85.67
86.80
80.56
85.50
84.91
84.86
82.41
85.52
83.69
83.06
86.91
85.72
86.86
85.81
85.82
85.55
79.54
83.29
85.06
80.65
84.37
81.94
84.96
85.47
85.69
83.65
84.53
86.55
83.10
84.95
84.54
85.36
83.89
83.89
83.69
86.77
81.92
84.48
84.84
85.65
84.55
84.44
85.92
87.32
84.98
83.53
85.36
83.66
86.03
83.65
85.31
86.05
83.32
85.70
86.16
79.86
87.44
84.74
84.16
84.24
80.47
86.18
83.05
85.70
84.11
84.46
86.14
85.93
80.93
83.37
86.14
84.40
84.81
85.51
80.67
84.76
84.35
85.30
81.08
85.52
85.08
82.59
85.83
85.61
85.85
87.80
86.59
84.22
84.67
84.01
80.72
81.23
84.07
85.78
82.66
86.74
86.44
86.77
86.18
84.43
83.36
81.91
85.83
85.54
83.75
85.64
85.29
85.63
85.49
82.10
86.02
83.01
87.12
83.29
84.44
84.06
83.87
85.15
85.74
85.00
87.14
86.36
85.37
84.72
83.98
78.90
83.50
86.29
84.26
83.39
84.11
86.34
85.09
84.29
84.69
82.93
83.31
86.79
85.44
84.64
85.62
86.54
83.71
83.59
85.23
85.38
85.93
84.41
83.18
87.16
84.80
85.25
83.28
86.16
86.21
84.38
85.34
83.99
83.25
87.12
85.52
84.49
85.05
84.24
85.75
85.24
86.04
81.96
87.24
87.19
83.87
84.78
84.27
84.94
85.05
86.36
81.81
83.45
82.31
87.10
84.82
86.48
85.57
86.50
82.88
85.99
83.74
85.66
84.72
82.26
82.27
84.93
84.43
84.45
82.04
82.91
84.12
82.88
87.12
85.77
85.80
83.32
85.69
87.49
86.11
87.08
82.89
86.94
86.96
84.94
85.03
83.44
85.69
81.15
85.79
84.51
82.96
82.84
84.53
85.80
85.02
86.76
84.75
78.74
82.99
86.23
84.38
84.28
87.00
85.85
85.26
84.64
86.34
84.39
83.23
85.63
86.27
86.68
84.08
85.13
87.19
86.43
83.73
85.10
82.73
87.19
85.79
86.03
82.56
83.66
84.93
83.06
85.50
86.50
86.72
84.73
83.26
86.04
86.35
85.57
84.50
84.98
84.31
85.95
86.25
86.12
83.52
85.16
85.32
84.69
82.22
84.84
82.10
85.18
83.54
85.35
87.68
84.75
86.46
86.75
83.15
87.10
85.54
83.20
85.26
85.48
83.64
86.94
83.93
85.76
85.99
83.33
84.28
86.75
84.19
84.63
85.04
85.63
84.87
85.26
86.77
86.22
84.09
83.11
84.32
83.69
83.60
85.07
86.83
84.69
82.15
82.31
83.81
85.34
84.96
87.03
83.99
82.92
85.16
87.12
86.79
86.82
82.85
84.70
85.29
83.55
82.68
85.50
83.43
80.94
84.44
84.93
85.85
82.61
84.17
84.15
86.20
87.27
85.52
85.58
86.03
80.81
81.14
83.98
85.67
84.86
85.48
83.98
82.92
85.13
84.36
86.48
82.41
83.55
85.74
85.94
84.88
87.29
85.41
82.88
85.18
84.73
85.98
83.92
86.14
83.49
85.72
85.25
85.55
85.99
86.50
83.37
87.57
84.25
85.69
85.05
81.65
86.23
86.49
86.20
82.50
84.62
86.10
86.56
87.08
87.63
87.55
86.37
83.31
85.02
87.15
83.11
84.14
83.22
85.28
82.86
83.90
85.49
84.20
83.13
84.97
85.41
83.29
84.85
84.33
83.11
84.86
83.32
85.43
86.65
82.71
86.63
84.48
84.00
85.38
86.13
82.79
84.64
81.96
84.98
85.75
83.99
86.68
85.75
85.43
84.89
85.39
83.23
84.42
85.45
84.93
85.96
85.07
86.48
80.57
84.05
85.04
86.14
86.21
88.01
85.88
85.22
82.78
87.32
84.02
85.15
83.82
81.46
86.27
85.86
84.77
86.12
84.80
86.49
85.39
85.99
83.91
83.18
85.48
86.47
85.84
85.06
85.87
85.41
84.64
84.54
85.36
85.01
85.30
83.91
87.39
84.39
85.74
86.18
84.78
83.75
85.88
86.77
83.15
84.09
85.35
87.00
83.08
82.96
84.53
85.48
84.56
86.86
83.21
85.21
87.08
86.07
86.83
86.36
83.14
84.62
86.26
81.88
82.67
81.51
85.19
83.99
85.20
85.19
87.44
86.31
86.12
83.19
84.20
86.58
85.50
84.72
86.09
85.92
83.93
84.78
85.16
82.71
78.76
86.37
85.17
82.95
85.48
86.01
82.47
85.52
86.63
85.48
82.92
83.00
85.91
86.50
84.71
81.93
87.19
86.04
86.52
86.98
85.23
85.32
81.85
85.23
84.85
86.74
83.58
86.51
84.36
86.31
86.18
86.24
83.52
86.49
85.52
84.59
83.58
85.95
85.56
79.77
81.78
85.13
86.66
84.35
83.70
84.80
82.94
84.21
83.27
83.51
87.29
86.18
85.11
85.86
85.13
85.11
85.30
84.56
83.40
85.53
84.48
85.91
86.21
84.89
85.15
85.98
86.32
85.27
85.54
87.60
83.38
84.55
83.47
85.60
84.08
86.86
83.52
83.07
83.34
85.92
87.20
81.30
85.71
85.93
83.14
85.33
84.09
85.44
83.28
84.27
82.60
84.23
85.34
83.88
83.05
85.69
84.98
82.50
83.37
85.89
86.21
82.05
85.64
87.38
83.26
85.04
86.74
84.49
87.62
82.28
85.22
84.86
85.71
86.12
85.39
86.89
87.70
86.89
84.84
86.64
86.79
85.79
85.74
85.53
84.80
82.86
87.01
84.55
86.12
85.92
84.74
85.11
86.70
84.51
84.70
83.61
85.24
86.62
81.96
82.19
85.60
84.77
84.86
84.18
87.45
83.81
83.57
86.47
86.11
85.93
85.98
86.24
83.21
87.46
83.51
83.90
85.03
84.61
85.92
86.21
84.00
82.17
87.16
84.01
86.48
83.38
86.53
86.10
86.31
85.18
85.92
80.88
85.15
86.30
80.47
85.20
85.21
85.21
85.80
84.84
86.13
86.71
85.78
84.43
87.16
85.48
84.14
85.86
85.81
82.25
85.44
83.15
84.88
86.61
84.42
82.68
84.07
86.50
87.16
84.27
85.44
83.19
86.18
86.87
84.42
84.29
83.59
84.89
86.26
87.22
85.55
85.50
81.96
83.89
86.00
85.00
86.01
84.32
82.28
82.51
86.31
85.98
82.23
85.24
84.62
85.66
80.95
82.72
86.15
85.37
83.92
84.93
85.62
82.97
83.73
82.51
83.99
85.28
82.08
86.11
84.33
85.25
86.02
84.40
87.31
84.32
85.88
86.69
83.44
86.51
84.68
83.61
86.77
83.18
83.60
85.80
86.51
86.46
87.64
85.33
85.45
84.44
86.56
86.10
86.11
84.91
87.21
86.81
85.60
85.56
83.78
85.02
85.54
87.87
84.16
85.45
84.32
83.03
84.56
83.86
84.33
81.51
85.95
84.70
85.24
84.07
82.24
84.81
84.41
84.58
82.27
86.78
85.59
85.01
84.97
86.24
84.34
85.05
85.16
84.72
85.03
82.96
85.67
85.36
83.98
81.51
86.51
85.62
84.43
88.00
81.39
83.80
85.46
81.44
86.22
85.41
85.95
86.86
85.72
87.11
83.72
84.90
84.34
85.56
86.23
