0.1380
0.2556
0.3358
0.4009
0.4528
0.4967
0.5329
0.5645
0.5923
0.6174
0.6401
0.6622
0.6810
0.6995
0.7200
0.7394
0.7569
0.7692
0.7897
0.7991
0.8597
0.8925
0.9045
0.9156
0.9233
0.9321
0.9383
0.9414
0.9486
0.9564
0.9574
0.9614
0.9650
0.9680
0.9700
0.9709
0.9744
0.9758
0.9767
0.9779
0.9869
0.9909
0.9932
0.9934
0.9942
0.9945
0.9959
0.9955
0.9953
0.9956
0.9430
0.8713
0.8778
0.8921
0.9079
0.9167
0.9266
0.9301
0.9334
0.9418
0.9469
0.9505
0.9548
0.9548
0.9588
0.9612
0.9625
0.9679
0.9672
0.9705
0.9826
0.9923
0.9945
0.9959
0.9963
0.9965
0.9970
0.9976
0.9972
0.9971
0.9979
0.9979
0.9978
0.9981
0.9984
0.9984
0.9984
0.9985
0.9988
0.9987
