0.6872
0.7973
0.8485
0.8757
0.8909
0.9063
0.9147
0.9211
0.9299
0.9350
0.9400
0.9431
0.9445
0.9496
0.9502
0.9534
0.9565
0.9565
0.9593
0.9611
0.9646
0.9654
0.9666
0.9676
0.9697
0.9700
0.9710
0.9708
0.9731
0.9720
0.9723
0.9776
0.9838
0.9858
0.9867
0.9880
0.9880
0.9892
0.9900
0.9903
0.9899
0.9906
0.9917
0.9911
0.9922
0.9918
0.9919
0.9921
0.9918
0.9922
0.9921
0.9924
0.9927
0.9931
0.9930
0.9929
0.9922
0.9935
0.9929
0.9931
0.9932
0.9931
0.9938
0.9934
0.9932
0.9937
0.9937
0.9938
0.9938
0.9941
0.9939
0.9938
0.9943
0.9936
0.9939
0.9946
0.9934
0.9937
0.9943
0.9944
0.9941
0.9940
0.9945
0.9945
0.9941
0.9938
0.9944
0.9941
0.9936
0.9943
0.9938
0.9940
0.9939
0.9941
0.9940
0.9937
0.9944
0.9939
0.9936
0.9937
