0.7883
0.8566
0.9002
0.9243
0.9421
0.9466
0.9545
0.9579
0.9609
0.9671
0.9724
0.9722
0.9737
0.9743
0.9766
0.9780
0.9791
0.9784
0.9814
0.9798
0.9822
0.9826
0.9838
0.9847
0.9839
0.9835
0.9854
0.9840
0.9861
0.9870
0.9863
0.9899
0.9930
0.9938
0.9944
0.9947
0.9956
0.9953
0.9957
0.9958
0.9956
0.9960
0.9962
0.9963
0.9964
0.9969
0.9966
0.9966
0.9968
0.9964
0.9971
0.9970
0.9971
0.9971
0.9973
0.9973
0.9973
0.9975
0.9971
0.9973
0.9972
0.9975
0.9973
0.9973
0.9975
0.9973
0.9970
0.9974
0.9970
0.9975
0.9973
0.9978
0.9979
0.9977
0.9974
0.9973
0.9974
0.9977
0.9973
0.9976
0.9974
0.9977
0.9976
0.9972
0.9976
0.9975
0.9977
0.9976
0.9980
0.9977
0.9975
0.9976
0.9977
0.9973
0.9974
0.9978
0.9976
0.9978
0.9979
0.9977
