0.7318
0.8220
0.8721
0.8998
0.9119
0.9245
0.9334
0.9371
0.9438
0.9479
0.9533
0.9565
0.9577
0.9615
0.9627
0.9655
0.9668
0.9675
0.9691
0.9714
0.9728
0.9740
0.9751
0.9764
0.9760
0.9762
0.9772
0.9767
0.9798
0.9794
0.9791
0.9824
0.9881
0.9901
0.9908
0.9912
0.9923
0.9930
0.9926
0.9932
0.9935
0.9936
0.9940
0.9933
0.9940
0.9938
0.9942
0.9943
0.9943
0.9944
0.9951
0.9946
0.9949
0.9946
0.9952
0.9950
0.9950
0.9945
0.9954
0.9951
0.9955
0.9956
0.9958
0.9952
0.9955
0.9962
0.9953
0.9959
0.9957
0.9963
0.9959
0.9962
0.9958
0.9957
0.9957
0.9954
0.9953
0.9951
0.9955
0.9952
0.9958
0.9961
0.9954
0.9961
0.9960
0.9958
0.9961
0.9960
0.9961
0.9956
0.9958
0.9958
0.9958
0.9958
0.9955
0.9954
0.9956
0.9958
0.9959
0.9960
