0.9712
0.9680
0.9786
0.9813
0.9834
0.9858
0.9892
0.9915
0.9923
0.9921
0.9943
0.9950
0.9952
0.9939
0.9957
0.9963
0.9965
0.9968
0.9975
0.9969
0.9980
0.9981
0.9981
0.9980
0.9986
0.9985
0.9985
0.9988
0.9985
0.9980
0.9987
0.9988
0.9991
0.9992
0.9992
0.9992
0.9993
0.9993
0.9992
0.9993
0.9992
0.9994
0.9992
0.9993
0.9996
0.9993
0.9995
0.9995
0.9995
0.9995
0.9994
0.9995
0.9994
0.9994
0.9995
0.9996
0.9996
0.9995
0.9995
0.9996
0.9996
0.9995
0.9997
0.9995
0.9997
0.9995
0.9995
0.9996
0.9995
0.9996
0.9996
0.9997
0.9995
0.9997
0.9996
0.9995
0.9995
0.9994
0.9996
0.9994
0.9996
0.9994
0.9995
0.9996
0.9997
0.9995
0.9995
0.9996
0.9997
0.9995
0.9997
0.9995
0.9997
0.9995
0.9995
0.9996
0.9996
0.9996
0.9997
0.9996
