0.9636
0.9563
0.9692
0.9744
0.9808
0.9847
0.9887
0.9908
0.9914
0.9921
0.9928
0.9940
0.9941
0.9950
0.9960
0.9956
0.9957
0.9968
0.9971
0.9975
0.9973
0.9970
0.9970
0.9969
0.9978
0.9976
0.9977
0.9982
0.9980
0.9982
0.9986
0.9987
0.9990
0.9990
0.9993
0.9989
0.9994
0.9992
0.9994
0.9994
0.9993
0.9994
0.9993
0.9994
0.9995
0.9993
0.9992
0.9995
0.9994
0.9994
0.9996
0.9994
0.9996
0.9994
0.9994
0.9993
0.9995
0.9995
0.9995
0.9996
0.9996
0.9996
0.9996
0.9996
0.9995
0.9996
0.9996
0.9995
0.9994
0.9996
0.9996
0.9995
0.9993
0.9996
0.9996
0.9995
0.9996
0.9996
0.9996
0.9995
0.9996
0.9997
0.9995
0.9995
0.9996
0.9995
0.9996
0.9994
0.9995
0.9996
0.9995
0.9995
0.9996
0.9995
0.9996
0.9995
0.9995
0.9996
0.9994
0.9997
