0.4403
0.6152
0.6728
0.7107
0.7329
0.7551
0.7693
0.7902
0.8020
0.8115
0.8236
0.8321
0.8393
0.8471
0.8530
0.8600
0.8641
0.8715
0.8782
0.8849
0.8853
0.8893
0.8955
0.8987
0.9014
0.9077
0.9062
0.9117
0.9132
0.9151
0.9172
0.9325
0.9444
0.9465
0.9484
0.9514
0.9530
0.9540
0.9551
0.9573
0.9580
0.9577
0.9574
0.9582
0.9607
0.9610
0.9620
0.9623
0.9644
0.9623
0.9641
0.9654
0.9657
0.9655
0.9655
0.9659
0.9682
0.9675
0.9684
0.9669
0.9681
0.9702
0.9689
0.9712
0.9679
0.9696
0.9707
0.9709
0.9712
0.9701
0.9706
0.9718
0.9703
0.9705
0.9701
0.9715
0.9701
0.9715
0.9713
0.9721
0.9713
0.9698
0.9701
0.9707
0.9711
0.9704
0.9708
0.9717
0.9720
0.9724
0.9723
0.9722
0.9722
0.9710
0.9717
0.9714
0.9711
0.9729
0.9736
0.9723
