0.7440
0.8364
0.8864
0.9157
0.9309
0.9357
0.9472
0.9530
0.9559
0.9610
0.9634
0.9645
0.9647
0.9707
0.9705
0.9715
0.9726
0.9739
0.9752
0.9779
0.9775
0.9783
0.9797
0.9817
0.9809
0.9818
0.9822
0.9824
0.9835
0.9822
0.9841
0.9871
0.9909
0.9925
0.9930
0.9941
0.9935
0.9943
0.9948
0.9947
0.9950
0.9952
0.9949
0.9954
0.9951
0.9956
0.9958
0.9960
0.9962
0.9961
0.9960
0.9962
0.9960
0.9968
0.9964
0.9962
0.9964
0.9972
0.9969
0.9968
0.9965
0.9971
0.9968
0.9968
0.9968
0.9963
0.9968
0.9968
0.9967
0.9967
0.9970
0.9971
0.9966
0.9965
0.9965
0.9969
0.9967
0.9970
0.9971
0.9970
0.9973
0.9972
0.9971
0.9967
0.9967
0.9971
0.9971
0.9967
0.9970
0.9970
0.9968
0.9968
0.9967
0.9969
0.9971
0.9971
0.9971
0.9968
0.9966
0.9970
