0.7078
0.8047
0.8550
0.8835
0.9002
0.9125
0.9206
0.9275
0.9318
0.9380
0.9433
0.9487
0.9521
0.9553
0.9594
0.9576
0.9588
0.9605
0.9634
0.9652
0.9665
0.9673
0.9705
0.9709
0.9714
0.9714
0.9726
0.9749
0.9759
0.9744
0.9751
0.9814
0.9860
0.9881
0.9883
0.9894
0.9903
0.9908
0.9917
0.9917
0.9908
0.9917
0.9925
0.9925
0.9925
0.9922
0.9919
0.9925
0.9932
0.9939
0.9932
0.9934
0.9937
0.9936
0.9943
0.9937
0.9940
0.9936
0.9944
0.9943
0.9947
0.9946
0.9945
0.9941
0.9948
0.9951
0.9946
0.9950
0.9949
0.9941
0.9940
0.9943
0.9949
0.9948
0.9943
0.9945
0.9951
0.9949
0.9942
0.9946
0.9947
0.9949
0.9946
0.9949
0.9952
0.9944
0.9945
0.9948
0.9948
0.9951
0.9952
0.9953
0.9941
0.9952
0.9946
0.9948
0.9949
0.9950
0.9950
0.9957
