0.8311
0.8769
0.9172
0.9391
0.9476
0.9576
0.9665
0.9681
0.9720
0.9740
0.9743
0.9765
0.9785
0.9801
0.9806
0.9824
0.9849
0.9835
0.9839
0.9854
0.9853
0.9859
0.9862
0.9859
0.9856
0.9859
0.9881
0.9896
0.9899
0.9897
0.9909
0.9932
0.9947
0.9950
0.9957
0.9958
0.9964
0.9967
0.9968
0.9972
0.9970
0.9976
0.9970
0.9969
0.9972
0.9972
0.9972
0.9971
0.9975
0.9976
0.9976
0.9976
0.9977
0.9977
0.9980
0.9978
0.9976
0.9978
0.9982
0.9980
0.9978
0.9982
0.9978
0.9979
0.9980
0.9980
0.9982
0.9983
0.9983
0.9979
0.9979
0.9981
0.9979
0.9980
0.9979
0.9982
0.9981
0.9980
0.9984
0.9980
0.9983
0.9983
0.9980
0.9981
0.9984
0.9977
0.9977
0.9981
0.9982
0.9980
0.9981
0.9981
0.9976
0.9980
0.9981
0.9984
0.9977
0.9981
0.9980
0.9979
