0.6901
0.7984
0.8513
0.8813
0.8932
0.9088
0.9177
0.9252
0.9326
0.9377
0.9409
0.9432
0.9476
0.9494
0.9528
0.9546
0.9574
0.9597
0.9611
0.9627
0.9636
0.9645
0.9666
0.9676
0.9705
0.9709
0.9703
0.9732
0.9742
0.9741
0.9746
0.9798
0.9865
0.9862
0.9876
0.9883
0.9892
0.9900
0.9905
0.9903
0.9909
0.9915
0.9916
0.9917
0.9918
0.9927
0.9922
0.9928
0.9922
0.9930
0.9925
0.9923
0.9932
0.9935
0.9933
0.9929
0.9934
0.9938
0.9931
0.9944
0.9934
0.9933
0.9935
0.9940
0.9947
0.9936
0.9938
0.9939
0.9949
0.9939
0.9943
0.9945
0.9942
0.9936
0.9938
0.9949
0.9939
0.9940
0.9938
0.9947
0.9947
0.9945
0.9936
0.9938
0.9940
0.9943
0.9946
0.9941
0.9944
0.9943
0.9941
0.9944
0.9942
0.9945
0.9943
0.9942
0.9945
0.9947
0.9945
0.9945
