0.1461
0.2824
0.3791
0.4508
0.5030
0.5475
0.5829
0.6102
0.6354
0.6628
0.6806
0.7050
0.7213
0.7408
0.7573
0.7746
0.7896
0.8047
0.8144
0.8313
0.8468
0.8532
0.8634
0.8718
0.8809
0.8888
0.8974
0.9023
0.9097
0.9163
0.9211
0.9247
0.9315
0.9365
0.9385
0.9421
0.9436
0.9479
0.9509
0.9521
0.9560
0.9589
0.9633
0.9625
0.9636
0.9662
0.9663
0.9696
0.9696
0.9675
0.9726
0.9725
0.9711
0.9743
0.9745
0.9749
0.9765
0.9772
0.9794
0.9771
0.9796
0.9790
0.9796
0.9792
0.9823
0.9835
0.9834
0.9847
0.9838
0.9831
0.9835
0.9847
0.9837
0.9859
0.9863
0.9864
0.9866
0.9885
0.9883
0.9881
0.9886
0.9900
0.9929
0.9942
0.9950
0.9954
0.9952
0.9963
0.9964
0.9965
0.9964
0.9968
0.9967
0.9966
0.9969
0.9968
0.9971
0.9972
0.9971
0.9969
0.9973
0.9975
0.9973
0.9977
0.9975
0.9976
0.9974
0.9972
0.9976
0.9977
0.9979
0.9976
0.9975
0.9974
0.9979
0.9979
0.9979
0.9975
0.9978
0.9978
0.9980
0.9976
0.9976
0.9981
0.9982
0.9978
0.9979
0.9979
0.9980
0.9980
0.9981
0.9979
0.9979
0.9982
0.9978
0.9979
0.9982
0.9979
0.9978
0.9974
0.9982
0.9982
0.9980
0.9980
0.9982
0.9980
0.9979
0.9979
0.9982
0.9979
0.9976
0.9978
0.9973
0.9978
0.9980
0.9979
0.9979
0.9981
0.9983
0.9980
0.9980
0.9979
0.9978
0.9980
0.9983
0.9979
0.9978
0.9977
0.9983
0.9978
0.9979
0.9980
0.9980
0.9981
0.9975
0.9978
0.9978
0.9979
0.9979
0.9978
0.9980
0.9980
0.9980
0.9977
0.9982
0.9982
0.9976
0.9979
0.9977
0.9980
0.9974
0.9978
0.9979
0.9978
0.9983
0.9984
0.9982
0.9980
0.9976
0.9980
