94.02
94.95
93.80
93.87
93.87
94.04
94.61
93.44
92.74
92.71
94.62
94.25
94.86
93.74
94.27
93.47
93.70
94.04
94.23
94.40
92.83
94.28
92.38
93.22
93.08
94.90
94.53
94.05
94.22
94.12
94.26
94.50
93.31
94.26
93.73
94.45
94.45
94.16
93.37
93.95
94.31
94.05
93.62
94.27
94.35
94.39
94.16
94.05
93.36
93.80
91.59
94.67
91.49
94.67
93.73
93.63
93.95
94.86
93.63
93.00
94.85
93.79
94.23
93.83
94.48
94.34
94.48
93.13
94.13
91.56
93.79
93.93
94.63
93.55
94.55
94.08
93.99
93.43
93.98
93.60
94.44
94.30
93.31
93.34
94.09
92.85
93.29
92.18
93.79
94.05
94.36
94.30
93.65
94.53
93.27
94.21
94.15
93.94
94.46
94.02
93.75
94.49
93.64
94.66
94.48
93.24
94.28
94.36
94.47
93.82
94.30
94.28
94.33
94.35
94.09
94.32
93.94
94.13
94.25
94.45
94.14
94.02
94.62
91.97
94.14
94.00
94.52
93.27
93.82
93.87
94.36
93.81
94.07
94.51
94.06
93.83
91.73
92.61
94.26
94.34
94.39
94.69
93.91
92.79
93.03
94.55
94.72
94.29
93.66
94.44
92.82
92.64
94.25
92.45
93.77
93.83
94.35
93.56
94.61
93.96
94.39
93.31
92.89
94.56
94.22
94.15
93.89
94.07
94.00
94.84
93.98
94.29
95.09
94.22
93.64
93.53
92.68
93.44
94.04
94.32
94.46
94.70
93.84
93.28
94.42
94.40
93.92
94.37
93.11
93.91
94.10
92.88
93.04
93.98
93.31
94.10
93.74
94.69
94.01
93.85
94.02
94.24
93.95
93.41
93.31
93.60
94.21
94.53
94.09
93.85
94.58
94.29
94.11
93.06
94.06
93.58
92.67
93.84
94.41
93.90
93.71
93.13
94.36
94.31
94.78
93.03
94.18
94.17
93.97
94.22
93.98
94.15
93.26
93.49
94.18
93.85
93.64
92.93
93.71
93.64
94.04
93.35
94.16
94.29
94.08
93.80
92.06
93.96
93.57
94.32
93.29
93.85
94.43
93.96
94.08
93.97
93.75
92.99
94.50
93.82
93.69
93.25
94.57
94.10
94.94
94.94
93.47
94.60
93.35
93.50
94.42
94.25
94.58
94.32
93.73
94.06
94.20
93.66
94.60
94.48
94.37
93.89
94.16
93.66
94.51
93.72
93.84
93.42
93.25
93.92
93.65
93.43
94.48
93.76
93.64
94.39
94.61
93.81
93.77
94.03
93.81
93.18
94.31
93.79
94.25
94.40
93.51
94.44
94.21
93.80
93.99
93.08
94.56
94.14
94.02
94.48
93.69
93.66
93.32
94.38
93.39
94.04
94.27
94.28
93.70
93.84
94.06
93.88
94.49
92.98
94.37
94.09
93.82
93.79
93.62
93.56
94.80
93.95
94.54
93.46
93.73
94.06
94.19
94.18
94.51
94.74
93.80
93.66
95.12
94.50
93.29
94.32
94.60
94.52
94.83
92.93
93.56
94.71
94.53
93.68
94.49
94.62
94.82
93.14
93.44
94.40
94.94
94.10
93.40
93.65
93.28
94.26
93.79
94.28
94.50
94.22
94.56
92.16
94.24
94.17
94.08
94.81
92.96
93.88
94.19
93.84
94.14
93.25
94.68
93.87
93.72
93.12
93.97
94.68
93.36
93.91
93.12
93.29
93.89
94.27
93.40
94.22
94.97
93.20
94.03
93.55
92.28
94.87
93.94
94.46
94.51
94.30
92.86
92.70
93.47
93.91
93.18
92.57
94.43
94.32
94.50
94.07
93.79
93.70
93.16
94.27
94.49
94.47
93.60
91.81
93.77
93.75
93.45
94.06
94.11
94.66
94.27
94.30
94.52
94.56
94.16
92.89
94.11
94.22
94.25
94.26
93.76
94.25
92.15
94.15
94.13
93.62
92.27
94.49
93.71
94.55
93.72
93.87
93.76
94.04
93.95
94.43
94.41
94.29
94.12
92.29
93.87
94.19
93.81
94.07
92.87
94.32
92.95
93.49
94.16
93.81
93.91
94.42
93.81
93.55
94.52
94.27
94.14
93.53
93.88
93.26
93.83
94.26
93.68
94.43
94.37
94.24
94.14
93.43
93.07
93.79
94.14
94.04
94.34
94.63
93.36
93.75
93.45
93.83
94.10
94.88
94.86
94.08
94.16
94.89
94.03
93.93
94.02
94.59
94.23
93.18
94.40
94.35
94.23
95.01
93.83
94.55
94.13
93.79
94.06
93.45
94.65
94.20
93.28
94.43
93.79
92.91
93.40
93.28
94.06
94.18
93.56
94.43
93.12
94.17
93.65
93.75
93.47
93.09
94.24
94.27
93.75
94.49
94.26
93.79
94.13
94.54
94.39
94.19
94.06
94.51
93.40
93.44
92.77
94.24
94.03
94.18
93.73
93.85
93.38
94.66
93.43
93.56
94.42
92.99
94.51
94.55
94.61
93.75
92.36
93.14
94.09
93.75
94.28
93.56
93.84
94.27
93.20
93.96
94.16
93.64
94.35
94.28
93.38
93.97
93.15
94.15
93.63
94.04
93.01
94.45
94.11
92.93
93.94
93.84
94.07
92.99
94.25
94.46
94.08
93.98
94.19
94.40
94.08
93.50
93.96
93.76
93.49
93.65
94.51
92.88
93.68
94.31
93.75
94.50
94.12
94.41
94.02
94.12
94.44
93.09
94.16
93.75
92.43
91.82
93.94
95.11
93.53
93.52
94.36
94.51
93.92
93.53
93.53
92.87
94.86
94.19
93.10
94.26
94.48
93.88
94.39
94.63
94.56
93.64
94.32
93.67
92.56
93.73
93.73
95.03
94.64
93.78
92.48
93.60
94.52
93.96
94.26
94.12
93.38
94.62
93.60
92.98
94.53
94.42
94.50
94.59
93.52
91.57
93.93
93.87
94.10
92.62
92.68
94.18
90.97
94.45
94.46
93.89
94.32
94.34
93.42
94.04
94.49
94.08
94.16
93.91
93.74
94.55
93.94
94.03
94.96
94.06
94.33
94.05
93.47
93.46
94.82
94.42
93.40
93.91
92.29
94.77
93.26
93.20
92.87
93.19
93.13
93.92
93.82
94.11
92.48
93.74
93.36
93.58
93.25
93.68
93.95
93.01
93.99
94.91
93.88
93.74
94.07
93.69
94.65
93.88
94.34
94.36
94.12
93.35
93.80
94.00
93.00
93.79
94.32
93.79
93.20
94.29
93.69
94.36
94.11
94.36
94.26
93.86
93.96
94.44
93.91
93.84
93.05
93.47
93.38
94.09
94.00
93.95
93.39
94.34
94.27
95.02
94.19
93.98
93.39
94.41
94.59
93.67
93.88
93.93
94.21
94.59
93.74
94.54
94.50
93.32
93.89
94.40
93.78
93.97
92.89
94.41
94.61
92.88
94.02
93.19
93.86
94.27
94.42
94.15
93.66
93.42
93.93
94.61
94.62
94.30
94.14
92.59
92.97
94.04
94.50
93.32
93.36
93.33
94.81
93.64
93.85
93.89
92.99
94.03
93.87
93.53
92.93
94.54
94.24
94.68
93.86
93.73
94.19
94.37
94.05
94.39
94.42
94.21
94.93
93.46
94.51
94.74
93.95
93.85
92.90
92.81
95.30
93.03
93.91
94.54
94.49
92.91
93.10
93.09
94.52
92.43
93.08
94.14
93.31
93.83
93.92
93.29
94.55
93.59
91.89
94.85
94.45
93.38
94.05
93.48
93.27
93.42
92.70
93.92
94.65
94.19
94.03
93.71
95.00
94.13
92.55
93.66
94.05
94.45
93.53
93.93
94.28
93.74
94.47
93.77
94.93
93.94
93.95
94.65
93.37
93.31
94.06
93.68
93.23
94.36
93.06
93.35
93.87
93.30
92.53
94.12
93.79
93.80
93.69
93.89
94.21
92.70
92.81
94.01
94.32
93.99
94.32
93.39
92.16
91.79
94.13
93.14
93.36
94.64
94.13
94.26
92.66
93.89
93.96
92.71
92.83
94.36
94.48
92.30
94.16
93.18
93.09
94.22
94.07
93.83
94.57
94.07
93.38
93.48
94.09
93.87
93.52
93.95
94.46
93.80
93.60
94.77
94.37
93.23
94.06
93.96
94.64
94.17
94.51
92.40
93.94
94.34
94.53
93.57
93.70
94.24
94.06
93.29
93.72
93.55
94.42
94.05
94.08
92.92
93.72
94.66
94.37
93.28
94.31
93.74
93.69
93.40
93.30
93.74
94.00
93.24
92.48
94.14
93.81
94.33
93.66
94.44
94.38
93.62
94.63
93.96
94.85
93.90
93.34
92.92
94.45
93.71
94.94
94.33
93.69
94.08
94.34
94.55
94.40
94.10
94.30
93.96
