93.95
95.14
94.98
95.35
93.24
94.94
94.38
94.70
94.78
95.09
94.52
94.24
94.54
94.62
94.95
95.05
95.12
94.89
94.43
94.81
94.70
94.69
94.20
95.47
95.27
95.34
94.41
94.75
95.59
94.97
94.90
94.82
95.26
94.34
95.02
94.70
94.80
94.92
94.71
94.12
94.15
94.74
94.92
94.26
95.12
95.02
94.55
94.35
95.20
94.46
95.00
94.80
95.43
94.56
94.91
95.15
95.36
95.09
95.00
95.58
94.93
94.39
95.21
94.87
95.25
94.39
95.42
94.76
94.62
95.29
94.55
94.85
94.63
94.78
94.51
94.25
94.97
95.53
95.00
95.34
94.63
95.39
94.76
94.56
95.11
95.43
94.62
94.81
95.13
95.22
94.82
95.24
94.98
95.20
95.11
95.27
94.60
94.54
94.71
94.17
95.12
94.60
94.86
94.42
95.36
95.20
94.84
95.03
93.91
95.51
95.15
94.35
95.20
94.83
93.54
95.03
95.11
94.50
94.84
95.46
94.98
94.08
95.48
95.49
94.46
94.33
95.01
94.79
93.65
95.04
93.26
94.94
94.53
94.47
94.26
94.61
95.11
94.92
94.65
94.72
94.90
94.70
94.85
95.12
94.86
94.65
95.41
94.35
93.52
94.97
94.55
95.09
94.71
94.64
94.58
94.67
95.36
94.60
94.75
94.79
94.84
95.25
95.49
94.72
95.48
94.88
94.57
94.92
94.16
94.98
94.88
94.44
94.53
92.80
94.73
95.26
94.68
95.22
93.75
94.88
94.27
94.60
94.93
95.42
94.78
95.13
95.28
94.99
93.88
95.12
94.46
94.47
94.72
94.89
94.97
95.37
95.12
95.23
94.87
94.12
94.56
94.76
95.62
95.12
94.57
94.21
94.23
95.34
95.23
93.55
94.77
95.65
95.19
94.38
94.63
94.89
94.49
95.03
94.92
95.14
93.79
94.90
94.83
94.65
95.06
94.96
94.23
95.34
94.43
94.78
95.03
94.58
95.26
94.72
94.80
95.15
95.00
95.13
94.71
95.01
94.83
95.19
93.85
95.48
94.97
95.30
94.38
94.65
95.05
95.06
95.32
94.33
95.32
94.50
94.02
94.15
94.58
94.16
95.48
94.59
93.65
94.79
94.67
95.05
94.94
95.06
94.84
94.67
95.20
95.33
95.09
94.90
94.27
93.29
95.51
94.48
95.32
94.69
94.43
94.26
95.19
94.26
95.04
95.24
94.94
94.73
95.25
94.44
95.06
94.87
93.87
94.66
94.67
95.40
95.55
94.99
94.82
95.13
94.72
94.97
94.34
94.67
94.90
94.73
95.20
94.94
94.41
95.15
94.67
94.97
94.16
94.93
94.82
95.02
95.24
93.62
95.39
95.35
95.13
94.58
95.26
94.54
95.10
94.83
94.30
95.21
94.31
94.80
95.05
94.29
94.64
94.54
94.48
94.95
95.00
95.06
95.38
94.89
95.06
94.64
95.29
95.06
94.66
94.73
94.94
95.16
94.42
94.41
94.37
94.90
95.03
95.46
95.18
94.68
94.63
94.42
95.20
95.29
94.75
94.73
95.36
95.03
94.84
94.63
95.09
95.07
93.47
94.47
95.01
94.62
94.47
95.16
95.11
93.09
94.40
95.29
93.98
94.42
94.93
95.01
94.94
95.31
94.70
95.08
94.82
95.29
94.82
94.66
94.85
94.19
95.04
94.12
94.87
94.75
94.85
94.83
93.84
94.85
95.44
94.94
95.18
94.88
94.73
94.63
94.73
94.88
94.36
95.15
94.69
94.29
94.13
94.98
95.40
94.90
94.68
94.64
95.34
94.54
94.68
94.78
94.90
94.87
94.50
94.29
94.89
94.99
95.52
95.06
95.21
94.92
95.04
94.43
94.79
94.42
95.13
95.35
95.07
94.95
95.24
94.06
95.15
95.19
95.25
93.94
95.02
94.49
94.75
95.25
94.54
94.57
94.62
94.84
93.64
95.32
95.24
95.23
94.91
95.10
95.08
94.81
95.12
94.88
94.47
93.17
95.11
94.80
94.39
95.23
94.43
95.22
95.26
94.64
94.45
94.57
94.21
94.62
94.78
95.40
95.45
95.07
95.24
95.03
95.02
94.39
95.32
95.02
94.59
94.30
95.40
94.56
94.96
95.44
94.83
94.24
94.71
95.02
94.89
95.21
94.92
94.61
95.10
94.02
95.13
94.45
94.71
94.92
95.33
94.92
94.10
95.47
95.24
94.90
94.54
94.54
94.82
94.97
94.38
95.08
94.58
95.68
94.42
95.20
94.30
95.01
93.91
94.89
94.83
94.56
95.23
94.91
95.31
94.16
94.85
93.23
95.36
94.80
94.78
93.99
94.64
95.44
95.11
94.71
94.79
95.00
95.05
93.80
94.92
94.44
94.74
93.85
94.91
94.42
94.76
94.25
94.67
94.78
94.86
94.58
95.47
95.83
94.88
95.50
94.38
95.15
95.44
94.64
94.25
95.11
95.30
94.99
95.45
95.05
94.19
94.74
94.85
93.80
94.77
94.44
93.34
94.68
94.65
95.29
95.36
94.99
95.35
94.93
94.72
95.07
94.99
94.59
95.08
95.08
93.92
94.67
94.88
94.26
93.63
95.16
94.07
94.24
94.77
94.75
95.30
94.38
94.98
95.35
95.00
94.56
94.82
94.84
95.32
94.51
94.89
94.64
95.25
95.03
95.08
94.43
95.29
94.60
95.14
94.38
94.74
95.25
94.49
94.36
94.88
94.74
95.09
95.62
95.53
95.11
94.97
95.15
94.78
95.06
94.97
95.35
95.20
95.10
94.70
94.37
94.79
94.54
95.53
95.00
94.81
94.51
94.57
95.01
95.22
94.27
94.98
94.82
94.82
94.89
94.68
94.61
95.05
94.91
94.94
95.25
94.29
94.36
94.85
95.34
94.10
94.45
94.18
94.60
94.69
95.59
95.22
94.78
94.91
94.81
95.08
94.33
92.93
95.23
94.79
95.45
94.38
94.87
94.57
95.07
95.19
94.39
94.82
94.16
95.10
94.26
94.36
94.96
94.34
95.15
95.22
95.11
94.83
94.62
94.95
95.46
95.30
93.99
94.66
94.79
94.98
95.30
94.31
95.05
94.45
95.55
94.59
94.37
95.20
95.26
94.77
94.83
95.16
95.38
95.37
94.68
94.98
94.51
94.30
94.11
93.87
94.11
95.21
95.21
94.90
94.52
94.24
95.07
94.45
95.03
94.35
94.99
95.21
95.10
95.20
94.34
93.57
95.50
93.03
94.41
94.84
94.72
94.10
95.54
94.63
93.32
94.71
95.01
94.62
95.19
94.65
95.31
93.76
94.97
94.69
95.13
94.96
94.36
94.18
94.52
94.74
95.28
94.77
93.43
95.07
94.88
95.05
95.02
94.93
94.98
95.44
94.06
95.25
94.48
94.61
95.03
95.22
95.01
94.62
95.01
95.11
95.21
94.82
94.82
95.18
94.65
94.35
94.99
94.97
95.00
95.35
95.18
94.18
94.70
94.81
94.78
94.06
95.32
94.79
94.74
95.14
94.69
93.89
94.43
94.74
95.15
95.17
95.12
95.07
94.74
94.86
95.04
95.26
95.29
95.51
94.52
94.75
94.79
95.12
95.20
94.65
94.78
95.22
94.43
95.01
95.31
95.15
95.03
95.56
94.97
94.99
95.15
94.45
95.10
94.95
94.96
94.89
94.71
95.10
95.12
95.02
94.80
94.94
95.39
95.22
95.21
93.40
94.87
95.04
94.13
95.07
94.62
94.98
94.81
95.63
94.62
94.66
95.01
94.91
95.04
94.76
94.88
95.17
94.78
95.12
94.72
93.95
94.83
95.31
94.89
94.80
95.36
94.57
94.96
94.77
95.35
94.90
95.43
95.44
94.84
95.22
95.02
95.07
94.66
94.59
95.41
94.89
95.16
94.72
94.91
94.87
95.22
94.95
95.33
94.13
95.03
94.84
94.98
94.87
93.33
94.36
95.16
94.55
94.56
95.04
94.35
95.12
93.08
94.75
95.19
94.83
95.11
95.23
95.17
95.19
94.62
94.86
94.99
94.19
94.71
94.83
94.21
94.63
95.18
95.10
94.75
95.07
95.02
94.06
95.35
95.21
94.29
93.77
95.16
95.16
94.85
93.92
95.07
94.95
94.78
94.76
94.75
95.42
93.98
95.33
94.56
94.74
95.05
93.74
94.72
95.23
94.66
94.65
94.14
95.54
95.00
94.83
95.02
94.88
94.19
94.19
94.51
95.05
94.83
95.22
95.23
94.78
94.86
94.74
94.72
94.94
94.41
94.50
94.41
95.10
95.39
94.89
94.72
94.80
95.22
94.97
95.21
94.96
94.07
94.72
95.42
94.69
94.50
95.16
94.20
95.42
94.61
94.96
94.82
