95.43
94.05
95.58
95.06
95.27
95.30
95.11
94.42
95.19
94.82
95.56
95.35
95.02
94.83
95.44
95.25
94.91
95.62
95.09
95.11
94.97
95.48
95.05
95.10
95.13
94.43
94.26
95.18
94.42
94.84
95.34
95.37
95.27
95.38
94.81
95.58
95.29
95.38
94.05
95.44
95.39
94.44
95.24
94.91
95.25
94.52
95.21
94.94
95.47
95.51
94.87
94.91
95.44
95.22
95.45
94.82
95.26
95.29
95.53
94.91
95.56
95.24
95.31
94.97
94.89
95.40
94.82
95.20
95.24
94.90
95.28
95.64
95.27
95.15
94.88
95.09
95.65
95.06
95.36
95.73
95.45
94.89
95.37
94.39
94.77
94.97
95.45
94.97
95.39
94.97
95.25
95.45
95.13
95.08
95.46
94.65
95.20
95.18
94.92
95.73
95.58
95.44
94.34
95.36
94.21
94.48
94.94
95.36
95.40
95.53
95.20
95.07
95.34
95.01
95.10
94.59
95.24
95.28
95.28
95.19
95.30
95.47
94.81
95.47
95.37
95.05
95.07
94.99
95.54
95.22
95.73
95.20
95.44
95.21
95.37
95.21
95.13
95.33
95.01
95.31
95.05
94.60
95.17
94.48
95.32
95.16
95.31
95.12
95.19
95.49
94.88
94.67
95.28
94.58
95.32
94.84
94.61
95.35
95.36
95.07
95.57
95.38
95.19
95.13
95.59
94.42
95.26
94.12
95.36
95.02
95.18
95.66
94.87
95.59
95.45
94.67
95.07
95.69
94.77
95.07
95.41
95.75
95.90
94.66
95.80
94.76
95.38
95.60
95.23
95.32
95.37
95.38
95.21
95.12
94.77
95.15
94.78
95.39
95.36
95.27
94.31
95.08
94.96
95.40
94.98
95.57
94.91
94.26
95.18
95.29
94.75
95.37
94.76
95.49
95.41
95.36
94.23
95.17
95.13
95.34
94.56
95.40
95.09
95.46
95.17
94.82
94.98
94.52
95.30
94.92
95.10
95.35
95.57
95.14
95.72
95.05
95.11
94.79
95.17
95.43
95.18
94.79
94.68
95.08
95.01
95.09
95.60
95.26
95.16
95.11
94.84
95.47
94.94
95.09
95.02
95.40
95.49
95.05
95.46
94.83
94.91
95.34
95.33
95.26
95.57
94.99
95.43
95.20
95.19
95.63
94.80
94.00
95.10
95.59
95.29
95.44
94.40
95.63
95.53
95.45
95.20
95.22
95.33
95.21
95.04
95.56
94.70
95.15
95.66
94.64
95.49
95.49
95.18
95.50
94.72
95.05
95.41
95.34
95.18
95.47
95.29
95.44
95.08
95.01
95.11
95.07
95.11
95.52
95.22
94.98
95.12
95.44
95.56
95.14
94.36
95.09
94.95
94.91
95.20
95.31
95.67
95.33
94.64
95.55
94.68
95.29
95.32
95.30
94.66
94.74
94.65
95.45
95.27
95.37
94.74
94.81
95.01
95.23
95.44
95.14
95.56
94.95
95.23
95.18
95.16
93.95
95.01
94.73
94.46
95.24
95.05
94.96
95.39
95.46
94.85
94.27
95.14
94.94
95.26
95.19
95.42
94.90
95.16
94.88
95.59
95.56
94.96
95.01
95.30
95.61
95.45
95.63
95.21
94.31
94.72
95.07
95.01
95.13
94.55
95.47
95.22
95.14
95.37
95.36
94.90
94.50
94.10
95.24
94.77
95.05
95.61
95.06
95.00
95.54
95.14
95.40
94.82
94.82
95.19
95.15
94.83
95.26
94.98
94.99
94.75
95.34
94.90
94.53
95.49
94.92
95.62
94.87
95.36
95.42
94.80
95.43
95.05
95.31
94.50
94.86
95.19
94.99
94.71
94.98
94.58
95.21
95.08
95.66
95.34
95.43
95.32
94.90
94.69
95.17
95.02
95.23
95.08
95.62
95.37
95.40
94.96
94.79
95.33
95.32
94.66
94.85
94.75
94.89
95.18
95.34
94.96
95.27
94.01
94.85
94.75
95.02
94.89
95.03
95.14
95.33
94.95
94.90
94.92
95.16
94.38
95.20
95.15
95.48
94.56
95.31
95.28
95.27
95.14
95.28
94.41
95.06
95.14
94.36
94.72
94.85
94.95
94.98
95.32
95.16
95.48
95.05
95.03
95.46
94.50
94.81
95.47
94.93
95.07
93.83
95.43
95.25
95.15
94.80
95.10
94.72
94.50
94.62
95.16
95.41
94.69
95.32
95.13
94.61
95.61
95.52
95.18
95.84
95.33
95.33
95.55
95.11
95.64
94.39
95.48
95.18
95.21
95.38
95.25
95.15
95.02
95.35
94.39
94.96
95.10
94.51
95.32
94.93
95.52
94.85
95.53
94.73
94.58
94.53
95.29
95.37
95.57
95.08
95.33
95.14
95.02
95.00
94.67
94.63
94.86
95.67
95.23
93.98
95.34
94.89
95.28
95.05
95.46
94.78
95.63
94.88
94.32
94.69
95.27
95.19
94.79
94.91
95.52
95.50
95.19
94.81
94.57
94.92
94.30
95.38
95.43
95.03
95.11
95.06
95.41
94.37
94.25
94.29
95.01
95.15
95.38
95.02
95.00
95.37
94.93
95.57
95.29
94.93
95.42
95.32
95.34
95.13
94.88
95.28
94.68
95.27
95.19
94.75
95.19
94.64
95.38
95.31
95.14
95.25
95.33
95.27
95.20
95.30
95.24
95.55
94.85
95.55
95.28
95.22
95.11
95.26
95.44
95.02
95.28
95.28
94.88
94.83
95.29
95.19
95.21
95.58
95.28
94.58
94.77
95.13
95.31
95.22
95.39
94.88
95.43
94.77
95.62
95.50
94.57
95.05
94.72
94.73
95.14
94.73
95.36
94.90
95.38
95.64
94.54
94.70
95.17
95.41
94.12
95.79
94.78
94.95
95.02
93.99
95.07
95.16
95.63
95.00
94.82
94.87
95.33
95.12
95.10
94.60
95.12
95.10
94.14
95.28
95.16
94.73
94.82
95.10
94.60
95.28
94.48
95.30
95.07
95.17
95.23
94.66
95.08
95.37
94.96
94.59
95.46
95.05
94.39
94.60
94.62
95.24
95.02
94.93
95.46
94.71
95.47
95.50
95.39
94.79
95.52
95.11
95.05
94.70
95.07
94.97
93.90
94.71
95.07
95.43
95.17
94.99
94.25
93.61
95.37
95.42
94.93
95.22
95.67
95.44
94.87
94.73
95.17
94.88
95.27
94.77
95.46
95.37
94.81
95.12
94.71
94.57
95.43
95.81
95.49
95.27
95.07
95.30
95.17
95.17
95.38
95.12
95.03
95.19
95.25
95.28
94.79
94.93
95.38
95.25
95.14
94.86
95.16
95.66
94.80
95.37
95.23
95.22
95.44
94.80
95.06
94.84
95.38
95.58
95.36
95.33
95.44
95.23
95.22
95.13
95.43
95.43
94.84
95.67
95.35
94.74
94.35
95.32
94.62
95.01
95.29
95.33
95.38
95.37
95.24
94.77
95.20
95.45
94.67
95.19
95.28
95.28
95.46
95.05
94.85
95.37
94.22
95.10
95.29
95.23
94.57
95.25
94.99
95.22
95.57
94.75
95.40
94.81
95.44
94.86
95.50
95.74
95.47
95.04
94.68
95.34
94.72
94.73
95.10
95.04
94.80
95.29
95.06
95.11
94.76
95.31
95.29
94.53
95.00
94.92
95.19
95.52
94.89
94.88
95.36
95.02
94.68
93.97
94.97
95.20
94.98
95.55
95.74
95.13
95.27
95.14
95.40
94.88
94.54
95.25
93.95
94.66
95.13
94.87
95.52
95.44
95.38
94.69
94.73
95.39
95.09
95.72
94.68
95.16
94.94
94.90
95.25
95.44
95.20
95.10
95.01
94.90
95.34
94.73
95.32
95.16
95.36
95.10
94.73
95.42
95.81
95.07
94.51
95.02
95.63
94.88
95.46
94.81
94.82
95.00
94.86
94.97
94.78
94.66
95.20
95.33
95.50
95.49
94.96
95.38
94.88
94.50
95.44
93.80
95.54
95.00
95.05
94.93
95.14
94.68
95.62
95.18
95.41
94.72
94.79
95.36
95.16
95.48
94.98
94.63
95.19
95.38
93.96
94.23
95.22
95.32
94.77
95.62
95.66
95.07
95.28
95.17
95.08
95.09
95.46
95.41
95.57
94.73
94.78
95.03
94.66
95.47
94.92
95.05
95.04
95.51
94.38
94.88
94.67
95.62
95.01
95.19
94.88
94.80
95.43
94.53
94.87
95.43
95.52
95.49
95.19
95.10
95.57
95.39
95.27
95.28
94.80
95.16
95.13
95.19
94.72
94.97
95.07
94.97
95.04
95.49
95.49
94.56
95.07
95.10
95.70
95.21
93.81
95.20
95.11
95.14
94.96
94.84
95.19
94.84
94.79
94.40
95.64
94.95
