97.39
97.70
97.64
97.69
97.54
97.64
97.57
97.62
97.50
97.55
97.58
97.62
97.51
97.47
97.66
97.60
97.56
97.63
97.56
97.56
97.49
97.65
97.57
97.63
97.53
97.57
97.60
97.49
97.73
97.69
97.65
97.50
97.58
97.55
97.62
97.74
97.51
97.65
97.60
97.77
97.46
97.68
97.68
97.57
97.75
97.62
97.52
97.57
97.58
97.67
97.62
97.47
97.70
97.72
97.62
97.67
97.63
97.49
97.62
97.73
97.59
97.61
97.71
97.69
97.63
97.71
97.49
97.66
97.57
97.61
97.40
97.56
97.60
97.67
97.69
97.65
97.53
97.65
97.68
97.52
97.59
97.66
97.62
97.72
97.50
97.57
97.60
97.56
97.69
97.50
97.66
97.58
97.51
97.74
97.70
97.49
97.56
97.57
97.81
97.43
97.66
97.66
97.59
97.71
97.65
97.48
97.63
97.68
97.56
97.85
97.53
97.65
97.65
97.51
97.41
97.54
97.59
97.58
97.53
97.62
97.56
97.60
97.60
97.48
97.57
97.44
97.75
97.70
97.58
97.60
97.49
97.59
97.63
97.65
97.54
97.56
97.77
97.60
97.51
97.75
97.36
97.76
97.48
97.60
97.71
97.58
97.62
97.61
97.57
97.40
97.62
97.69
97.39
97.52
97.68
97.63
97.73
97.60
97.77
97.48
97.63
97.64
97.72
97.48
97.63
97.76
97.53
97.75
97.74
97.46
97.63
97.64
97.70
97.70
97.48
97.77
97.47
97.55
97.64
97.67
97.58
97.66
97.73
97.63
97.67
97.65
97.50
97.65
97.57
97.59
97.44
97.56
97.48
97.60
97.63
97.55
97.72
97.52
97.68
97.59
97.50
97.53
97.49
97.64
97.51
97.61
97.55
97.72
97.69
97.69
97.57
97.38
97.67
97.47
97.62
97.70
97.67
97.75
97.61
97.65
97.46
97.60
97.67
97.71
97.71
97.59
97.64
97.70
97.58
97.48
97.57
97.54
97.59
97.63
97.66
97.60
97.65
97.74
97.68
97.66
97.70
97.67
97.52
97.60
97.51
97.73
97.71
97.53
97.55
97.55
97.67
97.55
97.65
97.56
97.52
97.58
97.70
97.60
97.72
97.57
97.53
97.59
97.64
97.50
97.80
97.54
97.48
97.50
97.57
97.59
97.54
97.62
97.38
97.68
97.78
97.69
97.64
97.74
97.58
97.54
97.51
97.68
97.73
97.51
97.56
97.60
97.65
97.43
97.69
97.65
97.63
97.51
97.62
97.74
97.60
97.57
97.63
97.70
97.62
97.74
97.63
97.41
97.55
97.64
97.48
97.63
97.64
97.69
97.77
97.57
97.52
97.52
97.43
97.50
97.64
97.57
97.61
97.43
97.64
97.63
97.69
97.76
97.68
97.55
97.50
97.66
97.43
97.65
97.75
97.54
97.59
97.56
97.67
97.62
97.81
97.62
97.37
97.60
97.54
97.71
97.61
97.73
97.54
97.70
97.55
97.31
97.71
97.61
97.61
97.59
97.55
97.58
97.72
97.53
97.70
97.54
97.69
97.71
97.61
97.61
97.66
97.66
97.76
97.55
97.52
97.70
97.75
97.69
97.63
97.68
97.50
97.67
97.56
97.64
97.74
97.48
97.68
97.63
97.78
97.46
97.45
97.61
97.82
97.64
97.57
97.70
97.43
97.71
97.69
97.62
97.63
97.53
97.64
97.64
97.60
97.59
97.59
97.66
97.41
97.70
97.63
97.51
97.69
97.51
97.45
97.72
97.66
97.71
97.61
97.72
97.62
97.57
97.66
97.58
97.68
97.54
97.59
97.72
97.55
97.54
97.50
97.79
97.44
97.58
97.53
97.76
97.58
97.49
97.68
97.64
97.62
97.46
97.59
97.73
97.63
97.74
97.71
97.58
97.47
97.75
97.63
97.71
97.58
97.63
97.49
97.68
97.69
97.66
97.56
97.39
97.64
97.44
97.61
97.58
97.55
97.66
97.51
97.33
97.55
97.49
97.80
97.53
97.53
97.69
97.70
97.58
97.63
97.63
97.54
97.62
97.42
97.60
97.55
97.61
97.62
97.67
97.64
97.49
97.64
97.62
97.64
97.64
97.52
97.70
97.69
97.56
97.74
97.66
97.62
97.61
97.61
97.64
97.46
97.79
97.62
97.39
97.34
97.69
97.75
97.47
97.70
97.57
97.66
97.64
97.55
97.64
97.61
97.46
97.67
97.71
97.52
97.52
97.53
97.49
97.33
97.52
97.69
97.68
97.54
97.68
97.68
97.56
97.58
97.59
97.82
97.62
97.67
97.78
97.61
97.53
97.66
97.71
97.64
97.56
97.65
97.64
97.60
97.48
97.53
97.65
97.33
97.73
97.73
97.51
97.52
97.64
97.62
97.60
97.61
97.68
97.50
97.62
97.59
97.65
97.59
97.53
97.74
97.54
97.69
97.77
97.67
97.69
97.49
97.70
97.82
97.63
97.30
97.48
97.53
97.42
97.57
97.50
97.59
97.51
97.68
97.65
97.60
97.77
97.54
97.67
97.68
97.64
97.50
97.46
97.58
97.51
97.74
97.49
97.42
97.53
97.71
97.64
97.63
97.67
97.63
97.53
97.69
97.66
97.67
97.60
97.45
97.58
97.54
97.55
97.73
97.43
97.62
97.65
97.56
97.67
97.41
97.60
97.78
97.66
97.56
97.60
97.59
97.57
97.44
97.61
97.40
97.60
97.51
97.76
97.60
97.64
97.63
97.39
97.65
97.59
97.46
97.69
97.68
97.57
97.45
97.55
97.70
97.49
97.76
97.64
97.57
97.75
97.62
97.58
97.40
97.68
97.66
97.58
97.63
97.69
97.59
97.53
97.60
97.65
97.51
97.83
97.56
97.60
97.69
97.49
97.64
97.75
97.66
97.53
97.60
97.62
97.30
97.53
97.59
97.63
97.59
97.72
97.65
97.62
97.46
97.68
97.63
97.54
97.69
97.43
97.64
97.58
97.68
97.64
97.55
97.65
97.67
97.60
97.67
97.44
97.50
97.45
97.60
97.68
97.71
97.58
97.64
97.72
97.49
97.42
97.62
97.74
97.67
97.71
97.61
97.67
97.62
97.63
97.37
97.69
97.54
97.63
97.71
97.59
97.57
97.61
97.75
97.56
97.62
97.66
97.64
97.63
97.49
97.68
97.69
97.66
97.45
97.52
97.63
97.58
97.80
97.64
97.60
97.56
97.67
97.75
97.73
97.72
97.71
97.52
97.73
97.59
97.50
97.52
97.73
97.60
97.63
97.45
97.77
97.41
97.68
97.63
97.58
97.61
97.57
97.70
97.62
97.48
97.58
97.63
97.52
97.59
97.43
97.74
97.62
97.67
97.48
97.53
97.53
97.58
97.77
97.45
97.61
97.46
97.65
97.60
97.73
97.53
97.52
97.55
97.75
97.65
97.62
97.51
97.40
97.76
97.77
97.74
97.55
97.56
97.60
97.71
97.68
97.52
97.57
97.59
97.59
97.65
97.57
97.63
97.75
97.54
97.68
97.72
97.62
97.62
97.63
97.66
97.53
97.54
97.64
97.51
97.59
97.74
97.66
97.63
97.73
97.58
97.65
97.72
97.76
97.72
97.51
97.70
97.78
97.54
97.65
97.58
97.50
97.35
97.77
97.38
97.56
97.76
97.58
97.53
97.63
97.57
97.55
97.47
97.56
97.56
97.78
97.43
97.53
97.73
97.80
97.44
97.59
97.55
97.63
97.46
97.64
97.69
97.56
97.64
97.64
97.65
97.67
97.49
97.51
97.65
97.73
97.63
97.68
97.81
97.54
97.55
97.47
97.62
97.58
97.57
97.52
97.49
97.62
97.61
97.50
97.53
97.75
97.71
97.61
97.69
97.64
97.57
97.65
97.69
97.64
97.53
97.50
97.59
97.76
97.72
97.72
97.65
97.57
97.38
97.63
97.56
97.78
97.62
97.65
97.42
97.44
97.58
97.64
97.69
97.69
97.64
97.65
97.67
97.65
97.47
97.74
97.56
97.73
97.72
97.48
97.65
97.56
97.36
97.63
97.72
97.72
97.58
97.41
97.69
97.57
97.62
97.45
97.70
97.57
97.56
97.56
97.57
97.67
97.41
97.57
97.61
97.59
97.67
97.65
97.50
97.47
97.58
97.76
97.59
97.48
97.44
97.66
97.55
97.66
97.58
97.64
97.57
97.59
97.59
97.60
97.65
97.65
97.63
97.56
97.73
97.52
97.58
97.59
97.58
97.41
97.63
97.65
97.66
97.50
97.69
97.61
97.70
97.57
97.69
97.59
97.48
97.61
97.54
97.39
97.58
97.68
97.62
97.65
97.57
97.50
97.55
97.67
97.82
97.60
97.65
97.67
97.55
97.82
97.60
97.56
97.74
97.66
97.53
