96.13
96.06
95.49
95.47
95.91
95.63
95.18
95.82
95.82
95.94
95.46
96.21
95.69
95.73
95.90
95.75
95.86
95.80
95.90
95.87
95.85
96.01
95.75
95.91
95.84
95.91
95.81
96.00
95.78
95.68
95.76
95.73
95.81
95.95
96.04
95.90
95.72
95.85
95.74
95.64
95.69
95.82
96.00
95.91
95.71
96.26
96.20
95.83
95.57
95.59
95.80
95.49
95.68
95.50
95.72
96.00
95.98
95.58
95.69
95.99
95.92
95.67
95.86
95.84
95.82
95.86
96.02
95.88
95.59
95.45
95.84
95.44
96.08
95.81
95.74
95.89
95.49
95.73
95.89
95.52
96.07
95.58
95.74
95.83
95.45
95.57
95.79
95.77
95.75
95.81
95.98
96.00
95.83
95.66
95.83
95.93
95.82
96.06
95.97
95.67
95.64
95.54
95.79
95.79
95.55
95.78
96.13
95.77
95.88
95.73
95.72
95.80
95.78
95.66
95.79
95.70
96.01
95.89
95.93
95.87
95.88
95.75
95.80
95.92
95.67
95.61
96.04
95.18
96.03
96.00
95.74
95.79
96.09
95.82
95.82
95.89
95.59
95.71
96.08
95.85
95.82
95.50
95.82
95.83
96.02
95.59
95.72
95.75
95.79
95.93
96.23
95.74
95.80
95.96
95.54
96.04
95.93
95.48
95.80
95.91
96.05
95.49
95.56
95.36
95.69
96.08
95.97
96.05
96.00
96.00
95.75
95.54
96.01
95.87
95.80
95.82
95.75
95.70
95.37
95.97
95.58
95.87
95.79
95.78
95.78
96.14
95.65
95.77
95.67
95.66
95.71
95.55
95.75
95.80
95.74
95.54
95.78
95.91
95.71
95.61
95.22
95.58
95.90
95.87
95.81
95.80
95.76
95.66
95.92
96.07
95.43
95.66
95.53
95.84
96.02
96.15
96.01
95.89
95.87
96.02
95.60
95.88
95.70
96.03
96.11
95.63
96.01
96.07
95.84
95.63
95.74
96.06
96.06
96.02
95.81
95.69
95.85
95.54
95.73
95.59
95.17
95.81
95.62
95.64
95.76
96.30
95.80
95.77
95.49
95.71
95.79
96.02
95.76
95.87
95.58
95.64
95.92
95.58
95.81
95.57
95.77
95.75
95.90
96.16
95.92
95.71
95.44
95.74
95.82
96.04
95.47
95.61
95.88
95.96
95.81
95.85
95.82
95.78
95.80
95.82
95.87
95.40
95.85
96.10
95.64
96.02
95.96
95.78
96.16
95.75
95.62
96.10
96.18
95.41
95.91
95.94
95.89
96.05
95.54
96.15
95.68
95.79
95.49
95.76
95.80
95.92
96.13
95.85
95.51
95.77
95.82
95.82
95.93
95.81
95.99
95.62
95.91
96.01
95.98
95.75
96.09
95.57
96.09
96.06
95.72
95.81
95.81
96.01
95.36
95.46
96.10
96.06
95.98
95.73
96.07
95.88
95.14
95.74
95.46
96.00
95.75
95.85
95.66
95.77
95.69
95.73
95.97
95.88
96.10
95.98
96.18
95.90
95.92
95.48
95.68
95.82
95.99
95.58
96.43
95.58
95.82
95.51
95.98
95.94
95.74
95.76
95.67
95.85
95.81
95.82
95.92
95.65
95.37
96.09
95.84
95.84
95.75
95.93
95.83
95.73
95.75
95.72
95.64
95.57
95.84
95.85
95.47
95.79
95.88
95.61
95.64
95.73
95.43
95.81
96.13
95.90
95.98
95.96
96.12
96.20
95.62
95.86
96.06
95.60
95.25
95.48
95.88
95.93
95.95
95.48
95.68
95.68
95.78
95.70
96.04
95.82
95.76
95.95
96.14
95.76
95.93
95.78
95.76
95.78
95.81
95.78
96.16
95.76
96.28
96.09
95.77
95.15
95.79
96.13
95.75
95.68
95.83
95.55
96.00
95.76
95.70
95.67
95.72
95.68
95.53
95.51
95.53
95.97
95.96
95.97
95.59
95.92
95.99
95.58
96.01
95.97
95.85
95.92
95.47
95.74
95.92
95.56
95.43
95.50
95.80
95.76
96.11
95.86
95.88
95.73
95.61
96.13
95.85
95.59
95.92
95.67
95.89
95.76
96.01
95.97
95.61
95.46
95.58
95.46
95.73
95.76
95.63
95.23
95.94
96.01
95.93
95.64
95.58
95.19
95.96
95.88
95.35
95.82
95.72
95.88
96.06
95.76
95.83
95.59
95.77
96.09
95.71
95.85
95.48
95.84
95.67
95.71
95.72
95.93
95.55
95.81
96.04
95.94
95.87
95.70
95.62
95.87
95.68
95.43
95.81
95.96
95.77
95.90
95.70
95.84
95.54
95.92
95.69
95.89
95.94
95.82
95.68
95.46
95.76
95.65
95.42
95.67
95.62
95.58
95.79
96.06
95.93
95.59
95.84
95.59
95.27
95.46
95.27
95.61
95.89
95.71
95.99
95.87
95.93
95.86
95.84
96.12
95.93
95.68
95.72
95.76
95.63
95.92
95.88
95.65
95.79
95.86
95.38
95.88
96.01
95.92
95.65
95.49
95.63
95.55
96.01
95.93
95.74
95.94
95.90
95.63
95.93
95.40
95.98
96.07
95.99
95.85
95.86
95.86
95.98
95.91
95.79
95.85
95.65
95.88
95.66
95.95
95.61
95.70
95.95
95.94
95.53
96.02
95.94
95.34
96.15
95.68
95.66
95.51
95.67
95.91
95.78
95.90
95.91
96.07
95.82
95.97
95.85
95.55
95.85
95.68
95.75
96.04
95.53
95.85
96.01
95.63
95.95
95.97
95.85
95.92
95.88
96.01
96.05
95.87
95.80
95.71
95.81
95.84
96.17
96.03
95.54
95.76
95.58
95.78
95.73
95.58
95.54
95.70
95.78
95.76
95.97
95.70
95.60
95.88
95.82
96.01
96.05
95.65
95.87
95.58
95.84
95.91
95.91
95.88
96.03
95.83
95.72
95.69
95.98
95.81
95.92
95.51
96.02
95.70
95.83
95.94
96.00
95.84
95.87
95.76
95.65
96.14
95.67
95.90
95.69
95.67
95.65
95.59
95.93
95.78
95.81
95.67
95.51
95.99
95.85
95.96
96.03
94.86
96.03
95.82
95.92
95.48
95.87
96.04
95.81
95.78
95.79
95.61
95.56
95.67
95.59
95.85
95.57
95.85
95.85
95.77
95.57
96.00
95.87
95.72
96.00
95.93
95.76
95.86
95.84
95.77
95.53
95.69
95.58
95.92
95.99
96.07
95.79
95.87
95.98
95.57
95.87
95.91
95.67
95.62
95.72
95.66
95.66
96.08
95.87
95.75
95.55
95.72
95.98
95.99
95.86
95.76
95.07
95.78
95.86
95.52
95.45
95.83
95.95
95.88
95.81
95.73
95.66
96.15
95.85
95.73
95.89
95.69
95.92
95.75
95.92
95.54
95.86
96.03
95.57
95.26
95.51
96.10
95.40
95.85
95.78
95.79
96.11
95.42
95.80
95.89
95.46
95.82
95.54
95.78
95.88
95.75
95.73
95.86
95.94
95.50
95.77
95.61
95.86
95.70
95.91
95.63
95.78
96.03
95.92
95.52
95.28
95.66
96.00
95.36
95.89
95.49
95.55
95.28
96.12
95.53
95.49
95.70
95.49
95.71
95.81
95.39
95.66
95.52
95.82
95.38
95.58
95.86
95.85
95.70
95.47
95.97
95.64
95.96
95.77
96.03
95.87
96.14
95.81
95.97
95.65
96.00
95.79
95.94
95.90
95.64
95.56
95.77
95.76
95.76
95.72
95.55
95.91
95.95
95.84
96.02
95.93
96.00
95.93
96.00
95.70
96.10
95.56
95.70
95.75
95.95
95.43
95.90
95.86
96.01
96.03
96.14
95.74
95.42
95.99
95.88
96.01
95.72
96.12
96.03
95.99
95.96
95.92
95.92
95.74
95.52
96.02
95.94
95.78
95.53
95.92
96.01
95.68
95.91
95.56
95.86
96.08
95.88
95.61
95.70
95.97
95.54
95.48
95.56
95.70
95.80
95.48
96.01
95.62
95.85
95.13
95.82
96.15
95.92
95.91
95.53
96.03
95.95
95.64
95.91
95.87
95.94
95.94
95.77
95.92
95.95
96.01
95.85
95.52
95.91
95.77
95.85
96.13
95.71
96.01
95.98
95.71
95.70
95.67
95.81
95.68
95.73
95.86
95.92
95.71
95.75
95.97
95.79
95.61
95.49
95.91
96.17
95.94
95.35
96.02
95.95
95.95
95.83
95.67
95.83
96.29
95.75
96.00
95.99
95.89
95.47
95.79
95.91
95.47
95.67
95.62
95.67
95.52
95.85
95.86
95.48
95.90
95.84
95.91
95.48
95.73
95.74
95.81
95.82
95.67
95.84
95.59
95.79
95.72
95.50
95.66
95.96
96.11
95.90
