97.71
97.71
97.56
97.52
97.30
97.35
97.41
97.67
97.70
97.60
97.61
97.79
97.66
97.57
97.69
97.57
97.43
97.55
97.68
97.56
97.65
97.62
97.21
97.57
97.60
97.68
97.65
97.64
97.78
97.64
97.36
97.61
97.76
97.75
97.76
97.45
97.76
97.51
97.48
97.55
97.72
97.51
97.53
97.68
97.60
97.78
97.82
97.71
97.73
97.71
97.53
97.55
97.67
97.64
97.57
97.39
97.50
97.58
97.61
97.46
97.58
97.67
97.56
97.36
97.69
97.42
97.57
97.59
97.63
97.42
97.48
97.65
97.81
97.65
97.44
97.58
97.81
97.78
97.39
97.94
97.56
97.61
97.54
97.87
97.60
97.64
97.49
97.40
97.61
97.50
97.34
97.66
97.82
97.44
97.79
97.78
97.58
97.55
97.61
97.58
97.59
97.58
97.64
97.40
97.82
97.75
97.75
97.46
97.65
97.56
97.55
97.50
97.65
97.42
97.51
97.78
97.58
97.85
97.33
97.55
97.69
97.75
97.54
97.73
97.62
97.68
97.90
97.61
97.74
97.62
97.57
97.56
97.57
97.78
97.76
97.68
97.53
97.70
97.49
97.56
97.61
97.71
97.75
97.74
97.53
97.54
97.56
97.62
97.67
97.57
97.56
97.54
97.49
97.55
97.63
97.67
97.66
97.73
97.73
97.42
97.87
97.55
97.52
97.38
97.52
97.65
97.59
97.69
97.80
97.59
97.84
97.53
97.51
97.67
97.65
97.51
97.33
97.58
97.67
97.78
97.51
97.60
97.66
97.48
97.40
97.48
97.67
97.13
97.62
97.57
97.76
97.41
97.54
97.61
97.67
97.82
97.58
97.64
97.45
97.43
97.79
97.76
97.68
97.66
97.75
97.46
97.73
97.80
97.59
97.48
97.73
97.60
97.56
97.57
97.63
97.44
97.76
97.58
97.74
97.47
97.51
97.58
97.66
97.73
97.78
97.67
97.58
97.69
97.60
97.69
97.84
97.75
97.67
97.56
97.54
97.47
97.74
97.59
97.69
97.82
97.48
97.47
97.70
97.68
97.49
97.60
97.46
97.65
97.64
97.52
97.46
97.79
97.56
97.49
97.47
97.74
97.52
97.72
97.47
97.19
97.54
97.51
97.74
97.52
97.54
97.62
97.77
97.49
97.79
97.82
97.47
97.49
97.63
97.67
97.66
97.52
97.51
97.56
97.68
97.48
97.72
97.79
97.49
97.51
97.42
97.69
97.60
97.83
97.66
97.49
97.71
97.54
97.65
97.66
97.84
97.55
97.81
97.76
97.40
97.40
97.72
97.66
97.52
97.35
97.57
97.79
97.63
97.88
97.67
97.56
97.53
97.63
97.47
97.43
97.63
97.57
97.69
97.50
97.57
97.49
97.50
97.58
97.68
97.50
97.64
97.65
97.26
97.66
97.74
97.52
97.80
97.58
97.58
97.59
97.49
97.60
97.51
97.64
97.57
97.54
97.55
97.73
97.57
97.52
97.69
97.84
97.57
97.49
97.82
97.40
97.77
97.62
97.44
97.62
97.86
97.55
97.62
97.38
97.66
97.64
97.65
97.76
97.48
97.67
97.64
97.67
97.70
97.47
97.48
97.49
97.66
97.63
97.55
97.49
97.70
97.59
97.44
97.67
97.55
97.70
97.68
97.76
97.60
97.62
97.59
97.54
97.53
97.55
97.42
97.51
97.79
97.73
97.52
97.59
97.75
97.66
97.74
97.79
97.75
97.62
97.44
97.50
97.58
97.65
97.48
97.64
97.79
97.63
97.67
97.81
97.54
97.84
97.38
97.60
97.60
97.69
97.64
97.61
97.73
97.54
97.66
97.85
97.33
97.54
97.87
97.67
97.40
97.69
97.66
97.77
97.66
97.38
97.82
97.57
97.74
97.62
97.55
97.80
97.50
97.73
97.64
97.58
97.70
97.74
97.61
97.42
97.37
97.72
97.50
97.64
97.75
97.73
97.68
97.37
97.56
97.74
97.74
97.63
97.36
97.67
97.46
97.37
97.38
97.73
97.51
97.54
97.63
97.29
97.48
97.40
97.65
97.43
97.69
97.57
97.57
97.73
97.44
97.45
97.72
97.46
97.49
97.71
97.84
97.41
97.52
97.65
97.66
97.58
97.75
97.74
97.54
97.71
97.65
97.40
97.45
97.58
97.56
97.44
97.75
97.78
97.65
97.66
97.52
97.66
97.73
97.60
97.70
97.73
97.71
97.59
97.62
97.65
97.46
97.62
97.70
97.76
97.70
97.72
97.65
97.84
97.62
97.51
97.60
97.47
97.64
97.74
97.68
97.69
97.57
97.71
97.80
97.62
97.56
97.66
97.70
97.61
97.55
97.61
97.55
97.48
97.72
97.42
97.74
97.36
97.61
97.61
97.82
97.45
97.72
97.62
97.79
97.47
97.55
97.39
97.66
97.31
97.64
97.53
97.56
97.85
97.78
97.58
97.59
97.67
97.66
97.62
97.48
97.71
97.81
97.78
97.62
97.50
97.80
97.57
97.59
97.63
97.65
97.55
97.80
97.56
97.72
97.65
97.82
97.59
97.18
97.60
97.41
97.47
97.47
97.72
97.53
97.76
97.69
97.65
97.59
97.62
97.72
97.81
97.68
97.68
97.54
97.58
97.51
97.53
97.55
97.91
97.36
97.65
97.70
97.45
97.58
97.37
97.52
97.31
97.79
97.48
97.65
97.55
97.69
97.71
97.57
97.64
97.48
97.68
97.77
97.63
97.73
97.58
97.56
97.69
97.61
97.76
97.58
97.51
97.78
97.27
97.73
97.66
97.77
97.84
97.68
97.64
97.64
97.76
97.51
97.66
97.68
97.64
97.54
97.71
97.67
97.73
97.52
97.43
97.68
97.50
97.47
97.83
97.82
97.45
97.59
97.55
97.77
97.67
97.72
97.64
97.69
97.54
97.40
97.42
97.44
97.52
97.32
97.68
97.77
97.58
97.84
97.73
97.79
97.59
97.61
97.62
97.56
97.66
97.28
97.72
97.43
97.19
97.82
97.51
97.48
97.78
97.63
97.68
97.47
97.48
97.46
97.35
97.63
97.65
97.31
97.40
97.46
97.52
97.62
97.47
97.67
97.65
97.62
97.82
97.58
97.85
97.59
97.76
97.64
97.68
97.57
97.47
97.57
97.64
97.60
97.54
97.42
97.64
97.69
97.73
97.46
97.73
97.46
97.34
97.89
97.49
97.45
97.69
97.56
97.56
97.59
97.49
97.65
97.65
97.72
97.67
97.80
97.55
97.64
97.76
97.44
97.59
97.71
97.76
97.74
97.54
97.46
97.85
97.58
97.69
97.62
97.79
97.70
97.61
97.88
97.59
97.78
97.99
97.54
97.59
97.56
97.56
97.71
97.75
97.39
97.34
97.80
97.67
97.69
97.65
97.39
97.82
97.38
97.65
97.77
97.63
97.86
97.44
97.67
97.66
97.74
97.58
97.41
97.62
97.74
97.56
97.82
97.56
97.49
97.57
97.39
97.53
97.68
97.63
97.65
97.63
97.51
97.62
97.94
97.58
97.53
97.56
97.42
97.63
97.79
97.55
97.56
97.72
97.57
97.57
97.71
97.63
97.59
97.66
97.80
97.74
97.68
97.45
97.47
97.55
97.81
97.68
97.65
97.51
97.42
97.64
97.56
97.64
97.59
97.80
97.78
97.64
97.60
97.61
97.31
97.49
97.61
97.55
97.77
97.61
97.72
97.65
97.72
97.65
97.58
97.79
97.68
97.79
97.73
97.78
97.57
97.72
97.60
97.73
97.56
97.82
97.63
97.65
97.80
97.55
97.74
97.70
97.68
97.81
97.80
97.59
97.70
97.51
97.58
97.67
97.21
97.65
97.67
97.76
97.62
97.60
97.52
97.71
97.54
97.77
97.54
97.59
97.54
97.87
97.44
97.52
97.80
97.61
97.81
97.61
97.61
97.74
97.46
97.38
97.73
97.44
97.54
97.60
97.69
97.42
97.65
97.57
97.52
97.68
97.66
97.32
97.79
97.72
97.33
97.60
97.48
97.48
97.59
97.59
97.67
97.63
97.49
97.50
97.62
97.70
97.60
97.39
97.62
97.60
97.34
97.88
97.59
97.89
97.44
97.81
97.40
97.58
97.48
97.61
97.67
97.56
97.66
97.80
97.61
97.62
97.50
97.52
97.60
97.79
97.60
97.52
97.60
97.50
97.78
97.67
97.47
97.73
97.68
97.76
97.45
97.76
97.64
97.60
97.81
97.66
97.63
97.42
97.61
97.45
97.78
97.65
97.68
97.62
97.65
97.40
97.72
97.64
97.90
97.82
97.64
97.50
97.63
97.55
97.62
97.53
97.66
97.51
97.95
97.74
97.58
97.54
97.46
97.45
97.75
97.57
97.48
97.79
97.54
97.77
