96.43
96.16
96.25
96.25
95.84
95.99
96.08
96.06
96.00
95.94
96.10
96.17
96.00
96.39
96.37
96.28
96.20
95.95
96.17
96.28
96.33
96.10
96.13
96.22
96.16
96.32
95.93
96.21
96.38
96.09
96.15
96.13
96.19
96.00
96.38
96.26
96.22
96.34
95.87
96.02
96.26
96.10
96.26
96.16
96.24
96.09
96.08
96.40
96.24
95.94
96.23
96.22
96.36
96.29
96.15
96.11
96.11
96.17
96.00
95.94
96.29
96.27
96.32
96.13
96.30
96.19
96.23
96.25
96.12
96.30
96.20
96.29
96.43
96.11
96.09
96.17
96.30
96.21
96.15
96.10
95.81
96.04
96.15
95.76
95.93
96.26
96.01
96.27
95.96
96.45
96.45
95.90
96.04
96.13
96.21
96.36
95.96
96.19
96.25
96.15
96.31
96.43
96.07
95.96
96.18
96.25
95.83
96.26
96.28
96.08
96.29
96.47
96.30
96.01
96.26
96.12
96.24
96.46
96.17
96.03
95.94
96.15
96.16
96.30
96.34
95.96
96.10
96.16
96.15
96.27
96.08
96.50
95.90
95.99
96.22
96.40
96.28
96.17
96.06
96.00
96.10
96.15
96.12
96.34
96.33
96.28
96.20
96.08
96.10
96.13
96.16
96.22
95.83
96.04
95.98
95.91
96.31
96.30
96.24
96.06
96.18
96.15
95.97
96.11
96.29
96.16
96.09
96.27
95.98
96.20
96.27
95.96
96.13
96.14
96.39
95.95
96.38
95.93
96.36
96.10
96.17
96.42
96.22
96.15
95.81
95.97
96.01
96.10
96.06
96.22
96.20
96.18
95.94
96.14
95.86
96.07
96.09
96.28
96.25
96.04
96.34
96.22
96.06
96.19
96.47
96.22
96.23
96.15
96.16
95.79
96.50
96.29
96.26
96.22
96.14
96.08
96.15
96.08
96.56
96.29
96.38
96.26
96.22
96.10
96.26
96.23
96.21
96.15
96.11
96.35
96.27
96.34
96.24
96.21
95.96
96.02
96.13
96.10
96.30
96.10
96.34
96.15
95.98
96.18
96.14
96.07
96.29
96.45
96.13
96.25
96.35
96.14
96.06
96.34
96.23
96.20
96.06
96.25
96.17
96.13
96.22
96.12
96.01
95.95
96.40
96.02
96.46
96.02
96.01
96.27
96.01
95.96
96.20
95.98
95.93
96.24
96.29
96.00
96.13
96.08
95.93
96.06
95.87
96.13
96.13
95.57
95.69
96.01
96.16
96.24
96.29
96.10
96.44
96.16
96.11
96.00
96.32
96.44
96.29
96.28
96.10
95.98
96.04
96.19
96.26
96.53
96.33
96.19
95.93
96.03
96.02
96.04
95.90
96.21
96.26
96.05
96.21
95.92
96.24
96.07
96.19
95.92
96.07
96.25
95.97
96.18
96.26
95.98
96.14
96.23
96.32
96.49
96.24
96.15
95.97
96.10
96.21
95.99
96.06
96.16
96.18
95.96
96.03
96.11
96.00
96.51
96.02
96.19
96.34
96.24
96.54
96.14
96.25
96.04
96.29
96.06
95.96
96.04
96.16
96.19
95.96
96.17
96.30
96.15
96.29
96.16
96.27
96.26
95.82
96.04
96.30
96.18
96.04
96.25
96.06
96.14
96.09
96.31
96.26
96.34
96.05
96.35
95.84
96.32
96.23
96.31
96.37
96.10
96.30
96.12
96.31
96.14
96.17
96.22
96.34
96.00
96.31
96.37
95.97
96.20
96.41
95.62
96.09
95.83
96.05
96.16
96.13
96.19
96.12
95.92
96.31
96.27
96.01
96.17
96.29
96.29
96.33
96.22
96.47
96.38
96.27
96.17
96.25
96.13
96.26
96.21
96.29
96.05
96.23
96.02
96.21
96.21
96.03
96.40
96.30
96.17
96.20
96.14
96.42
96.04
96.04
96.10
96.11
96.33
96.03
96.03
96.17
96.16
96.23
96.38
96.08
96.32
96.16
96.26
96.19
96.05
96.11
96.04
96.20
96.27
96.44
96.08
96.12
96.01
96.30
96.42
96.49
96.33
96.31
96.34
96.12
96.29
96.06
96.00
96.23
95.79
96.29
96.31
96.00
96.03
96.07
95.99
96.17
96.06
96.45
96.35
96.33
96.03
96.12
96.00
96.31
95.94
96.19
96.16
96.20
96.32
96.35
96.18
96.35
96.34
96.18
96.19
96.20
96.06
96.12
96.16
96.12
96.26
96.22
96.06
96.22
96.29
95.80
96.10
96.38
96.27
96.34
96.24
96.22
96.30
96.16
96.39
96.34
96.11
96.21
96.15
95.93
96.10
96.15
96.10
96.13
96.17
96.13
96.33
96.24
96.28
96.09
95.99
96.10
95.89
96.34
96.11
96.14
96.16
96.07
96.14
95.98
95.74
96.28
95.98
96.08
96.07
96.15
96.23
96.09
96.16
96.29
96.18
96.14
96.30
96.05
96.35
96.25
96.07
96.31
96.17
96.05
96.27
96.01
96.19
96.19
96.03
96.19
96.02
95.86
96.03
96.13
96.33
96.14
96.21
95.99
95.92
95.97
96.25
96.33
96.26
96.10
96.33
96.17
96.21
96.09
96.35
96.39
96.17
96.14
96.23
96.08
96.01
96.17
96.09
96.26
95.95
96.20
96.15
95.91
96.42
96.18
96.14
96.07
96.14
96.22
96.17
96.14
96.47
96.23
96.07
96.33
96.15
96.23
96.13
96.31
96.28
96.17
96.36
96.38
96.16
96.24
96.09
95.96
96.27
96.17
96.23
96.23
96.08
96.09
96.15
96.21
96.12
96.09
96.21
96.36
96.30
96.11
96.00
96.15
96.20
96.19
96.38
96.16
96.12
96.37
96.30
96.17
96.31
95.78
96.28
96.09
96.36
96.20
96.29
96.37
96.31
95.83
96.03
95.88
96.34
95.91
96.11
96.24
96.07
96.01
96.26
96.28
96.21
96.20
96.37
95.91
96.19
96.08
96.10
96.31
96.10
96.29
96.11
96.03
96.12
96.17
96.39
96.29
96.17
96.33
96.45
96.46
96.07
96.33
96.20
96.14
96.12
96.23
96.22
96.22
96.19
96.29
96.24
96.09
96.13
96.26
96.25
96.12
96.22
96.04
96.20
96.14
96.12
96.29
96.11
96.21
96.01
96.20
96.11
96.35
96.24
96.20
96.12
96.19
96.05
96.25
96.17
95.90
96.05
95.99
96.28
96.37
96.07
96.01
96.20
96.04
96.23
96.30
96.28
96.09
96.22
96.21
96.29
96.21
96.25
96.32
96.20
95.99
95.94
95.92
96.07
96.08
96.25
96.29
96.20
96.10
96.02
96.00
96.10
96.28
96.02
96.10
96.03
96.20
96.37
95.80
96.33
96.27
96.37
95.97
95.86
96.21
96.09
96.19
96.06
95.97
96.12
96.22
95.95
96.29
96.05
96.25
96.19
96.21
96.11
96.20
96.02
96.26
96.27
96.15
96.28
96.21
95.90
95.99
96.08
96.28
95.85
96.22
96.14
95.98
96.19
96.29
96.40
96.32
96.08
96.39
96.17
96.15
96.08
96.29
96.10
96.19
96.21
95.95
96.03
95.91
95.99
96.05
95.90
96.10
96.25
96.38
95.84
96.28
96.10
96.24
95.87
95.93
96.10
95.82
96.20
96.26
96.23
96.22
96.65
96.21
96.25
96.48
96.33
96.38
95.89
96.23
96.13
96.36
96.07
96.08
96.24
96.20
96.30
95.80
96.44
96.08
96.31
96.20
96.38
95.99
96.29
96.26
96.20
96.00
96.04
96.15
96.27
95.95
96.05
96.06
95.96
95.86
96.22
96.51
96.07
96.23
96.34
96.10
96.07
96.05
96.35
96.22
96.23
96.31
96.03
96.07
96.10
96.16
96.20
96.17
96.22
96.33
96.10
96.09
96.32
96.03
96.31
96.21
96.21
96.03
96.04
96.13
96.23
96.17
96.14
96.25
96.19
96.08
96.22
96.33
96.35
96.00
96.07
96.24
96.19
96.42
96.04
95.95
96.27
96.28
96.07
96.17
95.81
96.28
96.16
96.11
96.03
96.21
96.08
96.19
95.98
96.32
95.68
95.81
96.18
95.89
96.08
96.19
96.17
96.03
96.32
96.23
96.07
96.20
96.25
96.26
96.29
96.22
96.52
95.90
96.09
96.26
95.97
96.21
96.11
96.14
96.05
96.26
96.21
96.21
96.30
96.24
95.93
96.25
95.98
96.13
96.09
96.07
96.29
96.23
96.23
96.23
96.11
96.34
95.98
96.33
96.12
96.14
96.15
96.03
95.96
96.37
96.25
96.03
95.85
96.30
96.26
96.20
96.17
96.40
96.06
96.39
95.95
96.28
96.32
96.19
96.30
96.30
96.39
96.00
96.22
96.17
95.85
