89.20
91.55
90.66
91.41
88.46
92.29
91.39
90.36
87.97
87.28
89.66
88.45
75.94
85.97
81.38
85.59
88.51
92.10
77.20
89.62
82.38
88.79
87.10
93.56
89.26
90.48
89.42
88.69
87.67
90.76
90.56
74.01
92.39
90.59
87.23
81.69
89.76
82.49
90.57
82.37
93.88
91.46
83.98
84.01
70.02
85.70
83.15
85.99
93.32
88.41
88.52
86.60
84.87
86.61
85.07
87.75
83.44
89.53
92.31
79.81
87.19
73.87
83.40
89.63
72.13
92.59
88.36
92.18
85.18
88.80
83.93
87.67
90.79
89.38
88.97
87.35
85.43
90.60
86.00
88.81
86.68
89.16
91.65
85.54
89.34
84.91
84.23
92.94
89.25
89.62
90.91
90.13
90.25
87.51
91.40
89.57
88.45
88.09
92.09
90.07
90.65
81.08
74.44
92.83
87.30
87.68
88.13
81.57
89.81
84.26
90.43
86.23
81.57
82.33
90.66
86.36
86.25
84.98
82.48
92.93
91.45
88.24
87.32
87.90
85.86
88.28
90.10
81.42
91.72
83.32
78.33
83.08
91.63
88.54
84.58
88.58
88.95
87.44
91.52
88.44
87.06
88.63
84.50
87.73
88.21
85.10
84.76
88.35
90.89
92.17
90.05
75.91
86.14
89.76
88.92
91.94
84.79
89.07
85.15
90.59
91.68
83.65
88.67
89.44
86.46
88.29
81.21
79.13
89.37
89.62
85.77
92.48
86.18
89.79
90.56
89.53
90.69
85.33
91.48
87.69
82.49
89.74
87.00
86.11
92.61
92.04
88.20
86.25
87.69
91.63
92.21
79.26
87.14
81.83
88.20
90.83
86.85
86.77
90.84
89.61
84.92
83.90
91.62
80.28
89.45
78.77
92.37
83.54
84.71
86.71
83.10
86.68
93.27
88.77
79.27
85.68
87.03
93.41
85.84
85.75
85.37
87.51
87.23
90.42
90.51
88.79
86.59
88.14
89.19
89.50
86.90
89.40
76.93
92.20
85.87
86.00
92.11
83.21
89.04
89.50
81.36
85.14
89.55
86.13
88.73
90.13
89.91
84.33
87.32
84.59
88.48
90.93
86.68
85.20
87.77
88.12
92.37
89.31
91.99
83.75
90.79
84.44
86.32
80.51
90.90
91.15
76.15
89.43
89.56
89.09
93.19
93.44
86.70
93.36
89.82
91.61
86.05
93.07
90.20
86.62
87.38
86.37
91.52
84.84
81.07
92.34
91.98
89.28
89.91
88.86
93.01
88.54
91.26
88.54
85.68
89.86
86.77
85.49
84.72
88.69
89.95
92.33
87.45
88.08
88.05
86.18
81.24
82.82
83.52
89.19
87.42
74.67
92.87
91.56
84.99
83.41
85.32
84.77
91.07
89.53
79.32
89.31
85.06
90.19
87.77
88.97
84.30
81.89
89.94
87.32
91.71
81.88
92.17
86.48
88.88
88.97
87.83
91.21
90.47
90.44
89.40
91.94
86.84
92.59
88.62
88.62
90.12
78.20
83.82
93.43
84.20
86.22
92.02
86.09
86.78
87.74
88.45
88.49
83.38
89.91
86.39
91.15
85.48
85.23
92.91
75.74
91.63
91.62
85.17
91.64
89.30
87.48
85.48
87.77
91.18
89.75
86.75
87.72
93.18
87.19
79.73
89.85
89.65
88.24
89.04
92.77
89.72
92.14
92.17
91.19
83.84
90.56
93.03
90.36
85.35
88.30
86.43
91.65
87.50
87.25
91.55
89.14
91.46
88.49
85.43
88.10
82.83
77.27
89.52
88.75
87.81
90.69
87.15
93.78
89.54
90.79
89.16
91.98
89.13
85.08
90.36
89.85
89.26
80.35
89.11
93.45
85.76
90.30
89.02
90.74
89.79
89.54
91.24
93.03
84.03
89.85
82.78
85.41
84.31
91.18
88.31
89.00
94.22
89.35
85.29
83.35
89.68
88.20
92.00
92.61
88.02
86.93
90.96
93.92
89.52
89.11
91.29
88.92
92.55
79.76
90.60
81.77
88.02
89.54
86.32
91.05
86.09
93.33
91.68
86.91
91.56
85.08
91.02
88.49
93.17
88.93
86.82
90.00
86.04
91.57
91.33
84.70
91.67
78.26
86.64
89.40
87.54
88.33
84.49
91.79
87.49
91.32
88.87
91.81
87.04
90.37
84.35
81.89
90.27
85.04
85.20
91.28
90.73
85.70
85.69
90.35
91.97
83.43
87.80
90.45
77.10
88.61
85.68
88.35
88.86
80.20
85.54
92.05
91.98
91.94
83.86
88.50
81.63
87.00
87.19
75.98
90.68
86.13
91.65
87.41
87.12
93.49
86.52
83.99
80.07
86.83
90.44
83.47
92.06
86.71
88.60
90.10
92.33
89.81
88.88
83.42
83.92
76.72
90.80
84.93
88.10
84.99
84.69
80.67
90.67
83.32
89.92
88.83
87.98
74.87
82.56
87.26
92.30
85.40
81.97
84.80
88.67
87.72
87.61
90.26
91.32
91.38
85.27
93.12
88.90
89.64
87.15
85.75
87.33
90.99
85.44
88.32
91.77
91.42
93.01
87.29
88.92
90.62
89.31
89.48
81.61
87.54
89.71
90.09
89.36
84.55
87.46
90.05
91.63
89.12
92.82
92.74
88.10
88.69
89.34
89.84
91.43
84.57
92.26
89.06
90.41
88.26
87.91
91.89
92.58
86.35
88.99
90.48
86.73
72.26
88.59
90.38
86.79
86.23
79.27
92.34
88.85
84.84
87.00
86.94
81.65
89.03
91.71
89.01
88.47
93.07
78.33
89.46
90.58
88.03
89.20
88.34
88.78
89.61
87.61
84.22
84.12
85.63
87.92
91.78
91.72
92.40
92.32
93.13
84.88
87.60
91.14
89.96
87.85
89.31
89.48
80.30
91.57
89.24
86.54
86.26
91.51
89.88
92.53
88.81
78.22
88.61
88.04
90.51
88.58
91.68
87.72
88.18
92.41
93.20
84.46
88.70
89.73
85.87
89.10
87.48
84.38
92.17
81.50
83.88
82.19
90.76
80.94
91.02
85.43
91.25
90.92
90.63
89.10
84.80
82.01
86.10
80.71
81.65
89.81
88.17
91.04
90.57
79.04
89.29
87.63
87.68
86.57
86.82
84.15
91.96
91.83
90.08
91.03
90.58
88.08
89.16
86.68
90.70
92.21
90.00
88.57
86.76
83.72
87.02
91.07
88.83
88.74
79.45
91.70
84.91
93.00
87.19
91.42
90.84
87.98
85.03
77.49
82.71
92.88
90.55
88.36
91.50
87.11
88.62
85.69
90.01
89.89
89.14
85.16
91.92
88.61
80.90
90.27
92.28
82.85
92.76
90.38
77.06
89.21
86.60
85.31
87.45
81.13
91.49
92.51
86.83
85.50
88.36
86.91
90.10
89.52
88.46
90.34
80.25
82.47
84.58
91.61
90.85
78.84
88.82
89.68
89.45
89.10
80.48
89.74
89.88
92.36
86.91
90.36
89.37
84.92
78.77
91.27
83.91
79.35
90.33
80.77
82.15
85.51
89.08
85.24
89.35
91.07
91.71
89.24
86.12
77.44
84.88
90.26
82.85
92.57
84.65
91.89
89.21
86.07
86.19
82.53
72.44
91.07
90.72
89.97
77.83
92.12
85.79
88.71
90.96
86.71
87.94
88.37
90.84
92.07
89.91
89.77
88.77
89.92
91.94
90.09
86.07
87.82
76.54
84.54
91.11
80.47
90.56
89.60
92.48
87.92
87.14
91.00
88.85
88.99
91.10
90.21
92.82
86.06
89.43
91.23
87.51
87.54
84.63
88.70
85.27
89.24
91.14
86.76
89.95
91.51
87.71
89.02
87.69
88.39
92.22
93.15
88.48
79.04
91.53
88.18
88.88
91.86
92.52
74.85
92.30
93.30
87.71
87.14
92.74
82.73
84.60
92.80
87.04
83.19
88.75
91.45
93.30
87.33
88.11
87.59
84.16
87.05
83.99
89.68
80.69
91.30
85.09
91.41
92.41
87.53
85.85
91.10
87.10
92.40
90.65
91.68
86.36
78.52
91.89
89.51
85.70
82.85
90.17
89.52
88.23
88.43
90.31
89.25
92.21
81.68
89.74
84.18
88.26
83.92
91.53
86.52
90.05
92.88
92.30
88.26
77.66
88.64
90.69
92.76
92.35
88.08
87.34
88.71
90.29
89.84
85.98
84.91
89.50
79.78
83.07
83.66
90.84
92.57
90.56
88.07
89.15
93.12
91.78
91.70
88.72
83.18
86.14
86.59
90.52
89.12
84.81
86.15
92.78
90.68
88.50
92.10
87.40
89.11
92.02
90.13
84.41
81.68
87.02
85.10
88.55
88.01
90.00
84.52
92.32
90.90
90.78
69.40
85.43
85.19
90.82
88.02
89.69
