96.49
97.04
96.69
95.71
96.06
96.37
96.17
96.53
96.39
96.36
96.68
96.82
96.47
96.84
96.34
95.82
96.23
95.46
95.98
96.61
96.29
96.76
95.42
95.92
96.65
96.46
96.37
96.52
96.13
96.09
96.73
96.23
96.75
96.53
95.99
96.37
96.46
96.50
97.23
96.87
96.45
96.46
95.29
96.69
96.73
95.42
96.53
96.08
96.55
96.38
96.09
95.76
96.75
96.27
96.36
96.07
96.37
96.60
96.28
96.38
95.62
96.90
96.62
95.55
96.64
96.37
96.35
96.24
96.47
95.60
96.37
95.30
97.03
96.71
96.33
96.45
96.74
96.69
96.72
96.62
96.77
96.53
96.78
96.38
96.76
96.30
96.47
95.77
96.45
95.87
96.15
96.79
96.93
96.76
96.03
96.46
96.50
96.74
96.36
96.76
96.41
95.96
95.95
96.18
96.90
96.16
96.17
96.42
96.29
96.61
96.44
95.98
95.39
96.35
96.26
96.16
95.50
96.10
96.52
95.60
96.33
96.07
96.12
96.52
96.49
96.62
96.71
96.33
96.07
96.51
95.97
96.37
95.99
96.39
95.78
95.05
96.74
96.01
96.90
96.63
96.15
96.82
96.24
96.55
97.21
96.22
96.62
96.60
96.36
96.50
96.63
95.96
96.39
96.06
96.45
96.23
96.44
95.35
96.48
95.72
96.58
96.78
96.44
96.61
96.56
96.98
96.32
95.41
96.14
96.61
96.65
96.74
96.54
96.35
96.81
96.95
96.64
96.76
96.38
96.43
95.84
96.21
96.13
95.68
96.45
96.77
96.46
96.29
95.65
96.68
96.26
96.66
95.93
96.18
96.27
96.00
96.75
96.41
96.71
96.20
96.17
95.41
96.08
96.61
95.05
96.57
96.64
96.43
96.22
96.34
96.60
96.24
95.99
96.09
96.93
95.90
96.73
96.27
96.29
96.37
96.58
95.41
95.90
95.97
96.15
96.30
96.17
96.40
96.53
95.48
96.16
96.59
96.76
96.56
96.48
96.75
96.49
96.17
96.41
95.95
96.83
96.19
95.78
96.28
96.10
96.80
96.78
95.35
96.07
96.23
96.22
96.53
96.36
96.34
96.34
96.45
96.67
96.46
96.46
96.50
96.42
96.50
96.56
96.42
96.65
96.00
96.76
96.58
95.93
95.85
96.62
95.13
96.10
96.66
95.98
96.74
96.44
96.72
96.44
96.21
96.40
96.97
96.61
96.88
96.28
95.70
96.71
96.64
96.53
96.74
96.70
95.83
95.89
96.04
96.26
96.45
96.57
96.47
96.78
95.46
96.14
96.17
95.97
96.24
96.74
95.91
96.70
96.54
96.45
96.56
96.58
96.61
95.97
96.35
96.82
96.18
96.42
96.11
96.52
95.50
96.32
96.10
96.24
96.54
96.45
96.48
96.38
96.40
96.55
95.98
95.65
96.38
96.47
96.88
95.81
96.44
96.41
95.92
96.54
95.62
96.57
96.14
96.28
96.12
96.61
96.25
96.95
96.47
96.74
96.49
96.38
96.09
96.89
96.65
96.08
95.67
96.47
95.51
96.78
95.43
96.69
96.34
96.30
95.59
96.25
96.29
96.39
96.65
94.87
96.67
96.75
96.67
96.30
96.54
96.61
97.00
96.70
95.94
96.17
96.38
96.53
96.76
96.88
96.45
96.53
96.44
96.56
95.11
96.54
96.18
96.51
96.30
96.29
96.14
96.10
96.25
96.37
96.81
96.11
95.16
95.80
95.34
96.20
96.03
96.56
96.36
96.23
96.45
96.49
96.35
95.96
96.44
96.48
96.02
96.39
95.93
96.47
95.61
96.63
96.66
95.82
96.95
96.29
96.15
96.09
96.82
96.47
95.73
96.47
96.40
96.31
96.79
96.61
96.77
96.82
96.92
96.48
96.14
96.01
96.33
96.40
95.78
96.22
96.25
96.63
96.29
96.55
96.88
95.86
95.79
94.92
96.70
95.27
96.68
95.91
95.85
96.52
96.98
96.10
96.57
96.42
96.54
96.84
96.24
96.46
96.52
96.03
96.11
96.17
95.98
96.20
96.36
96.48
96.20
96.26
96.79
96.68
96.63
95.69
96.14
96.55
96.76
96.31
96.34
95.64
95.88
96.82
96.52
96.10
96.17
96.32
96.91
96.34
96.42
95.48
96.55
96.38
95.80
97.00
96.81
96.23
96.28
96.33
96.67
95.52
96.46
96.71
96.57
96.43
96.98
96.82
96.37
96.27
96.74
96.48
95.76
96.51
95.98
95.85
96.88
96.32
96.14
96.52
96.79
96.51
95.66
96.53
96.17
96.24
96.62
96.39
96.14
96.74
95.78
96.71
96.73
96.97
96.78
96.82
96.22
96.85
96.16
96.35
96.62
96.93
96.15
96.51
96.43
96.36
96.32
96.08
96.22
96.29
95.81
96.57
96.76
95.93
96.45
95.62
96.48
96.74
96.39
96.33
95.66
96.39
96.37
96.78
96.10
96.44
96.39
96.21
96.46
96.25
96.38
96.49
96.41
96.62
96.40
95.76
96.40
95.16
96.59
95.63
96.13
96.23
96.84
95.87
96.55
96.20
96.54
96.55
96.43
96.39
96.62
96.55
96.37
94.75
96.31
96.47
96.47
96.44
96.35
96.10
96.07
96.81
96.68
96.71
96.26
96.17
96.79
96.31
96.71
96.70
96.16
96.22
96.03
96.44
96.18
96.46
95.96
96.68
96.68
96.04
96.08
96.81
96.52
96.35
96.24
96.57
95.99
96.22
95.40
96.47
96.08
96.55
96.98
96.54
96.39
96.70
96.45
96.56
96.57
96.55
96.89
96.35
96.60
95.87
96.27
96.67
96.26
96.37
96.90
96.07
96.64
96.44
96.34
96.82
95.75
96.42
96.34
96.42
96.06
96.12
96.42
96.75
96.57
96.42
96.12
96.28
96.37
96.23
95.92
96.71
96.82
96.43
96.74
96.49
96.88
95.55
96.69
96.45
96.74
96.31
96.66
96.24
96.70
96.35
96.34
95.98
95.36
95.80
96.39
96.72
96.87
96.39
96.78
96.83
95.78
96.50
96.42
95.43
96.37
96.15
95.46
96.24
96.51
95.44
97.04
96.02
96.60
96.85
96.74
96.71
96.52
96.57
96.70
96.10
95.82
96.59
95.69
96.03
96.23
96.21
97.12
96.79
96.51
96.60
96.51
96.50
96.27
95.66
96.50
96.45
96.11
96.57
96.82
96.43
95.77
96.63
96.03
96.35
96.49
96.60
96.67
95.95
96.10
96.38
96.18
96.84
96.41
96.65
95.89
96.72
96.76
96.29
95.92
96.34
96.05
95.69
96.68
96.76
96.19
96.56
96.20
96.35
96.44
96.15
96.06
96.60
95.88
96.05
96.83
96.05
96.34
96.12
96.18
95.29
96.78
96.53
96.19
96.37
96.28
95.67
94.69
96.64
96.46
95.94
96.47
96.17
95.92
96.59
95.68
96.72
96.37
96.63
96.59
96.85
95.84
96.53
96.32
96.70
96.37
96.67
96.26
96.78
96.46
96.58
96.73
96.07
96.74
96.50
95.89
95.91
96.61
96.22
95.96
96.66
96.74
96.44
97.19
96.29
96.02
96.53
96.30
95.90
96.11
96.27
95.68
96.72
96.30
96.54
96.41
96.67
96.70
96.63
96.11
96.41
95.37
96.54
96.35
96.55
96.63
96.43
96.11
96.61
96.02
96.45
96.73
96.91
96.23
96.96
96.42
96.32
95.23
96.24
96.64
96.43
96.38
96.78
96.47
96.51
96.60
96.79
96.36
96.51
96.53
96.67
96.53
96.33
96.60
96.84
96.12
96.65
96.27
96.34
96.07
96.35
96.74
96.48
95.91
96.13
96.40
96.07
96.15
96.38
96.90
96.86
96.69
95.52
96.46
96.48
96.75
95.99
96.34
96.39
96.90
96.50
96.43
95.04
96.45
95.96
96.37
96.67
96.20
95.78
96.77
95.82
96.10
96.12
96.40
95.70
96.55
96.74
96.08
96.29
96.24
96.55
96.83
96.96
95.35
96.91
97.15
96.35
96.56
96.30
96.29
97.20
95.91
96.96
96.28
95.73
96.48
96.28
96.77
96.31
96.76
96.58
96.63
96.09
96.30
96.33
95.87
96.44
96.57
95.74
95.97
95.29
96.02
96.42
96.45
96.39
95.87
96.33
96.53
95.75
96.76
96.79
96.18
96.12
95.58
96.56
96.08
96.62
95.98
95.95
96.69
96.54
96.68
96.49
96.45
96.35
96.15
95.97
96.39
96.38
95.96
96.57
96.75
96.03
96.62
96.63
95.99
96.58
96.59
96.38
96.88
96.47
96.94
96.50
96.51
96.46
96.21
96.22
95.30
96.30
96.78
96.48
96.31
96.16
96.54
