97.56
97.66
97.67
97.86
97.65
97.78
97.67
97.82
97.73
97.68
97.70
97.66
97.64
97.72
97.60
97.62
97.79
97.67
97.77
97.58
97.87
97.66
97.64
97.30
97.54
97.66
97.63
97.62
97.64
97.50
97.69
97.72
97.69
97.78
97.59
97.79
97.79
97.46
97.65
97.80
97.63
97.72
97.71
97.49
97.53
97.45
97.69
97.86
97.48
97.52
97.69
97.77
97.34
97.62
97.52
97.49
97.67
97.71
97.75
97.59
97.88
97.82
97.63
97.50
97.77
97.49
97.64
97.59
97.66
97.60
97.45
97.48
97.89
97.63
97.75
97.65
97.59
97.75
97.49
97.71
97.62
97.76
97.86
97.77
97.72
97.84
97.46
97.61
97.47
97.54
97.71
97.60
97.65
97.60
97.83
97.69
97.39
97.74
97.62
97.63
97.56
97.82
97.72
97.34
97.84
97.91
97.78
97.76
97.60
97.49
97.62
97.60
97.56
97.63
97.71
97.82
97.72
97.42
97.76
97.74
97.58
97.73
97.66
97.88
97.88
97.73
97.66
97.46
97.44
97.85
97.87
97.75
97.47
97.14
97.74
97.88
97.66
97.72
97.72
97.47
97.76
97.75
97.44
97.56
97.59
97.65
97.75
97.74
97.67
97.41
97.57
97.71
97.76
97.82
97.62
97.73
97.74
97.67
97.66
97.76
97.80
97.51
97.54
97.66
97.74
97.84
97.73
97.70
97.79
97.61
97.63
97.89
97.53
97.74
97.40
97.49
97.69
97.66
97.68
97.74
97.82
97.45
97.49
97.68
97.85
97.91
97.42
97.81
97.66
97.61
97.40
97.66
97.69
97.62
97.58
97.21
97.60
97.42
97.59
97.75
97.67
97.77
97.49
97.70
97.37
97.50
97.61
97.71
97.46
97.64
97.54
97.86
97.63
97.80
97.82
97.78
97.64
97.67
97.60
97.80
97.61
97.85
97.60
97.62
97.72
97.75
97.69
97.61
97.76
97.75
97.75
97.48
97.57
97.70
97.40
97.80
97.75
97.63
97.62
97.47
97.46
97.69
97.65
97.55
97.90
97.87
97.37
97.59
97.61
97.76
97.75
97.76
97.70
97.73
97.77
97.47
97.86
97.42
97.57
97.77
97.58
97.74
97.58
97.80
97.75
97.61
97.52
97.95
97.59
97.71
97.52
97.78
97.71
97.80
97.55
97.58
97.65
97.70
97.81
97.67
97.84
97.35
97.79
97.93
97.68
97.91
97.59
97.38
97.89
97.87
97.66
97.50
97.71
97.84
97.65
97.61
97.35
97.79
97.29
97.45
97.72
97.72
97.71
97.54
97.79
97.70
97.78
97.82
97.61
97.80
97.54
97.70
97.78
97.68
97.61
97.69
97.40
97.63
97.72
97.60
97.81
97.77
97.69
97.73
97.48
97.54
97.67
97.55
97.71
97.76
97.68
97.78
97.81
97.61
97.56
97.51
97.77
97.66
97.46
97.82
97.58
97.92
97.34
97.73
97.75
97.58
96.95
97.36
97.78
97.62
97.75
97.63
97.73
97.70
97.81
97.73
97.79
97.82
97.62
97.79
97.76
97.55
97.58
97.44
97.52
97.78
97.74
97.78
97.86
97.40
97.67
97.41
97.67
97.81
97.37
97.55
97.59
97.68
97.76
97.71
97.67
97.58
97.59
97.67
97.90
97.64
97.65
97.61
97.81
97.58
97.72
97.82
97.62
97.75
97.41
97.61
97.73
97.87
97.58
97.76
97.63
97.69
97.66
97.88
97.87
97.78
97.76
97.61
97.65
97.76
97.69
97.73
97.43
97.49
97.49
97.67
97.66
97.85
97.66
97.75
97.75
97.47
97.62
97.58
97.69
97.87
97.78
97.58
97.76
97.76
97.76
97.75
97.52
97.48
97.61
97.36
97.83
97.44
97.53
97.52
97.56
97.76
97.59
97.77
97.56
97.72
97.87
97.57
97.72
97.59
97.74
97.59
97.55
97.42
97.85
97.70
97.79
97.59
97.78
97.67
97.82
97.82
97.25
97.86
97.66
97.41
97.81
97.68
97.62
97.75
97.67
97.82
97.62
97.50
97.28
97.56
97.47
97.87
97.53
97.68
97.34
97.64
97.48
97.82
97.64
97.54
97.58
97.86
97.54
97.61
97.61
97.16
97.72
97.67
97.60
97.74
97.64
97.81
97.72
97.19
97.36
97.61
97.82
97.57
97.57
97.72
97.67
97.37
97.54
97.51
97.48
97.63
97.67
97.76
97.78
97.50
97.81
97.89
97.73
97.86
97.60
97.67
97.81
97.71
97.29
97.73
97.71
97.75
97.48
97.77
97.65
97.62
97.74
97.84
97.68
97.43
97.56
97.63
97.64
97.69
97.82
97.60
97.84
97.63
97.47
97.70
97.74
97.58
97.63
97.74
97.59
97.54
97.66
97.66
97.85
97.66
97.84
97.80
97.81
97.75
97.63
97.70
97.78
97.60
97.62
97.77
97.74
97.69
97.73
97.85
97.31
97.68
97.68
97.61
97.65
97.65
97.48
97.79
97.82
97.90
97.72
97.44
97.75
97.68
97.75
97.53
97.71
97.78
97.68
97.67
97.71
97.56
97.67
97.71
97.79
97.74
97.47
97.82
97.70
97.73
97.91
97.60
97.44
97.45
97.60
97.63
97.71
97.75
97.53
97.89
97.89
97.68
97.66
97.74
97.78
97.76
97.61
97.96
97.88
97.70
97.51
97.48
97.71
97.78
97.73
97.41
97.46
97.49
97.77
97.84
97.61
97.68
97.78
97.58
97.62
97.80
97.59
97.84
97.84
97.67
97.61
97.35
97.75
97.71
97.61
97.45
97.74
97.68
97.59
97.49
97.91
97.78
97.70
97.54
97.64
97.63
97.60
97.62
97.73
97.74
97.66
97.53
97.54
97.93
97.69
97.92
97.66
97.89
97.56
97.76
97.89
97.42
97.72
97.72
97.61
97.66
97.73
97.80
97.73
97.40
97.75
98.00
97.92
97.59
97.67
97.66
97.46
97.55
97.79
97.48
97.71
97.37
97.47
97.78
97.69
97.66
97.66
97.81
97.66
97.48
97.71
97.71
97.81
97.87
97.79
97.81
97.49
97.78
97.72
97.62
97.55
97.39
97.63
97.66
97.69
97.37
97.69
97.74
97.63
97.77
97.47
97.77
97.85
97.68
97.90
97.40
97.72
97.67
97.72
97.85
97.62
97.90
97.68
97.65
97.37
97.66
97.70
97.73
97.50
97.53
97.58
97.61
97.81
97.38
97.34
97.62
97.69
97.65
97.80
97.75
97.40
97.77
97.67
97.76
97.95
97.74
97.46
97.65
97.56
97.77
97.69
97.84
97.88
97.90
97.69
97.64
97.79
97.63
97.86
97.92
97.64
97.67
97.45
97.72
97.48
97.51
97.30
97.62
97.69
97.53
97.47
97.53
97.91
97.49
97.75
97.62
97.61
97.67
97.57
97.49
97.59
97.66
97.71
97.72
97.73
97.51
97.58
97.79
97.65
97.70
97.78
97.64
97.33
97.35
97.73
97.67
97.65
97.37
97.61
97.68
97.54
97.65
97.51
97.65
97.62
97.70
97.89
97.70
97.64
97.80
97.46
97.75
97.52
97.71
97.64
97.46
97.74
97.50
97.70
97.66
97.76
97.76
97.71
97.50
97.58
97.80
97.48
97.81
97.74
97.74
97.76
97.50
97.66
97.76
97.74
97.56
97.63
97.42
97.42
97.57
97.59
97.43
97.32
97.57
97.86
97.59
97.14
97.85
97.50
97.78
97.55
97.65
97.64
97.70
97.67
97.79
97.69
98.03
97.69
97.79
97.54
97.64
97.72
97.58
97.87
97.81
97.45
97.31
97.79
97.57
97.74
97.42
97.40
97.50
97.64
97.70
97.70
97.69
97.94
97.87
97.76
97.79
97.78
97.77
97.66
97.72
97.82
97.80
97.63
97.66
97.81
97.80
97.82
97.71
97.48
97.63
97.59
97.44
97.48
97.51
97.68
97.63
97.61
97.77
97.54
97.60
97.70
97.66
97.71
97.85
97.75
97.73
97.56
97.85
97.66
97.86
97.71
97.58
97.56
97.60
97.66
97.74
97.57
97.77
97.63
97.75
97.79
97.60
97.69
97.77
97.79
97.65
97.64
97.18
97.74
97.48
97.69
97.63
97.83
97.76
97.64
97.83
97.72
97.72
97.66
97.73
97.55
97.81
97.50
97.68
97.87
97.61
97.72
97.77
97.84
97.62
97.31
97.65
97.55
97.87
97.63
97.76
97.74
97.75
97.76
97.45
97.60
97.87
97.40
97.70
97.66
97.64
97.50
97.59
97.84
97.64
97.67
97.43
97.60
97.55
97.88
97.72
97.66
97.89
97.51
97.67
97.55
97.57
97.65
97.43
