85.79
80.76
84.78
88.24
87.49
86.48
86.25
88.16
78.87
84.52
84.09
88.14
88.84
79.90
84.62
89.36
85.06
84.19
85.67
85.18
87.42
79.02
84.94
85.40
89.02
87.28
89.26
84.85
88.91
87.57
81.31
89.35
89.25
88.29
87.44
90.91
89.42
87.36
89.91
89.50
89.59
84.30
86.97
89.50
87.01
82.04
83.27
85.56
87.57
85.52
83.44
86.79
83.60
87.06
89.53
85.34
84.88
88.62
87.71
87.11
84.85
87.43
87.58
86.45
85.87
84.72
85.72
87.05
91.14
85.31
87.67
86.86
86.50
84.95
88.84
84.64
79.11
89.30
84.37
89.73
87.77
86.21
90.23
80.22
83.27
87.29
91.83
85.89
85.97
86.33
86.09
83.58
88.69
87.60
89.20
86.75
84.48
86.82
88.32
87.10
87.80
90.09
85.62
87.72
88.02
80.39
87.04
87.68
89.78
87.31
84.24
86.13
88.38
87.64
88.14
88.22
87.85
90.89
80.84
89.21
84.73
87.57
87.05
86.54
84.45
83.91
84.46
82.11
89.35
88.16
83.35
90.30
88.18
85.99
88.73
89.89
84.06
87.22
85.53
89.38
84.62
87.81
89.40
88.24
86.14
88.32
86.75
82.18
86.60
86.21
82.73
88.53
87.21
86.56
82.59
88.53
80.57
89.78
89.29
86.76
89.81
91.03
87.30
82.12
86.58
87.59
88.22
87.45
84.89
87.61
87.92
77.71
87.53
86.80
85.63
88.62
85.10
85.98
88.68
89.57
84.39
85.66
88.94
89.65
88.34
87.98
84.80
88.45
87.75
82.92
88.44
83.77
85.04
89.58
87.32
89.34
89.55
84.61
88.55
88.76
79.97
87.35
89.01
81.84
88.22
84.10
88.89
85.87
88.51
85.85
85.78
87.62
86.08
90.13
88.17
85.42
83.80
88.73
87.06
90.46
85.29
90.59
85.93
87.51
87.32
88.67
88.71
85.78
87.96
88.10
82.00
87.88
89.58
90.26
90.13
85.92
88.82
84.92
86.82
87.27
87.53
86.72
89.08
87.41
84.70
87.50
84.92
87.49
88.74
88.18
89.51
87.43
87.68
83.73
88.53
89.22
89.64
82.07
86.99
89.18
81.46
89.90
89.09
86.50
84.04
89.30
86.85
83.10
82.69
87.88
89.42
90.43
82.97
88.16
87.95
87.85
88.55
87.88
87.31
84.62
84.91
88.29
82.19
89.10
90.01
85.07
87.91
89.12
89.13
86.34
91.60
88.81
84.98
84.32
87.59
85.45
88.08
78.51
89.05
90.96
86.24
89.43
86.14
89.74
80.99
87.08
85.63
86.56
88.92
88.20
87.03
89.80
83.36
88.73
87.51
85.63
82.24
89.44
85.06
89.01
85.84
89.45
86.84
88.88
90.10
90.32
85.82
87.55
89.99
87.24
87.66
89.48
86.06
85.33
89.54
87.73
85.84
87.66
85.80
88.51
88.71
79.99
87.98
85.44
87.34
86.93
89.27
83.53
89.23
87.96
87.53
90.31
86.18
88.13
86.92
86.87
84.65
88.72
86.98
88.73
83.32
91.15
88.47
88.32
86.25
86.97
89.29
85.34
88.78
89.21
87.99
85.12
87.25
91.84
88.66
89.22
87.67
86.29
87.83
90.70
90.16
88.44
87.24
90.12
87.43
86.52
87.85
87.34
83.66
88.95
89.22
84.18
81.10
87.80
87.82
90.30
87.05
87.81
82.50
88.12
85.05
84.23
85.31
88.74
88.07
89.57
88.03
87.95
83.63
87.21
83.60
89.21
89.57
86.91
88.97
88.03
85.27
87.52
85.98
85.84
87.09
85.51
89.83
83.31
86.70
87.40
83.05
89.96
84.91
85.60
89.44
89.23
87.31
88.08
89.05
84.76
88.21
87.89
81.52
88.35
87.72
87.35
86.34
86.10
88.71
86.16
83.34
85.56
87.41
85.95
88.65
87.60
85.27
86.32
84.93
86.79
87.20
89.71
89.71
86.41
90.14
88.15
89.03
88.54
90.44
86.22
89.45
89.01
88.17
85.99
83.78
88.30
86.95
88.84
86.90
86.61
87.37
83.23
85.15
87.78
86.76
86.15
86.14
88.63
90.43
88.11
85.42
89.49
82.23
84.23
89.27
88.07
87.64
86.61
83.26
86.03
83.09
88.07
86.75
86.47
88.00
87.88
87.64
87.14
88.20
90.00
86.84
88.86
86.18
84.23
87.90
86.74
86.38
85.04
82.57
86.43
89.55
86.52
89.01
85.21
85.00
88.57
88.71
88.16
82.84
84.88
89.72
86.41
86.68
87.29
87.67
88.99
89.20
87.02
85.07
88.57
87.01
85.67
75.28
86.69
86.59
88.68
85.89
86.19
90.33
87.60
83.08
89.12
86.57
86.17
86.34
90.90
88.39
89.00
89.51
86.80
89.36
85.02
87.20
89.38
83.22
85.81
88.58
87.02
88.32
90.92
89.77
86.80
86.88
82.93
85.53
87.53
83.58
90.77
89.93
84.61
87.06
87.63
89.60
89.03
88.52
84.50
81.09
83.69
90.30
85.40
87.73
82.99
87.44
87.43
83.67
88.68
89.16
89.39
86.99
86.80
87.68
88.63
89.96
87.03
87.83
82.08
85.10
85.04
83.72
87.17
87.97
88.49
83.82
86.87
86.47
86.26
85.77
87.30
87.96
89.22
85.00
87.51
89.62
84.83
89.71
88.38
88.36
84.80
81.88
89.67
82.19
85.43
88.28
82.41
87.41
87.84
86.62
83.96
88.65
86.02
82.15
86.38
87.89
90.44
87.78
86.96
88.65
89.61
87.16
83.97
83.40
88.80
86.97
90.63
87.80
84.49
79.68
87.83
83.65
86.44
83.62
88.45
83.21
90.39
87.38
86.84
82.88
88.39
87.47
87.39
89.51
88.44
88.24
89.39
86.71
83.19
88.04
89.95
89.69
90.87
88.39
89.43
77.82
83.31
86.29
85.27
89.11
90.33
84.38
86.79
88.62
85.46
85.06
88.01
88.29
91.05
87.27
88.25
87.98
83.01
85.34
87.38
89.17
88.41
83.68
86.93
89.00
85.57
82.70
89.27
86.42
86.72
85.16
86.00
85.89
86.94
86.54
89.08
87.36
81.38
87.91
88.41
90.42
82.46
85.20
90.05
90.39
87.24
84.35
84.41
83.63
86.69
86.10
89.15
84.03
86.77
90.35
85.27
84.14
87.19
87.72
81.53
90.17
88.44
89.36
84.93
85.40
89.87
88.27
88.44
82.46
89.29
88.02
89.94
86.90
87.51
86.44
90.37
88.93
84.78
89.31
83.48
83.67
86.92
85.21
88.60
89.28
87.53
87.61
86.72
88.91
89.00
86.37
82.24
86.85
85.58
86.67
87.51
87.12
89.34
87.39
89.92
85.05
83.55
89.66
86.16
87.49
90.31
88.64
85.41
86.25
87.11
84.11
84.13
88.64
89.50
88.52
88.84
88.57
86.59
86.90
84.84
84.21
87.04
88.08
89.15
85.25
86.79
83.83
89.30
84.54
89.66
90.65
79.11
87.57
90.76
86.17
84.47
86.23
87.66
88.29
88.62
88.95
85.78
89.17
83.95
87.34
84.79
82.13
86.27
88.09
86.10
88.87
88.35
87.05
83.84
88.65
86.01
80.59
82.03
83.38
86.84
88.76
87.51
82.74
87.32
87.92
89.28
89.66
86.79
87.15
88.97
81.32
86.78
84.70
86.71
88.69
87.55
87.88
84.73
87.64
89.57
90.41
86.82
90.05
84.23
82.87
87.91
85.53
87.35
80.80
89.01
86.75
83.57
90.54
86.95
84.28
86.57
89.26
92.05
89.31
87.51
85.25
87.87
87.57
88.50
87.66
84.34
88.41
87.90
87.82
88.90
85.70
85.36
87.42
90.30
84.91
86.99
82.86
88.45
87.37
88.44
89.77
86.31
87.97
85.35
87.31
86.48
87.35
88.67
87.20
89.79
84.55
87.92
88.61
89.59
88.27
85.46
86.52
88.76
84.42
81.98
88.04
89.44
84.39
86.78
78.70
84.56
86.88
86.97
89.92
85.64
89.44
81.63
82.75
84.97
80.35
89.05
84.69
84.52
87.66
85.26
88.06
87.31
86.51
87.56
87.67
88.17
86.82
80.44
87.52
85.88
90.18
88.10
85.04
80.90
89.12
90.28
87.12
85.80
86.05
89.89
89.68
83.98
88.26
85.85
88.10
84.30
81.33
88.38
85.31
85.39
87.73
85.82
91.08
88.26
86.46
85.88
84.84
89.66
82.43
85.00
85.87
87.01
87.21
88.33
88.29
85.54
87.39
83.39
87.69
89.26
86.27
90.19
83.88
90.60
89.53
87.11
81.14
85.29
90.17
88.06
85.14
88.32
