89.93
91.79
89.46
92.44
93.18
87.57
90.60
90.02
87.52
90.70
89.30
88.88
91.25
93.70
89.73
91.88
91.97
90.00
92.16
93.64
88.37
90.93
93.02
89.13
92.29
90.70
90.66
88.69
91.17
88.44
92.68
87.66
90.02
86.51
91.72
88.04
90.97
91.72
87.67
92.36
86.38
88.53
89.53
90.20
91.26
89.43
91.95
93.29
92.06
80.75
91.52
92.06
86.59
88.57
90.67
83.54
86.75
88.49
91.12
93.35
91.59
91.05
88.03
91.13
89.48
87.70
87.10
92.60
93.41
81.74
91.80
89.87
89.56
90.97
88.88
84.74
85.81
86.97
89.62
91.61
93.76
91.35
89.30
86.72
88.63
90.24
92.16
89.47
92.00
93.07
91.92
91.58
91.61
89.93
92.71
92.37
90.19
92.20
85.75
88.12
92.34
92.85
89.92
90.89
90.12
85.31
90.06
87.91
85.01
90.09
89.36
84.87
91.29
90.18
88.16
90.75
91.96
87.88
87.98
83.32
91.68
86.73
89.48
86.45
88.35
89.28
91.81
83.32
91.50
92.97
86.47
83.28
88.61
91.07
84.07
91.80
92.00
89.07
88.96
91.26
91.90
87.83
91.24
84.57
88.64
91.03
89.19
90.24
90.72
91.84
89.89
92.27
91.61
87.16
85.85
90.82
83.97
87.09
90.30
90.22
85.25
86.50
82.35
90.81
92.20
91.19
92.02
91.35
91.08
88.16
92.74
87.46
91.05
82.87
88.10
92.08
90.32
88.58
88.87
86.87
91.87
89.80
91.84
93.13
87.47
93.21
89.68
91.38
86.18
92.27
89.39
86.92
90.84
91.26
88.15
87.64
88.39
92.49
90.97
91.07
86.03
89.59
87.65
93.38
91.58
91.95
84.83
92.01
90.80
91.59
92.82
89.82
87.26
88.90
93.48
89.57
86.53
90.47
87.77
85.75
91.35
90.97
90.90
88.91
89.70
86.84
90.99
90.40
82.97
86.11
92.59
92.63
91.98
89.64
79.58
83.94
90.75
91.84
91.64
93.82
88.31
89.44
94.72
92.51
89.37
89.33
88.68
85.15
88.65
90.92
88.35
92.33
85.79
91.24
90.01
90.97
89.47
90.07
88.61
81.77
92.67
88.83
92.16
91.61
87.84
92.61
89.31
89.23
90.56
92.99
88.89
89.36
90.76
89.45
83.49
90.76
89.33
87.25
90.81
87.96
86.54
90.04
89.25
90.48
80.75
89.47
91.16
89.64
92.32
93.42
90.04
89.14
87.32
89.41
90.23
90.16
89.09
90.53
88.08
91.18
90.90
86.64
91.18
90.95
91.46
89.01
90.36
89.41
88.03
85.66
88.83
88.93
91.57
85.62
88.94
89.54
87.97
91.99
89.25
89.67
89.46
89.23
90.91
90.76
91.10
87.19
91.79
88.32
92.48
88.44
83.33
93.80
91.09
86.31
91.31
81.42
92.19
87.75
89.62
87.03
92.22
85.91
92.18
84.19
87.23
90.73
92.30
90.77
88.85
92.82
90.60
92.21
90.70
88.90
92.46
86.19
92.46
91.11
90.41
92.79
80.31
84.33
88.62
87.94
90.85
92.25
87.77
90.79
85.84
92.30
90.79
85.49
91.84
90.40
90.51
83.70
93.12
88.96
92.10
90.69
92.71
90.98
88.53
87.44
90.09
93.08
91.44
90.64
89.25
91.94
88.15
92.25
86.62
86.54
90.20
84.38
90.43
85.92
88.92
92.36
91.19
89.18
92.76
90.95
87.23
88.73
91.81
89.27
88.32
89.90
88.71
87.12
89.98
90.37
90.90
89.68
86.90
92.81
89.69
89.57
87.52
88.74
91.08
89.36
91.84
88.60
93.44
85.70
88.69
89.46
90.96
84.93
90.22
92.18
87.00
89.48
89.44
91.93
90.81
85.34
91.60
93.80
84.94
88.38
85.98
84.21
90.95
89.06
83.39
89.71
92.13
91.29
91.27
93.34
92.01
88.23
90.77
92.39
91.21
82.60
79.43
91.39
92.49
89.02
91.68
90.18
92.11
91.47
88.26
86.98
88.97
86.19
83.46
93.36
89.30
86.70
91.38
90.53
86.02
89.32
88.01
87.81
90.59
84.57
92.67
93.03
92.08
91.59
94.89
79.34
90.65
87.76
82.47
93.32
94.12
92.53
91.04
89.03
84.75
86.15
90.28
90.52
87.01
91.30
82.26
81.35
92.70
87.95
92.98
92.61
90.09
92.38
91.79
91.70
87.58
81.36
90.21
88.39
91.57
89.15
87.74
85.29
88.48
88.83
88.96
91.73
81.82
90.93
89.86
86.52
87.61
90.10
80.78
93.74
89.12
89.41
86.26
89.82
88.56
85.78
91.27
86.85
91.95
90.55
83.95
93.23
89.60
91.41
90.58
89.61
89.59
92.11
91.07
91.33
93.10
88.38
90.41
88.31
91.25
86.29
86.41
89.07
88.67
86.36
73.10
89.40
92.56
92.35
91.22
90.94
89.47
92.32
88.03
92.34
92.55
85.61
84.48
83.44
88.15
91.03
86.82
91.82
87.76
92.07
92.80
87.16
93.21
87.63
91.21
88.91
89.83
87.79
88.08
90.89
84.81
91.00
91.23
89.55
83.61
90.86
91.62
89.90
92.87
87.08
92.06
88.17
90.32
89.88
89.74
90.31
92.26
92.35
93.11
90.53
89.86
89.48
85.58
88.45
90.26
84.59
87.98
89.02
88.23
91.12
86.90
92.46
90.75
90.91
90.65
91.71
87.32
92.50
88.05
92.45
90.53
83.87
86.61
91.50
86.78
84.39
91.06
86.37
88.73
91.05
93.18
86.83
87.68
91.23
92.29
89.49
85.28
90.96
90.53
88.18
84.81
90.65
78.49
87.79
91.29
90.88
86.95
89.81
88.60
91.36
91.62
91.19
89.65
88.04
91.05
87.38
92.86
91.11
87.98
91.61
92.26
91.59
87.65
88.20
83.73
90.34
93.35
91.29
86.39
82.67
91.40
88.47
91.93
84.07
90.68
85.43
87.44
89.55
92.00
91.41
87.97
89.45
90.84
90.09
85.54
90.82
88.52
92.24
89.53
92.51
88.15
86.70
94.03
90.91
86.50
85.99
90.81
89.13
90.35
84.27
90.73
86.86
90.59
91.13
87.46
86.60
92.83
90.64
91.38
85.23
89.09
90.89
90.89
92.42
93.33
86.97
90.11
91.25
91.10
92.78
89.74
91.12
89.56
91.83
93.01
91.33
91.98
84.85
86.13
91.40
90.69
87.73
88.90
92.43
91.46
87.57
87.24
89.79
91.06
93.16
90.24
84.46
93.01
85.61
91.81
92.38
90.69
83.85
84.54
90.70
84.71
92.64
89.79
87.22
92.69
91.22
92.07
93.88
91.13
91.41
91.61
81.49
83.31
91.56
92.69
89.64
89.71
92.18
93.12
90.87
89.89
91.99
89.13
92.58
91.07
88.78
92.82
93.00
91.69
92.35
93.33
78.95
91.17
84.01
89.69
88.95
91.93
87.66
92.07
91.75
90.46
89.42
91.88
90.42
87.67
89.60
89.21
85.23
90.37
94.19
92.83
88.92
89.78
84.85
88.84
92.33
89.16
90.61
91.45
92.28
90.06
91.69
90.12
88.21
91.91
85.77
87.02
90.87
90.05
87.77
91.56
91.43
90.87
89.02
90.08
91.05
90.49
90.87
89.97
91.34
88.97
92.38
90.54
89.94
89.78
91.58
85.70
86.98
91.86
92.21
91.36
88.01
91.17
76.26
88.14
88.46
88.29
89.58
88.28
91.17
79.37
91.35
82.46
88.87
90.13
91.07
90.91
90.24
90.54
88.33
89.54
91.83
92.44
91.70
89.24
90.29
91.19
93.57
93.10
88.72
83.46
91.87
86.45
89.50
87.23
84.30
91.41
89.48
88.47
89.19
90.85
84.52
90.82
87.86
88.32
88.30
88.11
93.41
81.93
93.34
86.47
90.00
89.68
90.84
91.97
90.73
90.26
91.20
87.67
92.88
90.82
87.40
92.19
91.35
88.81
91.56
89.92
91.27
82.98
93.15
90.66
91.17
90.09
88.13
87.28
87.22
90.88
87.83
89.49
90.79
88.07
90.68
92.54
89.24
93.03
89.72
89.54
86.05
85.34
91.79
93.43
90.54
92.11
91.04
91.19
84.67
90.49
82.58
84.78
90.73
87.42
90.78
91.63
90.09
87.00
89.06
91.94
89.70
92.71
89.02
90.87
86.29
89.96
92.43
94.26
89.42
90.25
90.31
88.03
91.62
88.18
93.06
92.11
86.82
83.68
88.67
90.26
86.17
89.88
89.73
85.92
91.36
91.05
91.13
90.98
89.40
88.53
92.45
88.70
91.80
92.78
87.57
82.32
89.03
93.23
89.62
