95.65
94.68
94.52
95.09
95.89
94.79
95.89
95.82
96.06
96.33
96.12
95.75
96.53
96.45
95.74
95.93
95.83
96.21
96.59
94.78
95.15
95.64
95.54
95.29
96.38
95.26
96.19
95.62
95.27
96.05
95.37
94.80
95.47
95.42
95.94
95.59
95.69
96.13
95.58
95.92
93.94
95.57
95.75
95.78
95.06
95.09
95.89
96.06
95.29
95.84
95.28
96.13
96.22
94.96
96.37
94.66
95.76
95.42
95.75
95.83
95.96
96.39
95.70
95.91
95.53
95.97
95.72
95.84
95.72
96.06
95.16
96.27
95.80
95.80
95.91
95.54
96.13
95.96
95.75
95.60
96.33
95.43
94.11
95.59
95.70
95.12
95.60
96.85
95.86
96.48
95.11
95.49
95.86
95.53
95.95
94.58
96.27
96.00
96.39
95.77
96.18
95.67
95.11
96.09
95.79
94.44
95.71
95.53
95.21
95.80
94.81
95.55
94.56
95.43
94.45
95.91
96.05
95.72
96.52
95.15
95.86
95.69
96.06
95.40
95.21
95.82
95.87
94.98
95.28
96.60
95.27
95.05
95.69
95.34
95.79
96.09
95.64
95.26
95.24
96.31
95.09
94.55
96.24
95.86
95.51
95.37
95.46
94.20
96.16
95.88
96.36
96.10
96.05
95.85
95.81
94.91
96.09
96.12
93.95
95.35
96.25
95.94
94.37
95.99
95.09
95.95
94.06
95.86
95.51
94.62
94.14
95.83
96.15
95.84
96.20
96.05
95.87
95.95
94.79
95.04
95.83
95.79
94.08
95.58
95.52
94.21
95.29
95.73
96.04
96.32
95.24
96.06
96.01
95.14
95.06
95.88
95.22
94.82
95.92
96.13
94.21
94.39
94.94
95.93
95.70
95.71
95.82
95.68
95.66
96.03
95.83
95.63
95.47
95.90
95.90
96.39
96.12
96.13
95.97
94.89
94.58
96.39
95.38
94.97
96.05
96.23
95.45
96.28
95.53
95.42
93.85
95.94
96.09
96.16
94.85
95.17
95.11
95.98
96.12
94.65
95.74
96.29
96.01
96.60
96.38
94.19
96.40
95.90
96.28
93.55
93.77
95.46
95.99
95.99
95.65
96.44
95.05
95.45
95.98
96.20
95.13
96.32
96.14
94.28
95.13
96.29
96.47
95.89
95.39
95.74
95.72
95.49
95.66
96.00
96.31
95.63
95.91
94.88
95.57
95.39
94.95
96.17
95.76
95.21
95.93
95.97
96.05
95.37
95.67
96.16
93.87
95.76
95.50
95.81
94.58
96.37
96.03
95.65
96.07
96.06
96.09
96.48
95.41
95.96
95.72
94.00
95.29
95.85
94.81
96.09
96.16
95.18
96.30
95.25
96.22
96.44
95.51
94.93
96.20
96.01
95.60
94.06
95.85
96.18
95.11
96.31
95.17
95.95
95.53
95.76
95.57
96.11
95.42
94.63
95.07
94.36
93.71
94.83
96.20
96.15
95.49
95.37
95.81
95.64
95.23
96.09
95.31
95.40
96.48
94.18
95.59
95.59
95.51
94.96
95.81
95.67
95.47
95.26
95.59
95.88
95.24
94.95
95.73
95.82
95.73
96.05
95.72
95.54
95.39
95.57
96.03
96.05
95.48
95.37
96.11
95.95
96.04
96.01
95.46
95.27
94.77
95.20
95.39
94.76
95.87
95.69
96.16
95.70
95.36
96.23
95.60
95.35
95.07
96.19
95.61
96.32
95.78
95.97
96.19
96.10
95.25
95.69
95.71
95.62
96.34
95.79
95.44
96.22
96.24
95.97
95.40
95.79
96.11
95.73
95.36
96.35
95.67
95.37
95.75
95.16
96.04
95.40
96.01
96.34
96.22
95.94
95.38
95.17
95.84
95.50
95.75
95.47
95.28
95.28
96.38
94.30
95.71
94.82
96.31
95.68
96.04
96.34
95.20
94.40
95.28
95.19
94.85
96.15
94.78
95.67
95.79
95.35
94.24
96.26
96.26
96.30
96.16
94.88
95.52
95.09
95.92
95.39
95.79
94.98
92.71
95.50
95.94
95.35
96.39
96.14
95.58
95.52
96.34
96.51
95.51
95.85
95.97
95.56
95.54
95.97
95.93
95.96
95.48
95.88
96.68
95.85
95.79
95.90
95.94
95.96
95.35
95.95
95.81
96.00
95.46
95.35
94.43
95.99
96.30
96.23
95.93
95.74
95.56
95.46
94.54
96.41
96.34
95.83
95.53
96.16
94.72
95.83
95.63
95.56
94.15
94.44
95.13
95.86
96.05
95.57
95.66
95.19
94.99
96.04
95.41
95.30
95.47
95.08
95.78
95.59
95.86
96.35
96.02
95.64
94.63
95.67
96.31
95.75
96.01
95.60
94.86
95.95
95.29
95.09
95.73
95.16
95.70
95.57
95.85
95.52
95.77
96.22
95.72
96.12
93.71
95.58
95.13
95.64
95.03
93.21
95.32
95.37
94.65
95.93
96.20
95.14
96.13
95.23
95.02
95.82
96.04
96.11
95.88
95.31
95.61
96.26
95.50
94.84
95.46
95.75
96.18
96.07
94.50
96.25
94.75
96.11
96.12
94.89
95.39
95.75
95.21
95.73
96.22
95.48
95.56
95.30
95.83
95.79
95.94
95.40
96.13
94.80
95.76
95.06
95.76
95.48
95.78
95.42
95.64
94.98
95.64
95.94
95.89
95.01
96.29
95.68
95.52
95.85
94.47
96.06
96.49
95.26
95.67
94.41
95.55
94.75
96.47
94.56
96.08
95.52
93.58
95.31
95.69
95.48
96.00
95.48
94.94
95.72
96.29
95.73
95.64
96.49
94.90
95.10
96.30
96.56
95.56
95.71
95.13
93.58
95.58
95.57
95.15
95.82
96.10
96.00
95.66
96.51
94.93
95.84
96.07
95.99
95.80
95.42
95.29
95.97
94.03
96.61
95.76
96.40
95.87
96.42
96.07
94.91
95.77
96.00
95.57
95.13
94.78
94.12
94.17
96.10
95.33
95.60
95.00
96.03
95.52
96.03
95.72
95.62
95.92
94.60
96.17
96.45
95.28
96.24
95.47
95.49
95.66
93.64
95.60
95.74
95.96
95.76
96.45
94.77
95.84
95.34
95.18
96.19
94.39
96.38
95.29
95.09
95.33
96.09
93.85
96.06
95.25
95.52
96.19
95.10
96.08
95.59
95.98
95.37
95.26
95.26
95.04
95.06
95.31
95.99
96.07
95.67
95.81
95.02
95.93
95.63
95.88
95.74
96.19
95.87
95.91
94.41
95.81
95.19
95.80
95.43
96.23
95.79
95.66
96.00
94.85
96.00
96.29
95.72
96.00
95.37
95.51
95.67
94.92
95.97
94.93
95.29
95.95
95.96
95.87
96.08
95.75
95.43
95.92
95.69
95.90
92.50
95.60
94.29
93.32
95.73
95.50
93.95
95.54
95.76
95.70
95.61
96.01
93.11
96.19
96.00
96.29
93.47
94.25
96.00
95.07
95.92
95.29
95.59
95.59
94.75
96.01
96.15
94.80
96.05
95.65
95.63
95.85
95.87
94.60
96.74
96.02
95.71
96.11
94.60
95.81
95.23
95.17
95.56
95.56
95.21
95.34
95.50
94.24
95.54
95.00
95.69
96.23
94.41
96.18
95.85
95.94
95.66
95.59
95.70
95.75
95.82
94.69
95.63
95.11
94.68
95.67
96.57
95.91
95.64
96.05
95.81
93.98
94.53
95.06
95.12
95.63
96.28
95.51
96.38
94.81
95.56
95.92
95.34
95.85
96.17
95.36
95.18
95.30
95.17
95.78
96.09
95.71
95.19
96.25
95.54
95.24
95.63
96.31
95.82
94.50
94.08
95.96
95.60
91.44
95.66
96.08
95.45
95.65
95.95
95.61
95.26
95.68
96.23
95.94
95.53
95.46
94.72
95.05
96.03
96.42
96.03
95.60
95.70
93.89
93.60
95.47
95.35
96.13
95.35
95.52
95.11
95.48
95.67
95.54
95.90
94.49
96.43
95.33
95.90
95.59
94.80
95.82
95.89
95.70
95.60
95.07
95.46
96.18
94.87
95.56
95.25
95.33
96.27
95.86
96.03
95.78
94.72
96.40
95.05
95.87
95.67
96.17
94.12
95.85
95.84
95.03
95.92
95.29
95.88
96.04
94.81
96.00
95.60
95.84
95.35
95.95
94.96
95.62
95.36
93.25
94.58
95.24
95.35
96.06
94.64
95.83
95.91
95.56
95.84
96.00
95.90
95.76
95.29
95.04
95.49
95.90
95.51
96.10
95.82
95.50
95.52
94.94
95.41
94.06
95.70
95.83
94.84
95.28
95.82
96.45
94.98
96.25
96.11
95.93
94.86
94.74
95.80
95.69
96.07
95.93
95.86
94.60
94.64
96.13
96.01
96.01
95.46
