97.20
97.54
97.36
97.53
97.46
97.37
97.48
97.64
97.31
97.64
97.48
97.42
97.46
97.39
97.32
97.50
97.07
97.31
97.22
97.46
97.41
97.48
97.17
97.35
97.58
97.22
97.39
97.46
97.34
97.45
97.42
97.35
97.27
97.33
97.06
97.58
96.99
97.26
97.15
97.52
96.99
97.43
97.28
97.35
97.04
97.53
97.44
97.34
97.25
97.57
97.57
97.46
97.27
97.10
97.01
97.16
97.56
97.22
97.10
97.04
97.29
96.88
97.54
97.40
97.16
97.57
97.00
97.40
97.22
97.42
97.37
97.58
97.30
97.17
97.42
96.69
97.39
97.26
97.39
97.61
97.51
97.13
97.25
97.63
97.26
97.59
97.41
97.28
97.38
97.34
97.32
97.38
97.29
97.63
97.38
97.29
97.36
97.31
97.37
97.40
97.68
97.22
97.09
97.24
97.35
97.48
97.45
97.22
97.54
97.54
97.44
97.17
97.57
97.34
97.30
97.52
97.45
97.50
97.66
97.33
97.54
97.46
97.40
97.38
97.49
97.36
97.56
97.20
97.31
97.33
97.50
97.44
97.14
97.27
97.39
97.31
97.53
96.90
97.48
97.36
97.16
97.19
97.59
97.19
97.44
97.38
97.64
97.18
97.55
97.28
97.14
97.42
97.52
97.47
96.71
97.37
97.57
97.35
97.47
97.45
97.18
97.47
97.01
97.21
97.37
97.51
97.64
97.55
97.57
97.67
97.10
97.47
97.30
97.39
97.41
97.49
97.39
97.21
97.23
97.42
97.61
97.49
97.32
97.05
97.38
97.46
97.34
97.43
97.37
97.36
97.26
97.27
97.10
96.79
97.33
97.29
97.19
97.39
97.32
97.30
97.42
97.48
97.46
97.58
97.51
97.72
97.44
97.52
97.09
97.39
97.36
97.33
97.59
97.48
97.41
97.40
97.33
96.85
97.49
97.46
97.44
97.37
96.84
97.50
97.17
97.26
97.58
97.48
97.34
97.37
97.38
97.51
96.94
97.40
97.58
97.44
97.34
97.55
97.38
97.32
97.56
96.88
97.16
97.34
97.16
97.58
97.48
96.88
97.28
97.28
97.59
97.41
97.42
97.70
97.60
97.14
97.34
97.59
97.45
97.14
97.37
97.60
97.24
97.34
97.25
97.08
97.19
97.34
97.10
97.26
97.44
97.58
97.26
97.23
97.17
97.62
97.53
97.44
97.77
97.42
97.36
97.55
97.42
97.42
97.44
97.29
97.34
97.33
97.60
97.21
97.52
97.48
97.80
97.53
97.43
97.29
97.16
97.27
97.28
97.38
97.29
97.20
97.15
97.38
97.65
97.38
97.64
97.34
96.47
97.45
97.65
97.78
97.62
96.83
97.64
97.10
97.46
97.66
97.59
97.41
97.33
97.34
97.50
97.39
97.59
97.47
96.99
97.41
97.14
97.56
97.44
97.42
97.36
97.11
97.55
97.32
97.27
97.12
97.26
97.27
97.68
97.42
97.37
97.18
97.22
97.22
97.28
97.42
96.94
97.03
97.79
97.50
97.30
97.69
97.04
97.54
97.21
97.61
97.43
97.50
97.35
97.33
97.56
97.28
96.85
97.29
97.56
97.27
97.60
97.34
97.07
97.32
97.38
97.54
97.34
97.30
96.93
97.61
97.60
97.51
97.54
97.12
97.48
97.30
97.63
97.42
97.55
97.27
97.42
97.50
97.45
97.60
97.05
97.39
97.15
97.46
97.54
97.35
97.52
97.00
97.11
97.05
97.28
97.37
97.25
97.57
97.11
97.11
97.61
97.71
97.34
97.19
97.38
97.02
97.28
97.52
97.60
97.10
97.38
97.36
97.20
97.68
97.13
97.35
97.57
97.26
97.50
97.50
97.49
97.32
97.07
97.41
97.30
97.18
97.30
97.33
97.41
97.38
97.30
97.13
97.45
97.23
97.54
97.78
97.38
97.13
97.62
97.52
97.20
97.39
97.22
97.26
97.22
97.11
97.53
97.12
97.03
97.41
97.78
97.43
97.30
97.25
97.40
97.31
97.16
97.50
97.06
97.60
97.36
97.38
97.31
97.41
97.52
97.36
97.55
97.31
97.47
97.60
97.11
97.23
97.58
97.28
97.56
97.42
97.22
97.23
97.28
97.64
97.60
97.47
97.44
97.08
97.46
97.33
97.29
97.41
97.57
96.85
97.36
97.53
97.44
97.46
97.26
97.47
97.51
97.37
97.32
97.34
97.49
97.10
97.47
97.19
97.47
97.25
97.14
97.50
97.42
97.75
97.23
97.48
97.43
97.55
97.21
97.48
97.44
97.33
97.32
97.69
97.11
97.07
97.58
97.27
97.24
97.40
97.53
97.31
97.27
97.38
97.37
97.50
97.37
97.41
97.26
97.32
97.28
97.48
97.22
97.43
97.37
97.32
97.13
97.60
97.53
97.60
97.53
97.32
96.96
97.31
97.64
97.35
97.51
97.28
97.31
97.29
97.37
97.25
97.59
97.11
97.50
97.52
97.34
97.32
97.45
97.44
97.35
97.52
97.67
97.70
96.94
97.45
97.63
97.22
97.28
97.47
97.38
97.32
97.07
97.57
97.50
97.62
97.67
97.62
97.19
97.11
97.51
97.49
97.68
97.68
97.26
97.44
97.57
97.50
97.51
97.31
96.72
97.57
97.60
97.52
97.13
97.36
97.27
97.37
97.35
97.09
97.33
97.24
97.23
97.37
97.20
97.20
97.25
97.22
97.36
97.53
97.08
97.36
97.37
97.30
97.42
97.28
97.41
97.15
97.62
97.56
97.53
97.60
97.38
97.33
97.05
97.30
97.37
97.59
97.37
97.54
97.50
97.48
97.47
97.39
97.66
97.22
97.30
97.51
96.98
97.16
97.59
97.39
97.40
96.84
97.78
97.52
97.56
97.29
97.18
97.46
97.45
97.56
97.17
97.55
97.19
97.12
97.64
97.41
97.26
97.46
97.49
97.06
97.04
97.05
97.20
97.19
97.28
97.40
97.46
97.55
97.80
97.31
96.39
97.37
97.28
97.04
97.62
97.61
97.55
97.27
97.44
97.50
97.04
97.37
97.09
97.40
97.19
97.15
97.48
97.58
97.44
97.49
97.52
97.31
97.42
97.37
97.63
96.62
97.47
97.44
97.34
97.77
97.39
97.44
97.59
97.31
97.27
97.47
97.45
97.40
97.36
97.61
97.43
97.34
97.15
97.38
97.40
97.57
97.27
97.55
97.10
97.50
97.36
97.34
97.19
97.39
97.31
97.25
97.29
97.53
97.32
97.43
97.20
96.86
97.78
97.45
97.21
97.45
97.38
97.42
97.09
97.27
97.50
97.11
97.43
97.15
97.35
97.68
97.41
97.40
97.54
97.55
97.42
97.18
97.17
97.33
97.41
97.50
97.02
97.07
97.60
97.57
96.74
97.28
97.34
97.62
97.54
97.35
97.44
97.28
97.61
97.36
97.59
97.48
97.71
97.41
97.41
96.72
96.98
97.56
97.23
97.49
97.25
97.33
97.51
97.54
97.17
97.07
97.53
97.52
97.46
97.43
97.73
97.07
97.39
97.54
97.41
97.41
97.61
97.46
97.68
97.20
97.01
97.28
97.45
97.33
97.09
97.37
97.23
97.37
97.28
97.49
97.35
97.31
97.59
97.44
97.59
97.40
97.27
96.83
97.47
97.41
97.15
97.44
97.42
97.33
97.27
97.28
97.68
97.33
97.42
97.26
97.28
97.21
97.22
97.41
97.33
97.54
97.28
97.22
97.50
97.16
97.31
97.16
97.44
97.43
97.10
97.24
97.62
97.01
97.24
97.45
97.67
97.18
97.57
97.25
97.38
97.42
97.38
97.60
97.43
97.50
97.56
97.01
97.36
97.49
97.56
97.54
97.52
97.51
97.11
97.56
97.59
97.52
97.49
97.34
97.40
96.82
97.30
97.48
97.34
97.69
97.54
97.18
97.18
96.73
97.41
97.44
97.63
97.62
97.42
97.17
96.90
97.51
97.04
97.31
97.14
97.23
97.29
97.37
97.42
97.27
97.31
97.12
97.43
97.55
97.77
97.40
97.55
97.47
97.37
97.22
97.54
97.79
97.20
97.08
97.25
97.29
97.62
97.27
97.35
97.35
97.71
97.41
97.25
97.32
97.31
96.69
97.51
97.14
97.25
97.18
97.42
97.22
97.07
97.49
97.10
97.33
97.53
96.95
97.29
97.53
97.21
97.18
97.60
97.39
97.30
97.22
97.37
97.45
97.43
97.47
97.56
97.41
97.50
97.38
97.56
97.40
97.18
97.14
97.64
97.18
97.09
97.39
97.12
97.46
97.42
97.36
97.30
97.41
97.41
97.32
97.06
97.65
97.57
97.20
97.38
97.39
97.64
97.36
97.61
97.64
97.22
97.21
97.42
97.36
