79.34
87.83
82.31
84.14
82.46
82.80
81.67
86.25
85.62
84.18
79.62
82.60
80.82
86.95
78.28
86.14
86.35
82.03
77.61
80.25
75.86
85.48
84.82
79.66
71.46
79.56
69.68
79.14
72.90
84.79
79.24
82.20
85.13
84.44
85.29
77.71
76.61
77.61
84.06
76.87
81.28
81.02
82.22
82.63
86.06
83.89
79.50
73.55
80.55
84.29
66.68
82.46
87.06
83.58
72.89
83.95
79.26
80.30
83.70
86.61
82.28
74.48
84.76
73.75
78.56
83.30
81.56
80.81
76.90
82.97
82.24
79.10
86.29
81.76
80.08
84.82
79.02
80.06
77.83
82.00
82.05
78.00
81.70
86.83
77.01
85.42
74.83
78.43
77.75
82.23
80.88
83.41
83.44
82.45
86.84
70.29
78.85
72.00
80.00
79.97
78.35
76.23
78.45
82.60
83.56
80.39
81.47
80.48
87.34
81.69
85.66
82.81
75.38
81.83
83.23
78.66
81.06
77.73
81.84
84.31
77.64
75.44
75.62
85.18
80.66
81.96
76.14
72.29
71.29
85.16
82.56
80.68
72.09
83.93
79.69
82.89
86.75
83.05
76.47
82.64
81.72
85.25
75.98
83.31
77.85
77.28
80.91
77.82
80.62
79.18
78.16
79.71
75.74
83.67
81.32
80.66
81.81
84.82
77.39
74.38
77.04
82.98
81.01
79.76
82.45
78.05
78.11
79.43
82.25
85.54
86.59
81.40
78.43
75.70
76.15
80.92
85.28
77.47
76.58
68.39
82.82
76.59
85.40
73.55
87.45
80.79
84.65
74.82
79.06
80.66
80.55
79.21
81.07
87.79
72.45
84.44
81.35
79.17
84.50
80.73
84.72
81.07
79.74
78.42
73.41
75.29
84.19
80.42
85.87
75.56
83.69
80.63
87.00
78.09
74.18
78.67
84.10
86.64
83.61
82.22
68.08
84.70
74.25
86.19
82.65
81.30
82.61
71.61
79.81
86.35
85.12
80.02
83.57
80.91
85.51
85.07
86.89
85.96
75.22
82.00
83.04
71.61
87.29
72.45
78.99
83.30
86.11
82.42
77.17
71.20
88.20
79.39
83.65
73.88
75.78
87.48
77.87
84.43
71.28
78.84
83.70
87.46
81.28
82.60
85.05
79.15
80.35
78.39
82.01
78.42
82.57
80.34
85.46
86.11
78.34
84.62
76.12
82.30
79.23
79.39
81.70
85.67
85.36
70.62
82.52
75.73
81.90
69.05
84.89
71.64
83.14
83.87
83.63
80.12
79.34
76.70
84.75
73.99
62.14
75.14
86.09
85.43
82.91
77.62
75.84
86.11
84.97
81.38
61.68
82.85
88.91
81.07
79.98
76.72
82.34
82.89
85.57
81.24
69.93
84.97
78.31
70.50
77.56
78.82
82.45
77.30
86.06
78.73
75.11
78.55
74.71
83.10
81.90
86.30
79.99
81.93
84.47
85.41
80.35
83.62
78.69
74.76
78.85
85.99
86.49
86.51
85.09
82.29
69.38
84.45
78.12
81.36
85.05
67.85
78.63
81.59
71.31
75.84
82.27
75.16
77.53
81.93
82.54
77.79
78.37
79.05
79.05
87.77
83.93
78.15
79.52
82.36
81.01
79.78
85.25
83.25
76.42
75.52
80.69
72.65
87.22
80.85
78.60
78.83
86.92
86.72
68.88
86.69
84.45
83.94
80.22
79.54
84.74
80.58
84.15
75.00
78.25
79.35
84.13
83.57
80.92
78.79
76.98
81.09
83.32
84.02
81.18
83.69
80.89
80.41
81.26
76.94
72.31
77.04
75.65
78.89
80.13
80.31
81.76
83.47
77.27
84.44
82.37
80.71
81.61
81.07
82.72
84.79
77.09
80.29
77.05
83.15
86.10
79.44
80.97
80.49
84.40
79.74
80.92
83.55
82.26
77.05
85.38
78.92
82.08
83.16
83.69
75.28
77.55
85.05
75.24
80.45
80.30
79.91
83.80
82.12
81.14
87.68
82.25
84.67
83.40
82.30
80.22
78.07
87.96
73.93
75.04
87.43
80.34
83.87
85.84
84.56
78.76
79.46
78.94
72.32
83.56
81.61
83.36
77.31
84.18
65.83
71.86
87.78
74.93
76.89
75.76
86.33
81.58
86.55
88.47
84.90
79.82
81.47
87.46
77.12
82.30
83.47
81.18
78.08
77.70
87.08
77.05
82.34
83.82
73.09
79.00
82.54
81.59
69.70
83.10
83.85
83.07
80.01
76.79
75.03
79.09
76.69
76.86
84.00
85.41
80.04
81.61
78.42
78.82
81.45
86.09
83.63
76.88
77.14
79.63
72.74
81.30
80.45
71.80
80.96
83.32
78.21
76.95
82.65
80.16
72.03
80.41
71.89
83.48
82.14
86.12
79.25
83.53
84.74
78.48
80.26
88.43
78.91
85.15
81.44
73.58
79.42
79.25
77.38
74.45
81.62
78.65
83.12
78.51
82.88
82.67
80.50
71.57
82.93
78.88
74.15
82.86
86.51
81.72
72.76
74.47
78.50
78.99
84.66
80.06
81.21
84.31
75.71
81.85
85.03
79.84
78.04
80.71
85.12
82.66
84.70
70.55
84.52
76.47
84.00
81.31
84.36
86.34
77.95
78.67
76.35
81.46
83.53
70.92
84.05
81.69
81.81
80.50
81.54
80.21
79.56
77.78
79.27
78.55
84.67
83.85
79.04
83.48
84.69
73.79
74.60
83.48
82.76
79.71
80.18
75.17
80.43
79.34
73.33
86.21
84.65
81.99
86.64
84.35
77.37
77.23
72.11
83.45
79.46
84.74
71.49
81.34
77.18
76.51
80.75
81.28
82.33
79.96
78.73
80.52
76.58
76.76
81.78
85.61
78.75
87.75
80.63
76.76
78.45
84.92
76.44
78.13
82.75
76.44
80.30
87.63
76.35
82.96
84.02
78.75
78.97
77.76
83.93
83.85
82.44
76.23
74.22
82.55
82.56
81.60
80.81
78.67
85.79
84.23
81.79
82.43
83.89
84.75
79.90
80.75
84.71
77.63
80.32
80.47
80.24
84.12
74.01
73.65
78.37
83.60
80.78
81.19
78.31
78.65
69.90
82.37
84.19
80.71
79.33
83.29
84.68
83.97
81.91
82.55
77.92
85.01
84.04
81.53
79.43
77.70
83.70
75.83
74.39
79.49
79.91
77.80
82.43
80.14
78.36
75.12
79.66
83.88
70.60
80.09
81.59
85.61
74.19
77.43
82.39
82.05
82.15
83.34
83.47
81.61
81.46
84.19
74.47
76.07
74.38
79.63
82.73
82.59
84.27
84.89
77.96
78.20
85.52
82.08
76.04
84.69
75.03
85.04
77.05
81.86
82.79
77.06
82.02
79.56
85.97
80.49
70.71
75.80
78.49
77.73
80.31
84.03
68.02
86.30
79.89
75.06
83.15
84.89
77.90
87.74
80.48
79.07
81.47
73.92
84.67
86.01
85.57
84.21
80.37
81.66
88.35
85.12
82.64
78.00
85.59
87.68
72.27
80.78
83.27
73.41
71.80
78.14
80.69
79.59
82.96
86.22
86.06
78.66
73.19
86.46
81.05
84.84
79.82
82.38
84.55
85.99
74.55
78.26
86.86
82.10
77.12
84.53
77.63
82.77
77.75
80.91
76.33
81.15
77.45
84.00
75.65
83.86
85.71
73.81
85.67
84.66
77.93
83.01
75.70
87.03
76.42
82.17
85.35
71.81
84.86
78.82
82.29
82.05
76.12
80.44
68.32
86.36
77.39
82.68
70.45
86.20
75.14
85.05
81.58
81.37
77.24
83.29
81.04
75.12
85.03
79.61
79.58
83.44
79.55
79.37
84.37
76.95
74.36
81.22
81.92
85.69
83.39
80.20
80.33
68.62
82.96
70.77
84.55
82.60
74.60
82.42
85.86
77.13
84.43
83.87
79.14
78.05
83.10
83.44
80.95
80.09
81.39
77.87
87.71
77.77
83.52
77.87
75.30
84.22
80.17
81.30
80.65
77.73
82.01
78.44
81.79
78.59
78.50
88.28
81.06
88.09
83.89
77.36
79.72
75.79
77.29
82.54
84.78
83.10
85.18
81.28
82.97
82.86
76.93
76.57
80.10
86.76
75.01
83.23
77.30
80.46
79.20
78.00
84.14
72.29
82.68
84.56
84.81
80.34
73.83
80.49
79.64
74.65
81.54
79.63
76.01
82.66
83.81
84.02
82.52
81.94
79.48
86.82
82.29
82.72
79.56
79.50
84.03
84.51
83.27
82.67
75.42
74.86
84.43
87.05
81.81
77.14
84.10
80.05
82.15
77.82
81.99
77.83
80.82
83.43
83.98
76.03
86.52
78.48
76.72
80.84
79.18
75.55
76.66
88.28
84.16
82.08
81.59
72.13
76.43
