97.67
95.18
98.16
98.27
98.52
97.99
97.81
97.85
97.44
98.21
97.33
97.94
98.20
95.35
98.08
97.97
98.58
98.34
97.95
98.08
97.33
97.52
98.10
97.87
97.23
96.70
97.32
97.88
98.24
98.55
98.32
98.22
98.40
98.42
97.76
98.00
97.73
97.37
97.68
98.26
98.11
96.33
98.03
98.41
97.95
97.47
98.04
98.24
98.27
93.50
97.98
97.19
97.99
98.11
97.94
97.04
98.60
97.91
97.81
98.48
97.66
98.37
98.22
97.49
98.02
97.90
97.82
97.52
98.29
98.36
97.85
98.30
98.18
98.24
98.34
97.51
97.90
98.10
98.14
97.73
98.10
97.71
98.04
98.06
98.48
97.55
98.11
98.07
98.01
98.03
98.01
98.09
98.02
97.92
97.77
97.73
98.26
98.24
98.41
95.46
98.30
98.41
97.11
97.74
98.00
97.95
97.95
96.71
97.80
97.91
97.47
97.82
97.03
98.25
98.10
97.73
98.40
97.54
98.25
98.01
98.47
96.58
98.10
98.42
97.07
98.45
97.92
98.16
98.19
97.98
96.70
98.50
96.95
98.25
98.34
98.40
97.97
98.22
98.10
98.31
98.45
97.38
98.37
98.33
98.53
98.22
97.95
98.01
97.87
97.71
98.06
98.05
98.13
98.22
97.85
97.67
97.70
98.32
97.89
98.18
98.09
98.39
98.16
98.19
98.20
98.33
98.27
98.05
98.70
98.36
97.75
97.44
98.03
98.31
97.81
98.25
97.95
98.18
97.62
97.86
98.22
98.33
98.08
98.21
97.75
98.09
98.48
98.32
97.51
98.35
98.28
97.56
98.42
96.78
96.64
96.94
98.60
98.23
97.87
98.41
97.83
98.07
97.50
98.40
98.25
98.13
97.36
96.10
98.31
97.98
98.37
98.50
97.71
98.40
97.91
98.41
98.53
98.29
97.71
98.47
97.78
97.71
98.07
97.04
97.65
97.84
97.72
98.41
97.26
97.53
97.96
97.61
95.88
97.41
96.62
78.74
98.21
97.63
97.24
98.23
97.98
98.04
98.39
98.02
97.52
98.51
98.41
97.86
98.19
97.96
97.28
98.16
98.62
98.19
95.73
97.24
97.63
98.51
97.72
97.14
96.11
98.31
97.46
97.18
98.30
97.65
98.48
98.33
96.57
98.33
98.20
98.32
98.58
97.51
98.29
98.03
98.50
97.83
96.17
97.86
97.00
97.91
98.31
98.14
97.67
95.92
98.14
97.49
97.83
97.38
97.76
97.92
98.44
97.06
97.59
98.19
97.85
97.95
98.43
97.97
98.22
97.94
97.18
98.45
98.30
98.13
98.21
98.28
98.33
98.06
96.24
97.99
97.71
97.77
97.14
98.21
98.05
97.93
98.26
92.60
98.17
97.60
98.06
96.87
97.92
97.21
98.14
98.45
97.92
97.58
98.21
97.03
98.21
97.80
98.10
97.81
98.27
98.02
98.15
97.98
96.01
97.77
97.84
97.44
97.55
98.25
97.97
98.12
98.10
98.07
97.99
98.36
97.74
97.42
97.69
98.18
98.39
97.32
97.80
98.30
97.92
98.28
96.90
98.14
97.76
97.85
98.03
98.47
98.53
97.59
98.13
98.36
97.65
98.03
97.85
98.43
97.95
98.30
98.80
98.14
98.35
97.25
98.11
97.78
98.38
98.29
98.25
98.06
97.47
98.35
98.09
97.06
97.16
94.52
98.04
98.05
97.62
96.89
97.55
97.09
98.24
98.31
97.83
96.51
98.12
97.82
98.34
98.14
97.25
97.88
98.38
97.64
97.24
96.95
98.32
97.52
98.05
98.15
98.34
98.43
97.62
97.86
97.98
98.11
98.31
97.81
98.41
98.44
97.86
98.05
98.10
98.43
96.49
97.96
98.55
97.99
96.98
98.44
97.93
98.58
98.28
98.10
98.35
98.25
98.24
98.21
97.59
96.97
98.35
96.72
97.95
98.16
98.50
97.61
96.65
97.72
98.40
96.88
97.93
98.37
97.88
97.27
97.26
97.56
98.27
98.29
97.68
97.20
97.44
98.15
97.85
98.28
98.56
98.27
97.88
98.13
98.07
98.36
98.21
98.16
98.00
97.87
98.34
97.71
98.26
98.14
98.33
97.82
98.07
98.36
97.53
96.23
98.25
98.59
97.91
98.20
98.16
97.68
97.82
98.10
97.77
97.63
98.24
97.59
98.39
93.15
97.84
97.44
98.09
98.16
97.75
98.28
94.56
98.07
98.26
98.28
97.95
97.96
98.27
96.29
97.48
98.40
97.56
97.39
98.47
97.80
95.79
97.81
97.80
98.62
97.76
96.68
97.54
98.19
98.04
97.52
97.67
97.52
98.49
96.55
98.31
97.95
98.20
98.03
96.96
98.18
97.07
98.55
98.05
98.13
97.56
98.42
98.38
98.32
97.91
96.76
98.18
98.12
97.75
98.54
98.25
97.64
98.10
97.27
97.51
98.31
98.30
98.52
98.00
98.26
98.35
98.34
97.43
98.29
98.38
98.16
98.31
98.34
97.82
98.46
97.59
97.83
97.90
97.79
97.88
97.88
98.07
98.62
97.74
98.07
98.23
98.20
98.55
97.59
97.38
98.46
98.63
97.86
98.23
96.97
97.89
96.85
97.19
98.66
98.07
98.56
97.63
98.31
98.45
98.30
97.70
98.09
98.05
98.35
98.33
98.10
98.22
97.35
97.74
97.56
97.96
98.46
98.10
97.77
98.06
97.94
98.14
98.45
98.42
97.69
98.07
97.48
96.87
96.71
97.80
98.36
95.08
98.47
98.04
98.55
97.99
97.69
96.14
98.39
98.45
97.73
98.11
98.46
98.28
98.65
97.85
98.16
97.94
97.79
97.85
97.44
98.24
98.09
98.37
97.10
98.35
97.19
98.24
98.28
97.65
98.31
98.21
98.06
98.14
96.20
97.71
97.95
98.39
98.29
92.93
96.73
98.46
97.85
97.91
92.80
98.48
97.87
97.72
97.80
81.08
97.68
98.28
95.62
97.86
97.72
97.69
98.11
97.98
98.36
97.95
97.08
98.15
98.36
97.86
97.39
95.95
97.73
98.10
98.45
97.99
97.48
97.11
98.16
97.57
98.40
98.24
97.30
96.90
98.49
96.90
98.08
97.03
97.52
97.23
98.02
98.06
97.89
97.34
98.27
98.34
98.24
98.17
98.30
97.61
98.10
97.30
98.04
96.80
97.83
97.05
97.47
98.27
98.51
97.76
97.05
98.28
97.55
97.98
98.36
98.13
97.75
98.05
98.20
98.21
96.97
97.66
98.04
95.50
98.19
98.11
98.02
97.89
98.61
98.21
98.33
97.75
97.10
97.81
98.06
95.65
97.92
98.21
98.16
98.22
98.69
98.24
98.09
98.49
98.52
98.27
98.00
98.26
97.87
98.02
98.33
98.10
98.01
97.74
98.12
98.40
96.36
97.73
97.85
98.13
98.19
97.69
98.19
98.07
98.30
98.59
97.52
98.33
97.55
98.10
97.91
97.79
98.08
98.06
98.03
98.19
98.12
98.34
98.14
98.30
98.42
98.09
97.94
97.57
98.36
97.89
98.03
98.19
96.62
97.99
97.51
98.45
97.67
98.42
98.28
97.72
97.38
98.38
98.45
98.40
98.64
98.01
98.50
98.13
98.47
98.00
98.15
98.34
97.34
96.62
95.26
97.84
98.39
98.05
98.17
98.37
98.25
98.18
98.55
97.60
97.61
97.73
97.55
97.24
98.32
96.81
98.38
97.21
95.33
97.92
98.50
97.23
98.28
97.94
97.60
98.14
98.21
97.87
98.11
98.02
97.56
96.34
97.43
97.50
97.94
97.62
97.97
97.87
97.30
98.37
97.58
98.34
97.91
98.23
98.13
97.72
97.94
97.99
98.04
98.02
90.27
98.27
98.05
98.02
98.18
96.41
97.67
98.13
98.22
97.87
98.18
97.36
98.64
97.13
97.17
97.99
98.49
89.34
97.93
98.54
97.88
97.12
98.30
98.32
97.60
98.27
98.11
98.37
97.98
98.55
98.12
97.46
97.65
98.38
97.72
97.38
97.32
97.96
97.44
97.65
98.15
98.48
97.33
98.33
98.25
97.98
97.41
97.86
98.28
98.20
97.70
97.50
98.10
97.82
95.90
98.12
97.78
98.54
97.70
97.42
97.61
97.82
97.54
97.65
96.88
97.15
98.11
98.10
97.98
98.12
97.66
98.02
97.70
97.64
98.45
97.91
98.39
97.58
98.23
98.31
98.44
98.03
98.14
97.69
98.27
96.24
97.88
97.98
98.07
98.34
98.29
98.26
98.49
97.36
98.43
98.32
98.42
98.30
98.01
98.21
98.54
97.50
97.33
98.17
97.62
97.45
97.80
98.01
97.20
97.54
98.48
