98.00
98.11
98.52
98.30
96.49
96.35
97.87
98.68
97.65
97.60
97.79
97.53
97.51
97.93
98.62
98.49
97.96
98.56
98.09
98.60
97.99
98.43
98.69
97.74
98.13
97.16
98.16
98.22
98.46
98.22
98.48
97.62
98.24
97.88
98.29
98.25
97.74
98.48
97.93
98.38
96.90
97.59
98.41
97.68
98.39
98.43
98.19
98.30
98.14
98.60
98.28
97.59
98.33
98.31
98.43
95.50
97.40
98.22
97.96
98.01
98.31
98.66
98.38
98.27
96.41
98.37
97.03
98.13
98.32
97.46
97.53
96.01
97.66
98.72
98.09
98.36
98.42
98.37
97.61
98.32
98.07
98.38
97.96
97.37
98.06
98.27
98.47
97.83
98.18
98.45
98.27
98.60
98.34
97.31
97.76
97.66
98.39
98.32
98.27
97.83
97.14
98.03
98.40
97.80
98.55
98.36
97.18
97.92
98.06
97.95
97.38
97.74
97.94
96.68
98.37
98.39
98.40
98.54
96.10
98.24
97.95
98.53
97.15
97.70
97.93
98.04
98.39
98.61
97.62
98.10
98.05
98.34
97.77
98.60
98.24
91.08
98.31
98.32
97.34
98.32
97.92
98.49
98.44
98.40
97.43
98.36
98.06
97.19
95.53
98.05
97.89
97.93
97.21
98.36
98.45
98.17
98.27
98.36
98.42
98.36
97.25
97.48
97.16
98.55
98.28
98.30
98.18
98.47
98.61
98.39
97.75
98.29
98.18
98.72
98.16
97.75
97.63
98.43
97.55
98.18
97.81
96.62
98.13
95.80
98.12
98.35
98.62
97.50
97.80
98.14
98.47
98.43
97.82
98.21
97.85
97.12
98.25
98.44
98.43
98.64
98.22
98.10
98.29
98.52
97.34
96.97
98.43
97.92
98.05
98.13
98.37
98.20
98.36
98.46
97.96
97.61
96.49
97.58
98.61
97.81
98.45
98.04
97.97
98.50
98.17
97.76
97.16
97.42
97.95
98.56
98.15
97.75
97.82
98.04
96.87
98.11
98.28
97.96
98.42
96.59
98.32
97.88
98.45
98.43
98.29
98.63
98.34
97.94
97.05
97.98
97.37
98.54
97.78
97.99
98.51
98.44
96.99
98.51
98.38
98.46
98.32
96.80
95.99
98.10
98.64
97.70
98.28
98.32
98.17
98.42
98.56
96.29
97.78
98.51
98.35
98.18
98.53
98.14
97.73
97.99
98.33
95.72
98.34
98.31
97.90
98.52
95.29
97.57
97.75
97.97
98.53
97.80
97.79
98.14
98.56
97.31
98.21
97.54
98.45
98.04
98.34
98.36
98.28
98.56
98.03
97.94
97.90
97.79
98.28
98.29
98.20
98.65
97.03
97.82
98.31
98.20
98.46
98.68
98.00
98.52
98.38
98.05
98.36
98.05
97.37
98.59
96.92
98.00
98.63
98.58
98.32
97.74
97.72
98.34
98.17
96.55
91.61
92.94
97.83
98.44
97.90
96.63
98.05
98.51
97.97
98.28
98.29
97.24
98.19
98.06
98.44
97.65
98.55
96.21
98.02
98.38
98.31
97.70
98.27
98.21
98.45
98.17
97.75
98.04
98.39
98.36
98.23
98.44
98.29
98.28
98.22
98.01
98.21
98.12
96.06
89.08
97.50
97.79
98.00
97.40
98.52
98.27
96.23
98.33
97.92
98.41
97.20
98.36
98.65
97.93
97.41
97.54
97.77
98.37
98.37
98.20
98.37
98.54
98.47
98.14
97.75
98.25
98.20
98.69
96.88
98.01
98.11
98.50
98.33
98.24
98.40
97.99
97.93
98.19
98.00
97.05
98.52
98.58
97.32
98.29
98.36
98.30
98.18
98.18
98.65
98.65
97.37
98.05
98.48
97.97
98.24
97.72
97.79
97.80
98.11
98.39
98.22
97.97
98.45
97.97
96.86
97.96
98.03
97.70
97.79
98.51
98.19
97.61
98.42
97.78
97.82
98.54
97.60
98.49
97.69
97.07
98.29
98.06
98.08
98.40
97.65
98.37
98.30
98.38
97.77
97.96
94.46
98.24
98.17
97.79
98.23
98.08
97.62
98.62
98.45
98.72
98.41
98.08
98.30
93.08
98.28
97.73
98.19
96.50
98.53
98.27
96.05
98.48
98.50
98.15
98.41
97.91
98.49
98.41
98.31
98.30
97.59
98.14
98.75
98.32
98.24
98.31
96.50
97.97
98.25
98.11
98.23
96.93
98.40
97.87
98.08
97.39
97.52
98.29
98.23
97.41
98.45
98.35
97.94
98.33
98.54
98.36
96.68
98.40
98.21
98.17
97.73
94.06
97.17
98.03
98.44
98.59
98.50
98.04
98.47
98.23
98.20
98.13
98.12
97.89
97.55
98.24
98.66
98.03
97.12
95.28
98.15
98.09
98.20
98.22
98.61
98.46
98.12
98.53
98.05
97.92
97.86
98.51
98.55
98.30
98.40
97.57
98.05
97.31
98.06
97.73
98.26
98.09
97.76
97.94
98.15
98.09
98.24
97.20
98.41
97.79
97.73
98.24
97.94
98.46
97.15
98.13
98.53
96.95
89.32
97.82
97.07
98.41
98.68
98.12
97.33
98.07
96.70
97.94
97.28
98.48
98.45
98.35
98.28
98.39
98.04
98.58
97.28
98.09
90.66
98.34
98.28
98.44
98.25
98.13
98.43
97.76
98.05
97.77
97.59
98.34
97.90
98.46
98.21
98.05
98.64
97.80
97.10
98.30
96.93
97.93
97.87
98.54
96.93
93.43
98.15
98.39
95.91
97.61
97.97
98.54
97.64
98.07
98.04
97.78
98.03
98.36
98.19
98.37
96.89
97.81
97.82
96.58
98.66
98.17
98.65
98.31
98.08
97.47
97.85
97.72
97.56
98.10
98.47
98.32
97.95
98.41
98.38
98.08
98.66
98.42
98.54
98.03
98.13
98.02
98.29
98.46
95.43
97.61
98.31
97.39
98.48
94.81
97.51
98.37
97.72
96.46
98.68
97.39
97.36
98.25
98.17
98.38
97.12
98.22
96.60
98.36
97.82
98.29
98.36
98.02
98.15
98.43
98.29
98.41
98.37
98.28
98.02
97.71
98.21
98.39
97.63
98.35
98.18
98.11
98.15
98.31
98.59
98.52
98.23
98.19
97.83
98.19
97.81
97.94
97.54
98.09
98.21
97.99
98.73
98.51
98.16
96.78
98.47
97.82
97.61
98.39
97.81
98.06
98.48
97.32
97.34
97.84
98.50
98.13
98.42
95.73
97.18
98.36
97.77
98.47
97.87
97.76
98.13
98.20
98.62
95.38
97.43
98.09
97.70
94.82
98.37
98.23
98.38
98.52
98.11
97.49
97.81
98.36
98.25
98.31
98.36
97.53
97.62
98.09
98.49
97.60
98.13
98.10
98.31
98.47
98.38
98.39
96.01
98.47
97.96
97.68
98.18
98.18
98.25
98.32
98.41
98.49
98.36
98.28
97.95
98.17
96.44
97.43
98.31
98.19
97.81
98.28
98.40
98.14
97.98
98.44
97.41
98.28
98.02
98.37
98.13
98.14
98.26
98.52
94.93
98.25
97.45
98.39
98.03
98.60
98.31
97.38
98.55
97.81
97.99
98.11
98.30
98.04
97.98
98.03
96.06
89.37
96.97
98.37
97.99
98.04
98.62
98.57
98.10
98.67
98.23
98.31
98.38
98.48
98.59
93.64
98.19
96.64
98.37
98.58
97.55
98.56
98.72
98.57
92.92
97.61
97.84
96.81
97.80
94.83
98.39
98.04
98.11
98.03
98.29
97.79
98.21
98.25
97.92
98.56
97.42
96.83
98.11
96.62
98.30
97.84
98.59
98.49
98.34
98.58
97.96
97.95
97.96
98.09
98.52
98.15
98.10
98.84
98.15
98.32
96.31
98.02
97.57
97.95
97.73
97.78
98.24
97.15
97.44
98.14
97.32
97.40
97.42
96.93
98.36
97.55
98.34
98.30
98.43
96.13
98.12
98.19
98.74
98.59
97.86
98.12
92.78
98.18
98.11
98.15
98.43
98.66
98.55
98.18
98.15
98.36
97.47
97.31
98.01
97.37
98.34
98.17
98.47
97.86
98.31
98.27
98.21
98.39
97.16
98.12
98.47
97.62
98.32
97.61
97.57
98.20
98.54
97.97
98.15
98.06
97.38
98.66
96.40
98.20
98.55
98.10
97.74
98.46
98.59
97.71
98.20
97.72
97.89
97.88
98.52
97.90
96.79
97.95
98.27
98.21
97.58
98.51
98.56
98.25
98.52
98.43
97.98
98.17
98.15
98.17
97.65
98.14
97.84
97.65
95.36
98.45
97.85
98.17
98.17
98.26
97.82
98.79
96.47
98.51
98.49
97.77
98.06
97.84
98.31
93.89
97.10
98.09
97.99
98.36
