87.09
83.82
86.92
89.29
86.50
88.60
85.28
80.01
83.70
89.48
89.83
89.82
90.51
91.93
86.15
86.91
88.80
91.14
89.22
87.70
88.81
91.73
87.96
85.97
80.78
84.26
90.15
87.99
87.71
87.53
86.63
86.18
85.36
88.49
85.60
82.95
86.14
88.43
87.87
88.98
90.50
89.41
89.15
88.98
88.34
89.86
88.24
80.56
85.36
87.47
89.46
86.84
83.99
84.79
87.83
88.58
89.10
90.34
88.79
89.99
89.80
90.05
88.53
90.18
85.89
89.08
81.57
87.57
85.49
89.35
91.93
88.91
88.39
88.37
90.29
90.26
88.58
86.94
91.63
89.11
87.02
88.24
89.30
88.80
87.06
90.31
87.10
90.23
89.11
90.49
82.78
87.73
86.78
86.49
86.91
88.03
90.14
89.07
91.76
89.68
87.83
89.62
86.91
89.67
86.63
90.21
90.38
88.37
88.58
87.37
84.13
87.00
88.59
88.48
90.43
86.39
88.38
90.12
89.47
91.72
85.31
91.24
90.04
91.28
91.18
91.51
91.00
87.39
86.96
89.13
90.16
87.90
90.34
90.86
91.02
90.19
88.85
89.14
87.57
90.14
89.73
83.18
87.17
87.15
88.83
88.99
89.56
89.99
86.07
90.22
90.61
88.39
80.87
88.66
80.55
87.82
86.51
89.98
89.84
90.28
89.17
90.58
90.08
88.85
86.26
88.88
89.84
88.49
88.69
89.81
90.67
88.55
90.31
86.28
85.94
89.19
93.36
89.65
90.57
88.89
85.55
91.94
86.16
87.60
89.76
90.13
90.14
90.28
83.43
89.51
88.49
77.94
89.99
89.82
90.39
86.99
90.24
90.82
89.94
91.30
91.41
90.12
89.39
88.82
88.54
90.86
92.33
88.60
86.26
83.09
85.62
86.49
87.13
91.07
89.36
85.27
88.21
87.58
86.88
83.48
85.17
88.39
83.86
86.03
87.26
90.27
91.01
92.45
91.34
90.93
90.72
85.97
87.46
88.99
85.23
90.10
90.97
91.19
86.54
90.75
88.24
88.90
87.04
90.25
90.76
88.12
88.48
83.85
80.59
90.31
90.62
89.89
89.31
86.24
87.23
86.90
89.63
89.10
80.13
88.35
91.24
83.93
86.46
89.71
90.99
88.19
80.86
83.54
87.61
91.13
84.97
87.84
87.80
91.37
86.73
90.60
86.55
89.45
85.21
84.22
83.31
87.55
89.42
90.56
86.52
91.27
87.65
85.73
88.54
89.19
89.11
83.14
88.07
87.63
89.17
85.65
87.11
88.39
89.91
91.16
90.82
87.79
88.20
89.70
87.71
88.84
87.13
90.20
89.66
88.83
85.75
90.41
79.76
88.86
90.24
85.86
89.55
91.31
90.78
82.82
89.03
89.48
86.51
89.95
91.21
89.35
87.46
85.10
88.21
90.38
89.91
88.12
91.19
89.33
85.70
84.95
91.08
91.42
86.34
89.54
92.47
86.29
87.20
92.35
90.68
92.09
89.07
87.86
85.73
88.67
90.04
91.04
90.20
89.09
87.27
80.65
89.32
88.00
82.27
89.70
88.08
86.77
86.74
87.96
86.80
89.96
86.53
86.91
85.70
86.10
87.46
88.39
90.49
91.13
89.84
86.30
83.73
87.30
86.34
89.41
87.59
88.73
82.18
90.35
86.86
88.87
90.38
86.00
89.56
86.88
90.35
85.88
89.20
89.43
84.15
90.39
91.11
90.95
89.67
85.37
81.49
89.63
89.66
87.92
86.98
89.27
89.74
91.19
88.94
87.38
87.03
89.63
91.44
90.01
90.64
90.98
90.02
91.84
90.63
90.85
78.36
89.84
89.50
89.29
86.23
90.32
87.10
81.67
86.88
86.12
89.17
85.65
87.86
87.27
87.95
87.23
87.00
90.46
86.29
90.09
90.59
87.66
88.44
86.24
91.29
86.32
89.40
90.83
86.97
87.70
87.89
90.09
87.14
90.22
88.23
89.69
87.28
90.52
89.13
89.87
86.07
89.60
89.52
92.25
85.41
87.25
91.53
89.93
86.28
88.89
88.88
87.89
87.66
89.82
86.73
88.57
88.75
87.58
90.80
92.06
87.99
90.03
85.95
86.15
91.27
86.89
88.62
88.16
90.54
87.82
89.05
88.25
88.37
84.15
89.76
88.94
84.61
88.02
87.53
87.25
91.32
89.47
84.86
88.78
88.97
87.85
86.79
89.79
87.73
90.65
84.44
90.60
90.85
84.79
87.84
83.54
89.41
90.71
88.62
85.49
84.39
88.38
91.37
90.44
88.51
89.47
87.35
85.13
85.84
90.67
84.67
91.40
81.97
88.80
90.29
87.43
88.36
86.74
90.42
87.18
89.69
87.92
87.42
86.80
88.37
88.07
83.45
84.70
87.94
86.42
88.33
90.40
90.70
85.29
90.51
86.01
84.74
85.35
90.58
88.41
89.37
83.47
88.64
91.17
88.19
86.20
89.13
89.22
88.12
87.62
88.78
82.50
81.05
85.35
88.30
88.79
88.57
86.03
89.67
91.03
88.52
90.13
82.75
88.95
85.72
90.52
89.43
90.77
90.46
88.45
86.81
91.21
80.34
89.18
88.92
88.85
91.98
88.14
87.98
87.55
84.07
87.54
86.67
85.63
88.01
86.99
90.27
91.19
83.13
87.72
88.73
87.37
86.34
88.87
91.99
90.02
87.00
90.28
92.24
89.91
80.50
86.48
93.01
89.13
91.57
90.61
90.99
89.95
87.45
88.29
89.43
92.25
88.17
84.99
88.25
90.01
89.32
78.85
87.01
89.33
86.11
90.01
88.18
87.34
82.76
90.17
88.46
86.63
90.08
85.71
89.85
90.54
90.62
87.52
85.38
88.02
90.35
88.39
91.00
85.40
86.93
86.07
91.35
89.43
89.37
89.07
88.32
89.81
88.26
90.55
88.41
84.26
88.19
88.23
88.89
86.71
89.83
84.83
89.80
90.87
87.47
89.46
87.64
87.57
85.98
86.25
91.71
91.40
87.62
92.28
91.29
87.30
90.24
87.82
88.96
86.76
87.62
84.03
91.14
90.73
87.21
89.36
81.42
91.52
91.73
86.54
80.24
81.87
89.35
91.56
91.19
88.22
88.74
91.68
93.07
91.80
86.58
91.28
86.74
89.41
84.44
88.73
89.92
78.45
84.41
89.65
89.95
89.61
87.54
90.06
90.13
83.34
89.95
89.33
88.42
88.64
86.08
90.02
89.79
90.08
84.56
89.24
89.76
90.75
82.31
88.41
88.27
87.48
85.97
91.44
88.67
86.99
88.55
90.45
88.04
92.00
88.40
85.04
85.37
92.97
86.99
90.75
88.58
85.39
84.95
90.59
88.51
85.50
85.47
87.68
87.35
88.71
85.93
88.36
89.86
87.46
87.59
90.58
87.17
86.87
90.77
89.63
86.88
91.13
87.33
85.51
86.87
85.15
89.77
90.17
86.08
85.19
91.36
87.78
84.48
89.80
89.89
87.95
87.62
87.24
90.51
89.44
86.14
89.45
88.31
90.07
84.26
87.94
80.91
87.71
91.41
89.90
85.87
86.05
90.60
90.00
88.83
85.68
89.62
88.07
87.62
88.57
79.44
88.33
91.31
88.41
88.08
90.17
89.88
88.71
89.20
92.00
89.53
90.49
90.60
88.04
90.87
92.98
90.71
90.75
87.10
90.79
85.43
92.23
91.39
91.29
85.82
85.17
90.23
91.95
91.03
87.67
86.44
87.63
90.22
88.38
88.28
86.86
88.88
88.84
89.79
88.23
91.56
89.32
85.99
90.82
91.69
84.39
89.98
85.05
90.30
86.69
91.18
90.69
85.17
86.09
88.27
88.85
88.53
82.05
86.85
89.84
90.92
86.94
92.28
90.02
84.98
87.84
88.26
89.08
90.52
86.75
90.89
91.41
84.18
90.42
86.27
89.76
87.26
88.19
91.14
89.19
89.26
88.49
88.93
92.18
88.72
90.46
90.93
89.59
83.36
87.13
89.95
88.17
83.36
80.84
83.95
90.72
88.49
87.35
90.36
87.20
89.53
89.43
84.87
88.87
85.73
88.18
84.44
89.41
86.44
92.01
88.85
91.08
90.00
87.29
90.88
89.90
89.67
88.77
89.40
89.64
90.28
89.49
90.00
84.38
91.33
85.92
85.40
85.59
87.46
85.72
82.74
88.06
83.91
87.19
85.44
89.29
90.43
91.04
89.75
87.38
92.05
90.09
88.75
87.02
88.64
88.64
82.23
86.84
88.07
87.20
90.69
83.88
87.15
88.35
87.15
88.48
90.42
90.08
86.63
85.27
88.31
86.89
92.18
91.21
88.44
88.92
86.96
85.25
84.17
85.27
90.98
89.53
89.41
89.67
84.99
87.61
90.96
90.17
