88.12
81.05
86.55
88.35
89.17
90.17
90.12
89.74
89.18
89.93
89.16
90.14
86.51
88.04
90.94
89.96
89.20
86.89
88.69
90.69
88.38
88.48
86.19
88.33
86.82
88.43
90.15
88.56
89.92
89.88
88.33
90.88
88.98
88.74
89.67
89.41
90.05
88.08
89.27
89.59
88.88
88.30
89.41
88.78
88.65
89.22
86.96
88.75
88.03
87.95
89.45
90.79
86.56
86.82
89.08
91.03
88.63
89.80
88.13
89.02
89.61
90.13
87.63
89.58
89.76
88.62
89.17
89.30
87.04
85.15
86.59
90.19
90.40
86.40
91.02
91.14
90.13
79.57
90.52
90.47
88.74
89.10
87.32
89.43
89.42
89.11
87.76
88.70
89.89
88.75
89.24
89.28
86.79
90.33
88.62
86.83
90.01
87.95
89.41
86.51
89.42
88.30
88.95
89.85
86.70
89.39
88.47
90.10
89.09
89.89
87.46
89.81
90.66
88.19
89.91
88.72
87.99
89.65
89.98
88.94
89.59
85.75
88.14
89.46
91.31
88.04
88.45
88.80
90.39
85.71
89.93
89.43
88.26
89.45
88.74
88.91
89.70
88.31
89.07
88.66
85.44
89.99
89.06
91.29
89.80
88.11
89.33
91.52
90.53
88.11
90.40
89.12
90.53
87.93
90.02
88.26
88.47
85.72
91.17
86.31
88.36
90.38
90.99
90.57
90.63
88.97
88.81
87.59
90.90
89.61
90.20
90.35
88.93
85.80
89.26
89.55
89.65
88.09
88.24
89.53
91.04
88.36
87.05
90.42
86.98
87.65
86.90
81.52
89.79
89.05
87.70
88.89
90.38
89.97
88.53
90.36
87.43
89.56
86.45
88.46
88.03
89.55
86.04
90.17
87.90
89.74
89.71
89.23
88.27
85.24
88.72
88.58
89.97
88.04
89.27
88.59
91.10
87.29
87.63
89.43
89.24
89.23
90.58
90.48
88.83
90.58
88.15
89.55
89.61
89.48
86.36
88.40
87.66
89.30
89.78
89.03
90.03
85.80
90.53
89.07
90.45
90.50
88.85
90.54
86.01
86.11
87.60
84.96
83.17
89.94
87.42
89.53
87.40
89.72
89.08
88.88
90.48
89.83
90.00
88.40
87.33
88.73
88.28
91.35
88.94
89.18
89.37
90.28
87.87
87.82
86.26
89.62
91.05
88.31
89.41
90.15
90.21
90.89
88.94
89.44
86.77
88.92
86.11
88.99
90.75
89.19
84.31
88.28
89.65
91.31
86.49
89.44
90.99
88.46
89.32
90.78
88.25
89.86
89.36
90.50
89.36
87.69
89.41
88.58
89.65
88.30
88.67
87.14
89.29
89.02
85.77
90.09
87.41
90.78
88.11
90.34
88.27
87.35
90.55
87.94
90.23
87.62
89.42
86.98
89.81
87.74
89.14
89.40
89.24
88.56
90.39
86.76
87.94
89.27
89.32
87.57
90.11
88.81
89.96
87.12
87.24
88.50
88.92
90.22
89.70
89.32
89.91
90.04
86.95
89.87
89.36
89.70
89.70
89.86
90.92
89.13
89.55
90.32
90.18
89.14
86.56
90.39
90.13
84.74
89.41
90.07
86.50
89.40
87.92
89.75
89.20
90.00
89.33
90.56
87.97
87.94
89.91
91.19
89.53
89.42
87.87
90.62
85.66
88.97
91.41
91.66
89.43
89.18
88.34
88.69
89.09
90.17
86.51
89.37
89.52
88.76
90.63
89.10
89.82
89.98
88.89
89.53
89.07
88.85
88.46
86.12
90.49
90.79
88.01
89.60
89.46
89.98
87.35
88.13
87.22
89.91
90.88
87.66
89.51
88.48
85.86
89.88
90.35
89.04
90.28
89.54
90.69
87.59
89.75
90.74
88.95
90.06
89.03
90.70
89.76
89.24
86.85
83.93
88.04
87.76
90.36
89.50
90.15
87.95
86.14
90.29
88.21
89.48
85.77
89.91
87.94
86.65
87.80
90.05
84.98
89.41
89.97
88.72
84.04
89.71
82.25
89.47
87.36
90.42
82.83
89.14
90.58
89.19
88.67
85.75
86.34
90.36
89.00
90.03
89.43
87.25
90.02
88.94
86.14
85.37
87.43
88.81
85.09
90.85
89.63
89.58
89.28
88.41
84.50
87.56
86.80
87.54
88.70
88.58
88.88
87.50
87.02
89.52
87.61
89.33
85.39
87.03
90.21
90.58
90.36
89.13
88.01
90.55
86.62
84.66
90.22
87.76
90.46
90.64
88.43
90.28
89.11
88.82
89.56
87.90
88.65
88.43
89.90
88.86
88.50
90.83
90.35
90.74
88.17
90.25
89.71
90.56
88.46
89.03
87.26
90.59
83.91
88.52
82.10
90.69
89.23
90.08
90.12
89.03
86.35
83.43
89.99
88.10
90.49
90.19
88.92
87.17
87.12
87.84
90.71
88.56
89.60
90.80
88.46
88.88
88.95
91.26
89.92
87.27
90.44
88.62
88.05
87.98
90.24
90.27
90.27
88.42
89.71
86.69
88.72
88.67
90.08
89.29
88.66
88.91
91.05
88.55
91.10
88.54
89.75
89.04
87.58
89.97
85.88
90.23
87.97
85.97
88.70
84.66
90.14
88.75
87.61
88.55
91.27
87.87
90.34
90.16
88.71
89.41
84.82
89.84
86.55
90.28
86.83
90.06
87.10
86.03
89.09
90.03
88.71
91.39
87.86
90.79
89.44
89.76
89.33
86.15
90.73
89.02
90.79
90.11
86.71
90.05
88.56
88.27
89.46
89.39
88.59
90.20
88.62
89.38
88.92
89.53
88.32
89.97
90.46
89.58
86.79
89.67
88.83
90.13
87.54
90.29
91.07
90.48
86.96
89.97
88.12
87.98
89.33
89.80
90.06
89.50
88.89
89.04
88.37
88.64
90.91
89.18
89.49
89.50
91.31
88.25
89.43
90.95
88.06
88.54
90.34
88.12
89.96
89.85
90.20
89.39
88.22
88.57
89.25
89.67
90.06
89.78
87.20
90.68
87.81
89.22
89.07
89.78
87.54
90.28
89.93
89.61
87.63
89.25
89.98
84.83
89.42
88.74
88.99
91.01
89.11
86.45
85.52
89.85
89.05
88.81
89.40
87.42
90.53
89.35
87.64
90.46
86.92
90.68
89.43
89.66
89.36
88.84
87.56
89.94
89.22
89.01
88.20
88.36
87.86
85.18
89.73
85.51
89.69
89.86
90.29
89.45
87.67
89.51
86.15
89.22
86.62
87.79
90.07
90.47
91.17
88.26
83.38
86.10
88.47
89.67
90.59
90.18
90.22
89.80
90.19
86.50
89.71
88.49
89.66
91.92
90.51
87.31
88.86
86.60
87.33
87.70
88.57
89.05
87.66
87.66
89.31
88.84
85.28
85.48
85.30
86.23
83.49
87.18
87.84
89.56
89.59
91.08
89.46
85.31
86.75
90.40
91.13
90.64
86.92
88.06
85.60
88.55
89.52
90.93
84.40
88.58
90.14
86.87
86.31
88.60
89.88
89.79
89.30
91.55
90.74
88.49
88.63
89.70
88.29
89.94
83.80
89.35
90.53
88.23
89.45
90.27
88.34
88.68
90.35
88.72
89.26
88.51
90.33
90.17
86.62
89.40
90.06
88.70
88.48
87.54
89.53
90.13
89.84
88.18
90.77
87.22
89.72
89.05
88.34
90.27
88.14
86.71
91.02
85.73
80.35
89.38
87.64
87.33
88.74
85.01
89.94
89.76
86.76
89.26
89.32
89.37
85.28
90.69
89.65
89.80
91.36
90.93
87.12
87.66
87.29
89.84
91.11
88.26
86.07
86.13
88.22
88.33
89.71
88.11
87.40
86.20
87.95
89.12
89.18
88.78
87.61
90.68
88.24
86.49
88.14
90.14
88.06
89.51
90.18
87.10
90.85
89.45
90.68
89.26
89.43
88.75
90.69
88.59
89.50
86.65
86.41
88.28
91.01
87.88
86.88
87.89
87.96
88.71
89.93
85.44
87.36
87.21
89.85
88.18
89.59
88.77
88.87
89.51
87.33
88.77
89.73
89.93
90.43
87.18
85.64
89.48
88.38
85.05
87.54
88.71
87.97
88.60
89.77
87.44
88.69
89.56
87.31
88.80
90.30
82.10
88.90
89.64
87.77
89.29
86.92
85.28
88.60
88.62
89.57
89.81
89.37
88.53
89.45
88.40
87.84
90.41
89.00
89.46
85.03
87.22
82.48
85.63
89.06
89.67
84.84
89.28
91.12
90.27
89.09
89.96
87.67
85.74
87.57
89.51
87.72
90.02
86.99
90.80
85.54
88.58
88.75
88.07
90.32
90.31
84.93
90.17
86.57
88.99
90.00
87.12
89.66
91.04
89.78
91.32
88.51
88.69
90.38
87.48
88.99
87.52
90.43
88.17
