97.17
97.04
96.94
97.30
97.01
97.42
97.30
97.01
97.34
97.32
97.51
97.39
97.36
97.40
97.30
97.31
97.37
97.07
97.43
97.65
97.13
97.42
97.29
97.47
97.09
97.07
97.28
97.67
96.95
97.40
97.28
97.17
97.35
97.50
97.25
97.51
97.10
97.39
97.23
97.36
96.64
97.00
96.98
97.32
97.26
97.51
97.14
97.14
97.02
97.73
97.43
97.39
97.31
97.53
97.58
97.25
97.26
97.23
97.46
97.04
97.25
97.56
97.10
97.21
97.18
97.43
97.41
97.32
97.38
97.06
97.07
97.29
97.33
97.43
97.46
97.43
97.29
97.15
97.17
96.88
97.40
97.50
96.81
97.35
97.12
97.39
96.91
96.98
96.93
97.43
97.25
97.08
97.44
97.29
97.36
97.36
97.45
97.48
97.19
97.34
97.20
97.34
97.56
97.03
97.19
97.53
97.13
97.41
97.35
97.49
97.27
97.34
97.38
97.45
97.43
97.43
97.51
97.34
97.11
97.57
97.28
97.44
97.44
97.10
97.51
97.41
97.27
97.31
97.09
97.25
97.11
97.17
97.47
97.32
97.12
97.13
97.25
97.30
97.34
97.48
97.15
97.36
97.45
97.08
97.46
97.34
97.30
97.17
97.12
97.42
97.32
97.46
97.61
96.73
97.49
97.40
97.63
97.58
97.10
97.22
97.09
97.32
97.47
97.26
97.31
97.20
97.05
97.26
97.48
97.38
97.34
97.28
97.29
97.38
97.36
97.42
97.30
97.35
97.46
97.68
97.50
97.24
97.22
97.11
97.52
97.36
97.15
97.56
97.60
97.45
96.86
97.13
97.00
97.35
97.15
97.08
97.10
97.41
97.28
97.01
97.60
97.21
97.19
97.43
97.19
97.47
97.23
97.21
97.12
96.79
97.65
97.18
97.21
96.83
97.15
97.34
97.18
97.27
97.41
97.28
97.45
97.24
97.31
97.30
97.41
97.06
97.54
96.72
97.31
97.27
97.52
97.52
96.99
97.62
97.19
97.38
97.18
97.51
97.22
97.20
97.26
97.39
97.06
97.27
97.16
97.38
97.05
97.31
97.38
97.09
97.50
97.33
97.24
97.12
97.16
96.96
97.01
96.95
97.33
97.24
97.50
97.25
97.53
97.24
97.21
97.31
97.36
97.08
97.15
97.47
97.39
97.38
97.39
97.07
97.33
97.35
97.46
97.54
97.14
97.19
97.54
97.23
97.41
97.30
97.55
97.41
97.06
96.92
97.51
97.29
97.36
96.86
97.21
97.23
97.08
97.32
97.30
97.42
96.86
97.17
97.40
97.01
97.43
97.42
97.17
97.16
97.35
97.24
97.39
97.33
97.47
97.55
96.96
97.32
97.30
97.00
97.50
97.21
97.29
97.55
97.26
97.30
97.48
97.52
97.33
97.28
97.18
97.29
97.62
97.36
97.24
97.62
97.20
97.35
97.22
97.39
97.20
97.42
97.38
97.00
97.31
97.51
97.25
97.59
97.43
97.22
97.45
97.19
97.37
97.44
97.32
97.33
97.49
97.07
97.34
97.61
97.42
97.49
97.44
97.25
97.43
96.84
97.16
97.32
97.54
97.34
97.57
97.21
97.55
97.48
97.51
97.22
97.17
97.15
97.40
97.38
97.36
97.21
97.20
97.42
97.19
97.32
97.29
97.51
97.20
97.21
97.33
96.96
97.21
97.28
97.28
97.54
97.06
97.30
97.31
97.33
97.26
97.31
97.15
97.44
97.21
97.58
97.26
97.41
97.17
97.13
97.24
97.33
97.28
97.11
97.29
97.42
97.01
96.87
96.91
97.30
97.44
97.33
97.26
97.16
97.41
97.39
97.17
97.02
96.71
97.25
97.18
97.48
97.19
96.98
97.29
97.48
97.41
97.01
97.42
97.36
97.39
97.20
97.24
97.20
97.49
97.58
97.38
97.14
97.46
97.49
97.16
96.94
97.41
97.55
97.45
97.07
97.26
97.54
97.14
97.33
97.27
97.31
97.10
97.22
97.39
97.48
97.27
97.05
97.10
97.35
96.81
97.45
96.96
97.36
97.31
97.22
97.23
97.00
97.43
96.92
97.26
96.92
97.54
97.35
97.45
97.37
97.60
97.38
97.08
97.48
97.33
97.27
97.28
97.46
97.38
97.07
97.01
97.25
97.58
97.50
97.21
97.35
97.59
97.13
97.31
97.12
97.07
97.48
97.21
97.49
97.27
97.48
97.49
96.68
97.52
97.08
97.21
96.78
97.18
97.27
97.49
97.45
97.18
97.40
97.40
97.42
97.18
97.54
97.57
97.53
96.88
97.29
97.33
97.49
97.36
97.53
97.33
97.42
97.44
97.06
97.03
97.19
97.36
97.52
97.38
97.23
97.59
97.29
97.19
97.15
97.37
96.97
97.05
97.16
97.49
97.25
97.20
97.09
97.22
97.28
97.52
97.09
97.21
97.18
97.47
97.36
97.31
97.43
97.44
97.35
97.28
97.61
97.27
97.32
96.88
97.35
97.21
97.44
97.46
97.06
97.25
97.19
97.30
97.33
97.39
97.25
97.28
97.39
96.63
97.44
97.40
97.40
97.22
97.46
97.12
97.22
97.37
97.33
97.56
97.21
97.43
97.50
97.50
97.48
97.53
97.28
97.20
97.28
97.32
97.14
97.29
97.04
97.38
97.23
97.32
97.38
97.39
97.19
97.20
97.38
97.10
97.32
97.21
97.17
97.21
96.33
97.41
97.41
97.19
97.21
97.29
97.37
97.32
97.09
97.33
97.01
97.26
97.31
97.19
97.29
97.29
97.11
97.30
97.23
97.41
97.39
97.48
97.30
97.47
97.57
97.05
97.23
97.38
97.22
97.37
97.04
97.21
97.21
97.33
97.00
97.31
97.32
97.38
97.25
97.40
97.06
97.26
97.33
97.33
97.49
97.39
96.71
97.20
97.41
97.34
97.26
97.32
97.35
97.18
97.44
97.59
97.29
97.56
97.07
97.31
97.24
97.40
97.53
97.42
97.25
97.39
97.35
97.41
97.13
97.35
97.26
97.34
97.29
97.34
97.37
97.44
97.35
97.43
97.30
96.88
97.20
97.19
97.40
97.43
96.88
97.58
97.20
97.51
97.10
97.17
97.49
97.53
97.56
97.20
97.29
97.24
97.52
97.04
97.42
97.26
97.10
97.24
97.34
97.32
97.04
97.07
97.38
97.31
97.29
97.16
97.45
97.37
96.66
97.49
97.19
97.38
97.12
97.10
97.06
97.57
97.24
97.31
97.17
97.54
97.31
97.52
96.68
97.27
97.04
97.45
96.92
97.09
97.14
97.37
97.30
97.57
97.17
97.35
97.53
97.46
97.23
97.26
97.34
97.51
97.36
97.47
97.11
97.53
96.97
97.36
97.47
97.51
97.62
96.91
97.19
97.30
97.37
97.47
97.03
97.23
97.30
96.84
97.30
97.14
97.50
96.86
97.25
97.44
97.47
97.16
97.46
97.25
97.35
97.52
97.62
97.43
97.26
97.18
97.18
97.13
97.41
97.25
97.35
97.45
97.04
97.21
97.15
97.54
97.40
97.34
97.04
97.49
97.20
97.42
97.31
97.60
97.52
97.43
97.07
97.47
97.18
97.48
97.54
97.19
97.18
97.45
97.55
97.19
97.46
97.36
97.26
97.23
96.94
97.32
96.94
97.50
97.34
97.38
97.47
97.40
97.44
97.48
97.02
97.28
97.14
97.34
97.35
97.43
97.27
97.22
97.51
97.32
97.18
97.33
97.08
97.59
97.16
97.23
97.28
97.20
97.62
97.33
97.33
97.42
97.37
97.34
97.16
97.08
97.15
97.39
97.31
97.03
97.44
97.16
97.24
96.81
97.46
97.36
97.44
97.29
97.26
97.35
97.29
97.35
97.34
97.22
97.29
97.08
96.96
96.81
97.19
97.24
97.06
97.38
97.18
97.33
97.32
97.19
97.25
97.54
97.43
97.45
97.22
96.89
97.42
97.39
97.52
97.22
97.14
97.34
97.41
97.55
97.28
97.18
97.23
97.30
97.31
97.32
97.15
97.44
97.33
97.28
97.16
96.92
97.53
97.30
97.41
97.59
97.28
97.37
97.45
97.54
97.50
97.33
97.52
96.91
97.56
97.21
97.49
97.30
97.34
97.34
97.20
97.43
97.28
97.16
97.25
97.25
97.33
97.36
97.30
97.48
97.20
97.17
97.30
97.06
97.37
97.17
97.45
97.28
97.27
97.30
97.39
97.10
97.28
97.08
97.31
97.63
97.53
97.61
97.31
97.41
97.13
97.45
97.25
97.39
97.28
97.25
97.47
97.44
97.25
97.21
97.63
97.42
97.31
97.68
97.20
97.20
97.13
97.07
97.36
97.46
97.31
97.38
97.36
97.21
97.46
97.19
97.11
