98.51
98.29
98.42
98.31
98.47
98.63
98.45
98.40
98.43
97.95
97.88
98.26
98.54
98.23
98.54
98.42
98.41
98.32
98.20
98.74
98.26
98.09
97.85
98.62
98.43
98.40
98.24
98.51
98.52
98.15
98.35
98.30
98.60
98.32
98.25
98.71
98.44
97.93
98.52
98.28
98.36
98.25
98.52
97.45
98.64
98.54
98.61
98.18
98.73
98.50
98.36
98.32
98.53
98.52
97.27
98.27
98.43
98.11
98.03
98.35
98.19
98.08
98.43
97.97
98.60
97.87
98.26
98.59
98.37
97.90
98.24
98.18
98.43
98.10
98.34
98.40
97.92
98.14
98.44
98.24
98.21
98.52
98.54
98.47
98.54
98.24
98.13
97.94
98.05
98.46
97.92
98.42
98.04
98.25
98.66
98.37
98.46
98.25
98.06
98.35
98.51
98.14
98.24
98.58
98.00
98.18
98.40
98.53
98.59
98.55
98.07
98.35
97.59
98.64
98.37
98.10
98.49
98.44
97.92
98.19
97.91
98.43
98.15
98.03
98.68
98.55
98.50
98.44
98.33
98.17
98.33
98.42
98.56
98.26
98.31
98.36
98.51
98.19
98.23
97.83
98.36
97.96
98.44
98.18
98.14
98.26
98.19
98.39
98.33
98.42
98.30
98.48
98.66
98.63
98.26
98.35
98.33
98.55
98.16
97.99
98.33
98.37
98.10
98.56
98.34
98.42
98.47
98.62
98.12
98.62
98.55
98.27
98.50
98.52
98.45
98.62
97.61
98.51
98.31
97.89
98.68
98.55
98.54
97.64
98.00
98.61
98.20
98.36
97.69
98.45
98.43
98.37
98.44
98.67
98.16
98.44
98.21
98.00
98.43
98.34
98.42
98.59
98.50
98.43
98.44
98.30
98.36
97.73
98.44
98.33
98.34
97.20
98.51
97.96
97.98
98.46
98.39
97.92
98.45
98.52
98.04
98.28
98.66
98.45
98.24
98.49
98.46
97.96
98.31
98.29
98.32
98.49
97.89
98.14
98.50
98.26
98.42
98.46
98.19
98.22
98.48
98.50
98.05
98.43
98.13
98.53
98.46
98.25
98.43
98.21
98.22
98.51
98.47
98.27
98.47
98.29
98.51
98.45
98.38
98.48
98.49
98.25
98.58
98.63
98.17
98.29
98.49
98.38
98.17
97.84
98.54
98.69
98.26
98.25
98.33
98.24
98.42
98.46
98.36
98.32
98.13
98.56
98.41
98.47
98.45
98.61
98.42
98.48
98.88
98.42
98.33
98.03
97.69
97.70
98.32
98.33
98.28
98.08
98.48
98.58
98.32
98.28
98.69
98.46
98.65
98.16
98.27
98.32
98.70
98.11
98.84
98.57
98.15
98.18
98.52
98.35
98.65
98.62
98.56
98.57
98.32
98.30
98.18
98.15
98.43
98.35
98.43
98.50
98.01
98.49
98.08
98.61
98.17
97.75
98.41
97.89
98.52
98.31
98.45
98.31
98.32
98.50
98.56
98.59
97.85
98.49
98.15
98.17
98.21
98.36
98.05
98.44
98.32
98.39
98.45
98.23
98.20
97.80
98.33
98.19
98.24
98.33
98.31
98.57
98.45
98.46
98.02
98.63
98.50
98.34
98.39
98.08
97.95
98.29
98.80
98.32
98.36
98.63
98.66
98.54
98.43
98.53
98.45
97.74
98.39
98.06
98.57
98.53
98.55
98.53
97.96
98.11
98.39
98.36
98.32
98.29
98.33
98.32
98.36
98.58
98.38
98.55
98.23
98.13
98.18
98.04
98.04
98.35
98.24
98.04
98.69
97.80
98.10
98.18
98.57
98.39
98.13
98.48
98.42
98.40
98.55
98.55
98.49
98.44
98.37
98.12
98.34
98.43
98.30
98.32
98.50
98.48
98.26
98.40
97.83
97.95
98.26
98.52
97.50
98.40
98.37
98.13
98.39
98.28
98.39
98.57
98.36
98.32
98.57
98.51
98.29
98.68
98.33
98.71
97.96
98.29
98.20
98.47
98.61
98.10
98.41
97.69
98.39
98.34
98.16
97.95
98.01
97.91
98.19
97.81
98.35
98.42
98.15
98.37
98.18
98.29
98.35
98.41
98.23
98.53
98.62
98.45
98.19
98.12
98.28
98.29
98.45
98.47
98.58
98.53
98.35
98.45
98.62
98.46
98.45
98.66
98.65
98.39
98.46
98.29
98.56
98.20
98.32
98.15
98.40
98.24
98.50
98.51
98.40
98.38
98.50
98.55
98.44
97.76
98.54
98.40
98.53
98.52
98.47
98.26
98.59
98.43
98.68
98.47
98.40
98.21
98.15
98.53
98.56
98.14
98.29
98.15
98.40
98.28
98.33
97.96
98.37
98.12
98.12
98.69
98.57
98.08
98.10
98.68
98.71
98.45
98.59
98.36
97.85
98.26
98.49
98.51
98.35
97.97
98.47
98.57
98.63
98.11
98.42
98.42
97.78
98.24
97.64
98.58
98.53
98.20
98.26
98.24
98.51
98.45
98.50
98.34
97.97
98.14
98.27
97.96
98.02
98.31
98.77
98.39
98.12
98.64
98.40
98.47
98.69
98.49
98.21
98.30
98.29
98.39
98.66
98.57
98.27
98.46
98.21
98.06
98.56
98.38
98.64
98.19
98.22
98.32
98.47
98.20
98.57
98.61
98.41
98.50
98.13
98.51
98.39
98.40
98.52
98.13
98.66
98.30
98.56
98.31
98.83
98.78
98.36
98.17
97.86
98.53
98.16
98.13
98.06
98.22
98.34
98.62
97.74
98.22
98.28
98.70
98.22
98.43
98.50
98.32
98.46
98.13
98.14
98.17
98.31
98.26
98.54
97.94
98.23
98.32
98.41
98.54
98.26
98.48
98.22
98.28
97.97
98.05
98.39
98.19
98.51
98.36
97.72
98.44
98.22
98.43
97.59
97.95
98.61
98.62
98.55
98.32
98.57
98.42
98.07
98.34
98.73
98.47
98.12
98.39
97.90
98.11
98.27
98.53
98.32
98.39
98.55
98.54
97.75
98.36
98.13
98.27
98.33
98.69
98.47
98.29
98.54
98.54
98.55
98.07
98.43
97.76
98.25
98.14
98.55
98.03
98.10
98.54
98.36
98.49
97.56
98.54
98.47
98.08
97.85
98.24
98.51
98.25
98.30
98.56
98.58
98.64
98.43
98.17
98.41
98.15
97.66
98.61
98.27
97.64
98.49
98.14
98.61
98.19
98.59
98.33
98.27
98.59
98.34
98.16
98.29
98.50
98.63
98.48
98.43
97.31
97.91
98.61
98.48
98.46
98.27
98.29
98.55
98.41
97.97
98.43
98.18
98.12
98.50
98.43
98.24
98.50
98.37
97.91
98.56
98.38
98.70
98.35
98.45
98.59
97.95
98.20
98.31
98.27
98.33
98.61
98.09
98.63
98.67
98.51
98.27
98.12
98.57
98.41
98.42
98.40
98.12
98.18
98.08
98.46
98.72
98.46
97.66
97.83
98.41
98.63
98.38
98.11
97.71
98.34
98.58
98.47
98.67
98.46
98.29
98.11
98.50
98.33
98.47
97.74
98.71
98.63
98.58
98.30
98.41
98.28
98.07
98.52
98.59
98.63
98.56
98.42
98.54
98.54
98.24
98.19
98.05
98.30
98.07
98.41
98.64
98.23
98.21
98.44
98.48
98.33
98.58
98.74
98.41
98.06
98.32
98.49
98.47
98.19
98.31
98.23
98.31
98.25
98.44
98.16
98.44
98.03
98.41
98.37
98.52
98.30
98.44
98.14
98.58
98.61
98.45
98.36
97.95
98.49
97.93
98.04
98.45
98.27
98.52
98.16
98.56
98.47
97.63
98.27
97.92
98.64
98.36
98.43
97.98
98.57
98.33
98.33
98.17
97.97
98.36
98.55
98.37
98.44
98.61
98.53
98.22
98.42
98.15
98.39
98.31
97.69
98.31
98.35
98.18
98.38
98.37
97.97
98.33
98.29
98.39
98.20
98.05
98.52
98.40
98.58
98.45
98.46
98.45
97.81
98.32
98.21
98.39
98.67
98.18
98.51
98.08
98.16
98.52
98.30
98.60
98.55
98.21
98.51
98.44
98.42
98.51
98.60
97.96
98.44
98.53
98.45
98.65
97.72
98.52
98.36
98.61
97.88
98.40
98.25
98.48
98.34
97.86
98.05
98.13
98.25
98.29
98.38
98.28
98.64
98.53
98.35
98.65
98.26
98.62
97.70
98.14
98.05
96.81
98.43
97.84
98.34
98.39
98.31
98.15
98.68
98.07
98.28
98.54
98.39
98.33
98.01
98.06
97.92
98.69
98.15
98.34
98.57
97.79
98.38
98.23
98.21
98.30
98.31
98.45
98.39
98.38
98.66
98.62
98.54
98.35
98.33
98.41
97.86
98.44
98.28
98.36
98.58
