86.99
88.47
88.00
90.14
87.70
88.76
86.69
88.50
89.95
88.73
88.24
89.38
86.70
82.37
84.77
90.07
87.12
88.85
88.52
86.34
89.86
84.88
81.70
89.10
88.16
87.97
87.69
86.98
88.71
89.18
87.56
89.96
87.96
89.59
87.11
87.97
88.22
88.62
87.80
87.78
86.79
85.22
86.22
86.97
86.53
89.81
88.00
88.63
87.11
88.48
89.02
88.17
86.58
86.98
87.72
89.41
87.81
85.85
87.71
88.70
88.88
88.22
88.97
89.64
88.68
87.87
88.80
88.40
87.50
86.97
87.58
88.97
88.65
88.31
89.74
89.74
87.74
87.21
88.34
89.77
88.41
88.55
87.46
84.12
89.56
89.36
86.50
88.84
87.97
89.55
89.78
87.97
83.36
86.81
85.32
89.22
89.98
87.85
89.24
87.44
86.62
88.47
86.21
86.95
89.01
89.73
90.26
87.64
89.07
88.78
87.27
87.51
85.15
88.21
88.94
89.43
87.76
87.44
86.29
87.61
88.69
90.13
90.19
86.84
89.63
87.25
89.75
88.58
87.18
87.34
88.97
89.61
86.59
87.18
86.19
88.59
89.28
88.87
87.18
83.86
87.62
88.24
88.46
89.17
88.62
88.49
87.85
87.68
87.49
86.38
85.11
89.28
87.34
88.57
89.25
88.55
86.07
88.94
89.13
88.09
88.68
85.03
89.42
89.22
88.25
89.20
87.06
88.25
89.03
86.80
90.20
88.44
87.24
89.12
84.86
88.70
85.26
88.82
88.29
88.45
86.02
89.69
90.01
88.62
89.05
88.52
87.46
85.37
89.62
86.56
89.09
90.07
88.91
87.79
89.63
89.35
89.11
88.85
86.57
89.75
88.60
88.02
88.80
88.70
87.41
88.52
87.77
87.08
88.01
86.54
85.93
90.12
89.98
90.30
90.37
86.62
88.06
87.32
85.41
89.41
87.57
86.78
89.00
88.05
86.27
87.33
88.60
89.52
89.95
89.01
85.85
88.82
89.24
89.33
88.67
86.88
88.54
89.79
88.61
89.37
86.99
86.13
89.19
89.60
88.99
84.50
89.59
86.84
84.17
90.05
86.20
86.86
87.35
89.05
86.14
86.18
90.03
88.69
89.57
88.39
87.40
88.11
87.00
86.67
88.32
87.00
89.47
88.89
86.18
87.56
89.09
89.74
88.38
86.98
89.09
89.32
83.97
89.83
88.01
88.09
89.29
88.48
87.31
87.51
87.18
89.14
88.56
88.32
86.68
86.45
89.32
89.90
87.18
89.23
89.12
88.35
86.31
85.22
87.59
88.50
87.17
88.64
88.86
88.44
87.24
89.14
86.79
88.58
85.06
87.62
89.44
88.59
86.66
87.22
90.01
88.46
86.26
89.34
88.32
88.86
86.42
89.70
90.30
88.96
88.70
90.02
88.11
88.65
87.23
89.19
90.12
89.70
87.14
88.30
86.42
88.40
88.94
89.14
87.05
87.75
86.64
88.04
90.11
88.03
88.34
88.11
88.10
86.68
88.56
85.19
87.83
89.02
88.14
88.38
89.82
88.32
87.16
90.04
90.06
89.21
88.10
89.46
88.81
85.72
85.76
88.57
87.61
88.95
87.03
88.12
89.32
87.28
86.93
88.66
88.88
89.31
90.69
89.72
88.20
86.95
87.30
88.10
87.89
89.62
87.76
89.89
87.00
87.50
88.19
89.40
89.44
86.38
89.88
89.37
86.75
89.52
88.82
88.02
89.16
87.92
88.57
89.25
87.18
85.30
87.51
86.89
88.52
86.63
88.33
87.42
88.07
89.45
87.93
85.96
87.56
89.40
89.51
87.40
87.46
88.66
87.77
89.20
89.19
87.92
88.57
89.51
88.79
87.77
87.22
86.87
86.64
85.83
89.13
87.03
89.76
90.48
89.15
86.24
88.39
88.67
88.16
88.78
86.32
88.21
85.09
88.00
88.69
87.94
86.76
88.67
85.35
88.32
85.92
86.95
88.11
84.61
88.24
88.67
88.58
88.85
88.29
89.20
88.45
87.98
85.94
88.75
89.23
87.07
88.61
88.80
87.68
88.19
89.32
88.62
88.44
86.73
89.05
88.92
89.87
88.64
85.53
90.24
88.42
88.51
87.81
87.32
89.34
88.35
87.26
89.47
87.28
87.03
89.53
88.21
88.91
89.22
87.67
88.11
89.26
88.74
86.61
86.07
89.50
85.14
87.72
89.64
87.31
85.58
90.28
90.51
89.02
88.15
87.04
90.47
88.04
88.57
89.69
86.96
87.80
87.92
86.43
90.28
88.34
88.94
89.12
89.10
87.00
87.99
89.64
87.50
89.33
89.80
91.25
87.10
87.79
86.67
87.80
88.60
87.35
89.57
89.81
87.50
88.75
87.06
88.31
89.85
87.79
87.49
85.91
88.64
89.48
89.76
87.94
88.27
85.43
89.37
88.80
87.03
88.88
89.10
87.63
86.57
85.96
89.86
87.71
89.19
88.78
89.31
90.58
87.63
86.82
85.78
88.48
87.00
88.42
89.85
90.18
85.86
86.43
87.80
87.35
88.07
85.69
88.00
88.68
82.78
88.33
88.15
88.85
89.30
89.12
87.70
87.92
89.09
88.85
89.93
88.43
86.19
89.31
89.80
88.40
88.17
89.61
89.86
89.25
86.23
89.62
88.41
87.40
89.15
89.77
89.29
88.59
89.48
88.63
89.19
88.04
88.59
87.38
89.13
87.06
87.66
89.94
87.68
88.05
87.62
87.35
90.44
86.77
87.01
87.04
88.50
89.00
89.45
88.21
87.79
89.33
88.89
78.95
85.45
85.30
88.11
89.74
87.43
90.39
89.54
88.40
87.76
87.50
89.33
89.08
87.28
89.33
87.78
88.52
88.43
87.93
88.08
87.11
87.77
87.45
86.04
88.66
89.51
89.45
88.58
87.84
88.94
88.30
88.63
88.40
86.36
87.93
89.71
88.35
89.00
87.95
88.49
85.65
84.09
89.04
88.17
88.08
85.93
89.67
86.39
90.29
87.71
87.86
88.43
87.14
87.88
89.46
88.23
88.39
87.21
89.40
88.36
86.88
89.21
83.38
88.07
89.07
88.38
88.12
89.52
86.38
89.49
86.90
87.05
82.61
89.25
88.35
86.45
89.02
86.95
86.70
86.36
89.19
88.23
88.36
87.29
88.90
86.03
87.76
90.82
89.03
88.87
88.32
88.46
87.74
88.58
85.13
86.30
89.60
88.97
88.30
89.04
87.75
88.54
89.28
89.24
88.25
88.54
87.89
88.62
89.55
89.51
88.91
88.01
88.88
89.71
89.92
87.12
90.01
90.18
88.30
89.07
89.68
88.38
88.32
88.65
89.25
87.16
87.28
88.35
85.59
88.53
86.71
87.23
87.48
88.17
89.52
87.61
84.66
85.79
88.29
87.76
89.23
88.17
89.01
88.51
89.15
87.62
88.94
87.48
85.25
86.48
87.19
89.81
90.04
87.75
88.04
87.26
87.75
89.80
88.93
88.96
88.59
89.44
88.43
90.47
89.19
86.30
86.92
87.02
88.27
87.14
85.27
87.54
88.06
88.52
89.02
89.31
88.82
87.47
89.41
87.75
85.97
87.00
83.53
88.84
88.74
89.30
89.69
88.11
85.23
86.81
86.12
83.79
87.09
88.27
87.68
87.57
86.83
90.02
87.34
89.74
89.91
85.16
87.78
87.30
89.51
88.41
87.56
87.38
89.11
86.12
86.64
89.95
89.12
87.91
88.45
85.45
89.37
87.24
89.83
87.64
87.80
89.46
86.33
88.58
88.62
88.47
88.49
88.91
87.51
87.80
87.35
88.36
86.90
87.51
87.21
88.31
84.41
88.24
87.79
89.36
88.66
86.52
88.43
88.60
89.16
87.66
89.71
90.09
83.26
88.01
89.38
88.10
87.67
85.83
88.70
87.20
86.81
87.72
87.61
88.90
88.15
87.17
87.69
88.93
86.25
89.14
84.64
88.80
88.60
85.51
86.03
87.20
87.47
87.39
88.89
84.06
88.52
88.54
89.27
88.23
89.02
88.37
84.51
87.84
90.62
88.53
85.96
88.50
90.49
87.98
87.99
88.66
88.49
87.15
89.09
88.42
88.58
87.52
89.42
89.25
89.42
86.93
89.97
89.12
88.05
88.30
84.86
88.09
87.25
88.60
86.66
87.50
88.32
83.08
84.89
89.25
88.73
87.42
86.58
90.03
88.49
86.83
88.88
88.06
88.91
87.63
90.12
89.23
88.86
88.96
86.02
88.20
87.16
89.25
87.32
89.68
87.90
86.49
88.56
88.30
89.87
88.97
86.51
90.69
87.86
89.52
87.77
88.14
90.27
87.29
89.44
88.24
88.12
86.44
89.08
87.74
87.69
88.50
88.62
89.50
85.16
88.72
