90.68
88.30
88.95
88.43
89.02
87.36
90.55
89.11
89.95
88.62
89.28
87.59
89.39
87.55
89.30
89.14
91.61
89.48
88.64
90.62
90.24
90.29
90.73
91.93
91.03
90.94
89.75
88.12
89.48
91.49
91.10
89.68
90.46
91.06
90.95
88.81
90.39
90.23
87.73
90.98
90.64
91.34
91.28
88.35
90.48
88.41
90.33
89.56
89.15
88.90
89.55
90.24
91.56
90.33
89.66
87.81
89.10
90.09
90.29
90.75
89.39
90.23
91.23
90.15
90.57
88.08
88.54
87.97
87.73
87.06
88.61
91.04
89.33
88.83
87.71
90.89
87.68
90.61
89.12
88.06
87.49
88.59
90.26
87.04
92.02
90.54
88.85
89.20
89.55
90.73
90.92
88.01
88.68
88.89
88.16
90.29
89.20
91.45
91.21
89.81
83.47
85.49
91.20
88.77
88.51
91.06
89.88
90.82
90.73
90.94
89.10
90.77
89.67
90.75
88.08
88.46
91.64
90.75
90.23
90.81
90.63
89.81
87.67
89.63
88.30
90.63
90.67
89.45
90.74
87.84
90.50
90.27
89.55
91.18
90.39
89.66
88.96
91.41
89.36
89.22
89.04
89.20
88.95
91.62
88.16
89.34
89.69
89.31
91.12
89.82
90.90
91.73
89.85
90.78
90.45
90.58
89.52
90.00
90.49
90.58
90.79
89.60
90.06
90.08
90.08
87.70
87.51
90.04
91.08
89.71
89.02
89.96
91.11
87.83
89.84
90.04
89.43
86.92
90.91
90.39
90.05
91.04
90.71
90.03
90.58
90.13
88.21
89.29
88.20
90.59
89.40
90.55
89.85
89.28
88.53
90.50
90.71
89.06
87.73
89.63
83.36
90.58
88.28
89.30
90.28
90.70
84.79
89.59
90.56
88.74
90.94
88.69
89.34
90.56
89.15
87.88
89.72
88.60
91.01
91.14
90.22
88.47
90.42
88.04
86.91
88.97
90.96
90.72
90.64
91.21
91.94
88.43
89.55
89.48
88.11
89.61
89.55
89.53
90.02
88.96
90.36
88.85
90.29
89.53
88.72
88.01
87.91
89.61
91.08
89.27
89.52
89.51
89.73
90.03
90.91
90.19
88.09
90.62
90.42
90.59
89.56
91.76
89.83
89.93
87.31
90.67
88.86
89.53
91.10
90.16
90.28
90.25
90.06
89.68
91.07
89.48
89.52
88.31
89.61
89.25
87.70
90.04
87.62
89.43
87.95
91.05
87.84
90.46
90.70
90.59
90.69
90.26
91.00
87.12
91.24
88.47
89.04
90.01
90.67
90.40
90.66
91.71
88.03
90.07
90.26
89.42
89.41
89.53
90.35
90.62
91.71
90.81
87.27
89.03
88.92
91.51
90.06
89.35
90.13
90.01
90.35
89.69
88.88
88.18
91.15
88.37
90.39
89.71
89.25
90.97
90.34
88.82
90.23
88.68
90.55
90.80
90.60
90.30
90.37
91.30
90.19
90.01
89.68
89.80
89.45
88.18
88.05
88.58
91.15
91.15
87.36
90.00
91.19
90.84
89.79
85.81
87.97
90.87
91.73
91.26
90.08
90.42
85.26
89.70
89.10
89.21
90.33
88.77
91.08
91.34
89.67
88.50
89.59
89.91
88.33
90.96
89.54
87.65
90.96
90.16
89.55
89.34
91.14
90.63
89.62
89.81
90.04
90.43
90.71
89.56
89.23
90.99
89.40
88.68
87.62
91.01
87.92
89.29
91.91
89.92
90.18
88.97
85.78
90.77
87.44
87.76
91.55
91.19
90.23
89.20
89.61
88.64
89.34
89.57
91.24
89.52
91.30
90.28
89.87
89.48
91.01
87.51
90.01
90.19
89.35
87.42
91.05
90.25
89.62
90.05
89.18
90.40
91.75
91.06
87.02
84.07
89.64
90.52
91.63
88.12
88.95
89.35
87.45
89.40
89.15
89.69
91.30
89.56
88.58
89.52
89.21
91.12
90.34
87.34
90.63
91.20
91.16
90.58
90.51
90.26
89.96
91.28
88.60
90.82
89.86
87.61
90.31
91.16
87.74
88.77
89.75
89.86
87.24
89.57
89.29
89.14
89.70
90.09
89.84
88.66
84.64
88.68
91.49
89.26
90.76
86.39
89.48
89.37
90.78
90.85
88.42
87.78
92.02
88.24
85.62
89.25
90.47
90.58
87.35
88.38
89.82
89.24
89.41
90.42
91.05
89.11
91.14
90.20
88.48
89.39
88.67
85.46
90.11
90.32
88.82
90.69
86.68
88.81
88.25
90.90
89.21
92.04
88.60
89.27
89.22
88.18
88.92
88.71
88.40
89.43
90.28
88.57
88.87
90.39
89.45
88.76
88.52
90.54
89.59
91.22
90.26
90.90
87.08
90.49
89.60
88.61
87.97
89.22
87.06
90.14
90.40
88.95
90.94
90.31
89.57
89.54
90.08
89.48
90.23
90.49
86.32
91.11
91.88
90.59
90.59
89.55
89.36
89.20
90.13
90.25
90.30
88.19
90.78
90.75
87.42
88.50
88.68
90.90
88.85
90.07
90.22
90.52
88.02
91.46
90.13
90.12
91.44
88.60
90.69
85.08
89.73
91.43
86.79
88.25
90.24
91.58
90.82
88.57
88.99
90.06
85.10
90.25
90.81
90.12
90.31
91.33
87.78
90.91
90.48
88.70
89.82
87.39
89.73
90.83
89.86
88.13
88.23
91.53
90.31
88.35
90.15
89.40
87.25
91.55
90.84
88.64
89.38
89.50
84.81
89.36
88.95
91.80
91.29
88.34
89.68
90.70
89.33
87.59
89.88
88.99
89.64
89.61
90.95
90.13
89.22
90.95
89.40
86.32
90.59
88.75
89.91
91.68
90.78
88.81
88.06
87.23
90.75
88.76
89.04
88.60
90.49
90.59
90.31
89.91
88.89
90.17
90.83
88.81
89.86
89.74
91.48
90.23
90.40
91.03
90.03
90.29
89.40
89.53
89.86
90.24
87.95
90.30
89.68
89.72
91.93
91.12
88.86
90.30
90.59
84.04
90.08
87.65
90.91
91.20
90.20
87.71
89.52
90.31
90.75
88.43
88.64
90.42
90.52
88.35
91.21
89.11
90.74
90.04
91.19
89.62
88.65
89.21
90.58
90.86
90.99
87.20
91.28
89.18
89.20
87.30
89.92
90.07
90.86
89.72
88.66
89.09
89.78
89.09
88.86
89.16
91.83
91.67
90.65
88.35
92.01
90.84
89.81
91.44
90.36
90.20
89.88
91.89
88.38
88.56
89.13
90.81
91.30
89.70
88.41
90.79
88.77
89.94
89.12
90.10
90.49
91.09
90.25
89.91
86.80
89.77
89.85
91.09
85.72
87.58
89.38
90.22
89.41
91.37
87.72
89.06
90.81
90.38
87.48
88.34
89.32
90.06
89.92
88.10
87.37
89.32
86.27
89.24
89.87
88.93
87.20
90.16
89.00
90.70
90.16
91.27
86.86
89.40
89.55
90.61
89.06
89.98
88.51
91.52
91.51
90.23
89.55
91.07
88.69
90.34
89.81
90.08
90.80
89.04
91.11
89.72
89.88
89.95
90.71
89.69
90.03
91.46
88.72
88.52
91.92
90.25
90.44
91.58
90.48
90.32
90.56
88.52
89.00
89.69
86.96
90.59
90.98
89.88
91.53
90.73
90.32
90.60
90.96
91.52
89.15
88.65
89.89
88.77
89.16
91.07
91.03
90.73
90.69
90.87
90.42
90.61
90.77
89.81
90.08
87.97
89.94
91.08
89.73
89.19
88.83
90.56
89.13
89.62
89.81
87.61
89.15
89.88
89.43
90.25
87.84
89.94
89.80
87.91
87.89
89.89
86.74
90.80
88.67
89.40
90.23
90.11
89.11
91.04
88.81
90.41
90.60
91.17
90.40
90.15
84.61
89.80
88.18
90.80
90.56
89.13
88.92
91.25
89.91
88.42
84.35
89.95
89.24
90.97
87.83
91.18
88.97
89.71
88.89
87.16
90.16
89.14
90.31
87.64
85.89
89.61
88.12
91.31
89.77
91.83
88.79
91.11
89.62
90.82
90.12
89.48
88.88
91.48
89.92
90.91
89.38
89.37
88.26
89.01
87.93
89.23
90.71
90.87
90.22
90.15
90.45
88.25
88.93
91.90
90.35
86.29
89.91
90.07
91.40
88.79
89.35
91.28
89.63
88.50
91.66
88.69
89.98
88.79
87.42
91.13
89.39
89.17
89.60
91.24
89.84
89.08
88.82
89.73
86.34
84.67
91.00
89.48
91.33
88.59
88.24
89.58
89.89
89.77
87.28
90.12
89.98
91.17
91.70
88.05
87.78
87.93
86.54
89.47
88.86
89.38
85.91
90.70
90.15
90.34
85.81
90.56
90.78
90.55
90.29
88.98
90.90
87.91
