78.83
78.96
83.60
85.84
86.96
85.07
80.40
84.45
84.83
84.63
86.39
82.72
81.94
84.24
84.51
85.24
86.67
85.70
86.08
82.73
85.97
84.15
83.93
84.43
86.02
85.12
82.77
82.95
84.68
86.80
83.58
86.47
83.37
87.00
80.63
82.78
86.02
84.19
85.81
84.73
83.09
84.13
85.65
81.06
84.67
86.95
82.75
85.86
81.63
80.35
82.11
87.18
82.85
85.87
84.64
85.77
82.51
84.98
83.60
81.77
85.19
82.39
84.63
83.60
85.53
82.37
79.94
81.20
85.39
85.34
86.55
78.52
86.93
87.12
84.91
85.43
83.54
74.90
81.66
85.79
81.79
82.64
82.89
85.58
87.82
87.43
81.54
82.02
84.30
83.84
82.01
83.97
87.10
85.78
84.25
84.13
86.70
81.83
86.20
80.22
78.68
85.45
86.81
86.65
84.43
85.38
83.87
82.50
86.39
82.25
87.12
84.35
81.59
84.11
84.31
85.41
82.52
83.02
85.68
87.55
85.11
85.92
83.83
86.78
84.94
86.11
83.56
86.54
82.98
86.10
83.73
84.99
85.35
87.90
87.05
82.68
86.67
82.42
85.87
83.69
85.96
86.79
85.15
87.89
87.41
79.27
85.70
86.65
86.38
81.07
85.14
84.38
82.70
83.74
84.08
85.18
80.86
84.07
82.92
86.47
78.77
84.12
77.40
86.45
84.67
84.80
88.22
86.36
87.09
85.31
87.21
84.52
82.85
89.18
84.13
81.53
84.59
82.34
84.17
87.19
82.20
83.57
84.71
84.87
80.33
83.42
81.07
83.69
84.62
86.03
84.16
84.29
81.70
86.68
84.55
82.91
82.99
83.63
87.31
84.40
86.31
84.87
82.71
84.05
84.67
84.71
86.22
79.28
81.68
87.30
80.80
85.37
84.68
86.43
86.96
81.65
85.05
79.19
83.67
85.07
81.28
84.27
87.57
86.12
85.50
86.51
87.44
85.43
82.37
85.63
84.40
84.87
85.66
87.61
87.18
80.61
84.23
84.96
84.69
81.47
85.17
84.84
80.03
85.40
87.13
88.07
86.30
83.81
85.99
81.18
83.31
85.55
84.82
84.16
85.98
87.17
86.16
86.44
83.80
84.81
82.71
87.36
86.01
89.14
83.68
86.63
82.29
82.33
87.46
84.85
82.86
80.09
84.54
86.38
86.08
87.08
81.43
86.14
84.64
84.43
83.10
86.74
83.42
80.44
85.46
86.76
87.51
84.54
74.75
86.10
86.75
83.40
86.31
82.97
86.10
85.46
85.47
80.78
84.40
84.86
83.25
86.37
87.34
78.89
78.36
79.69
87.72
83.99
80.75
83.03
84.93
81.82
83.39
80.22
85.62
85.87
83.04
83.16
85.08
83.43
85.49
81.74
81.64
80.50
82.80
85.50
85.29
84.84
84.74
87.98
85.19
80.08
80.63
84.97
84.90
83.80
84.41
86.10
81.21
84.88
80.05
83.50
86.30
87.50
84.52
86.52
87.82
81.55
86.49
84.97
88.17
84.18
85.44
82.16
86.52
87.69
83.28
85.73
85.92
86.55
83.21
87.47
87.17
86.08
80.82
85.43
87.04
85.88
87.32
87.44
85.05
85.62
86.16
85.72
86.01
87.79
76.75
86.63
82.89
85.18
86.89
87.24
78.65
80.30
85.86
80.61
85.77
81.86
86.16
81.45
80.39
83.18
84.91
86.82
85.00
83.14
85.65
84.30
74.95
86.98
86.81
78.22
86.47
82.17
85.51
89.14
86.61
86.46
85.82
83.64
83.31
84.59
84.11
82.70
81.19
82.73
84.36
84.55
87.03
80.21
86.76
83.77
86.83
85.22
85.02
86.42
85.53
80.45
85.98
86.56
83.12
86.78
84.44
86.81
88.21
86.05
88.04
81.73
85.15
86.04
84.77
84.93
85.84
85.09
79.79
84.91
85.58
85.33
84.53
83.40
87.23
87.76
86.20
83.94
79.45
84.54
75.24
83.49
85.40
88.16
83.13
86.32
83.42
79.82
85.67
87.88
87.07
84.46
82.33
84.18
85.49
82.11
87.56
86.78
75.04
85.07
82.93
86.64
87.98
85.46
84.35
81.53
87.61
85.32
85.76
84.10
85.12
85.91
87.15
85.99
85.46
86.83
85.28
84.96
83.37
83.83
83.55
79.92
87.28
86.23
85.34
85.24
84.81
81.52
85.50
84.23
83.59
85.45
87.32
81.95
85.01
85.42
85.86
85.71
80.51
85.72
86.58
86.05
87.34
85.18
83.81
86.48
83.43
81.58
80.81
77.12
87.53
85.77
84.66
85.28
85.34
86.59
83.47
81.48
87.75
86.05
85.52
81.60
81.52
87.11
84.33
85.13
83.98
84.17
85.04
81.90
80.02
87.01
84.70
87.20
87.86
84.49
86.70
86.87
86.47
82.04
87.74
84.50
85.34
81.40
84.51
85.83
84.06
87.28
81.90
85.37
85.64
86.04
80.69
86.09
84.64
85.45
83.30
84.97
85.09
84.37
82.26
88.57
80.76
80.83
87.95
82.91
82.07
85.86
88.41
84.79
83.32
84.63
84.72
84.44
81.64
81.01
86.95
82.07
86.24
86.16
82.64
85.58
87.35
85.34
76.28
85.09
83.10
81.84
84.98
84.75
80.67
82.93
85.78
83.32
80.14
82.87
84.92
84.94
88.30
86.61
85.81
85.06
86.72
84.92
82.97
83.85
78.26
85.43
87.95
84.53
83.63
82.43
87.74
85.87
85.50
84.67
85.88
83.15
87.71
87.44
85.33
87.24
83.46
78.36
83.71
87.07
81.23
87.81
83.29
85.50
83.52
85.10
87.63
84.51
77.44
83.49
84.87
85.13
82.17
88.00
84.44
86.09
80.89
81.59
82.58
86.38
83.63
80.19
84.25
83.22
84.42
81.94
84.38
81.41
86.80
86.55
85.91
84.29
87.07
83.92
88.10
84.63
82.49
82.62
85.75
87.16
84.27
87.09
87.61
86.36
81.84
79.75
82.41
89.20
85.14
85.79
85.50
83.77
84.93
87.64
82.30
84.47
81.11
84.74
86.61
83.27
85.07
81.02
85.16
84.22
83.20
83.86
86.15
81.67
83.42
85.46
84.54
86.55
82.67
82.42
84.11
84.71
84.52
84.75
81.14
84.90
85.22
88.00
86.13
85.03
88.38
86.20
86.23
82.83
84.83
84.97
82.37
85.35
87.07
82.27
87.50
83.52
83.50
86.40
83.14
85.94
87.28
86.12
86.88
86.78
81.41
83.92
84.43
81.62
84.22
85.44
84.20
85.32
86.90
81.89
82.43
83.27
80.69
83.36
88.46
87.69
87.55
88.20
85.91
86.65
85.37
88.64
87.47
82.51
85.14
87.52
87.08
86.48
86.19
84.91
85.04
82.64
80.63
86.11
84.18
86.03
80.07
84.50
84.00
85.66
86.95
84.58
83.73
85.17
81.90
85.80
82.43
82.18
86.83
83.81
88.09
87.57
85.40
85.33
84.34
84.83
83.70
84.30
86.42
83.69
84.95
84.86
87.37
83.60
79.15
82.69
83.31
83.67
85.48
86.67
88.16
83.63
87.85
85.94
86.09
82.66
86.90
88.12
86.07
85.76
77.87
81.69
80.10
83.92
86.45
85.13
85.89
84.58
84.97
83.04
85.97
83.81
79.28
85.82
82.44
85.39
86.80
81.06
79.85
84.17
83.40
84.22
80.78
86.61
84.14
85.62
82.71
82.85
83.30
80.63
79.06
85.48
80.95
82.20
85.42
85.06
80.12
82.34
83.77
81.72
82.02
83.37
84.38
83.45
86.44
85.05
85.96
83.34
86.43
82.80
84.59
84.27
85.12
85.67
84.52
82.13
82.01
84.63
87.09
82.84
81.57
89.27
84.69
82.84
83.60
82.60
85.44
83.28
82.83
87.17
83.90
83.47
85.65
85.33
82.82
87.68
84.80
83.87
84.62
83.27
87.25
86.76
87.26
86.18
85.36
86.12
82.13
85.15
84.47
83.33
84.93
83.77
78.99
83.48
87.07
85.68
84.92
86.35
85.63
85.38
81.49
80.50
86.33
84.31
84.26
85.35
85.77
87.15
84.84
82.53
85.62
87.52
85.07
87.16
78.69
84.07
87.47
84.26
84.60
85.78
81.98
76.87
86.26
85.78
84.45
81.60
84.21
76.12
83.29
86.77
84.22
87.04
83.97
81.90
83.50
87.47
84.53
82.89
83.51
82.86
82.40
87.52
84.50
82.90
86.46
85.88
87.47
85.05
77.97
83.66
84.69
82.76
84.31
83.76
81.11
75.87
86.19
82.76
83.75
83.76
81.06
86.89
86.38
86.52
82.45
83.42
86.16
82.82
85.23
83.29
83.84
83.50
84.40
85.20
