97.44
97.61
97.73
97.72
97.73
97.76
97.82
97.68
97.76
97.42
97.68
97.74
97.75
97.65
97.52
97.71
97.92
97.82
97.78
97.68
97.65
97.73
97.63
97.88
97.81
97.74
97.75
97.61
97.81
97.44
97.67
97.79
97.61
97.91
97.69
97.56
97.79
97.81
97.54
97.73
97.51
97.64
97.75
97.59
97.78
97.64
97.70
97.72
97.59
97.74
97.69
97.62
97.83
97.55
97.58
97.69
97.64
97.73
97.58
97.61
97.81
97.78
97.58
97.84
97.65
97.71
97.72
97.74
97.72
97.66
97.66
97.78
97.69
97.57
97.65
97.71
97.85
97.83
97.72
97.77
97.47
97.68
97.69
97.73
97.66
97.66
97.73
97.72
97.51
97.73
97.72
97.78
97.58
97.72
97.55
97.77
97.88
97.74
97.82
97.62
97.59
97.66
97.62
97.61
97.81
97.50
97.88
97.67
97.87
97.76
97.59
97.58
97.72
97.68
97.80
97.49
97.68
97.56
97.74
97.83
97.77
97.51
97.63
97.75
97.50
97.68
97.72
97.75
97.75
97.67
97.61
97.67
97.65
97.66
97.75
97.77
97.68
97.75
97.78
97.72
97.52
97.66
97.65
97.52
97.56
97.78
97.77
97.70
97.64
97.64
97.69
97.78
97.95
97.70
97.66
97.71
97.68
97.64
97.48
97.68
97.75
97.66
97.55
97.67
97.84
97.92
97.95
97.69
97.81
97.69
97.74
97.57
97.65
97.50
97.93
97.83
97.73
97.72
97.61
97.77
97.53
97.89
97.68
97.75
97.74
97.85
97.85
97.69
97.57
98.03
97.78
97.44
97.68
97.72
97.72
97.66
97.57
97.41
97.76
97.73
97.82
97.85
97.62
97.47
97.60
97.77
97.85
97.76
97.71
97.83
97.73
97.78
97.76
97.61
97.72
97.60
97.76
97.75
97.57
97.60
97.64
97.56
97.64
97.78
97.83
97.68
97.53
97.80
97.84
97.56
97.82
97.73
97.83
97.74
97.83
97.66
97.55
97.53
97.63
97.78
97.53
97.51
97.90
97.70
97.85
97.65
97.52
97.63
97.81
97.68
97.84
97.66
97.91
97.93
97.71
97.60
97.83
97.78
97.75
97.66
97.71
97.70
97.76
97.71
97.76
97.83
97.52
97.73
97.76
97.65
97.68
97.77
97.61
97.65
97.64
97.58
97.84
97.75
97.69
97.73
97.58
97.65
97.67
97.70
97.70
97.58
97.67
97.71
97.69
97.74
97.83
97.63
97.62
97.72
97.57
97.92
97.76
97.56
97.45
97.70
97.63
97.74
97.67
97.42
97.82
97.57
97.85
97.65
97.70
97.63
97.62
97.90
97.73
97.71
97.88
97.75
97.56
97.48
97.73
97.74
97.66
97.77
97.74
97.75
97.68
97.71
97.74
97.59
97.71
97.83
97.44
97.61
97.53
97.62
97.72
97.67
97.69
97.57
97.73
97.77
97.72
97.59
97.68
97.53
97.84
97.87
97.56
97.49
97.47
97.70
97.67
97.93
97.80
97.69
97.74
97.60
97.72
97.77
97.64
97.88
97.63
97.75
97.81
97.73
97.72
97.77
97.59
97.60
97.83
97.74
97.57
97.69
97.75
97.57
97.51
97.74
97.78
97.61
97.79
97.75
97.78
97.71
97.69
97.72
97.74
97.66
97.59
97.54
97.78
97.82
97.51
97.57
97.70
97.70
97.66
97.75
97.69
97.70
97.61
97.73
97.77
97.62
97.59
97.53
97.73
97.81
97.90
97.63
97.79
97.61
97.75
97.67
97.62
97.68
97.67
97.85
97.78
97.75
97.71
97.81
97.61
97.77
97.72
97.61
97.62
97.63
97.64
97.53
97.71
97.69
97.66
97.81
97.64
97.48
97.81
97.52
97.72
97.74
97.63
97.83
97.63
97.61
97.69
97.69
97.67
97.72
97.73
97.90
97.62
97.81
97.70
97.66
97.90
97.69
97.65
97.65
97.69
97.75
97.79
97.75
97.56
97.60
97.72
97.77
97.90
97.63
97.73
97.76
97.73
97.82
97.66
97.54
97.56
97.91
97.74
97.77
97.51
97.59
97.57
97.80
97.63
97.78
97.66
97.58
97.65
97.59
97.47
97.81
97.85
97.67
97.67
97.56
97.83
97.54
97.56
97.76
97.79
97.55
97.87
97.76
97.89
97.66
97.69
97.51
97.48
97.71
97.64
97.62
97.80
97.76
97.70
97.75
97.67
97.83
97.67
97.53
97.75
97.64
97.66
97.43
97.67
97.76
97.72
97.79
97.56
97.51
97.84
97.58
97.75
97.74
97.75
97.72
97.89
97.66
97.72
97.75
97.53
97.72
97.71
97.78
97.76
97.54
97.47
97.81
97.64
97.58
97.74
97.74
97.76
97.56
97.81
97.83
97.85
97.96
97.75
97.66
97.71
97.59
97.68
97.68
97.68
97.70
97.65
97.64
97.69
97.90
97.83
97.65
97.76
97.92
97.74
97.72
97.72
97.48
97.77
97.69
97.84
97.67
97.86
97.70
97.78
97.77
97.77
97.60
97.54
97.66
97.66
97.64
97.62
97.45
97.84
97.77
97.62
97.95
97.73
97.65
97.63
97.80
97.54
97.88
97.53
97.62
97.65
97.83
97.74
97.76
97.71
97.67
97.51
97.61
97.60
97.75
97.68
97.49
97.87
97.66
97.62
97.70
97.80
97.52
97.79
97.65
97.51
97.66
97.85
97.98
97.68
97.66
97.54
97.53
97.90
97.63
97.50
97.67
97.65
97.82
97.67
97.67
97.90
97.73
97.45
97.43
97.73
97.85
97.54
97.70
97.54
97.75
97.57
97.84
97.78
97.68
97.78
97.80
97.66
97.67
97.77
97.70
97.76
97.61
97.74
97.70
97.65
97.61
97.76
97.80
97.85
97.67
97.81
97.67
97.64
97.79
97.77
97.76
97.59
97.73
97.74
97.56
97.55
97.67
97.61
97.73
97.93
97.66
97.68
97.63
97.81
97.70
97.82
97.64
97.71
97.78
97.78
97.86
97.62
97.59
97.49
97.80
97.88
97.73
97.86
97.80
97.65
97.58
97.67
97.47
97.82
97.80
97.52
97.61
97.70
97.44
97.86
97.68
97.65
97.60
97.57
97.60
97.81
97.80
97.56
97.80
97.65
97.70
97.44
97.85
97.54
97.71
97.73
97.77
97.78
97.61
97.60
97.61
97.82
97.56
97.81
97.74
97.68
97.84
97.62
97.67
97.74
97.69
97.84
97.73
97.55
97.75
97.77
97.65
97.63
97.75
97.57
97.75
97.82
97.44
97.62
97.74
97.54
97.66
97.62
97.80
97.50
97.55
97.64
97.73
97.79
97.47
97.69
97.77
97.76
97.71
97.74
97.85
97.74
97.72
97.76
97.66
97.72
97.71
97.60
97.83
97.56
97.76
97.86
97.69
97.64
97.73
97.76
97.77
97.72
97.71
97.68
97.83
97.67
97.61
97.60
97.86
97.62
97.70
97.72
97.59
97.66
97.74
97.71
97.74
97.73
97.57
97.74
97.69
97.70
97.63
97.61
97.60
97.76
97.90
97.63
97.53
97.76
97.92
97.75
97.80
97.85
97.69
97.53
97.60
97.67
97.60
97.69
97.60
97.77
97.64
97.27
97.64
97.83
97.61
97.72
97.63
97.58
97.69
97.69
97.64
97.59
97.72
97.77
97.78
97.70
97.65
97.66
97.73
97.75
97.57
97.66
97.59
97.70
97.63
97.69
97.73
97.69
97.82
97.60
97.68
97.69
97.56
97.78
97.78
97.66
97.59
97.63
97.54
97.62
97.71
97.80
97.60
97.41
97.55
97.69
97.68
97.82
97.74
97.76
97.92
97.66
97.75
97.77
97.77
97.54
97.77
97.41
97.69
97.69
97.74
97.79
97.57
97.67
97.29
97.48
97.67
97.72
97.86
97.66
97.63
97.71
97.59
97.75
97.66
97.58
97.47
97.80
97.81
97.67
97.75
97.80
97.74
97.74
97.67
97.42
97.62
97.81
97.73
97.62
97.87
97.66
97.52
97.74
97.70
97.75
97.64
97.68
97.79
97.71
97.86
97.63
97.65
97.65
97.75
97.58
97.84
97.72
97.80
97.75
97.69
97.52
97.61
97.60
97.55
97.60
97.61
97.74
97.70
97.46
97.69
97.73
97.75
97.60
97.70
97.66
97.58
97.53
97.88
97.87
97.82
97.80
97.82
97.72
97.85
97.57
97.68
97.76
97.69
97.72
97.71
97.34
97.64
97.77
97.80
97.65
97.74
97.74
97.77
97.59
97.62
97.60
97.83
97.71
97.70
97.43
97.62
97.81
97.70
97.48
97.76
97.91
97.86
97.67
97.67
97.73
97.57
97.73
97.68
