91.88
91.55
91.67
92.93
90.73
92.92
92.52
92.72
92.82
92.27
92.90
93.99
93.12
92.74
91.53
92.57
91.07
92.84
93.04
93.26
92.06
91.07
93.36
92.86
93.34
91.25
91.20
93.33
93.08
90.88
93.55
93.01
93.93
91.93
92.45
91.72
93.23
92.16
91.87
93.66
93.28
93.36
93.51
93.57
92.86
93.34
93.33
93.43
93.15
93.72
92.62
90.52
92.24
93.30
93.42
93.48
92.80
93.05
92.68
94.16
93.19
92.22
93.59
91.78
94.05
93.30
92.25
92.80
92.68
93.38
92.88
93.93
93.35
93.32
93.74
91.16
92.42
91.75
93.80
93.16
91.14
92.31
93.21
91.93
93.02
93.37
91.73
90.21
91.71
93.70
93.16
93.13
92.31
91.38
93.55
91.64
93.15
92.92
93.75
91.07
93.50
93.99
93.23
93.77
92.44
91.94
92.68
93.51
93.46
93.74
93.96
92.83
93.08
92.76
93.61
93.68
93.26
92.21
93.69
91.21
92.61
92.39
93.52
92.77
94.07
92.16
93.31
93.20
94.13
93.16
92.20
90.99
93.51
93.36
93.52
92.93
92.98
92.91
93.17
93.32
92.90
90.67
91.89
93.48
92.19
93.46
92.65
93.08
90.76
92.12
93.60
92.39
93.57
93.14
93.14
92.45
93.24
91.98
93.97
89.82
92.66
92.83
91.81
93.96
92.05
91.68
92.53
92.97
93.91
91.17
93.74
92.91
91.52
93.23
93.13
92.92
92.94
93.58
92.75
93.44
93.03
93.30
91.10
93.73
94.20
93.01
93.62
93.53
93.00
93.52
91.93
93.71
91.61
93.22
92.93
93.32
93.59
93.48
93.03
91.17
93.60
90.21
93.21
92.63
92.01
91.83
93.43
92.82
92.33
93.65
92.90
93.52
91.82
94.33
92.57
93.45
92.51
91.22
92.70
94.05
92.99
92.50
90.23
92.23
92.24
91.61
92.99
93.36
93.50
93.56
92.67
93.01
93.95
93.19
92.90
90.22
92.37
90.72
92.98
90.25
93.22
93.84
92.55
93.29
93.93
93.28
91.24
93.58
91.25
91.92
93.59
91.84
94.21
92.97
92.92
93.41
92.42
92.36
93.26
90.57
91.94
90.71
93.15
92.92
92.35
92.63
92.77
93.16
93.64
94.09
92.87
92.76
92.92
92.84
92.66
93.12
92.28
93.43
93.34
91.36
92.43
92.75
92.93
90.84
93.28
93.36
92.53
93.35
92.88
92.04
92.07
94.14
93.23
92.89
93.60
91.81
93.23
93.07
91.40
93.16
92.82
93.65
93.48
93.31
93.24
93.37
92.94
93.26
92.99
93.20
91.96
92.16
93.66
90.88
92.83
92.67
93.83
93.19
94.19
93.65
92.77
92.19
90.86
93.62
93.29
94.07
93.33
91.82
93.26
93.10
93.69
92.69
92.67
93.67
92.27
93.03
93.44
92.74
93.97
93.75
93.97
93.28
92.93
91.78
92.74
93.79
92.23
92.21
91.79
92.91
92.59
92.53
92.54
91.25
89.72
93.41
94.01
93.12
92.73
92.83
91.90
92.48
92.41
89.54
92.19
93.10
93.71
94.01
92.93
92.52
92.07
93.39
92.54
93.17
92.94
92.85
92.92
93.55
93.86
91.84
94.29
92.14
93.86
93.24
93.53
91.68
92.49
92.68
91.80
93.85
92.84
93.32
93.74
91.42
93.70
91.98
92.53
92.75
93.45
93.38
94.13
92.32
92.02
93.90
93.49
93.28
91.09
93.38
91.97
93.01
93.56
93.68
93.72
90.72
93.22
93.42
93.23
91.62
91.47
92.09
93.69
92.75
92.48
91.73
91.20
93.68
92.36
91.67
93.21
92.72
92.74
92.44
92.83
93.07
88.77
92.86
92.01
93.05
93.31
93.74
92.95
93.07
93.25
91.66
93.60
92.55
92.97
93.01
93.63
91.22
93.52
92.26
93.20
93.47
92.65
94.02
93.82
93.82
93.12
92.97
93.53
92.80
92.94
93.34
93.33
93.49
94.26
93.84
92.54
92.66
93.32
92.98
90.78
92.22
92.29
93.26
90.59
92.16
92.50
91.72
93.36
93.30
90.57
93.07
93.37
91.95
93.52
93.09
92.96
91.76
93.23
92.90
92.94
93.02
92.96
91.61
91.38
92.43
93.38
92.43
93.61
93.03
93.72
92.29
93.61
92.68
92.93
93.21
92.01
93.03
93.94
94.00
92.55
91.48
93.63
92.58
93.59
93.32
93.73
93.24
93.44
93.06
92.38
92.78
93.34
92.91
91.80
94.28
92.98
93.33
94.02
92.85
92.67
93.27
91.01
93.65
93.99
92.80
92.94
93.42
89.87
92.57
92.94
93.94
93.19
92.47
90.66
92.39
91.70
93.20
92.96
92.65
92.12
92.66
92.81
92.31
92.50
92.39
93.50
90.71
91.32
91.70
91.63
91.81
91.87
92.56
93.87
93.50
93.41
92.50
93.98
93.65
90.17
91.87
92.99
92.11
93.30
93.20
93.31
93.25
92.35
93.03
93.46
92.17
91.26
93.79
93.80
92.11
93.33
91.95
92.41
92.33
92.60
93.30
93.87
93.11
94.23
92.05
93.72
93.25
93.89
92.57
92.54
92.53
93.19
92.55
93.11
92.65
92.60
94.07
92.16
92.47
93.20
93.09
92.95
93.00
92.81
93.05
93.87
93.43
92.67
93.45
91.24
92.13
92.06
93.29
92.41
93.95
93.26
92.04
93.50
91.31
92.48
93.33
93.32
93.56
91.98
93.55
94.18
93.09
91.04
91.71
93.70
92.04
92.92
91.30
93.29
94.33
93.78
92.58
92.59
93.72
92.29
92.81
92.62
94.06
92.05
93.03
92.72
92.88
91.77
93.54
92.34
93.47
92.12
93.08
92.43
93.08
90.64
93.15
93.36
92.46
91.04
92.21
92.87
92.81
90.76
92.75
92.55
92.77
92.89
92.24
93.41
93.24
92.59
93.89
93.88
93.48
91.73
93.79
92.11
91.63
93.56
93.91
93.78
92.09
92.38
93.08
93.88
91.70
92.20
92.64
92.98
94.12
93.01
94.15
93.08
93.45
92.25
93.31
91.83
93.26
93.88
92.29
92.84
92.56
92.65
94.05
93.31
92.86
92.61
92.71
93.03
92.80
92.24
93.19
93.01
93.06
92.48
92.01
93.58
93.82
93.60
93.12
92.68
92.43
93.46
93.59
93.69
93.14
92.82
92.56
93.38
93.46
93.86
91.04
93.07
94.15
90.67
93.96
93.31
92.70
92.42
93.39
93.09
92.61
93.98
93.51
93.29
92.34
92.52
93.37
91.94
93.17
93.45
93.08
92.10
91.53
93.32
93.12
92.83
92.21
92.75
92.24
93.31
93.07
91.97
92.07
93.15
92.90
92.90
93.43
92.66
92.37
93.03
93.20
93.37
93.60
92.89
93.76
93.16
93.50
92.22
93.20
91.73
93.32
92.75
92.03
93.23
92.85
93.34
94.07
92.85
92.97
91.84
92.96
93.28
93.11
92.83
93.40
93.15
94.18
93.17
93.83
93.34
92.46
93.48
93.92
93.72
92.21
93.54
92.86
91.87
94.09
91.41
93.29
93.71
92.84
93.65
93.64
92.70
93.75
92.39
91.86
92.25
93.15
94.21
91.39
92.71
93.36
92.70
92.26
93.07
93.33
91.77
89.92
91.62
92.86
93.54
92.86
91.18
93.70
93.18
91.94
93.64
93.28
90.43
93.31
92.81
92.07
91.94
92.72
92.98
93.05
90.84
93.93
92.39
93.66
93.58
93.02
93.47
92.07
92.71
92.78
92.61
93.62
93.43
91.99
93.31
89.85
92.28
91.80
92.65
93.51
92.35
92.31
89.58
93.54
93.25
92.78
91.70
92.33
92.78
93.30
92.62
93.70
92.13
93.18
93.25
92.89
93.61
92.66
92.92
93.25
92.96
90.96
92.72
93.32
91.98
90.41
93.50
92.66
93.34
93.43
92.77
93.56
90.30
93.05
93.69
92.96
93.45
93.04
93.79
93.11
93.61
92.95
93.83
92.60
93.55
93.15
92.56
93.32
92.94
93.41
93.74
93.06
92.22
92.92
93.74
93.77
92.74
93.25
93.85
92.99
93.41
90.04
93.61
93.34
92.42
93.72
93.30
91.32
93.23
92.38
93.95
92.93
92.83
92.29
92.72
93.12
92.43
93.48
92.79
93.52
92.91
93.55
92.74
92.06
91.65
92.25
91.71
92.68
90.74
91.15
93.41
90.38
92.97
93.03
88.93
93.18
93.72
93.27
93.42
93.57
93.38
93.45
93.81
93.22
92.75
93.34
93.88
94.20
93.30
93.22
92.95
94.03
92.31
93.60
92.00
91.94
