97.18
96.71
97.12
97.07
97.52
96.72
96.93
96.61
97.26
96.95
97.05
97.09
97.26
97.11
97.19
97.15
97.22
97.11
97.09
97.13
97.28
97.26
96.89
97.18
96.95
96.80
96.71
97.18
97.22
97.22
97.23
96.69
96.92
97.01
96.79
96.95
96.98
97.26
96.89
97.23
97.05
97.17
97.20
97.51
97.44
97.40
97.04
97.03
97.17
97.43
97.22
96.85
97.26
96.87
96.97
97.27
97.28
97.22
97.37
96.85
97.26
97.24
97.52
97.19
97.05
97.09
96.99
97.27
97.08
97.14
96.61
97.32
96.80
97.12
96.72
97.42
96.83
97.31
97.24
97.29
97.09
97.10
97.10
96.96
96.85
97.02
97.51
96.59
97.28
96.98
97.04
96.99
97.31
97.41
97.14
97.17
97.21
96.96
97.41
96.34
97.44
97.06
97.03
97.15
96.75
97.35
97.27
97.07
97.44
97.42
97.29
97.23
97.11
97.24
97.08
97.29
97.20
97.28
97.06
97.18
96.99
97.22
97.16
97.18
97.45
96.98
97.37
97.18
97.13
96.92
96.94
97.43
96.97
97.02
97.38
96.75
97.40
97.04
96.93
97.09
97.00
97.14
97.20
96.52
96.70
97.56
97.16
97.20
96.73
97.14
97.35
97.55
97.01
97.10
96.96
97.30
96.75
97.14
97.32
97.34
97.32
96.98
96.80
97.44
97.18
97.15
97.32
97.23
96.83
97.38
97.00
97.15
96.25
97.02
97.46
97.18
96.77
96.97
96.71
97.07
97.02
97.17
97.09
97.05
97.19
97.26
97.22
97.12
96.87
96.75
96.53
97.15
97.28
97.03
97.25
97.13
97.27
97.37
97.09
97.23
97.31
96.95
97.06
97.28
96.83
96.89
97.13
97.16
96.93
96.82
97.26
97.08
97.00
97.29
97.36
97.39
96.69
97.18
96.72
97.22
97.05
96.99
96.89
97.16
97.49
96.58
96.94
97.07
97.03
97.04
96.86
96.91
97.16
97.49
97.09
97.32
96.97
97.06
97.22
97.04
96.68
96.81
97.52
97.05
96.97
97.37
97.28
96.97
97.56
96.90
97.18
96.76
96.99
97.13
97.08
97.13
97.13
97.21
97.11
97.10
97.14
96.89
97.11
97.39
97.26
97.36
97.16
97.08
97.09
96.79
97.19
97.04
97.31
97.05
97.08
97.50
97.20
97.33
96.77
96.87
97.07
97.34
96.72
97.09
97.30
96.80
97.19
96.86
96.89
97.02
96.97
97.23
97.07
97.14
96.55
96.99
96.89
97.38
97.07
97.28
97.31
97.16
96.84
97.04
96.93
97.15
97.00
96.76
97.25
96.95
97.43
97.53
97.15
97.00
97.06
97.40
97.04
97.17
97.32
97.31
97.16
97.11
96.92
96.91
97.19
97.52
97.11
97.26
97.34
97.11
97.25
96.91
97.38
97.47
97.18
97.40
97.26
96.89
97.25
96.80
97.26
97.36
96.82
97.05
97.34
97.43
97.29
97.61
97.08
97.32
97.48
97.23
97.35
96.71
97.34
97.17
96.95
97.22
97.68
97.41
97.13
97.20
97.07
96.90
97.09
97.32
97.41
97.08
97.22
96.98
97.14
96.69
97.09
97.01
97.15
96.65
97.59
96.95
96.76
97.27
96.88
96.99
96.84
97.11
97.07
96.94
96.92
96.83
96.76
97.42
97.20
96.95
97.36
97.11
96.80
97.25
97.06
97.08
97.26
96.99
97.06
97.31
97.17
97.08
97.37
97.12
97.05
96.96
97.26
97.33
97.03
96.95
97.02
96.78
97.07
97.34
97.02
97.17
97.16
97.00
96.96
96.83
96.97
96.97
97.22
97.19
96.89
97.12
97.38
96.92
97.28
96.79
97.06
97.03
96.98
96.68
97.31
97.43
97.43
96.90
97.32
97.12
97.39
96.97
97.13
96.43
96.95
96.95
96.84
96.87
96.92
97.24
96.97
97.22
96.99
96.98
97.02
96.83
96.88
96.72
96.80
97.46
97.03
97.19
96.72
96.82
96.96
97.03
97.20
97.03
97.11
97.43
97.15
97.02
97.09
97.25
96.95
97.09
97.38
97.25
97.14
97.16
96.91
97.12
97.09
97.05
96.63
97.14
97.10
97.16
97.30
96.74
97.20
97.30
97.24
96.63
97.44
97.34
96.87
97.18
96.98
97.13
97.14
96.94
97.18
97.26
97.33
97.08
97.18
97.16
97.30
97.24
97.11
96.88
97.08
97.40
96.93
96.96
96.77
97.50
96.94
96.84
97.17
97.05
97.15
97.19
97.07
96.98
96.98
97.05
97.64
96.87
96.85
97.27
97.41
97.37
96.70
96.79
97.27
97.04
97.15
96.97
97.23
97.24
96.97
97.37
97.24
97.09
97.26
97.08
97.50
97.14
97.04
97.45
96.94
97.12
97.08
96.85
97.18
97.19
97.19
97.03
96.94
97.45
97.22
97.27
97.38
97.36
96.67
96.91
97.01
97.21
97.09
97.27
97.10
96.98
97.36
97.01
97.18
97.17
97.20
97.31
97.08
97.28
97.15
97.59
97.22
96.82
97.35
97.03
97.31
96.88
97.20
97.06
96.95
96.89
97.25
97.25
96.93
97.03
97.38
97.27
96.83
97.15
97.44
96.87
97.22
96.86
97.26
96.86
97.21
97.08
97.16
96.98
97.31
97.27
97.60
96.95
97.15
97.32
97.08
97.03
96.89
97.35
97.36
96.99
96.80
97.37
97.26
97.17
97.18
96.84
97.32
97.39
97.02
97.23
97.10
97.25
97.15
97.27
97.02
97.11
97.11
96.99
97.30
97.40
97.20
97.25
97.20
96.94
97.15
97.37
97.20
96.84
97.05
97.03
96.97
96.93
96.91
97.35
97.28
96.81
96.94
97.19
97.17
97.02
97.06
97.41
97.03
97.41
97.29
97.17
96.98
96.71
97.29
96.39
97.47
96.66
97.59
97.29
97.06
96.88
97.42
96.97
97.36
97.29
97.36
97.24
96.92
97.35
96.95
96.95
97.42
97.58
97.10
97.49
97.02
97.03
97.12
97.08
97.22
96.81
97.15
97.49
96.62
97.01
97.35
96.98
96.96
97.33
96.98
97.31
96.79
97.42
97.15
96.85
97.33
97.28
97.54
97.21
97.52
97.09
97.12
97.12
96.86
97.17
97.41
97.07
96.97
97.11
97.09
96.85
97.16
97.19
97.18
96.82
97.26
97.35
97.05
96.96
97.16
96.55
97.35
96.99
97.20
96.96
97.39
97.39
96.99
96.52
97.30
97.07
97.09
97.36
97.38
97.09
97.18
97.02
96.81
97.06
96.89
97.14
97.07
96.98
97.26
96.60
97.07
97.32
97.08
96.96
97.34
96.83
97.09
97.23
96.90
97.30
97.26
96.95
96.60
97.25
96.64
97.13
97.38
97.48
97.35
97.40
97.39
96.90
97.15
96.66
97.11
97.27
96.85
97.15
97.09
97.03
97.34
97.34
97.22
97.12
96.99
97.39
96.99
97.13
97.16
97.35
97.22
97.07
96.76
97.20
97.11
96.68
97.13
97.07
96.51
96.58
97.60
97.14
97.04
96.92
96.98
96.58
97.03
96.86
97.07
97.12
97.15
97.10
97.39
97.15
97.47
97.29
97.28
97.29
97.25
97.12
97.14
97.26
97.15
96.94
97.09
97.08
97.22
97.16
96.88
97.26
97.23
97.00
97.27
97.22
97.08
97.08
97.02
97.06
96.87
97.03
96.71
97.13
97.08
97.22
97.12
97.17
97.51
97.04
97.15
96.66
97.14
97.26
97.12
97.15
97.08
97.02
97.08
97.21
97.17
97.17
97.31
97.34
97.07
97.17
97.29
97.23
96.97
96.72
97.34
97.07
97.54
97.25
97.19
97.01
97.40
97.25
97.20
96.87
97.22
96.33
97.29
97.43
97.22
97.07
97.41
97.18
97.04
97.50
97.17
97.17
97.31
97.41
97.49
96.80
97.31
96.97
97.02
97.18
97.07
97.58
96.99
97.27
97.43
96.65
97.16
97.24
96.78
96.75
97.07
97.03
97.16
97.45
97.19
96.78
97.32
96.82
97.03
97.64
96.98
97.33
97.44
96.97
97.14
97.17
97.09
97.21
96.91
97.03
97.37
97.06
97.16
97.03
97.05
96.78
96.85
96.48
97.14
97.28
96.80
96.91
97.58
97.35
97.32
97.00
96.94
97.23
96.80
97.12
97.12
97.26
97.47
97.30
97.40
96.60
97.09
97.29
97.06
97.27
96.58
97.29
96.93
97.33
97.28
97.28
97.37
97.05
97.42
97.34
96.88
97.03
97.27
97.10
97.22
97.27
97.31
97.14
97.44
97.26
97.11
96.85
97.12
96.86
97.20
96.49
