96.01
94.68
96.78
95.48
94.52
94.36
94.43
94.90
97.59
96.95
96.59
96.18
97.10
97.03
96.06
93.29
95.81
94.24
96.56
96.13
96.24
95.80
97.21
96.01
97.57
95.84
96.22
96.46
96.52
97.21
95.02
96.34
96.76
96.92
91.73
96.39
94.24
96.02
95.70
97.27
97.28
94.24
96.77
96.53
97.40
96.71
95.23
95.47
96.53
96.66
96.93
97.06
97.47
97.33
96.86
90.30
95.30
95.75
97.20
96.03
95.63
95.46
96.47
94.53
96.08
93.43
94.95
97.32
96.23
94.49
97.64
97.17
96.81
95.90
96.66
96.27
96.81
95.51
95.95
96.33
95.29
96.05
96.83
95.99
96.63
97.12
97.32
96.68
97.19
96.59
96.02
96.44
95.99
96.08
97.04
95.87
97.30
96.78
97.50
94.80
94.93
97.21
95.52
97.83
97.09
97.16
95.35
95.20
95.78
97.42
96.75
96.77
96.72
95.04
95.80
95.58
97.05
95.38
96.93
96.89
97.08
95.40
96.81
96.64
97.26
95.79
96.86
96.80
96.53
95.40
96.44
96.89
94.41
95.19
94.41
96.79
97.26
95.86
95.20
97.15
96.25
96.73
95.56
95.36
96.56
96.31
95.23
96.19
95.47
94.70
96.41
96.94
96.66
97.34
94.12
96.96
96.11
97.77
97.06
97.06
97.02
97.16
96.84
95.07
97.69
95.77
96.92
97.36
97.20
95.62
96.99
97.43
95.03
95.56
93.85
97.19
96.80
96.24
94.44
95.33
92.76
93.14
95.18
94.79
96.68
92.43
94.66
96.98
92.36
97.62
93.34
95.31
94.96
97.05
97.45
97.14
97.43
96.27
91.83
96.72
95.66
96.94
96.06
95.47
95.92
97.77
95.48
96.06
95.29
97.17
96.88
92.87
96.76
96.57
97.56
97.34
96.91
97.57
97.42
96.71
96.41
97.26
96.45
96.60
93.96
93.14
96.76
96.71
96.45
97.56
95.95
94.87
95.18
96.79
97.67
96.64
97.27
95.62
94.76
96.37
97.19
92.59
95.78
96.57
93.87
96.43
91.82
96.47
97.41
97.42
97.39
96.73
96.49
96.98
95.80
96.00
96.45
94.99
96.26
96.80
96.61
96.68
97.31
97.26
96.07
96.29
97.03
95.13
96.69
95.21
96.26
95.17
97.11
97.00
96.95
93.07
96.93
96.49
96.77
96.74
94.83
95.19
96.83
97.20
94.40
96.05
96.36
96.80
97.66
92.19
97.08
97.42
94.84
95.02
97.02
93.00
94.55
95.35
96.96
94.54
95.71
92.27
95.80
96.94
94.96
95.82
97.46
93.43
97.39
96.20
97.22
94.75
96.38
97.22
91.41
96.78
97.01
96.71
96.02
97.18
97.11
96.60
96.54
96.35
96.24
96.49
97.37
97.17
96.90
95.81
94.19
96.74
96.44
96.43
96.84
95.51
94.98
96.57
93.77
95.65
96.46
96.68
95.46
93.23
97.03
95.47
96.90
97.03
96.79
96.43
95.67
97.10
97.24
95.74
97.56
96.21
96.00
96.87
96.56
95.90
96.00
95.85
96.39
96.70
96.94
97.05
97.14
92.53
94.88
96.06
96.67
97.95
96.25
95.54
94.58
94.19
96.25
96.71
96.66
96.42
96.19
96.89
95.16
95.80
95.96
94.95
96.96
96.23
92.76
96.49
95.37
95.11
96.47
95.67
96.21
96.11
95.40
95.14
96.96
90.67
96.16
96.54
96.48
92.08
95.65
97.09
96.85
96.66
96.59
96.04
97.10
96.28
95.64
97.00
96.08
95.18
95.49
97.35
97.10
95.45
97.13
96.30
95.06
97.20
94.75
96.30
97.26
96.00
96.79
93.46
96.45
94.86
96.71
95.89
94.98
96.73
95.90
96.32
96.55
97.38
95.56
96.91
96.70
96.86
93.44
95.37
96.69
96.77
97.06
96.61
96.70
96.17
97.48
96.32
97.24
96.47
96.39
92.87
95.86
96.48
95.83
96.26
96.82
97.00
97.08
96.04
96.31
96.66
96.63
97.00
97.62
96.26
96.57
97.39
95.79
96.12
92.80
96.88
96.02
96.82
95.95
97.15
96.65
97.56
96.54
96.26
95.76
96.27
96.04
94.44
95.49
96.34
96.34
96.99
96.58
97.28
96.64
93.86
95.88
95.95
87.75
96.08
97.30
96.25
96.47
95.90
97.43
96.83
96.96
95.28
96.13
96.27
95.41
94.97
97.08
96.32
96.65
97.38
96.72
92.17
96.11
97.61
93.00
96.23
96.46
96.54
96.48
97.04
97.54
95.31
96.98
96.91
96.56
95.90
97.74
96.11
96.53
96.23
95.49
95.80
96.19
95.81
94.54
96.23
95.79
95.85
96.21
96.89
95.77
96.82
95.62
97.00
96.58
95.55
96.36
97.42
94.81
96.56
96.50
93.03
97.44
92.63
95.35
97.16
95.05
96.20
95.45
96.55
96.09
96.60
96.40
96.97
97.20
96.69
97.08
97.40
94.73
97.17
95.53
95.28
96.87
95.71
95.56
95.12
95.22
95.79
95.86
96.57
96.20
96.52
94.99
97.82
95.55
95.92
95.54
93.47
94.55
93.98
96.27
95.43
96.15
97.50
97.12
95.37
95.55
96.04
96.73
97.38
96.67
97.60
96.01
96.26
97.27
96.67
96.89
96.65
96.89
96.16
96.70
94.37
95.34
96.71
96.63
96.14
97.18
93.95
96.61
96.91
96.87
96.62
96.43
95.86
95.39
97.21
96.96
95.48
95.91
96.73
95.66
96.84
95.95
97.20
96.19
96.29
97.01
94.56
95.97
97.43
92.16
95.12
95.93
93.54
95.61
96.39
91.69
94.44
96.18
96.35
97.25
96.46
96.79
96.35
97.23
96.49
96.44
96.56
97.38
95.47
95.56
94.43
97.28
97.18
96.54
96.41
95.96
94.92
97.08
91.31
97.08
96.36
93.87
96.79
95.96
97.40
96.56
95.81
95.83
94.14
97.07
96.40
95.74
97.18
95.64
97.59
94.84
95.85
96.72
95.95
96.31
97.35
95.60
96.64
96.45
92.90
97.33
95.69
96.63
94.96
97.21
96.87
96.57
96.93
96.63
96.12
97.32
97.50
96.63
95.97
97.67
92.37
94.18
96.60
94.96
96.32
95.46
96.69
96.84
97.02
96.40
97.52
95.35
95.24
92.94
96.59
96.75
95.73
93.97
97.24
95.96
94.99
93.30
95.87
95.16
96.77
96.22
96.72
95.77
94.63
95.19
92.41
95.84
96.44
96.92
97.05
95.91
96.08
95.19
96.07
96.76
97.52
96.34
95.91
96.52
96.95
96.56
94.88
96.83
94.30
96.07
96.62
96.08
93.72
97.31
95.74
97.00
96.98
94.52
96.03
95.01
96.44
97.44
96.59
97.16
95.54
96.57
94.29
95.61
96.27
95.64
94.05
95.54
95.44
96.87
96.59
96.70
95.08
95.22
96.11
95.24
97.09
95.03
97.77
97.31
96.27
94.00
97.01
95.04
96.11
94.53
95.01
97.22
96.00
94.31
96.32
96.36
96.55
96.54
96.08
96.90
96.35
95.13
96.48
95.82
94.04
97.12
96.80
96.81
96.83
97.33
96.59
93.17
97.72
94.25
96.67
95.68
97.40
95.88
92.45
95.68
95.17
96.96
95.68
96.61
95.32
96.97
97.15
95.11
96.34
97.24
95.13
96.96
97.11
94.99
97.08
93.50
96.54
93.60
96.42
97.08
95.28
96.44
97.31
93.78
95.06
95.66
97.18
95.42
92.83
97.52
96.76
96.14
97.14
95.65
97.06
93.98
94.67
96.79
95.21
94.70
95.81
97.27
96.50
95.10
96.12
95.50
91.58
97.45
95.17
97.05
97.03
96.71
96.12
94.28
96.44
86.89
96.12
93.92
97.19
96.24
95.18
91.91
96.08
95.85
94.66
94.52
96.80
95.92
96.53
94.75
93.15
94.86
96.79
97.01
97.44
94.06
94.22
88.68
96.38
95.08
97.63
96.82
96.57
97.62
96.96
95.12
96.39
95.93
95.31
97.51
96.72
94.25
95.74
95.33
96.76
96.97
96.10
97.25
94.67
95.78
96.30
95.11
97.02
96.98
96.81
97.16
96.53
94.17
93.15
96.17
97.08
95.79
95.48
97.36
95.97
95.25
96.74
96.11
95.84
96.49
96.51
95.80
96.73
96.93
97.06
97.27
94.55
97.15
94.20
96.90
96.22
95.95
97.34
96.52
95.89
96.49
97.72
92.31
96.98
96.84
95.37
95.64
96.26
96.86
96.72
96.03
97.08
96.12
97.06
97.27
97.63
92.69
97.31
95.00
96.30
97.24
97.24
96.22
96.41
93.97
95.76
