95.45
96.51
95.82
96.23
95.85
94.07
95.69
94.88
96.18
96.34
96.17
95.36
95.40
96.24
95.60
95.67
96.07
96.10
95.77
96.36
95.77
95.91
95.71
95.04
95.34
95.37
96.19
96.25
94.20
96.08
95.99
95.70
96.62
96.16
96.09
96.09
96.05
95.62
95.88
95.82
96.05
96.75
96.17
95.82
95.59
95.63
94.61
94.85
94.20
96.39
95.87
96.49
96.54
96.18
95.81
93.80
96.06
96.39
95.64
96.02
95.92
94.77
95.89
95.02
96.19
96.05
94.55
95.86
96.15
95.79
95.24
95.62
96.26
96.42
95.73
95.91
95.81
95.20
94.82
95.53
96.73
96.35
93.73
96.24
95.97
94.62
95.64
96.34
96.05
94.12
95.66
95.94
95.74
95.87
96.18
96.13
95.72
95.80
95.42
96.13
95.66
95.34
96.87
96.66
94.54
94.29
95.98
95.66
95.06
95.69
94.55
96.10
95.92
95.28
96.27
94.50
95.53
95.74
96.26
96.17
95.57
95.40
94.52
95.61
96.05
95.32
96.44
95.50
96.35
96.30
96.03
96.51
95.44
93.87
95.51
96.45
96.16
95.24
95.47
96.32
96.58
96.62
95.32
95.58
96.68
95.73
96.00
96.06
96.48
96.31
96.15
96.12
96.03
95.90
95.54
95.76
95.72
95.86
94.42
96.55
96.22
93.89
96.04
95.99
94.34
95.95
96.11
96.09
95.62
95.98
96.20
95.59
96.05
95.72
95.31
95.63
95.75
96.08
95.36
95.02
96.55
95.53
95.74
95.82
95.45
96.26
95.87
95.88
95.23
94.86
96.08
95.52
95.03
96.18
95.68
95.88
96.40
95.61
95.25
96.02
96.37
93.69
96.51
94.92
96.31
95.60
95.60
95.49
95.69
95.99
95.84
95.74
95.39
95.15
96.43
96.48
95.08
96.09
96.30
96.04
96.24
96.34
95.29
96.67
96.79
96.00
94.53
94.43
95.87
95.05
94.68
96.30
94.71
95.94
95.74
96.26
95.54
94.55
95.39
95.26
95.90
96.20
96.38
96.05
96.40
96.04
95.64
96.47
95.27
95.01
96.05
95.56
95.13
95.40
96.06
95.48
96.29
96.11
96.06
96.41
95.20
96.72
96.00
95.40
96.15
96.19
95.05
95.18
95.71
95.86
96.03
96.53
96.45
95.68
95.61
95.81
94.88
96.08
96.14
96.14
95.86
95.99
95.92
96.01
95.02
96.21
95.87
95.66
93.70
96.24
95.03
95.77
96.13
95.97
94.05
95.62
94.43
96.10
95.32
96.67
96.27
96.27
93.72
95.79
95.68
96.05
93.27
95.40
96.01
96.26
94.34
95.50
96.50
95.79
96.56
95.85
96.32
95.07
95.99
96.43
94.02
96.50
96.28
96.07
95.77
94.08
96.25
96.69
96.47
96.08
95.54
95.31
95.16
96.03
96.53
95.61
94.78
96.12
95.10
95.87
96.69
95.90
96.06
96.00
95.47
96.29
95.63
96.18
95.93
95.66
93.77
96.64
95.96
96.32
95.92
96.18
95.69
95.98
95.96
94.84
95.42
95.19
95.49
95.78
96.06
95.16
95.39
94.46
96.23
94.52
95.64
96.21
95.97
95.64
95.43
95.76
96.25
96.20
96.03
96.71
96.30
95.20
95.81
95.43
96.10
93.93
95.61
95.90
95.80
95.10
95.94
95.56
95.00
95.16
96.23
95.68
96.46
96.19
95.41
96.48
95.85
95.99
96.34
96.16
95.72
95.91
96.04
95.82
96.46
95.56
96.37
96.14
95.77
96.11
96.16
95.23
95.83
96.31
95.92
96.27
95.18
95.77
95.57
95.41
95.55
96.02
95.88
93.68
96.19
95.51
95.61
94.65
96.21
94.98
95.97
95.60
93.60
96.44
96.05
95.68
95.54
95.08
95.37
96.38
95.87
95.50
96.06
95.40
96.60
95.91
95.46
96.52
94.36
95.58
96.12
95.13
96.15
96.25
96.47
95.68
95.60
95.45
95.99
96.15
95.84
96.48
95.60
96.16
96.19
96.15
95.86
96.63
95.73
95.13
95.98
96.46
95.10
93.14
95.79
95.29
96.03
95.48
94.88
96.38
95.98
95.34
95.82
95.48
95.37
96.19
94.35
95.61
95.26
95.79
96.07
96.19
95.67
96.41
96.11
95.73
96.30
96.14
95.99
95.97
96.52
96.04
96.82
95.42
95.86
96.66
94.22
95.91
95.84
96.15
95.03
96.31
95.78
96.15
95.32
96.23
95.76
95.86
96.30
96.04
96.11
95.38
95.79
94.87
94.52
95.92
95.99
96.14
94.45
96.19
96.18
96.23
96.25
96.30
94.63
94.58
95.80
95.70
95.62
95.77
95.93
95.65
96.07
96.11
95.31
95.32
96.04
96.04
95.47
95.47
95.28
95.20
95.90
95.95
96.35
96.10
96.09
95.83
94.73
95.86
95.56
95.44
94.96
96.28
96.20
95.97
95.96
94.01
96.56
95.10
93.98
95.71
95.45
95.81
96.40
95.83
95.42
96.37
95.36
95.78
94.62
96.61
95.24
96.22
95.95
96.04
94.77
96.22
95.02
96.39
96.07
96.47
95.62
95.75
96.16
96.42
95.79
96.10
96.33
95.64
94.36
96.36
95.93
95.88
96.23
95.99
95.50
96.46
96.50
93.57
95.33
96.22
96.04
95.81
95.35
94.60
95.36
95.91
96.23
95.33
96.27
96.14
94.13
96.42
96.28
96.20
95.85
96.23
96.38
95.94
95.84
96.34
96.54
96.05
95.97
96.08
94.99
96.13
95.96
95.88
96.52
96.22
95.84
94.69
95.82
95.95
96.03
96.74
94.96
95.82
95.47
94.98
96.01
95.06
96.47
96.25
96.20
96.07
96.53
96.25
95.82
93.67
96.58
96.11
96.18
95.84
95.91
95.60
95.55
94.97
94.46
95.82
95.52
96.36
95.91
96.24
96.41
96.13
95.93
94.71
95.92
96.21
95.45
95.90
96.13
96.48
94.49
96.17
95.90
95.87
96.06
95.66
94.56
95.32
94.87
96.45
95.56
94.41
95.40
95.78
95.70
96.28
95.74
96.47
96.31
96.71
95.89
95.72
96.27
96.62
94.67
95.88
95.06
95.49
95.63
94.37
95.97
95.35
96.14
96.16
94.43
96.15
96.05
95.26
96.35
96.46
95.46
96.29
95.74
96.05
95.97
96.10
96.04
95.00
95.98
96.15
95.77
96.60
96.23
95.69
95.03
94.74
96.79
95.64
96.07
96.18
96.36
96.18
96.00
95.94
95.83
96.68
95.46
96.54
95.94
95.62
96.14
94.94
95.54
95.89
96.00
95.38
94.68
92.72
95.75
95.45
96.19
95.38
93.68
96.43
96.05
95.71
95.80
95.34
95.31
96.02
95.96
95.99
95.39
95.24
95.15
94.89
93.25
94.69
96.03
95.48
95.74
95.94
96.19
96.43
95.79
95.50
96.39
95.95
96.29
96.67
95.34
95.86
96.42
96.41
96.13
96.00
96.18
95.60
95.40
96.33
95.17
95.27
96.21
95.63
95.95
96.22
95.78
96.05
95.68
96.40
96.04
96.39
96.85
95.85
95.79
95.46
95.39
95.71
95.66
94.63
96.25
95.05
95.57
95.20
96.07
96.37
95.99
95.78
95.96
95.83
95.06
95.84
96.18
96.45
96.29
95.73
96.07
95.71
94.30
95.54
95.96
95.80
95.78
96.12
95.82
95.46
96.85
95.66
95.35
96.39
95.77
95.78
95.51
96.03
95.84
96.00
95.70
96.33
96.28
95.57
96.11
95.48
95.84
94.85
96.52
95.19
96.27
96.34
95.97
94.99
95.73
94.32
95.71
95.48
95.32
95.72
95.98
95.28
96.37
95.89
96.29
94.96
95.84
96.32
96.10
96.05
95.94
95.64
95.89
96.44
95.96
95.16
95.48
95.92
95.62
96.33
96.54
96.15
95.03
95.17
96.04
96.33
96.52
95.24
96.05
96.16
96.51
94.74
95.78
96.08
95.48
95.55
95.89
95.19
96.53
94.89
95.75
96.29
96.39
96.40
95.61
95.52
95.41
94.28
96.40
96.17
96.75
96.47
95.32
95.73
96.63
95.44
95.28
95.74
96.30
96.55
96.20
95.76
95.74
96.01
95.37
96.36
95.96
95.94
94.87
95.95
95.19
95.79
95.90
95.67
96.39
95.44
95.05
95.72
94.61
95.28
96.37
95.49
96.36
96.25
95.07
95.71
96.19
95.64
94.70
96.31
95.11
95.88
94.67
96.40
95.08
94.26
96.11
96.47
95.05
95.42
96.32
96.28
95.81
95.83
95.81
96.03
95.63
96.14
94.98
96.47
95.46
96.32
95.20
95.28
