96.24
94.78
95.73
95.27
95.50
95.54
96.39
96.62
96.20
96.53
94.38
95.54
96.30
96.11
96.69
96.05
95.67
96.35
94.42
95.35
95.79
94.43
95.86
95.43
95.27
96.38
96.54
95.09
95.79
96.21
95.02
96.48
96.49
96.08
96.36
96.51
95.93
96.50
96.39
95.83
96.07
95.76
96.27
95.61
95.59
96.24
95.95
96.27
96.64
96.53
95.45
96.16
95.71
96.65
96.18
96.77
95.79
96.48
95.49
96.23
95.71
96.28
96.11
95.78
96.12
96.34
95.70
96.51
96.21
95.97
96.46
96.11
94.91
95.77
96.07
95.56
96.09
95.63
94.25
95.79
96.66
95.43
95.94
94.52
96.15
95.88
96.18
96.84
95.75
96.13
95.64
95.88
95.11
95.24
94.16
96.42
96.18
95.32
95.20
96.60
94.78
95.82
96.29
96.33
96.10
96.00
96.64
96.43
96.35
96.47
96.33
95.72
96.37
95.88
95.92
95.24
96.11
93.32
95.88
96.56
96.08
96.46
95.77
96.90
96.43
94.95
95.96
96.09
96.87
95.09
95.46
95.30
95.60
96.20
96.37
96.41
96.51
96.10
95.48
95.93
93.54
95.39
94.49
96.18
96.45
95.90
95.97
96.52
95.59
96.46
95.22
94.96
96.07
96.03
95.63
95.03
94.88
96.33
95.88
95.72
95.75
95.07
95.85
96.37
96.42
95.50
96.11
95.14
95.62
96.20
95.73
96.40
95.99
96.41
96.81
96.40
95.55
95.66
96.29
96.46
95.57
95.81
95.78
95.18
96.54
95.93
96.41
96.02
95.81
96.45
96.10
95.32
96.52
96.05
95.79
95.37
95.65
95.54
95.86
96.72
96.31
96.14
96.11
95.37
95.60
95.62
95.48
95.28
96.16
96.35
96.54
95.61
95.92
95.27
96.11
95.32
95.02
96.70
96.04
96.14
94.82
95.90
96.29
95.37
94.41
96.01
96.16
95.98
95.43
95.90
95.68
95.49
96.20
96.20
96.03
96.00
95.98
96.20
95.53
96.51
94.86
96.42
95.58
95.61
96.16
95.71
96.01
96.35
95.51
95.92
95.78
95.90
95.37
95.61
96.29
95.19
96.33
95.91
95.75
95.84
94.96
96.50
95.97
96.74
96.27
96.31
96.04
95.48
95.80
95.24
95.66
96.19
95.85
95.67
96.03
96.45
95.01
96.44
94.89
95.40
94.23
96.41
96.29
96.24
96.35
96.56
96.54
95.87
95.18
96.61
96.29
96.06
96.37
95.22
95.50
95.79
96.26
95.92
95.77
96.09
95.89
96.67
94.89
96.09
95.55
95.68
96.60
95.77
96.09
96.32
96.21
95.50
95.61
95.53
96.60
95.90
95.61
96.19
96.62
95.76
96.01
96.28
95.91
95.83
94.72
95.49
96.33
96.60
96.37
96.29
95.88
96.10
96.28
96.12
95.44
96.50
95.92
95.84
96.51
94.32
95.22
95.89
96.38
94.88
95.80
95.54
95.25
95.52
96.32
95.15
96.19
96.31
95.89
95.96
95.88
95.94
96.09
95.91
96.30
96.08
96.58
94.80
95.91
96.30
96.01
96.45
95.74
94.88
95.25
96.43
96.18
95.70
96.79
95.52
95.32
96.11
96.18
96.48
95.95
96.01
96.51
95.15
95.69
95.27
96.65
95.87
96.46
94.68
96.11
95.26
96.10
95.34
96.25
95.94
96.25
96.21
96.04
96.23
96.73
96.27
95.05
96.09
95.34
95.94
96.13
93.78
95.91
96.11
95.51
96.10
96.40
95.81
96.19
96.30
96.10
96.59
96.07
96.73
94.37
96.41
95.53
96.56
96.23
96.41
96.54
95.60
96.13
96.09
95.90
95.98
95.36
95.44
95.94
95.82
96.05
95.24
96.32
95.44
96.49
93.34
96.01
96.63
95.77
96.23
95.95
95.59
96.72
96.05
95.36
96.02
95.16
96.13
96.13
96.26
96.51
96.18
96.18
94.02
95.19
95.62
95.78
95.87
95.52
96.43
95.15
96.54
95.11
95.79
95.53
96.39
96.14
95.42
96.05
96.35
96.43
93.90
95.58
96.23
95.27
95.77
96.47
96.22
96.12
96.10
95.55
95.80
95.94
96.40
95.50
96.12
96.47
96.17
96.33
96.17
95.74
96.63
96.00
96.48
95.05
96.27
95.78
96.36
96.62
95.80
95.87
95.09
96.59
96.60
95.13
95.69
96.13
94.88
96.32
94.59
96.67
95.27
95.73
93.96
96.45
96.42
96.22
95.04
96.91
95.49
96.26
96.07
96.35
96.46
96.35
96.15
95.91
95.30
95.45
95.42
95.95
95.82
96.13
95.64
95.62
96.43
95.93
96.14
95.44
95.98
95.50
96.06
95.60
95.63
95.51
95.48
96.22
95.39
96.43
96.15
96.40
95.66
96.21
96.75
96.40
95.63
96.15
94.65
95.07
95.91
95.55
96.48
96.23
95.86
96.28
95.87
96.09
95.56
95.79
96.11
94.94
96.14
95.43
95.05
96.42
96.29
95.87
96.74
95.39
95.96
96.14
96.18
95.59
95.78
95.46
95.96
93.01
95.30
96.29
95.59
95.59
95.68
96.23
95.40
95.57
95.56
95.95
95.62
96.06
95.20
95.99
95.36
94.67
96.25
96.31
95.96
95.71
96.58
95.10
95.88
94.66
96.41
95.95
96.47
96.19
96.51
96.10
96.72
96.29
95.58
95.42
96.68
94.88
95.75
95.36
95.74
91.78
96.20
95.83
96.15
96.48
96.41
96.08
96.73
95.81
94.90
96.39
95.55
93.90
96.70
96.28
94.74
96.30
95.93
96.24
95.84
96.07
95.63
93.53
96.16
96.54
95.76
95.04
95.96
94.60
95.73
95.53
96.17
96.07
96.99
96.07
95.70
95.83
95.88
95.53
96.20
95.16
95.51
95.72
96.09
95.74
95.51
95.17
95.99
96.00
95.67
96.01
95.99
96.13
96.18
96.11
96.74
95.12
95.91
96.12
94.99
95.37
95.69
96.39
95.69
94.69
96.64
95.75
95.66
95.24
96.63
97.02
95.86
96.32
94.92
94.59
96.15
95.35
95.13
96.90
95.75
96.25
94.82
95.06
96.30
96.28
95.65
96.03
96.40
95.94
95.95
96.78
96.26
93.28
95.28
95.42
96.66
96.19
94.85
96.12
95.87
95.62
96.04
95.91
94.55
95.36
95.58
95.74
96.76
95.80
94.69
96.04
96.09
96.28
96.09
96.52
96.00
96.13
96.50
96.39
96.70
95.50
96.49
94.97
95.99
96.08
96.38
95.89
96.16
95.21
95.49
96.32
95.94
96.14
96.56
96.00
95.95
96.34
96.23
96.36
94.83
96.49
95.49
96.41
95.65
96.61
95.65
95.62
96.19
96.29
95.63
95.93
96.32
95.17
94.23
96.10
96.08
95.91
95.90
95.94
96.52
95.56
96.45
96.33
95.43
94.72
95.34
96.21
95.95
95.93
96.11
95.86
96.02
95.60
95.78
95.89
94.41
96.66
95.75
95.85
95.61
95.50
96.28
95.94
95.06
96.46
95.46
96.44
96.54
95.52
96.13
95.95
96.17
96.47
96.00
95.36
95.65
96.39
95.09
96.12
95.88
94.62
94.47
96.08
95.65
95.41
96.19
94.74
95.44
95.42
96.29
95.44
95.28
94.74
95.84
95.65
96.07
96.36
92.89
95.98
96.08
96.40
95.92
96.10
96.79
94.49
96.04
95.94
96.52
94.46
94.87
94.70
96.70
95.57
95.12
94.51
95.54
94.66
95.55
95.76
95.65
96.10
95.87
96.36
95.89
95.77
92.03
94.95
95.84
95.58
95.43
96.71
96.08
95.98
93.86
96.13
95.26
95.34
95.70
96.77
96.30
96.54
95.97
94.44
96.55
95.16
94.81
95.59
95.97
95.80
96.61
94.56
95.88
96.36
95.94
96.02
96.33
96.27
95.61
95.45
95.47
96.14
96.05
96.31
95.57
96.24
96.05
95.76
96.50
96.22
96.12
95.62
96.10
96.09
96.47
96.26
96.38
95.97
96.52
94.55
95.89
95.12
96.04
96.08
95.84
96.11
95.98
96.82
95.34
96.33
95.93
96.15
94.08
95.96
95.61
95.80
94.47
96.28
95.00
95.57
96.29
96.75
95.53
95.63
95.99
95.56
95.98
94.70
96.00
95.72
96.73
95.59
95.06
95.75
96.61
93.86
96.43
96.41
95.34
95.65
96.00
95.74
95.92
94.94
95.91
96.12
96.32
95.55
96.46
96.32
95.70
95.84
96.35
94.11
95.16
96.39
94.89
96.13
95.05
96.16
96.22
95.85
95.88
96.63
96.42
96.13
95.84
96.16
96.04
96.40
96.19
