94.51
87.80
94.17
93.40
94.83
88.61
96.19
92.32
95.34
92.26
88.83
94.74
96.18
93.56
91.95
92.72
91.07
95.34
92.89
92.46
91.74
95.95
92.31
96.05
92.52
93.50
95.90
95.32
91.36
90.70
95.44
93.50
92.99
89.45
94.46
92.34
94.50
94.12
93.13
90.56
93.10
91.85
90.13
95.37
91.12
91.65
94.17
91.04
93.42
94.73
92.43
92.94
93.25
93.35
93.07
95.09
94.75
96.12
94.53
93.67
94.12
95.90
94.04
91.16
94.20
94.58
93.83
94.28
94.36
94.76
92.53
95.46
93.44
95.03
93.51
93.44
93.27
93.41
92.62
94.12
91.62
94.85
90.36
95.18
94.34
93.60
94.12
93.79
91.58
93.86
94.56
90.51
94.29
95.50
92.63
94.46
93.80
92.62
94.91
95.68
95.48
87.43
91.62
93.95
95.15
94.71
94.57
89.12
94.04
94.51
93.53
93.37
93.10
93.33
93.44
92.96
92.66
94.58
95.42
95.62
94.20
94.91
94.16
92.62
95.74
94.42
93.04
94.21
92.56
88.52
94.84
95.52
94.87
92.73
94.35
95.12
92.73
94.56
92.64
94.97
95.19
93.62
95.41
94.77
92.26
92.90
93.28
96.05
93.87
93.34
93.98
93.25
94.01
94.28
94.57
93.99
95.96
94.85
94.34
93.58
96.08
95.71
93.65
93.31
95.79
93.74
94.78
93.49
93.48
94.56
93.48
91.78
94.55
95.01
89.37
95.02
94.60
94.06
92.80
92.99
94.22
94.12
92.66
93.17
93.66
94.81
91.32
95.98
92.85
93.65
93.76
95.22
95.96
94.54
91.44
94.57
94.75
94.33
90.95
83.61
94.24
94.40
94.38
87.25
93.70
94.92
93.81
94.40
90.03
94.54
96.04
92.59
94.15
92.87
95.36
94.53
93.21
92.90
96.06
96.12
93.07
95.04
92.75
91.35
95.33
92.61
94.13
95.02
96.05
93.97
93.49
94.87
94.84
94.62
95.26
89.07
93.86
91.90
93.68
95.06
91.92
95.04
94.08
95.18
92.76
92.91
93.53
94.45
94.90
95.25
91.56
94.21
92.44
92.57
95.59
92.26
92.63
94.18
94.48
93.41
94.02
93.78
94.78
93.38
92.48
90.47
94.71
94.54
96.00
90.41
94.13
91.46
91.64
93.81
94.15
95.58
95.57
93.89
93.97
92.45
95.97
88.73
94.44
94.61
94.50
89.59
94.07
94.54
93.98
90.29
93.85
94.57
94.20
93.82
91.38
93.04
89.40
95.56
94.60
92.34
94.03
92.74
94.95
93.65
91.58
93.64
95.52
94.26
93.26
92.81
93.44
95.76
94.59
95.10
94.63
93.59
87.50
95.05
91.37
95.45
94.80
95.91
95.03
92.84
94.24
94.48
93.09
93.49
94.31
95.17
95.16
94.24
92.99
95.03
92.98
94.05
95.18
93.77
92.72
95.64
95.79
91.85
91.63
92.73
91.96
93.96
94.59
93.24
92.82
93.69
94.03
95.55
94.78
90.95
90.28
92.06
95.70
93.38
95.84
95.01
93.38
91.66
95.51
94.50
94.45
93.60
95.13
89.56
92.51
93.17
93.58
92.18
93.30
93.98
93.43
94.20
94.69
94.66
87.83
95.10
94.52
94.57
95.75
94.23
94.00
94.02
93.91
94.26
94.73
95.15
93.87
92.86
94.34
94.18
95.36
93.01
94.06
92.13
94.71
95.45
92.93
94.60
95.20
94.40
94.72
95.52
94.82
89.64
95.17
94.48
93.53
92.56
94.16
92.79
95.17
93.96
95.02
93.81
95.30
92.20
93.55
95.46
94.96
94.62
95.19
94.82
94.72
95.34
90.17
94.95
94.49
94.26
91.26
93.81
93.18
93.90
94.21
93.58
94.14
94.45
93.52
90.95
93.57
94.53
91.37
90.57
95.59
94.58
94.82
93.49
93.16
95.20
94.09
90.56
92.43
94.01
92.96
91.78
94.34
95.36
93.87
86.32
93.68
95.23
93.41
92.55
95.54
94.74
88.71
94.36
92.86
95.33
94.54
93.53
93.92
95.44
95.64
94.85
94.52
93.84
95.21
92.49
92.20
94.29
95.36
94.11
92.10
93.68
94.21
94.08
94.24
95.41
94.22
93.11
93.96
93.98
91.95
94.30
88.65
92.70
95.19
95.53
89.10
93.45
94.43
92.73
93.52
95.09
94.29
94.62
88.80
93.05
94.27
93.51
95.68
93.59
94.08
90.64
95.03
96.00
90.47
94.80
95.16
94.97
94.96
94.22
91.63
94.14
91.73
87.29
95.41
95.54
95.19
96.28
95.18
92.23
93.59
92.43
94.77
92.71
94.72
94.00
95.52
95.45
94.90
94.35
93.11
92.85
91.95
91.86
91.85
95.17
91.81
95.11
95.15
93.99
95.10
94.33
95.18
93.16
94.53
94.37
94.82
92.15
91.83
93.82
95.37
95.95
94.02
95.03
92.70
96.08
93.24
94.35
95.12
93.48
94.67
94.53
93.41
94.29
93.59
94.59
95.32
93.47
94.45
94.18
95.43
94.40
94.55
94.66
93.54
94.12
92.08
93.98
95.15
93.58
93.97
95.08
93.88
95.01
93.54
94.97
94.82
95.18
94.77
94.97
92.18
93.66
92.08
95.43
95.51
95.83
93.95
93.77
95.45
92.48
92.34
90.30
95.51
94.73
93.80
91.67
95.64
95.81
93.42
94.59
93.39
94.79
92.64
94.81
94.00
96.07
94.19
95.06
92.60
91.22
95.00
94.46
94.27
95.21
93.12
94.85
93.74
95.15
95.33
92.78
94.60
92.93
93.82
94.55
94.88
94.82
94.83
93.13
87.71
91.33
95.01
95.11
94.51
94.36
94.02
93.41
95.65
94.62
93.75
94.38
94.95
95.53
90.35
95.60
94.78
94.86
94.67
94.84
95.31
95.64
94.54
96.05
93.75
94.70
95.23
95.07
94.55
93.47
92.09
93.26
94.97
92.84
94.27
94.88
94.95
95.81
94.25
95.10
94.89
93.47
92.29
94.61
90.90
93.35
95.40
91.29
94.30
92.33
89.93
91.91
90.35
93.80
89.52
91.42
94.76
94.14
92.62
93.87
90.58
95.02
94.56
91.28
95.19
94.11
95.06
94.66
94.28
95.55
91.78
93.53
93.86
93.31
94.87
91.67
91.39
94.65
91.47
93.69
94.89
92.04
92.50
93.53
94.42
92.41
91.37
90.18
93.43
94.13
95.99
93.64
93.06
93.61
93.56
94.94
95.01
95.73
94.57
93.50
91.50
92.92
94.22
92.17
94.04
95.08
93.90
95.03
94.88
94.87
92.54
93.03
93.24
95.04
94.30
95.16
94.10
95.36
94.61
95.83
94.87
93.11
92.68
93.49
93.09
93.59
94.00
95.88
92.90
93.02
95.00
95.69
93.66
92.70
88.12
94.42
89.17
94.66
96.02
92.81
90.86
94.10
94.77
93.75
95.03
94.85
94.49
93.75
94.77
94.88
95.67
94.16
89.34
93.50
93.39
95.08
94.70
95.69
94.31
94.06
94.09
94.71
96.28
95.00
94.52
94.42
95.93
95.37
85.47
94.64
89.87
94.25
88.99
94.51
94.80
95.10
91.69
95.09
94.27
95.34
94.85
92.78
92.77
91.99
87.03
95.03
94.15
94.37
95.55
93.26
95.62
94.67
91.29
89.00
93.51
94.85
94.01
93.81
93.99
95.16
94.95
93.51
94.77
94.73
90.59
94.87
92.98
93.49
95.38
95.20
94.01
93.70
94.93
93.48
93.29
94.25
92.53
94.36
94.92
94.84
92.85
91.37
91.98
94.77
91.61
94.45
94.58
93.48
95.21
93.28
89.63
95.76
92.86
94.98
91.80
94.82
92.57
93.39
92.80
96.19
94.38
95.26
94.78
94.36
94.56
94.63
93.57
94.80
93.36
93.24
94.19
94.75
93.32
94.31
93.60
94.21
89.07
93.55
95.04
94.61
95.13
91.01
95.15
92.88
93.50
95.07
94.87
94.18
94.25
93.92
93.91
92.71
92.81
90.47
93.92
93.84
93.69
93.12
94.86
93.57
93.15
95.29
94.41
94.06
91.67
95.60
92.92
94.88
92.66
94.63
93.71
90.70
94.74
88.69
93.46
94.44
94.73
92.01
94.91
93.08
92.50
94.99
91.37
92.93
95.43
95.11
93.98
94.67
95.10
95.14
94.30
93.89
90.47
92.78
94.11
92.67
92.20
93.94
94.04
92.32
93.28
95.98
91.82
96.07
93.86
92.85
94.90
90.70
95.03
92.70
91.35
93.51
94.36
94.75
93.46
89.46
96.09
94.88
94.17
95.13
93.10
94.59
94.52
94.02
90.89
94.73
