96.64
95.19
95.50
95.95
96.60
95.05
96.06
95.49
95.08
95.43
96.09
95.35
96.32
94.14
95.14
95.75
96.00
96.07
95.55
95.53
94.62
96.11
95.92
96.54
95.85
96.45
93.07
95.80
95.52
96.48
95.91
95.75
95.94
96.23
95.15
95.52
96.56
94.40
95.48
95.67
95.89
95.51
94.96
96.11
95.45
96.08
96.62
95.59
94.95
95.88
94.42
95.86
95.94
95.39
95.48
96.25
96.44
95.88
95.49
95.56
96.69
96.46
95.43
94.70
95.88
95.10
96.45
95.41
95.54
95.21
96.30
94.28
95.18
96.11
95.75
95.94
96.14
94.11
94.82
95.54
96.12
95.94
95.36
96.28
95.05
94.96
95.99
95.88
95.10
95.71
94.19
95.94
94.91
96.28
93.90
95.82
96.17
95.62
95.05
94.82
95.71
96.26
95.26
95.58
96.12
96.38
95.71
95.83
93.95
95.82
96.27
95.69
95.79
96.17
95.39
96.05
95.01
96.54
95.26
92.80
95.90
96.00
96.80
95.93
95.40
96.39
96.43
95.97
95.70
95.20
95.89
95.78
96.50
95.82
93.79
95.71
96.90
95.59
94.53
95.94
96.11
96.60
95.60
95.11
95.65
95.77
93.36
96.47
94.70
95.35
95.88
95.71
95.56
95.55
95.70
95.66
92.68
94.96
95.85
96.63
95.85
94.78
95.52
95.77
95.61
95.92
96.12
95.71
96.23
94.82
95.51
96.08
95.88
95.59
95.16
95.16
95.00
95.78
95.78
95.97
95.74
95.29
94.82
95.55
96.35
95.22
95.55
94.90
94.05
96.28
96.75
95.44
94.55
95.53
96.15
96.19
95.87
94.97
95.76
96.18
96.39
94.45
96.45
96.34
95.07
96.07
95.80
96.10
93.07
96.73
96.52
94.66
95.61
96.10
95.26
95.65
96.02
96.20
95.46
95.73
94.20
95.27
94.92
94.52
96.43
96.36
96.51
96.17
95.51
96.18
95.06
95.91
94.67
95.79
96.03
95.73
94.92
95.83
95.05
96.01
95.85
94.95
95.55
97.01
93.57
95.51
96.57
95.88
95.28
96.25
96.36
96.77
95.43
95.94
96.13
95.98
96.17
95.20
96.02
95.34
95.78
95.94
95.92
95.41
96.12
94.92
94.53
94.94
95.73
95.68
95.62
95.89
95.18
95.76
96.11
96.80
95.34
94.51
95.43
95.00
96.07
92.52
95.20
94.71
96.16
95.67
95.29
96.57
96.24
96.08
94.99
96.04
95.93
95.05
96.34
95.59
95.55
95.52
95.16
96.05
96.19
95.52
95.54
96.17
96.28
95.16
95.58
95.94
96.65
95.07
95.51
95.40
96.12
94.84
95.71
94.88
95.97
95.90
95.71
95.00
94.55
92.91
94.13
95.36
96.37
94.69
95.68
95.18
93.22
95.48
95.65
96.01
95.91
94.77
95.28
94.26
96.03
95.89
96.23
94.54
95.43
95.10
95.58
96.22
96.57
96.65
94.83
95.72
96.55
94.29
95.05
95.49
96.19
95.95
96.41
95.33
96.43
95.55
95.62
95.89
95.53
95.43
95.47
95.56
96.80
96.00
95.91
95.24
95.88
95.95
95.38
96.09
94.50
96.57
96.42
95.62
95.75
95.97
96.42
95.88
95.46
95.71
95.29
95.38
95.89
94.28
95.68
95.45
95.58
96.24
95.75
95.41
96.60
94.96
96.08
94.50
96.25
96.07
94.30
96.87
96.02
96.66
95.83
95.46
95.56
95.16
95.68
95.60
96.19
96.17
96.21
95.72
96.31
96.57
94.89
95.91
95.62
95.43
95.87
95.64
95.76
95.94
95.66
95.46
95.85
95.45
95.12
95.91
95.89
95.84
96.03
94.87
96.39
96.39
95.53
95.88
96.42
96.38
95.59
96.08
95.47
94.64
95.70
95.88
95.22
95.68
95.49
95.57
94.08
95.66
95.48
96.08
95.56
96.00
95.45
96.54
96.29
96.17
95.86
96.14
95.94
96.28
93.59
95.38
96.27
96.20
95.82
95.38
96.05
96.33
95.80
94.00
96.72
95.73
96.09
96.04
96.32
94.28
96.06
95.45
95.78
95.72
95.22
95.94
96.64
95.26
95.62
95.00
95.70
96.16
95.09
95.49
96.85
95.74
95.81
95.78
96.40
95.89
95.22
96.06
96.46
95.48
95.55
96.02
94.57
95.76
96.14
95.67
96.32
95.90
95.94
95.19
95.59
96.10
94.70
95.77
96.19
95.10
96.60
96.47
96.07
94.75
96.08
93.96
95.26
95.27
95.95
96.16
96.33
95.19
96.26
96.14
95.50
95.43
96.75
95.79
95.39
96.52
95.65
95.15
95.68
96.14
95.95
95.64
96.87
96.70
95.05
96.07
95.86
95.92
96.49
95.48
95.63
96.10
96.44
94.01
96.62
95.60
95.13
95.13
93.94
94.44
95.68
95.18
95.98
94.73
94.44
95.64
96.56
96.31
95.62
95.78
95.58
95.46
95.17
96.06
96.03
93.44
94.73
95.40
95.84
95.94
94.54
96.31
95.17
94.91
95.70
94.70
95.53
96.16
96.03
96.37
95.89
95.34
95.63
96.10
95.66
95.00
95.65
95.97
95.57
95.82
95.66
96.33
96.21
95.91
95.76
95.72
96.89
95.93
96.06
95.32
96.11
95.05
96.19
95.29
94.75
95.65
96.28
95.53
94.14
95.75
96.34
95.03
96.29
96.22
95.57
96.09
95.20
95.78
96.10
95.73
94.82
95.53
95.16
95.64
94.26
95.87
96.63
96.02
96.27
96.25
95.88
95.06
96.30
96.25
95.56
95.92
95.37
96.18
95.75
94.06
94.49
95.95
96.37
95.61
95.94
95.61
95.75
96.12
95.70
95.63
96.11
95.90
95.69
96.22
96.24
94.80
95.67
95.96
95.87
95.87
95.61
96.42
95.73
95.22
96.15
96.06
96.43
95.54
95.10
95.58
95.89
96.30
96.30
95.05
95.98
95.75
95.61
96.23
96.13
95.27
96.06
95.60
96.39
95.90
95.26
95.28
95.91
94.86
96.12
96.35
95.36
96.11
95.70
96.17
96.05
95.86
95.56
95.59
95.91
95.83
96.46
95.01
96.23
95.37
95.61
95.62
95.32
94.89
96.68
95.48
96.30
96.38
96.14
96.27
94.76
95.58
96.27
96.10
94.64
96.11
96.57
95.55
95.47
95.98
95.58
95.55
94.64
94.92
94.73
95.95
96.81
95.80
95.91
95.51
96.46
95.58
95.27
95.71
96.39
95.54
94.48
94.78
95.81
94.11
96.27
95.68
96.08
95.35
95.82
96.18
91.97
95.40
95.73
96.47
95.87
96.10
95.51
95.79
94.71
96.32
95.92
96.05
95.11
95.58
95.70
95.93
93.58
94.77
95.88
95.61
96.00
94.04
96.40
95.89
96.13
96.46
95.68
95.65
96.12
96.10
95.93
96.21
95.38
94.61
95.98
95.65
96.03
96.48
96.12
93.45
96.06
95.75
96.17
93.26
96.08
94.78
95.79
95.96
95.27
96.89
96.21
95.42
94.40
96.60
95.11
95.37
94.85
95.63
95.54
96.08
95.89
95.69
94.93
96.05
95.62
95.57
95.38
95.04
96.00
95.84
96.18
96.03
95.11
96.07
95.12
95.91
96.08
96.36
95.61
96.03
95.96
96.06
95.96
95.86
95.44
94.64
95.48
94.31
92.82
95.49
94.97
96.14
95.09
96.14
96.15
92.04
96.20
96.12
94.94
95.25
95.83
96.03
95.53
93.59
96.29
95.47
95.38
96.23
96.97
96.05
96.21
95.69
95.59
96.23
95.87
96.21
95.98
95.60
95.35
95.48
95.79
95.77
96.10
94.90
95.84
95.24
95.12
96.70
96.15
95.13
96.40
96.11
96.09
95.38
95.21
95.98
95.38
96.18
95.54
95.52
96.47
94.76
94.95
96.14
96.73
94.68
96.23
95.31
95.84
95.61
96.52
96.02
94.11
96.37
94.60
96.16
95.41
96.02
96.58
95.66
95.39
95.46
95.94
96.11
96.19
95.99
95.05
96.20
96.08
96.18
95.94
96.04
95.94
95.29
95.74
96.22
95.99
96.10
96.23
96.60
95.77
96.48
96.85
95.98
94.28
96.23
95.50
96.46
95.92
96.19
95.95
95.08
96.22
95.90
94.38
95.90
95.74
96.11
96.20
95.97
95.86
96.02
96.14
94.72
95.99
95.10
95.14
96.09
96.16
96.01
95.93
94.53
94.99
95.17
94.49
95.43
95.56
94.67
95.84
95.53
96.49
96.23
95.30
96.73
96.31
95.77
95.85
95.57
95.92
96.01
96.00
95.49
96.21
95.22
96.42
96.26
95.73
96.21
