95.20
95.65
95.25
95.78
95.80
95.57
95.49
95.06
95.36
95.38
95.48
95.81
94.66
95.02
95.55
95.57
95.61
95.42
95.40
95.49
95.59
95.52
95.60
95.49
95.23
95.37
95.75
95.92
95.54
95.68
95.71
96.01
95.09
95.57
95.94
95.70
95.53
95.47
95.49
95.68
95.45
94.52
95.74
95.92
95.36
95.34
94.97
94.96
95.02
95.55
95.57
95.46
95.23
95.69
95.29
94.76
95.87
95.61
95.74
95.81
95.34
95.34
95.23
95.66
95.80
95.78
95.56
95.29
95.12
95.96
95.30
95.55
95.23
95.04
95.74
95.48
95.23
95.66
95.40
95.69
95.63
95.27
95.67
95.81
95.71
95.97
95.51
95.81
95.58
95.63
95.84
95.76
95.68
95.58
95.49
95.52
95.38
94.98
95.64
94.21
95.14
95.45
95.36
95.55
95.13
95.85
95.46
95.66
95.67
95.71
95.08
95.61
95.52
95.63
95.34
95.54
95.53
95.54
95.88
95.39
95.15
95.40
95.48
95.79
95.31
95.54
95.58
95.07
95.04
95.68
95.52
95.87
95.58
95.35
95.58
95.87
95.44
95.27
95.77
95.40
95.51
95.19
95.52
95.92
95.17
95.73
95.11
94.95
95.44
95.51
95.40
95.88
95.22
95.54
95.68
95.38
95.60
95.20
95.62
95.83
95.72
95.80
95.07
95.77
95.70
95.44
95.37
95.38
95.34
95.46
95.38
95.50
95.02
95.72
95.45
95.61
95.28
95.49
95.62
95.49
95.44
95.57
95.60
95.42
95.64
95.27
95.70
95.99
95.57
95.37
95.64
95.63
95.34
95.50
95.77
95.67
95.55
95.34
95.93
95.53
95.55
95.48
95.72
95.17
95.65
95.57
95.80
95.17
95.45
95.68
95.39
95.87
95.61
95.67
95.94
95.67
95.20
95.39
95.72
95.69
95.57
95.34
95.68
95.10
94.99
95.52
95.58
95.88
95.24
95.49
95.61
95.11
95.65
95.66
95.46
95.54
95.64
95.60
95.17
95.60
95.11
95.62
95.75
95.32
95.54
95.61
95.72
95.49
95.75
95.43
95.61
95.43
95.55
95.56
95.72
95.32
95.32
95.57
95.56
95.52
95.47
95.59
95.47
95.79
95.72
95.26
95.71
95.36
95.73
95.46
95.26
95.48
95.07
95.80
95.50
95.66
95.95
95.47
95.68
95.45
95.72
95.59
95.31
95.49
95.33
95.62
95.51
95.41
95.32
95.60
95.73
95.46
95.42
95.55
95.58
95.51
95.70
95.62
95.45
95.61
94.79
95.27
95.63
95.48
95.59
95.03
95.50
95.33
95.30
95.17
95.66
95.33
95.70
95.80
95.35
95.44
95.71
95.20
95.57
95.24
95.48
95.78
95.16
95.59
95.76
95.67
95.28
95.48
95.32
95.81
95.71
95.66
95.30
95.26
95.74
95.70
95.47
95.71
95.78
95.63
95.21
95.27
95.83
95.78
95.41
95.78
95.59
95.57
95.39
95.68
95.74
95.52
95.55
95.35
95.81
95.50
95.60
95.80
95.19
95.66
95.59
95.97
95.29
95.35
95.66
95.42
95.42
95.41
95.41
95.39
95.66
95.73
95.77
95.25
95.75
95.83
95.71
95.67
95.48
95.56
95.85
95.94
95.56
95.70
95.23
96.01
95.99
95.50
95.64
95.69
95.44
95.66
95.64
95.74
95.32
95.53
94.70
95.81
95.80
95.52
95.53
95.12
95.53
95.28
95.54
95.39
95.70
95.36
95.39
95.58
95.62
95.86
95.63
95.81
95.35
95.73
95.57
95.36
95.52
95.42
95.81
95.23
95.30
95.62
95.87
95.52
95.60
95.69
95.88
95.45
95.37
95.61
95.39
95.41
95.56
95.61
95.64
94.76
95.77
95.56
95.43
95.43
95.66
95.54
95.63
95.23
95.45
95.58
95.82
95.31
95.94
95.39
95.81
95.53
95.55
95.55
95.51
95.42
95.45
95.41
95.95
95.38
95.67
95.50
95.27
95.69
95.72
95.39
95.60
95.27
95.54
95.38
95.41
95.10
95.56
95.35
95.16
95.63
95.39
96.00
95.88
95.37
95.66
95.76
95.64
95.55
95.55
95.58
94.88
95.73
95.54
95.46
95.63
95.88
95.75
95.87
95.92
95.30
95.41
95.74
95.66
95.46
95.61
95.44
95.57
95.46
95.44
95.22
95.21
95.59
95.59
95.38
95.57
95.29
95.63
95.50
95.18
95.85
95.51
95.51
95.54
95.64
95.28
95.49
95.31
95.18
95.55
95.40
95.47
95.46
95.41
95.72
95.41
95.41
95.39
95.68
95.64
95.59
95.22
95.51
95.45
95.56
95.75
95.50
95.11
95.31
95.65
95.41
95.62
95.28
95.58
95.46
95.78
95.78
95.67
95.38
95.58
95.50
95.43
95.43
95.47
95.47
95.83
95.51
95.30
95.49
95.60
95.90
94.95
95.36
95.89
95.59
95.67
95.88
95.74
95.37
95.72
95.84
95.74
95.88
95.70
95.43
95.29
95.72
95.80
95.38
95.49
95.30
95.73
95.64
95.23
95.71
95.21
95.42
95.86
95.40
95.49
95.71
95.64
95.58
95.14
95.77
95.56
95.70
95.82
95.66
95.50
95.50
95.43
95.75
95.49
95.77
95.96
95.82
95.42
95.56
95.85
95.86
95.53
95.26
95.79
95.47
95.68
95.63
95.89
95.63
95.64
95.54
95.45
95.58
95.77
95.39
95.27
95.40
95.48
95.66
95.82
95.41
95.44
95.61
95.30
95.54
95.50
95.83
95.62
95.80
95.64
95.65
95.15
95.34
96.00
95.52
95.54
95.57
95.55
95.77
95.62
95.27
95.56
95.37
95.47
95.33
95.58
95.48
95.61
95.50
95.26
95.18
95.69
95.58
95.43
95.29
95.42
95.07
95.39
95.21
95.26
95.66
95.56
95.32
95.40
95.21
95.54
95.17
95.50
95.84
95.49
95.31
95.55
95.29
95.29
95.66
95.70
95.52
95.37
95.71
95.33
95.80
95.16
95.58
95.69
95.49
95.96
95.62
95.89
95.56
95.45
95.59
95.64
95.61
95.62
95.21
95.57
95.46
95.60
95.19
95.26
95.41
95.52
95.30
95.44
95.66
95.49
95.76
95.58
95.73
95.54
95.83
95.52
95.60
95.66
95.80
95.17
95.68
95.91
95.35
95.68
95.54
95.02
95.29
95.66
95.85
95.72
95.09
95.60
95.66
95.31
95.84
95.66
95.47
95.62
95.62
95.72
95.66
95.50
95.65
95.70
95.56
95.29
94.84
95.46
95.73
95.78
95.42
94.99
95.31
95.52
95.40
95.91
95.67
95.79
95.35
95.36
95.69
95.70
95.04
95.05
95.08
95.72
95.62
95.70
95.77
95.57
95.50
94.75
95.08
94.79
94.98
95.84
95.59
95.36
95.48
95.68
95.75
95.66
95.63
95.07
95.67
95.69
94.94
95.56
95.27
95.93
95.23
95.61
94.93
95.83
95.66
95.45
95.59
95.52
95.61
95.88
95.52
95.19
95.32
95.65
95.44
95.69
95.58
95.71
95.88
95.46
95.79
95.48
95.31
95.51
95.65
95.41
95.39
95.47
95.04
95.74
95.22
95.37
95.32
95.67
95.14
95.52
95.48
95.51
95.43
95.42
95.39
95.52
95.72
95.51
95.58
95.43
95.27
95.02
95.79
95.77
95.17
95.27
95.87
95.87
95.42
95.20
95.70
95.52
95.77
95.79
95.62
95.83
95.64
95.12
95.77
95.79
95.52
95.34
95.85
95.17
95.72
95.76
95.34
95.50
95.62
95.32
95.63
95.91
95.74
95.30
95.63
95.57
95.71
95.37
95.54
95.34
95.38
95.39
95.62
95.77
95.84
95.70
95.72
95.63
95.51
95.30
95.17
95.59
95.62
95.44
95.62
95.37
95.59
95.52
95.67
95.44
95.72
95.18
95.59
95.67
95.45
95.13
95.41
95.16
95.51
95.49
95.57
95.38
95.71
94.93
95.74
95.73
95.48
95.58
95.63
95.59
95.59
95.44
95.53
95.65
94.45
95.53
95.46
95.44
95.55
95.66
95.55
95.60
95.77
95.45
95.58
95.08
95.51
95.39
95.65
95.51
95.45
95.74
95.79
95.58
95.57
95.50
95.20
95.59
95.32
95.18
95.26
95.80
95.82
95.54
95.60
95.62
95.48
95.58
95.96
95.70
95.59
95.54
95.44
95.75
95.30
95.70
95.59
95.86
95.66
95.58
95.24
95.48
95.54
95.58
95.58
95.78
95.62
95.51
95.75
95.81
95.54
95.72
95.61
95.27
95.62
95.63
95.41
95.76
95.90
95.50
95.19
