89.20
90.30
88.81
90.77
90.78
88.96
91.14
90.88
89.97
90.47
90.86
90.78
90.36
90.30
90.52
90.41
90.35
91.55
90.68
89.28
90.86
90.39
91.11
90.57
88.91
90.95
89.92
88.92
90.17
90.95
91.09
90.97
91.22
90.88
90.22
90.70
91.09
90.58
89.71
90.83
87.67
89.91
90.18
89.92
91.33
91.22
91.02
90.58
89.55
90.26
89.40
91.45
89.62
90.37
89.33
91.15
90.80
90.03
89.98
90.85
90.37
90.52
89.50
91.33
91.45
91.24
90.97
90.11
90.00
91.18
89.79
89.14
90.26
90.85
91.27
89.17
89.41
89.62
89.43
89.06
91.12
90.30
90.92
90.77
90.47
91.54
89.01
90.72
90.14
88.67
91.21
90.39
90.02
90.91
88.51
90.90
89.95
89.22
90.58
90.47
89.31
90.79
90.64
91.04
89.45
88.16
89.53
89.74
89.95
90.02
91.28
90.35
90.47
91.17
89.54
88.04
89.68
90.67
91.55
90.26
91.08
90.75
90.14
90.21
90.44
90.18
91.46
91.54
90.02
89.74
91.14
90.78
89.65
90.92
91.16
91.41
90.85
89.13
90.16
90.43
91.72
89.84
90.47
91.23
91.29
91.12
91.20
91.82
90.70
90.88
90.24
89.67
90.62
90.56
90.28
91.19
88.89
89.72
90.11
90.70
91.61
90.30
91.05
90.26
89.44
91.07
91.00
89.81
89.98
89.46
89.83
88.34
91.16
90.05
89.13
91.10
89.23
89.84
90.92
89.99
89.45
91.01
90.20
90.13
90.29
91.18
91.01
90.08
90.63
90.43
91.12
90.29
91.46
89.58
91.15
90.92
90.26
91.21
91.03
89.92
90.40
89.46
90.21
89.35
89.92
91.14
90.19
91.36
89.81
90.62
90.47
89.78
90.00
90.92
88.50
90.08
89.23
91.32
90.79
91.66
90.73
89.84
90.42
90.78
91.67
90.34
90.18
89.68
90.58
89.99
91.47
89.97
88.89
89.80
89.44
90.84
91.12
89.93
90.86
90.56
89.81
88.41
90.27
90.79
91.31
91.42
90.80
89.07
91.23
89.46
90.92
90.02
89.67
89.15
90.74
90.26
89.95
89.87
91.05
91.91
87.90
88.47
90.75
90.46
89.89
90.50
90.39
89.61
90.91
91.57
91.02
91.65
91.00
91.40
90.27
91.32
91.37
90.88
90.33
90.69
90.08
89.39
90.40
91.19
89.80
91.19
91.59
88.02
91.45
90.81
91.63
91.01
90.87
90.33
89.57
91.08
89.76
89.43
91.15
89.50
91.68
91.30
90.51
90.85
90.54
91.47
90.73
90.42
90.03
89.82
88.81
90.57
90.49
90.78
88.82
91.49
90.38
89.17
90.78
89.85
90.08
89.87
89.96
88.83
90.89
90.51
89.49
90.65
90.70
91.39
90.40
90.78
91.58
91.60
90.64
89.71
91.26
90.95
90.65
90.96
90.55
89.32
90.93
90.83
88.96
90.11
87.47
90.15
90.51
89.79
91.06
90.78
89.32
90.81
90.90
90.69
90.87
91.50
90.25
89.33
90.82
89.67
90.54
89.16
91.13
90.57
90.86
90.83
91.93
90.75
90.41
89.29
91.46
90.03
91.45
89.51
90.94
90.02
89.31
90.48
90.85
89.93
90.74
91.23
91.12
91.00
90.51
90.82
90.89
91.37
90.45
91.42
92.00
91.01
91.36
91.04
90.79
90.58
87.93
89.82
90.96
91.40
89.33
89.53
90.07
89.83
91.46
90.70
90.49
90.24
90.42
91.23
91.11
91.34
91.05
89.78
90.61
88.34
90.26
90.75
90.93
90.40
87.58
91.33
89.55
90.83
90.50
90.59
90.77
89.88
89.26
90.98
90.39
91.10
91.34
90.13
89.97
90.42
89.66
90.82
90.14
90.99
90.19
90.98
91.65
90.63
90.27
88.73
90.66
90.68
89.25
89.70
91.34
89.01
90.35
90.96
90.60
90.88
89.79
90.42
88.81
91.01
91.49
90.56
89.26
89.94
91.09
91.26
90.82
89.73
91.27
90.56
89.79
89.70
90.66
89.99
90.85
88.02
90.37
91.12
89.96
91.20
89.36
89.12
90.88
91.81
91.15
90.15
89.72
90.57
90.85
90.00
89.67
91.12
90.64
88.99
90.83
90.79
88.76
90.81
91.27
88.69
90.28
91.03
90.26
89.62
91.63
90.02
90.07
89.85
90.69
89.59
91.42
91.16
90.41
90.01
90.52
91.86
90.00
91.95
88.51
89.97
90.62
91.32
91.29
91.00
90.68
91.33
91.60
89.99
88.93
90.14
89.97
90.31
89.90
91.61
89.96
91.24
88.85
90.42
89.17
90.31
91.28
87.65
90.98
90.75
90.26
90.18
89.92
90.88
90.38
91.20
91.05
91.11
90.77
87.78
88.20
90.83
89.63
89.45
91.17
90.46
89.94
90.87
90.41
91.24
90.90
87.94
91.27
91.54
90.45
89.42
90.90
90.32
91.19
90.38
89.98
90.29
90.16
91.13
89.39
91.29
90.32
89.70
91.59
90.14
90.75
91.20
90.58
90.62
89.71
90.24
90.67
90.47
89.98
90.16
89.48
91.52
90.47
90.19
89.97
89.35
90.44
89.54
87.96
90.57
90.64
90.79
90.43
91.18
90.84
90.68
89.35
90.60
87.47
90.37
89.80
91.19
89.76
88.71
91.27
89.97
91.53
90.41
90.01
89.18
91.49
89.23
87.98
89.24
90.84
89.41
90.76
90.47
90.78
90.78
88.97
90.58
90.95
91.11
90.98
91.29
89.00
90.96
90.39
91.50
89.85
90.42
90.96
88.48
91.20
89.98
91.06
91.30
90.63
88.15
90.65
90.84
91.12
91.10
90.38
91.35
89.50
90.14
90.35
90.71
89.39
89.82
90.51
90.51
91.19
90.38
90.17
90.33
91.09
89.99
89.95
89.68
91.30
88.79
91.13
89.98
89.89
91.27
91.11
91.18
90.81
91.42
90.64
90.51
90.58
90.67
90.59
88.68
91.04
89.99
90.90
88.58
89.65
89.19
89.40
90.61
90.53
90.79
90.13
91.17
91.43
91.16
89.70
90.88
91.18
91.41
91.10
91.09
91.16
89.02
90.38
89.69
90.73
89.46
90.02
90.15
90.13
91.00
90.56
91.34
90.00
90.47
88.65
90.99
90.72
90.99
91.05
90.28
91.03
91.72
90.41
91.21
91.51
89.50
89.82
89.13
91.20
90.39
91.45
90.11
89.67
89.56
89.36
90.53
91.65
90.54
89.89
89.63
90.29
91.20
90.98
91.17
89.88
91.25
89.53
90.17
91.47
89.76
90.65
91.53
89.85
90.95
90.95
90.33
90.63
91.59
90.93
91.31
90.09
89.15
91.11
90.19
91.38
89.95
90.05
91.03
90.76
91.09
89.70
90.22
89.84
89.60
86.12
91.39
88.22
90.81
90.74
90.29
89.62
90.77
88.64
88.87
89.08
88.83
91.07
90.53
90.05
90.65
91.09
90.21
89.76
90.49
90.37
90.63
89.35
89.10
90.89
90.11
90.79
91.68
90.90
91.43
89.84
90.54
90.11
90.59
90.15
91.03
90.16
90.83
90.87
91.47
91.16
90.37
90.77
88.84
91.24
90.85
90.66
90.73
91.00
89.51
90.98
91.02
90.60
91.72
90.87
90.19
90.35
91.43
90.80
90.69
91.03
91.03
91.12
91.45
89.73
90.54
91.31
90.96
90.04
91.61
90.97
89.79
91.55
89.90
89.14
90.07
91.20
91.42
90.25
90.20
91.54
90.88
90.74
90.68
88.45
88.94
90.82
90.42
91.36
89.26
90.31
90.62
90.98
90.40
90.47
89.83
90.72
89.76
91.21
90.03
90.84
90.52
90.42
90.65
90.89
89.31
90.03
90.72
90.78
90.48
90.64
90.30
90.31
90.06
91.42
90.97
91.71
89.50
90.92
90.90
91.65
89.15
90.28
91.53
89.86
90.10
88.50
90.75
90.85
90.24
89.39
89.11
91.23
88.67
87.56
90.00
89.47
89.71
88.37
89.94
89.06
91.45
90.84
90.15
89.58
88.57
90.41
90.70
91.66
90.82
90.20
91.26
90.29
91.56
89.85
89.36
90.65
89.96
90.93
88.18
90.57
91.35
89.92
90.79
90.52
90.70
87.79
91.37
90.51
88.36
90.58
91.14
91.06
91.13
90.87
90.28
88.06
91.71
90.75
91.02
92.11
89.36
89.47
90.43
90.04
89.89
90.15
91.56
90.74
91.05
88.38
90.35
90.70
90.88
90.14
90.85
90.65
91.17
88.83
90.30
90.23
91.23
91.02
89.21
88.20
90.52
89.50
90.67
90.34
89.00
91.01
90.05
