97.54
97.73
97.69
97.68
97.75
97.68
98.15
97.65
98.11
98.26
97.77
98.18
97.25
97.26
98.25
97.67
97.87
97.06
97.71
97.29
98.13
97.32
98.05
98.17
96.73
98.06
97.26
98.18
98.38
97.86
97.66
97.50
97.72
97.87
97.63
97.96
97.57
97.43
98.04
98.04
98.16
97.77
97.24
98.17
97.70
97.75
98.03
97.76
97.91
97.83
97.77
97.88
97.92
97.48
98.25
98.05
98.12
97.84
97.46
97.41
98.10
97.84
97.97
97.71
97.88
98.09
97.24
97.42
97.94
98.18
97.99
97.60
97.99
98.03
97.87
97.65
98.10
98.14
98.02
97.78
97.95
98.03
98.02
98.00
97.45
97.74
97.18
97.96
97.85
97.46
97.76
97.83
97.49
97.30
97.82
97.91
96.87
97.40
98.16
96.99
98.14
97.93
97.94
97.94
97.69
97.36
98.09
97.96
97.43
98.02
97.44
97.95
97.94
97.79
97.84
97.86
98.02
98.10
97.56
97.45
97.75
97.78
97.42
98.09
98.23
97.60
97.73
97.69
97.84
97.93
97.46
97.79
97.97
98.26
98.11
97.89
97.16
97.66
97.72
98.02
98.02
97.76
97.27
97.86
97.52
97.43
96.53
97.27
97.92
97.74
97.93
97.98
98.07
97.66
97.66
97.84
97.70
98.30
97.78
97.67
97.88
97.82
97.59
97.65
97.29
97.72
97.75
97.84
97.51
97.87
97.99
97.17
97.88
97.65
97.55
97.58
98.09
98.07
97.96
97.50
98.16
97.82
97.54
97.62
98.15
97.21
97.77
98.02
97.50
97.86
98.01
97.45
97.73
97.83
97.46
97.43
97.24
97.15
97.54
97.97
97.32
97.97
98.04
97.53
98.50
97.73
97.94
97.89
97.82
98.17
98.17
98.25
97.94
97.97
97.86
97.46
97.84
97.82
97.67
97.57
97.42
97.09
97.74
97.86
97.08
97.56
97.47
98.10
97.79
98.02
97.71
96.97
97.92
97.57
97.08
98.08
97.51
97.30
98.10
97.81
98.34
97.75
97.14
97.85
97.63
96.97
97.89
97.95
98.07
97.91
98.08
97.36
97.50
97.71
97.71
97.95
97.29
97.55
98.17
97.85
97.68
97.65
97.96
97.57
97.84
96.30
98.00
97.49
97.95
97.95
98.09
97.48
97.80
98.16
98.11
97.61
97.84
98.11
97.10
97.50
97.42
98.29
97.78
98.15
97.61
97.31
97.81
97.78
97.60
98.02
98.23
97.60
97.85
97.32
97.94
97.45
98.05
98.06
97.90
97.27
97.98
98.07
97.85
97.97
97.86
97.80
96.87
97.90
97.97
97.63
97.83
98.10
97.79
97.09
98.06
98.02
97.85
97.88
97.90
97.39
98.19
97.38
97.78
97.99
97.27
97.87
97.77
97.43
97.94
97.75
97.68
97.48
97.69
97.79
97.54
97.70
98.07
98.05
97.12
97.46
98.00
98.07
97.59
98.11
98.13
97.76
97.84
97.48
98.00
98.08
98.04
98.17
97.57
98.00
98.03
96.65
97.65
97.74
97.87
96.89
97.74
97.92
97.95
97.91
97.84
97.69
97.83
97.81
97.73
97.81
98.23
97.58
97.75
97.76
97.98
97.71
97.45
96.89
98.02
97.87
97.79
97.86
98.05
97.96
97.64
97.54
97.89
97.82
98.05
97.96
96.54
98.07
97.68
97.83
97.87
97.76
97.76
98.10
97.48
97.56
97.84
98.18
97.45
97.68
96.70
97.73
97.46
97.03
97.90
98.06
97.66
97.34
96.56
97.56
97.73
98.04
97.80
98.09
98.21
97.56
97.96
97.50
97.30
97.85
97.44
98.18
97.97
97.51
97.84
98.13
98.10
97.95
97.65
97.91
97.66
97.93
98.00
97.57
98.23
97.64
97.84
98.12
97.95
97.62
97.78
97.93
97.02
97.48
97.25
97.66
97.18
97.89
97.68
97.91
97.78
97.61
96.92
97.92
97.58
97.78
97.82
97.74
97.82
97.82
97.97
97.70
97.86
97.52
98.21
97.85
97.96
98.06
97.66
97.94
98.18
97.56
97.50
98.13
97.90
98.12
97.07
97.96
97.58
98.16
98.07
97.80
96.52
98.02
98.31
97.54
97.56
97.88
97.50
97.22
97.63
97.67
97.87
98.00
98.03
97.81
97.89
98.24
97.60
98.41
97.70
97.99
97.99
98.08
97.77
97.81
97.57
97.80
97.78
98.06
97.78
97.38
97.67
98.13
97.21
97.53
97.34
97.74
97.79
97.86
97.12
97.79
97.88
97.50
97.98
98.15
96.82
97.59
97.86
97.69
97.82
97.93
98.29
97.43
98.02
97.76
97.82
97.81
98.15
98.38
97.51
98.00
97.73
98.07
97.67
97.92
97.44
98.26
97.80
98.16
97.78
97.75
97.63
97.44
98.15
97.95
97.76
97.53
97.74
97.43
98.06
97.36
97.86
97.24
97.57
97.92
97.67
97.89
97.96
97.66
97.69
98.11
97.90
98.26
98.14
98.11
97.85
98.03
97.85
97.01
97.85
97.04
97.96
97.31
97.32
97.52
97.90
97.78
97.44
98.06
97.68
97.89
97.75
97.52
97.68
97.75
96.52
97.61
98.15
97.96
97.47
97.94
97.80
98.05
97.90
97.59
97.44
97.63
97.86
97.81
97.45
97.74
97.95
98.17
97.75
97.79
97.98
98.00
97.99
97.77
98.09
98.12
98.26
97.67
97.64
98.09
98.03
97.38
98.00
97.97
97.74
97.73
97.99
97.92
97.00
96.60
97.65
97.73
97.62
97.47
97.89
97.02
97.96
97.96
97.70
97.78
97.83
97.82
97.30
97.75
98.04
97.88
97.52
96.84
97.65
97.83
98.09
97.55
98.20
97.15
98.02
97.73
97.27
97.88
97.41
98.07
97.54
97.47
97.89
97.97
98.04
97.38
97.85
97.94
97.78
97.13
97.71
98.19
98.16
97.82
97.46
97.97
97.75
98.06
97.75
97.82
98.09
98.15
97.95
97.46
97.65
97.72
97.70
97.92
98.04
98.02
97.37
97.73
97.65
97.31
97.87
97.89
97.82
97.73
97.84
97.29
97.60
97.94
98.20
97.76
97.82
97.67
97.99
97.38
98.00
98.03
97.47
98.16
97.41
97.74
98.09
97.58
97.36
97.59
97.64
97.68
98.13
97.99
97.99
97.76
98.30
98.12
97.76
97.97
98.06
97.76
97.46
97.20
98.13
96.71
98.17
97.09
97.54
97.94
97.26
97.46
97.85
98.12
98.06
97.48
97.65
96.80
98.50
97.37
96.79
98.14
97.64
97.95
98.09
97.74
97.15
97.75
97.08
97.71
97.86
98.09
98.03
98.06
98.06
97.96
98.03
96.48
98.01
97.53
98.15
98.04
97.52
97.69
97.99
97.19
97.19
97.19
98.05
97.88
97.50
97.99
97.58
97.84
97.23
97.65
97.44
97.91
97.62
98.03
97.27
97.61
98.00
98.19
97.36
98.15
98.05
97.86
97.32
98.15
97.59
96.62
98.11
97.77
97.41
97.02
97.89
97.51
98.28
97.08
97.30
97.06
97.42
98.04
97.91
97.53
98.04
98.01
97.70
97.92
97.91
97.90
97.70
98.00
97.65
98.01
97.73
97.79
97.63
97.70
96.56
97.70
97.48
98.15
97.66
97.19
97.76
97.67
97.67
97.69
97.86
98.02
97.95
97.95
97.78
97.40
97.59
98.05
97.03
97.94
97.64
97.69
97.89
97.93
97.98
97.70
97.84
97.47
97.74
97.81
98.12
97.81
97.31
97.83
97.67
97.29
98.32
98.12
97.59
97.89
97.20
97.87
97.60
97.59
97.30
97.55
98.12
96.73
98.09
98.14
97.88
97.36
97.89
97.37
97.26
97.13
97.58
97.90
97.89
97.72
98.14
97.94
98.15
97.75
97.80
97.74
97.57
97.78
97.87
98.02
97.67
97.75
97.88
97.82
97.32
98.02
97.65
97.66
97.27
98.20
97.75
97.94
97.68
97.79
98.04
98.08
98.12
98.01
97.95
97.86
98.26
97.73
98.02
97.54
97.26
98.10
97.54
97.91
97.42
97.96
98.04
98.16
97.60
97.66
98.06
97.76
97.94
97.49
97.80
97.79
97.87
97.28
96.87
98.32
98.02
97.24
97.69
97.88
98.24
97.89
98.35
98.06
98.09
97.85
97.38
97.78
98.03
96.67
97.54
97.85
98.20
97.62
98.02
98.08
97.79
97.94
97.49
97.96
97.73
98.05
97.71
98.10
97.34
98.23
98.36
97.87
97.34
97.81
97.53
97.80
97.60
97.80
97.69
98.29
97.83
97.34
97.80
97.78
97.63
97.89
97.66
97.89
