96.17
97.08
97.51
95.61
94.12
96.06
96.42
95.02
79.97
96.47
96.08
96.87
96.86
96.38
96.88
91.10
93.60
96.89
95.07
95.53
96.33
97.55
95.59
97.40
82.19
95.79
97.09
95.24
96.26
97.78
91.49
95.25
95.32
96.89
97.28
94.77
95.92
96.67
96.71
93.70
95.92
97.35
94.54
95.32
96.29
96.98
86.11
94.68
97.27
96.96
96.28
97.18
96.36
91.90
97.05
97.93
96.69
92.17
91.12
87.74
96.27
92.45
96.21
95.18
96.99
96.10
97.15
96.70
97.84
95.86
95.31
96.65
95.77
95.75
88.75
96.34
97.62
97.68
97.03
75.81
97.44
96.75
90.56
96.25
94.87
96.87
94.22
97.06
97.16
95.61
96.74
97.58
95.77
93.05
93.60
95.63
97.65
94.37
95.85
97.02
94.19
97.47
96.72
92.93
96.90
92.83
96.05
94.51
95.26
96.58
96.09
74.33
96.56
94.56
97.75
96.56
95.80
89.77
96.94
89.67
94.73
95.29
92.71
96.98
96.30
96.02
97.53
97.43
97.52
93.53
95.85
95.06
96.36
93.03
96.63
95.55
96.90
95.11
95.57
89.95
97.19
96.88
96.54
96.94
96.32
96.54
93.55
94.71
96.25
86.74
97.22
97.08
94.72
87.53
95.29
96.50
95.34
96.90
94.16
96.15
96.33
88.04
96.64
95.57
92.95
90.04
96.03
97.13
96.74
96.79
96.66
84.86
96.72
93.41
92.29
92.31
96.26
97.46
95.18
95.54
95.86
83.26
97.37
83.49
96.99
97.43
94.58
95.58
96.15
96.08
96.53
96.52
95.46
95.13
96.77
94.97
96.03
94.73
97.07
97.70
96.73
87.43
94.64
95.55
95.46
95.60
92.90
96.65
96.93
95.83
93.13
96.83
97.40
98.01
96.99
92.42
97.15
95.08
93.73
94.95
95.84
93.59
92.22
94.50
95.56
94.93
94.55
96.78
96.01
96.24
97.40
97.18
93.05
97.62
95.93
95.02
97.78
96.66
91.22
92.79
97.90
95.04
88.94
97.14
74.57
96.77
95.87
86.39
97.19
97.75
85.22
96.04
97.44
95.34
97.27
96.92
94.93
97.63
95.87
95.18
93.16
97.11
96.85
94.74
93.58
97.14
95.66
97.42
96.90
95.90
97.33
95.91
97.34
95.87
96.91
95.41
97.22
97.82
91.84
95.36
95.59
97.28
83.78
96.23
95.96
95.73
96.36
95.91
97.27
95.75
95.85
97.24
97.24
96.55
92.77
96.70
95.82
93.46
95.27
94.50
96.25
97.14
96.84
92.64
93.64
97.00
97.16
96.70
95.10
96.91
96.33
97.22
96.76
94.48
96.53
96.35
95.85
97.37
96.54
88.75
96.22
95.83
93.76
94.83
96.82
69.08
95.08
95.43
96.36
95.20
95.57
95.22
96.32
84.59
94.87
95.44
97.97
96.38
97.28
97.79
97.18
95.29
96.06
95.40
94.85
96.11
97.13
95.98
96.59
93.46
94.96
94.43
96.42
94.75
96.04
96.13
96.89
95.32
96.18
95.22
96.96
97.09
96.07
95.88
96.31
95.24
97.02
96.38
96.57
93.06
96.22
91.90
96.73
95.23
58.41
97.08
90.57
97.32
93.93
96.19
71.49
96.99
97.43
97.03
95.59
96.39
96.01
92.34
95.95
94.55
95.40
96.44
91.50
97.00
96.53
96.69
92.69
93.65
92.63
96.11
96.24
95.53
97.06
97.20
94.16
94.49
89.89
95.74
95.28
93.62
92.64
97.15
96.65
85.49
96.47
94.46
89.17
88.79
94.05
97.22
96.50
91.72
95.49
94.85
96.10
94.46
93.38
96.38
76.15
96.40
96.63
94.31
96.03
96.40
94.68
96.35
97.03
95.66
86.44
95.68
95.49
92.87
93.76
94.84
93.15
93.97
93.99
96.63
90.87
95.53
92.30
94.84
94.25
96.81
96.55
96.67
74.58
97.65
93.62
96.59
96.00
95.21
97.65
96.44
94.92
97.64
93.18
90.85
97.74
95.80
94.32
94.69
96.67
97.00
96.81
87.73
95.48
96.45
95.63
97.58
95.25
96.96
96.61
96.44
94.67
94.19
97.35
97.87
96.74
97.49
94.25
95.63
95.93
92.67
95.26
79.89
96.40
97.01
95.85
97.39
97.70
97.51
87.25
96.59
97.13
96.90
94.78
94.51
92.27
96.88
95.28
97.50
97.39
96.81
96.45
97.01
96.26
96.91
95.24
95.49
98.03
96.84
96.21
96.20
96.90
96.01
96.32
97.10
96.84
96.16
94.98
96.44
95.58
92.47
94.59
96.75
96.06
90.38
97.05
97.86
97.16
96.14
95.64
96.92
96.25
95.13
97.26
94.92
97.27
93.94
94.82
97.73
97.26
96.86
97.65
96.93
96.05
96.91
96.53
97.25
95.81
93.92
97.33
93.03
95.89
96.01
97.11
97.72
86.07
97.67
96.97
95.44
82.97
93.71
93.60
96.99
95.93
87.85
97.54
97.03
94.61
96.16
94.76
95.49
95.86
96.53
94.39
92.62
95.16
91.83
97.13
96.23
94.30
96.79
97.37
90.05
94.75
94.87
94.00
96.54
97.35
94.67
97.20
96.57
96.67
96.43
96.19
95.54
95.35
85.60
97.47
97.05
94.85
93.27
97.86
94.78
95.92
91.76
96.55
96.01
96.29
95.62
97.28
94.81
97.45
97.57
97.00
96.28
96.69
97.28
97.09
92.19
93.81
96.72
95.64
93.59
95.07
94.49
97.11
97.27
97.12
97.30
96.73
97.42
92.36
96.59
96.54
82.87
96.10
97.34
96.84
97.14
97.01
96.34
95.77
97.09
93.19
97.65
96.48
93.45
95.47
96.18
96.94
97.03
96.22
97.77
96.50
97.36
97.37
94.21
97.48
97.31
95.94
95.03
95.00
92.02
91.64
96.54
77.55
97.34
96.24
94.87
96.75
94.07
96.51
95.17
95.43
95.76
95.98
94.72
93.98
95.21
97.02
88.75
96.70
95.78
97.63
95.75
97.43
97.48
97.30
94.92
92.67
96.70
96.36
95.87
96.44
96.05
95.20
96.39
93.05
97.11
97.54
95.35
88.30
95.70
96.47
97.75
96.24
96.97
96.25
96.80
95.48
95.96
96.80
96.42
95.75
97.77
91.42
93.81
62.18
92.33
96.18
96.96
94.22
94.04
96.65
97.57
97.09
95.50
91.79
97.06
95.23
94.70
97.04
94.07
97.17
97.19
90.99
96.11
97.57
94.42
95.77
89.65
96.98
97.48
95.90
95.38
97.30
90.56
95.21
97.42
95.73
89.20
95.56
94.18
95.82
95.40
90.34
96.43
91.73
95.37
97.67
97.39
96.54
95.77
97.06
96.92
95.61
97.52
94.93
94.26
96.26
95.97
97.10
95.04
95.64
97.57
97.47
97.28
94.89
96.85
96.47
96.13
89.58
97.76
94.14
97.25
95.49
97.29
96.89
96.17
95.81
95.08
95.11
89.21
97.23
83.19
91.74
95.69
94.23
96.83
95.13
95.71
97.86
95.01
92.54
97.35
97.44
96.81
97.35
92.83
96.81
92.39
93.52
94.68
94.46
90.75
97.20
94.40
95.52
96.14
95.78
95.44
94.80
95.37
94.74
95.71
94.89
94.74
96.67
96.75
96.11
96.37
96.51
96.44
96.30
91.92
97.72
96.55
97.59
96.59
97.19
97.55
93.13
96.41
96.22
88.63
96.01
95.46
96.11
93.18
95.71
94.13
94.85
95.41
97.37
96.82
96.65
94.89
96.71
97.41
92.35
97.68
97.18
96.90
93.86
97.67
94.01
96.16
97.09
96.67
97.23
96.71
96.91
94.04
95.50
97.45
95.87
97.14
93.74
81.11
95.43
94.17
94.98
97.02
89.54
96.29
79.69
95.57
95.48
96.53
96.85
97.15
95.58
93.94
92.65
96.58
94.78
97.92
97.67
92.07
96.86
93.41
97.05
96.33
97.36
97.29
96.51
96.81
96.60
93.89
95.70
96.99
91.08
92.59
97.40
96.99
94.78
93.35
94.83
97.53
96.59
96.19
96.52
97.55
97.21
93.84
95.79
96.35
96.70
95.46
96.30
95.77
96.58
97.04
96.89
67.63
95.83
94.77
96.56
96.78
95.54
92.65
93.50
95.97
97.28
95.12
96.79
93.24
96.95
96.32
77.26
97.11
96.07
94.97
96.53
97.09
96.95
96.54
95.42
97.20
96.99
97.32
94.85
92.17
87.96
97.38
96.72
95.25
94.72
91.80
95.36
97.22
96.68
94.65
93.47
97.38
96.95
94.89
93.58
96.49
96.71
96.04
95.94
95.90
93.91
97.37
95.74
96.40
