95.28
95.66
95.94
94.83
95.21
96.24
96.05
95.81
96.52
96.64
96.53
95.98
96.32
95.45
96.17
96.11
95.17
96.08
96.40
96.24
95.95
94.60
96.55
96.14
95.67
96.19
95.36
95.95
94.83
96.07
95.68
95.83
95.82
95.46
95.34
93.91
96.31
95.75
96.00
96.32
95.53
95.58
96.16
95.92
95.10
95.94
95.79
96.72
96.36
96.05
95.68
96.22
95.91
95.27
95.91
95.33
96.18
94.91
95.50
95.45
95.45
93.88
96.02
95.86
94.76
94.50
95.42
96.13
95.16
95.85
94.65
95.51
94.80
95.28
96.23
95.24
94.82
96.03
95.40
96.31
94.85
95.84
96.04
95.13
95.75
96.17
95.44
95.78
95.77
94.44
95.93
95.75
95.78
96.19
94.88
95.31
95.78
96.51
95.83
96.77
95.81
96.12
96.22
96.50
94.05
96.48
94.97
95.82
95.34
95.55
95.59
96.65
95.73
95.25
95.67
96.05
95.47
96.25
95.03
95.88
96.15
96.21
96.27
94.74
95.92
95.72
95.97
96.56
95.18
96.10
95.89
96.45
96.51
95.88
95.87
96.31
93.98
94.57
96.24
95.28
94.05
95.51
95.05
95.62
96.16
96.25
95.20
94.99
96.03
95.57
95.51
94.05
95.98
96.05
93.76
95.31
94.24
95.93
96.82
96.24
95.94
96.54
96.07
95.48
95.34
95.77
95.40
95.50
96.48
94.88
95.68
95.75
95.82
95.79
95.76
96.15
95.12
95.68
96.29
95.65
96.61
95.86
95.35
96.16
95.82
94.90
95.91
96.03
95.68
95.94
96.24
95.74
96.34
96.72
95.91
94.71
95.88
95.17
95.71
95.62
95.13
96.02
95.72
96.35
95.71
95.21
96.11
95.44
95.88
96.02
95.76
96.22
95.57
96.19
96.73
96.51
96.37
95.75
94.52
95.13
96.07
94.97
95.73
96.60
96.51
96.42
96.29
94.89
95.87
95.85
96.24
95.72
95.75
95.28
95.39
96.19
95.67
95.15
95.23
96.09
96.07
94.94
95.55
96.44
96.84
95.99
96.19
96.05
95.49
95.76
96.32
95.47
95.09
96.22
95.01
96.18
95.68
95.67
95.60
95.45
95.92
94.27
96.11
95.30
95.36
95.50
95.08
95.58
96.09
94.33
95.37
94.94
95.57
95.62
95.92
95.66
94.67
96.46
96.49
96.55
95.31
96.31
96.43
95.91
94.10
94.96
95.04
95.59
94.30
96.07
95.98
96.07
95.66
95.33
95.54
95.99
95.66
96.31
96.02
95.43
95.91
95.69
96.36
95.79
95.77
96.58
95.90
95.99
96.12
96.57
95.26
96.19
94.96
95.57
95.85
96.31
95.24
95.48
96.80
95.91
96.13
95.92
96.27
96.17
96.29
96.34
95.40
96.05
96.01
96.13
95.71
95.73
95.49
96.49
95.67
96.31
95.40
95.83
95.35
96.17
94.91
95.81
95.30
95.98
94.62
95.07
96.03
96.44
95.14
95.63
95.03
96.04
95.47
95.55
96.23
95.94
94.80
95.38
95.94
95.36
95.16
95.09
95.85
95.49
96.22
93.97
95.54
95.27
95.53
95.50
95.35
95.45
95.09
94.62
94.40
94.20
95.59
96.39
96.16
93.96
95.89
96.07
96.10
95.48
96.14
95.83
95.54
94.85
95.08
95.04
96.00
96.10
94.44
95.52
96.35
95.74
95.96
95.63
95.98
96.40
96.41
95.37
95.63
96.20
95.15
95.63
95.63
95.90
96.72
96.59
94.93
95.81
96.06
96.00
96.13
95.97
96.12
96.40
95.82
96.26
96.19
96.08
95.89
95.13
96.22
96.28
95.64
96.10
96.02
96.75
95.78
95.63
94.57
95.63
96.13
96.24
95.70
96.57
96.04
96.16
95.61
96.37
95.46
95.46
96.12
96.02
96.29
95.22
94.53
95.70
95.02
96.31
96.31
95.92
95.43
95.03
96.19
95.78
96.43
96.26
96.15
95.77
96.16
96.00
95.56
96.22
96.37
95.30
95.06
96.18
95.11
96.63
96.69
95.65
95.76
94.45
95.49
95.96
96.05
96.95
95.30
95.52
96.04
96.05
96.20
96.43
95.71
96.41
96.27
95.66
96.62
95.79
95.80
95.42
94.98
95.43
96.54
94.65
96.37
95.74
96.40
95.82
94.84
95.57
96.27
95.62
93.40
95.23
94.80
95.41
96.44
96.07
95.59
96.28
96.66
95.92
96.35
95.32
95.81
95.33
95.72
96.38
95.74
96.06
95.77
96.54
96.76
96.56
95.90
93.38
96.74
96.12
95.80
95.64
95.59
96.09
96.24
94.75
96.43
95.16
95.73
95.21
96.13
95.71
96.15
94.65
95.41
96.23
95.83
95.92
95.70
95.74
96.35
93.21
96.50
96.35
95.29
96.13
96.31
95.55
95.69
96.15
95.94
96.82
93.38
94.60
96.48
95.66
96.18
95.79
96.72
95.40
96.10
96.08
95.84
96.57
96.21
95.30
95.46
95.49
95.51
96.87
96.33
94.36
96.19
96.07
96.12
95.18
94.52
95.50
95.30
96.03
95.89
96.21
95.48
96.27
96.47
96.41
95.50
96.50
94.30
96.43
95.69
95.56
95.89
96.23
95.96
95.33
96.18
95.57
94.84
96.06
95.15
95.67
96.21
96.33
96.41
95.75
96.17
95.28
95.26
94.01
96.18
96.38
95.44
96.49
95.00
96.34
94.94
95.28
96.65
94.99
95.97
94.35
96.07
95.91
94.94
96.10
95.04
96.06
95.76
95.71
93.90
95.60
95.92
96.26
95.11
95.79
96.44
95.70
95.80
95.85
95.97
95.39
95.55
95.85
95.60
95.44
95.82
95.84
96.34
96.22
95.93
95.96
95.83
94.63
96.21
95.91
95.73
96.06
96.15
94.42
95.36
95.43
95.98
96.34
95.25
96.11
95.06
96.16
94.83
96.08
96.00
95.41
95.37
96.57
94.58
96.46
96.69
95.40
95.49
96.20
96.41
95.68
94.97
95.89
96.31
96.20
96.22
94.72
95.83
96.05
95.74
96.32
96.16
95.52
95.12
95.39
95.60
95.37
93.90
95.20
94.74
95.45
96.27
96.12
95.93
95.00
95.49
96.58
94.76
96.04
95.34
95.71
95.00
96.77
96.00
95.94
96.44
96.14
95.69
94.81
95.90
95.05
95.38
95.37
95.24
95.68
96.19
95.82
95.88
96.55
96.94
95.41
95.33
95.39
96.55
93.72
95.01
96.43
96.66
94.47
96.27
95.55
95.85
95.85
96.40
96.06
96.35
95.76
94.08
94.38
96.28
95.72
95.51
94.72
94.73
96.31
95.61
94.10
94.67
95.82
95.99
95.06
96.07
95.68
95.63
93.92
95.76
96.43
95.87
95.91
96.36
96.37
95.63
96.34
95.93
96.28
95.28
95.81
96.00
95.56
96.41
95.70
95.59
96.24
96.07
94.49
95.32
94.66
95.68
94.07
95.51
96.64
95.41
96.01
94.94
95.98
96.48
96.54
95.73
95.78
95.25
96.03
95.48
95.17
95.80
96.77
94.95
95.16
95.30
95.44
95.83
95.53
94.15
96.39
95.40
95.49
95.82
95.81
95.61
95.08
96.20
96.25
96.06
96.37
96.61
96.08
96.46
94.95
95.89
95.18
95.89
96.12
96.38
95.31
96.38
96.27
94.70
95.89
95.25
96.29
95.98
95.41
95.88
95.85
95.93
96.39
96.11
95.02
95.70
94.60
95.53
95.56
95.15
95.05
95.95
96.46
96.14
96.35
95.92
96.71
96.72
96.17
95.72
95.45
95.92
95.87
96.20
96.41
96.28
96.58
96.05
95.96
95.16
95.40
94.83
95.92
95.25
95.62
95.26
95.94
95.34
96.16
96.23
96.11
96.66
96.08
95.15
95.89
95.87
96.03
94.76
96.23
94.75
95.57
95.93
95.91
95.75
95.69
95.62
96.61
96.53
95.76
95.96
95.83
95.13
96.69
96.72
96.34
95.70
96.11
95.68
96.58
96.76
94.33
94.98
96.17
96.31
95.52
95.54
94.48
95.35
95.39
95.84
95.34
95.97
96.47
96.15
95.90
94.64
95.68
94.86
96.30
95.51
96.27
94.60
95.70
96.90
96.68
96.18
95.00
95.69
94.74
95.00
96.15
95.95
95.27
96.09
96.29
95.84
95.51
95.85
95.99
95.90
95.42
96.10
95.00
95.71
96.35
95.77
96.22
94.63
95.95
94.60
96.00
96.26
96.14
96.53
96.24
96.33
96.34
95.92
94.21
95.75
93.33
96.54
95.28
96.12
96.75
95.83
96.66
95.56
94.25
95.59
96.30
96.56
96.10
96.15
95.79
