95.83
95.29
95.38
95.12
95.75
93.45
95.71
95.27
95.96
95.38
94.96
95.45
95.27
95.90
95.29
95.34
95.03
95.44
95.59
94.82
95.31
95.77
94.48
95.97
93.82
94.92
95.69
95.43
95.25
95.77
94.42
94.87
94.10
95.72
95.82
95.30
95.28
94.46
95.89
94.53
96.11
95.99
95.41
95.66
95.65
95.33
95.28
95.61
95.20
95.45
95.81
94.09
94.61
95.48
95.95
95.82
94.85
95.39
94.80
95.07
95.23
95.34
95.41
95.50
95.46
95.62
95.90
95.25
95.47
95.45
95.75
95.31
95.68
95.47
94.63
95.85
95.86
95.71
95.49
95.44
95.46
95.52
94.97
95.55
95.69
95.67
95.14
95.55
95.42
94.89
95.84
95.77
95.58
96.13
94.64
95.23
93.50
94.29
95.38
94.82
95.40
95.42
94.73
95.75
95.20
95.56
95.81
95.27
94.74
93.76
94.76
95.59
95.80
95.36
95.86
94.96
94.71
95.55
94.61
95.32
95.11
94.98
93.70
94.17
95.43
95.01
95.39
95.32
95.08
95.87
95.57
95.43
95.81
94.36
95.51
95.32
95.42
95.49
95.91
94.95
95.92
94.54
95.52
95.20
95.51
95.82
94.60
95.07
94.89
94.72
95.22
94.88
95.54
93.82
95.26
95.66
95.39
94.25
95.92
95.65
93.84
96.01
95.80
95.39
95.05
95.03
95.59
95.14
94.91
95.49
95.87
95.53
95.45
95.12
95.41
95.84
95.48
95.39
95.56
95.17
95.57
95.45
95.17
95.23
95.64
95.72
95.15
95.41
95.75
94.63
94.41
94.67
95.37
95.49
95.08
94.54
95.80
95.78
94.32
95.38
94.42
95.49
95.33
95.65
95.58
95.00
94.73
95.89
95.57
93.99
95.32
95.74
95.72
95.62
95.81
95.64
95.71
95.75
95.03
95.85
95.74
95.90
96.13
95.56
95.52
93.91
95.53
95.62
95.34
95.32
95.52
95.84
94.83
94.66
95.37
95.25
95.39
95.41
94.73
95.24
95.27
94.39
95.43
95.70
95.47
95.98
95.18
95.09
95.77
95.74
95.39
95.39
95.03
95.76
96.15
95.82
95.34
95.84
95.25
95.02
94.96
96.07
95.71
95.30
94.30
94.65
94.32
95.83
95.37
95.10
95.60
95.68
95.03
95.08
94.79
95.49
95.09
95.76
95.49
95.74
95.57
95.24
95.67
95.95
95.20
95.06
95.36
95.21
94.67
95.33
95.35
95.57
95.48
95.43
95.21
95.77
93.82
95.43
95.50
95.31
95.58
95.76
95.82
94.93
95.29
94.83
94.79
94.41
95.63
94.73
95.53
94.71
95.15
95.68
94.25
95.44
95.66
94.91
95.67
95.22
95.03
95.64
95.88
95.50
95.76
95.59
95.36
95.60
94.40
94.89
95.93
95.71
95.18
95.27
94.73
95.49
94.69
95.79
95.59
95.25
96.04
95.77
95.94
94.70
94.99
95.39
95.40
95.41
95.04
95.06
94.90
95.20
95.54
95.66
95.48
96.13
95.14
95.60
95.75
95.17
94.29
94.53
95.75
95.66
95.35
94.92
95.90
95.14
95.19
95.40
95.69
94.15
95.24
95.59
95.34
95.48
95.10
95.01
95.32
95.54
95.68
94.35
95.34
95.02
95.29
95.55
96.09
95.12
95.83
94.80
95.51
95.52
95.64
95.11
94.41
94.99
95.16
95.62
94.70
95.68
95.43
95.46
94.84
95.53
95.48
94.48
94.96
94.36
94.75
95.28
94.56
95.35
95.63
94.04
95.22
95.33
94.52
95.59
95.33
95.62
95.92
95.43
95.57
95.70
94.00
95.58
95.08
95.92
95.17
95.69
95.02
95.51
95.13
94.93
94.76
95.50
95.63
95.44
94.35
95.47
94.67
95.67
94.76
94.43
95.53
94.04
95.85
95.14
95.57
95.47
95.97
95.41
95.08
95.44
96.16
95.10
95.63
94.81
95.13
95.45
95.11
96.14
95.82
95.85
95.42
95.78
95.10
94.21
95.55
95.10
94.66
95.40
95.38
95.87
95.77
95.12
95.62
95.65
94.80
95.69
95.72
96.07
95.94
95.75
95.78
95.93
95.88
95.66
95.11
95.54
95.94
94.83
95.37
95.89
95.71
96.00
94.93
95.38
95.22
93.81
95.40
95.72
95.14
94.93
95.60
95.55
95.30
95.69
95.81
94.71
95.19
94.67
95.08
95.23
94.05
95.76
96.27
96.15
94.88
95.37
95.94
95.89
95.59
94.42
94.68
94.96
95.62
94.54
95.15
95.78
95.65
95.78
95.18
94.94
95.02
95.70
94.85
95.00
95.06
95.65
95.26
95.06
95.62
95.15
95.38
95.73
94.80
94.76
95.28
95.75
95.41
95.12
95.77
96.06
94.67
94.65
96.03
95.48
95.49
95.71
95.82
95.71
95.15
95.97
95.89
94.91
94.60
95.84
95.84
95.21
94.76
94.16
95.76
95.42
94.74
95.80
95.44
95.72
95.87
95.36
95.90
95.67
93.82
95.52
95.94
95.42
95.01
95.59
94.74
95.67
95.53
95.83
95.03
95.75
95.61
95.83
95.82
95.65
95.39
94.92
95.80
95.43
94.92
95.31
95.35
94.65
95.82
95.34
95.28
94.79
95.14
95.54
94.30
95.68
95.88
95.08
95.76
95.12
95.59
95.24
95.51
95.81
95.55
95.14
95.10
95.37
94.84
95.75
95.11
95.60
95.87
95.32
95.22
95.16
95.56
95.17
95.55
95.22
94.08
92.64
95.39
95.56
95.99
95.59
95.17
95.07
95.68
95.99
96.02
95.13
95.22
95.02
95.64
95.38
95.34
95.69
95.59
95.29
95.26
95.51
95.29
95.55
94.27
95.54
96.10
94.55
94.93
94.29
95.21
95.29
94.96
95.21
95.16
95.53
95.79
95.05
95.48
95.35
95.03
94.89
95.69
94.87
95.27
95.22
95.75
95.13
94.74
95.03
95.51
95.89
94.84
94.90
95.89
95.63
95.36
95.95
95.90
95.18
95.16
95.43
94.55
94.65
95.41
94.91
95.89
95.51
95.57
95.49
95.52
95.49
95.33
94.84
95.57
95.25
95.48
95.67
95.59
95.02
95.29
96.06
93.73
95.75
95.03
95.57
95.78
95.24
95.29
95.62
95.50
95.22
95.05
95.50
95.44
95.24
95.46
95.53
95.97
95.50
95.40
92.02
95.72
95.88
95.10
95.53
95.03
95.66
95.43
95.34
94.87
95.32
94.84
95.62
95.55
95.38
95.84
95.39
95.45
93.85
95.81
95.66
95.08
95.56
95.46
95.57
95.40
94.90
95.54
94.33
94.56
95.37
95.59
95.27
95.15
95.08
95.81
95.43
95.36
96.05
95.03
94.77
95.49
95.25
94.84
95.28
94.87
95.33
95.86
94.79
94.49
94.89
94.73
95.52
94.40
95.40
94.84
94.96
96.21
94.94
95.31
95.67
95.38
95.43
95.67
95.43
95.10
94.74
94.86
95.15
95.27
94.97
95.99
94.14
95.08
95.39
95.14
95.63
95.68
95.35
95.56
95.28
95.96
95.41
94.92
95.07
95.00
95.51
95.75
95.54
94.78
95.23
95.92
95.75
95.02
94.96
95.14
95.54
95.74
95.71
95.71
95.76
95.34
95.30
95.24
95.49
95.09
93.72
95.71
94.05
95.91
95.77
95.58
95.45
95.64
96.17
95.58
94.54
94.25
96.20
95.85
94.50
95.12
95.30
95.86
95.16
94.00
95.08
94.11
95.67
95.67
94.99
94.69
95.30
95.42
95.39
95.77
95.54
94.77
95.13
95.47
95.53
95.11
93.90
94.58
95.38
95.08
94.51
95.24
95.56
95.72
95.64
95.86
95.80
95.51
95.58
95.52
95.55
95.05
95.00
95.32
95.41
95.55
95.90
95.79
95.27
95.52
95.61
94.88
95.55
94.25
95.24
95.41
95.20
95.36
95.21
96.01
95.61
95.38
95.86
95.20
95.19
95.56
95.35
94.98
95.76
95.16
95.67
94.61
95.11
95.37
95.02
95.50
95.84
94.18
94.65
95.34
94.09
95.65
95.31
95.48
95.65
95.97
95.01
95.95
94.25
95.74
95.16
95.31
95.70
95.13
95.02
95.44
95.28
95.50
95.16
95.82
95.95
95.60
95.92
94.13
95.21
95.53
95.61
95.11
95.45
95.27
95.75
95.81
95.15
94.52
94.80
94.56
95.56
95.13
94.54
95.41
94.92
95.38
95.83
95.73
94.49
94.60
95.02
94.53
95.96
95.36
95.74
95.82
95.09
95.90
95.11
94.71
95.85
95.65
95.29
95.33
94.83
95.63
96.24
95.26
94.08
