96.95
96.66
96.63
96.70
96.72
96.54
96.63
96.59
96.58
96.76
96.83
96.29
96.80
96.73
96.63
96.76
96.84
96.78
96.72
96.94
96.67
96.56
96.51
96.69
96.58
96.75
96.82
96.59
96.74
96.73
96.23
96.62
96.63
96.48
96.55
96.67
96.72
96.48
96.56
97.01
96.66
96.88
96.46
96.95
96.48
96.78
96.59
96.79
96.88
96.52
96.63
96.44
96.72
96.70
96.72
96.63
96.37
96.96
96.81
96.74
96.47
96.88
96.82
96.71
96.62
96.86
96.76
96.51
96.50
97.00
96.60
96.67
96.51
96.68
96.99
96.80
96.62
96.59
96.58
96.36
96.72
96.64
96.66
96.30
96.74
96.67
96.87
96.82
96.71
96.69
96.78
96.94
96.81
96.45
96.64
96.70
96.52
96.70
96.66
96.52
96.78
96.61
96.70
96.67
96.94
96.60
96.70
96.49
96.62
96.89
96.44
96.89
96.73
96.70
96.61
96.53
96.75
96.83
96.70
96.84
96.46
96.60
96.45
96.65
96.17
96.56
96.97
96.72
96.69
96.40
96.71
96.49
96.39
96.52
96.73
96.86
96.87
96.65
96.89
96.89
96.71
96.54
96.84
96.78
96.67
96.51
96.88
96.42
96.47
96.62
96.73
96.75
96.63
96.61
96.92
96.68
96.87
96.79
96.63
96.39
96.61
96.65
96.62
96.85
96.59
96.60
96.87
96.66
96.96
96.80
96.57
96.60
96.83
96.94
96.68
96.76
96.96
96.64
96.71
96.56
96.89
96.68
96.80
96.78
96.55
96.88
96.67
96.56
96.18
96.79
96.77
96.64
96.71
96.65
96.92
96.69
96.70
96.90
96.43
96.52
96.81
96.65
96.75
96.67
96.86
96.78
96.76
96.73
96.63
96.65
96.94
96.56
96.95
96.57
96.81
96.47
96.82
96.53
96.89
96.55
96.69
96.80
96.91
96.73
96.66
96.68
96.63
96.75
96.78
96.62
96.79
96.59
96.73
96.71
96.96
96.51
96.60
96.44
96.95
96.66
96.79
96.69
96.83
96.72
96.55
96.70
96.79
96.80
96.92
96.74
96.77
96.81
96.70
96.72
96.79
96.79
96.51
96.76
96.87
96.78
96.79
96.47
96.84
96.58
96.50
96.72
96.94
96.81
96.78
96.69
96.60
96.89
96.50
96.54
96.85
96.91
97.05
96.87
96.68
96.69
96.78
96.66
96.88
96.60
96.72
96.57
96.41
96.90
96.96
96.78
96.35
96.28
96.80
96.21
96.64
96.65
96.73
96.68
96.81
96.82
96.61
96.84
96.69
96.72
96.90
96.87
96.67
96.58
96.71
96.68
96.80
96.74
96.47
96.95
96.45
96.54
96.73
96.46
96.73
96.67
96.75
96.68
96.48
96.72
96.83
96.60
96.48
96.56
96.50
96.63
96.72
96.70
96.65
96.85
96.79
96.66
96.77
96.64
96.51
96.61
96.59
96.89
96.68
96.88
96.68
96.49
96.73
96.72
96.69
96.79
96.56
96.83
96.60
96.54
96.67
96.61
96.62
96.67
96.65
96.83
96.40
97.08
96.35
96.41
96.88
96.71
96.94
96.73
96.55
96.39
96.70
96.72
96.70
96.63
96.63
96.65
96.82
96.73
96.40
96.52
96.71
96.72
96.42
96.60
96.45
96.83
96.82
96.87
96.73
96.59
96.76
96.45
96.67
96.40
96.72
96.79
96.42
96.82
96.51
96.80
96.54
96.77
96.61
96.53
96.74
96.62
96.78
96.75
96.65
96.48
96.73
96.57
96.65
96.96
96.76
96.77
96.79
96.64
96.71
96.54
96.76
96.80
96.78
96.81
96.55
96.54
96.79
96.64
96.84
96.85
96.77
96.74
96.51
96.50
96.93
96.55
96.51
96.46
96.58
96.74
96.71
96.96
96.76
96.73
96.91
96.68
96.55
96.84
96.83
96.82
96.79
96.74
96.74
96.62
96.60
96.65
96.89
96.75
96.88
96.72
96.73
96.66
96.70
96.53
96.84
96.75
96.78
96.73
96.67
96.65
96.62
96.66
96.67
96.66
96.80
96.66
96.75
96.93
96.54
96.60
96.59
96.75
96.79
96.58
96.61
96.54
96.81
96.49
96.05
96.73
96.38
96.63
96.72
96.70
96.57
96.85
96.62
96.80
96.58
96.64
96.74
96.43
96.67
96.49
96.98
96.82
96.56
96.77
96.92
96.69
96.56
96.31
96.81
96.78
96.57
96.77
96.75
96.78
96.74
96.42
96.72
96.70
96.57
96.73
96.46
96.74
96.56
96.75
96.59
96.54
96.82
96.77
96.86
96.78
96.72
96.48
96.71
96.62
96.70
96.61
96.85
96.77
96.68
96.56
96.69
96.95
96.95
96.78
96.74
96.80
96.58
96.87
96.57
96.79
96.31
96.60
96.49
96.60
96.66
96.84
96.72
96.68
96.64
96.62
96.83
96.50
96.76
96.73
96.67
96.74
96.87
96.76
96.69
96.77
96.69
96.74
96.77
96.94
96.43
96.70
96.69
96.80
96.61
96.78
96.73
96.74
96.63
96.73
96.43
96.58
96.58
96.67
96.60
96.77
96.79
96.69
96.73
96.58
96.56
96.72
96.85
96.81
96.56
96.87
96.92
96.63
96.58
96.79
96.83
96.59
96.69
96.85
96.65
96.77
96.55
96.65
96.53
96.52
96.72
96.63
96.83
96.65
96.63
96.53
96.54
96.83
96.99
96.69
96.53
96.50
96.53
96.56
96.64
96.63
96.48
96.55
96.63
96.55
96.47
96.71
96.87
96.39
96.85
96.48
96.91
96.61
96.45
96.73
96.72
96.50
96.72
96.62
96.82
96.87
96.42
96.63
96.58
97.05
96.88
96.83
96.59
96.88
96.75
96.82
96.57
96.58
96.15
96.77
96.74
96.73
96.92
96.38
96.77
96.76
96.58
96.57
96.70
96.98
96.64
96.67
96.87
96.83
96.52
96.59
96.62
96.55
96.53
96.62
96.47
96.63
96.53
96.72
96.65
96.71
96.64
96.73
96.59
96.52
96.49
96.78
96.58
96.83
96.69
96.67
96.49
96.81
96.63
96.83
96.64
96.81
96.67
96.64
96.71
96.80
96.51
96.70
96.72
96.83
96.51
96.62
96.64
96.99
96.78
96.82
96.87
96.45
96.67
96.49
96.85
96.54
96.90
96.60
96.60
96.53
96.73
96.79
96.52
96.83
96.54
96.74
96.63
96.61
96.79
96.88
96.60
96.68
97.10
96.70
96.63
96.91
96.66
96.77
96.82
96.20
96.61
96.53
96.70
96.77
96.76
96.63
96.56
96.58
96.53
96.79
96.69
96.70
96.84
96.67
96.86
96.77
96.68
96.56
96.71
96.70
96.58
96.56
96.70
96.72
96.67
96.82
96.55
96.72
96.42
96.84
96.66
96.81
96.65
96.65
96.76
96.53
96.64
96.57
96.70
96.57
96.75
96.65
96.62
96.79
96.77
96.56
96.48
96.59
96.78
96.73
96.78
96.84
96.21
96.80
96.75
96.51
96.80
96.90
96.47
96.65
96.73
96.88
96.42
96.72
96.63
96.80
96.81
96.40
96.85
96.69
96.69
96.52
96.80
96.97
96.63
96.74
96.71
96.65
96.79
96.65
96.86
96.71
96.64
96.79
96.76
96.72
96.61
96.71
96.64
96.68
96.74
96.63
96.89
96.53
96.75
96.69
96.92
96.44
96.79
96.36
96.69
96.37
96.76
96.72
96.49
96.74
96.66
96.82
96.93
96.63
96.87
96.69
96.76
96.53
96.48
96.67
96.71
96.81
96.77
96.48
96.61
96.71
96.36
96.66
96.92
96.94
96.83
96.89
96.43
96.74
96.68
96.75
96.73
96.88
96.62
96.58
96.87
96.45
96.76
96.50
96.66
96.63
96.72
96.53
96.59
96.63
96.69
96.60
96.41
96.74
96.46
96.61
96.42
96.38
96.75
96.69
96.87
96.81
96.45
96.68
96.40
96.61
96.73
96.95
96.57
96.63
96.76
96.63
96.86
96.81
96.72
96.78
96.59
96.79
96.44
96.92
96.73
96.86
96.87
96.78
96.66
96.87
96.76
96.61
96.98
96.78
96.78
96.73
96.76
96.84
97.03
96.59
96.74
96.63
96.68
96.58
96.77
96.65
96.77
96.66
96.88
96.54
96.23
96.83
96.83
96.74
96.69
96.84
96.75
96.86
96.74
96.82
96.63
96.62
96.77
96.79
96.87
96.62
96.66
96.44
96.74
96.42
96.85
96.84
96.68
96.56
96.62
96.18
96.83
96.82
96.71
96.78
96.68
97.14
96.45
96.68
96.63
96.45
96.75
96.78
96.72
96.75
96.76
96.67
96.87
96.92
