97.15
97.93
98.34
98.05
97.05
98.00
95.30
97.96
97.65
98.03
97.43
97.17
98.09
96.67
96.38
97.59
97.76
92.20
97.88
98.05
97.68
97.99
86.00
94.06
90.11
97.67
96.91
98.07
97.66
97.65
96.25
96.86
97.85
98.26
98.16
95.83
94.04
94.55
96.37
97.63
96.30
97.66
97.93
98.14
96.64
97.78
97.62
97.75
97.68
97.59
93.88
98.07
94.87
97.79
97.10
97.29
97.88
97.20
97.53
97.33
97.49
96.97
97.00
97.12
96.86
97.23
97.61
97.35
96.79
98.16
97.42
96.11
96.80
97.32
93.28
98.17
98.23
98.19
94.67
96.46
97.27
96.79
97.73
94.37
97.20
95.14
97.82
98.37
97.29
96.68
97.63
97.62
97.31
97.68
98.32
97.95
97.04
97.87
94.90
97.30
97.88
93.33
96.21
95.06
96.63
97.44
92.57
96.11
96.29
98.22
97.65
98.07
97.73
93.93
97.55
96.81
97.67
97.51
96.84
97.74
97.83
97.69
97.60
97.18
98.02
97.63
93.04
97.54
97.40
97.40
98.05
96.41
97.45
97.75
98.13
97.45
97.42
97.79
93.85
96.67
97.42
95.16
98.05
94.33
97.00
97.35
97.36
98.18
98.20
97.51
98.08
97.57
98.20
90.37
97.44
97.25
97.59
97.92
97.58
97.53
98.40
98.27
97.84
96.27
97.51
96.77
97.42
96.88
97.53
96.73
97.19
97.14
97.46
98.16
96.86
96.96
97.21
96.85
97.56
95.32
98.19
97.99
95.75
98.07
96.95
97.60
97.38
97.50
98.16
97.47
97.12
97.02
97.04
97.66
96.81
97.99
96.72
97.79
97.90
96.26
98.08
96.68
98.26
98.18
96.89
96.32
96.69
97.22
97.24
97.97
97.74
97.35
96.58
97.31
98.11
98.08
97.15
97.56
98.28
96.90
85.59
97.43
97.08
96.66
97.73
97.53
97.50
94.40
98.49
97.69
98.06
97.46
98.27
97.92
95.97
97.65
97.71
98.16
98.16
96.68
97.92
98.23
97.21
97.20
97.94
96.75
97.58
97.97
95.84
97.82
94.59
97.50
97.78
98.02
97.68
98.19
97.92
95.76
97.95
98.21
97.66
98.27
97.20
98.20
97.94
97.98
91.90
97.14
97.69
97.81
97.09
96.75
94.06
93.62
98.26
97.79
98.18
97.01
96.47
98.16
98.19
97.33
97.08
97.10
97.41
96.76
97.19
98.08
97.82
95.35
97.57
98.36
96.71
94.29
97.42
96.48
98.19
95.82
97.23
98.17
97.69
95.51
98.12
96.99
97.86
97.48
97.11
98.16
97.65
97.09
97.10
97.43
97.84
98.05
97.66
97.78
94.18
97.06
97.39
97.54
96.58
97.81
92.47
97.96
97.20
97.14
91.35
97.46
96.65
88.75
95.94
95.83
97.56
97.57
97.21
98.22
96.81
93.83
97.90
98.29
97.53
97.77
98.14
97.34
97.12
97.63
97.85
97.87
98.06
97.14
94.51
97.17
88.84
96.88
98.02
95.51
98.07
96.15
98.09
97.67
93.92
85.23
98.07
97.58
97.19
96.78
98.13
97.64
97.40
97.91
97.38
97.39
97.71
98.18
97.85
96.68
98.10
97.52
97.43
97.83
94.23
97.00
96.10
98.25
97.88
97.82
87.28
96.82
98.07
97.41
97.58
96.73
97.90
98.08
97.24
97.12
97.60
96.53
97.55
97.78
97.22
97.75
98.24
97.39
97.41
98.02
97.62
97.69
96.85
97.96
97.30
97.82
98.02
98.04
98.03
98.40
96.90
98.36
98.27
97.75
95.91
97.88
97.76
97.71
97.87
96.60
97.58
97.97
97.53
96.87
97.59
95.53
97.95
96.32
98.14
96.97
96.94
96.59
97.65
98.05
98.42
97.68
97.54
97.78
97.89
97.45
96.84
97.48
97.49
97.22
97.89
98.14
97.41
97.17
97.26
92.78
98.30
97.84
96.00
97.90
96.39
97.91
97.00
95.97
98.05
97.38
98.35
97.63
98.10
96.23
91.06
98.23
97.09
98.19
98.01
96.47
97.94
97.87
97.39
97.59
97.26
98.01
97.19
98.15
98.09
97.74
98.48
97.70
96.40
97.39
97.97
97.55
97.83
97.83
97.00
97.66
97.34
98.32
97.84
98.07
97.31
98.29
98.12
97.35
97.09
97.68
97.01
97.60
96.84
97.88
97.18
97.80
97.41
97.91
98.18
96.47
97.53
97.26
97.00
98.13
91.85
96.20
96.86
97.61
98.46
96.72
97.52
97.32
95.99
97.64
98.11
96.76
97.47
97.01
98.15
96.05
97.67
98.06
97.16
97.98
96.70
97.35
98.25
97.11
97.33
97.02
98.04
98.07
97.60
96.76
97.76
91.36
98.21
97.97
97.48
98.04
97.74
98.13
97.39
97.85
97.12
97.43
96.82
96.15
97.64
98.03
97.68
97.18
95.41
98.22
98.05
98.18
98.01
97.95
97.46
98.06
97.93
98.29
97.16
97.97
98.18
97.80
97.32
95.74
97.54
97.69
98.21
97.28
97.90
97.08
95.54
96.36
97.89
96.54
96.88
97.28
97.42
97.91
96.73
97.65
97.71
98.14
97.88
98.35
98.08
96.53
98.02
97.20
96.60
98.10
98.44
97.41
97.96
96.97
98.08
97.44
97.30
97.32
96.56
97.40
97.48
97.89
97.78
96.98
97.76
96.00
97.89
98.06
98.14
97.17
97.69
96.75
97.67
98.20
97.58
90.30
98.17
97.98
97.80
97.92
97.26
98.02
97.35
98.13
98.26
96.15
97.71
97.98
97.90
97.88
96.70
98.04
94.70
95.22
97.05
97.62
95.02
96.68
97.42
98.14
97.73
96.77
97.37
97.97
97.60
96.78
97.31
97.59
98.33
97.92
97.26
93.97
95.17
98.05
96.19
97.57
97.92
96.29
90.96
97.79
97.68
97.10
97.68
96.36
97.64
97.61
95.95
97.14
97.88
96.99
98.23
98.02
97.25
97.40
96.26
95.75
97.71
98.02
97.23
97.75
95.85
95.11
97.37
98.08
97.64
97.80
94.94
98.12
97.19
97.61
96.89
97.86
96.74
98.01
94.40
96.53
96.41
96.79
92.53
97.18
97.00
97.97
97.15
97.29
95.91
96.68
97.85
97.27
97.67
97.56
96.88
95.68
98.43
95.23
96.89
98.04
97.83
96.73
97.32
97.69
95.39
97.10
98.09
96.82
97.99
98.34
97.67
97.91
95.86
97.38
95.96
96.68
97.15
98.07
96.68
98.21
97.90
97.98
98.22
96.36
93.78
97.44
97.22
95.77
95.82
97.09
97.77
97.15
97.67
97.99
96.93
98.38
96.44
98.08
97.96
97.30
97.54
97.92
97.48
98.25
98.61
97.95
97.69
98.01
97.81
97.39
96.94
97.15
97.73
98.50
97.51
98.00
97.75
97.24
96.31
98.44
97.63
92.25
97.80
97.15
98.35
98.13
97.85
96.19
97.79
97.95
98.31
97.67
97.56
97.57
97.81
96.96
97.23
97.24
97.41
97.31
97.45
97.51
97.63
96.34
98.27
97.77
97.95
96.91
95.86
97.99
97.38
97.64
96.90
96.94
98.13
95.55
98.00
96.24
97.15
97.55
97.97
98.06
97.29
97.76
97.97
96.13
94.89
96.99
96.48
98.08
98.13
96.66
95.91
98.10
97.20
95.90
98.26
97.77
97.73
98.33
98.17
97.40
96.82
93.16
97.82
97.42
97.71
97.25
96.44
97.67
97.77
97.33
97.16
97.73
96.92
96.68
97.71
97.07
97.73
97.66
97.77
97.64
93.05
98.16
98.12
97.35
97.09
97.02
96.00
97.25
97.39
98.08
98.13
98.32
96.86
96.75
98.00
97.27
97.55
97.13
97.13
96.40
97.52
97.68
97.17
95.33
97.86
96.97
95.89
97.24
97.87
94.80
97.13
97.69
97.23
89.52
96.84
97.17
97.53
96.41
96.18
97.28
97.51
97.22
97.36
98.07
98.19
95.07
98.46
97.83
97.82
97.82
96.21
96.18
95.88
96.01
97.62
98.04
97.85
97.55
96.13
96.77
97.05
95.58
97.79
97.04
97.99
96.76
97.10
98.14
97.42
97.83
97.35
98.45
97.39
98.08
96.78
97.62
98.12
96.87
97.65
97.01
97.87
97.25
97.49
97.80
95.36
97.47
96.92
98.05
97.80
95.51
97.56
98.01
98.00
97.89
97.52
94.63
98.06
97.81
96.92
97.06
89.73
98.29
97.32
96.35
97.31
96.64
97.72
94.27
97.24
97.42
97.62
95.48
98.15
96.34
97.13
96.50
98.13
97.81
95.95
98.06
97.72
97.84
