98.49
98.73
98.44
97.98
98.45
98.64
98.49
98.46
98.71
98.44
98.14
98.52
98.12
98.49
98.45
98.67
98.22
98.73
98.14
98.65
98.60
98.47
98.58
98.46
98.60
98.35
98.42
97.77
98.50
98.43
98.41
98.37
98.21
97.92
98.32
98.28
98.45
98.46
98.42
98.57
97.68
98.61
98.54
98.33
98.64
98.47
98.25
98.43
98.43
98.50
98.61
98.46
98.26
98.55
97.86
98.37
98.27
98.56
98.12
98.68
98.46
98.50
98.58
98.38
98.08
98.55
98.36
98.58
98.41
98.66
98.48
98.59
98.35
98.48
98.45
98.42
98.46
98.56
98.53
98.40
98.64
98.58
98.39
98.31
98.47
98.48
98.74
98.55
98.39
98.42
98.49
98.57
98.58
98.51
98.61
98.17
98.65
98.32
98.67
98.63
98.28
98.33
98.42
98.61
98.37
98.52
98.58
98.49
98.44
98.06
98.38
98.50
98.75
98.35
98.54
98.53
98.27
98.51
98.49
98.58
98.32
98.68
98.35
98.38
98.46
98.33
98.71
98.36
98.33
98.69
98.46
98.45
98.57
98.45
98.54
98.38
98.54
98.20
98.43
98.09
98.61
98.53
98.31
98.63
98.72
98.44
98.60
98.49
98.50
98.60
98.58
98.74
98.70
98.59
98.39
98.29
98.39
98.51
98.68
98.63
98.61
98.54
98.48
98.31
98.55
98.36
98.51
98.38
98.69
98.47
98.47
97.94
98.52
98.48
98.52
98.81
98.72
98.60
98.40
98.26
98.30
98.34
98.68
98.62
98.49
98.66
98.59
98.16
98.18
98.53
98.39
98.38
98.61
98.45
98.17
98.33
98.59
98.63
98.41
98.56
98.75
98.29
98.76
98.55
97.54
98.39
98.65
98.32
98.39
98.04
98.60
98.40
98.39
98.67
98.57
98.30
98.58
98.26
98.50
98.25
98.63
98.60
98.15
98.54
98.57
98.46
98.38
98.69
98.39
98.21
97.68
98.28
98.11
98.72
98.30
98.61
98.51
98.30
98.71
98.37
98.36
98.41
98.40
98.52
98.72
98.42
98.24
98.43
98.49
98.37
98.47
98.71
98.12
98.38
98.45
98.42
98.37
98.39
98.58
98.60
98.46
98.44
98.42
98.54
98.21
98.47
98.37
98.13
98.65
98.56
98.58
98.54
98.26
98.53
98.51
98.39
98.34
98.52
98.35
98.46
98.53
98.30
98.38
98.41
98.55
98.37
98.55
98.38
98.44
98.40
98.32
98.59
98.56
98.39
98.32
98.12
98.54
98.55
98.52
98.49
98.41
98.48
98.09
98.55
98.77
98.12
98.53
97.92
97.79
98.36
98.34
98.54
98.57
98.70
98.55
98.55
98.57
98.54
98.39
98.44
98.59
97.98
98.51
98.45
98.13
98.41
98.18
97.97
98.38
98.59
98.53
98.36
98.74
98.48
98.27
98.60
98.56
98.58
98.48
98.52
98.51
98.56
98.51
98.70
98.48
98.47
98.50
98.15
98.37
98.53
98.46
98.50
98.58
98.57
98.64
98.39
98.28
98.70
98.55
98.72
98.48
98.52
98.61
98.50
98.29
98.56
98.26
98.32
98.67
98.38
98.56
98.42
98.41
98.61
98.49
98.21
98.41
98.52
98.28
98.44
98.47
98.36
98.43
98.51
98.28
98.48
98.43
98.58
98.60
98.31
98.23
98.52
98.56
98.62
98.29
98.57
98.29
98.39
98.34
98.71
98.24
98.62
98.43
98.42
98.53
98.61
98.55
98.63
98.64
98.20
98.45
98.38
98.56
98.54
98.49
98.52
98.43
98.51
98.81
98.69
98.17
98.60
98.49
98.40
98.36
98.69
98.42
98.50
98.45
98.17
98.73
98.42
98.50
98.53
98.34
98.63
98.50
98.47
98.66
98.43
98.26
98.62
98.35
98.60
98.63
98.66
98.41
98.48
98.66
98.67
98.48
98.75
98.04
98.45
98.54
98.55
98.52
98.57
98.31
98.68
98.63
98.42
98.54
98.43
98.35
98.46
97.89
98.34
98.41
98.42
98.61
98.34
97.59
98.53
97.94
98.51
98.08
98.46
98.42
98.32
98.64
98.63
98.16
98.52
97.78
98.52
98.31
98.64
98.08
98.19
98.69
98.59
98.29
98.52
98.56
98.29
98.66
98.17
98.57
98.37
98.53
98.53
98.37
98.45
98.44
98.53
98.52
98.42
98.73
98.51
98.13
98.51
98.48
98.54
98.55
98.40
98.45
98.35
98.43
98.43
98.52
98.31
98.54
98.54
98.53
98.33
98.36
98.47
98.73
98.54
98.25
98.49
98.25
98.42
98.67
98.55
98.56
98.41
98.50
98.53
98.14
98.23
98.28
98.43
98.46
98.56
98.37
98.31
98.54
98.60
98.14
98.50
98.45
98.64
98.62
98.45
98.38
98.62
98.49
98.45
98.54
98.13
98.56
98.40
98.50
98.78
98.39
98.65
98.51
98.27
98.63
98.58
98.10
98.69
98.40
98.67
98.43
98.50
98.40
98.48
98.50
98.55
98.63
98.37
98.44
98.25
98.12
98.30
98.41
98.27
98.56
98.21
98.55
98.45
98.15
98.35
98.76
98.61
98.72
98.42
98.66
98.29
98.51
98.00
98.54
98.49
98.58
98.52
98.04
98.45
98.56
98.71
98.64
98.46
98.52
98.41
98.57
98.53
98.45
98.53
98.26
98.51
98.68
98.71
98.43
98.47
98.68
98.57
98.51
98.15
98.59
98.38
98.63
98.34
98.67
98.67
98.18
98.61
98.49
98.65
98.65
98.79
98.55
98.52
98.42
98.46
98.77
98.38
98.54
98.13
98.62
98.33
98.45
98.41
98.43
98.33
98.64
98.58
98.54
98.31
98.50
98.39
98.29
98.49
98.49
98.10
98.59
98.17
98.50
98.03
98.31
98.73
98.63
98.36
98.37
98.37
98.54
98.48
98.29
98.34
98.40
98.32
98.60
98.69
98.37
98.42
98.54
98.39
98.45
98.54
98.47
98.59
98.66
98.47
98.29
98.16
98.43
98.14
98.48
98.67
98.49
98.65
98.33
98.46
98.15
98.30
98.59
98.59
98.50
98.38
98.55
98.35
98.32
98.57
98.42
98.56
98.54
98.41
98.59
98.48
98.46
98.60
98.51
98.15
98.75
98.54
98.09
98.46
97.78
98.38
98.38
98.12
98.25
98.27
98.48
98.33
98.51
98.51
98.23
98.01
98.32
98.38
98.62
98.55
98.49
98.25
98.36
98.09
98.43
98.43
98.45
98.38
98.25
98.43
98.46
98.58
98.49
98.73
98.57
98.51
98.51
98.35
98.21
98.43
98.53
98.52
97.96
98.57
98.58
98.57
98.53
98.58
98.22
98.52
98.59
98.59
98.72
98.44
98.61
98.37
98.76
98.30
98.55
98.30
98.61
98.49
98.49
98.61
98.62
98.43
98.68
98.55
98.60
98.60
98.63
98.37
98.66
98.51
98.42
98.46
98.28
98.56
98.15
98.55
98.51
98.33
98.16
98.47
98.48
98.48
98.44
98.57
98.42
98.45
98.29
98.62
98.31
98.49
98.72
98.27
97.87
98.42
98.40
98.62
98.45
98.76
98.30
98.36
98.45
98.22
98.54
98.63
98.17
98.59
98.33
98.19
98.64
98.47
98.48
98.16
98.36
98.32
98.53
98.73
98.45
98.55
98.43
98.57
98.54
98.44
98.47
98.39
98.70
98.24
98.39
98.73
98.47
98.14
98.57
98.51
98.28
98.70
98.72
98.37
98.63
98.12
98.65
98.60
98.52
98.20
98.37
98.39
98.55
98.27
98.48
98.59
98.38
98.35
98.67
98.56
98.41
98.72
98.35
98.50
98.28
98.57
98.09
98.45
98.49
98.60
98.34
98.55
98.04
98.32
98.42
98.43
98.60
98.64
98.56
98.61
98.35
98.68
98.44
98.25
98.57
98.32
98.38
98.44
98.58
98.60
98.24
97.94
98.28
98.48
98.51
98.35
98.38
98.16
98.61
98.56
98.39
98.65
98.42
98.35
98.51
98.21
98.49
98.36
98.48
98.60
98.45
98.44
98.28
98.37
98.67
98.50
98.35
98.56
98.65
98.56
98.42
98.40
98.50
98.19
98.40
98.16
98.68
98.39
98.16
98.61
98.55
98.57
98.61
98.33
98.25
98.46
98.48
98.58
98.41
98.36
98.67
98.63
98.26
98.27
98.37
98.57
97.85
98.48
98.60
98.41
98.38
98.26
98.21
98.57
98.69
98.56
98.61
98.31
98.52
98.07
98.53
98.71
98.41
98.41
98.08
98.55
98.11
98.45
98.67
98.54
98.62
98.60
98.40
98.55
98.39
98.35
98.53
98.22
98.42
98.64
