33.78
41.07
49.58
41.60
36.40
38.62
51.61
39.37
38.39
28.45
27.02
42.07
38.16
40.17
40.65
36.41
30.33
14.36
42.04
14.11
47.22
43.33
36.69
56.28
53.59
18.54
46.00
42.87
37.23
24.11
28.15
42.61
47.35
41.10
53.61
37.07
17.33
50.70
31.14
45.07
40.62
33.47
42.52
36.98
37.41
49.07
24.98
47.41
62.77
33.63
25.19
40.49
42.01
26.84
33.68
29.75
33.33
28.51
19.08
27.76
33.55
36.51
43.20
39.07
34.14
37.76
15.83
49.90
34.87
54.12
30.60
34.85
51.53
29.33
27.33
29.18
39.31
51.47
39.82
47.24
21.24
44.03
30.87
36.38
31.82
31.51
41.45
32.51
27.54
34.70
29.79
21.29
31.39
41.63
47.25
40.35
34.75
27.33
20.89
31.48
45.90
46.06
29.81
39.43
23.76
38.48
48.16
24.12
67.00
37.33
44.97
37.49
44.56
41.62
49.22
47.36
47.90
35.32
31.62
30.43
20.63
31.95
48.46
55.98
38.20
33.63
19.77
34.70
47.41
50.53
51.16
41.58
58.86
20.68
29.75
33.86
46.65
44.26
43.88
27.59
13.92
25.36
47.57
17.46
37.35
26.01
38.56
57.41
30.43
33.65
32.54
43.92
42.39
49.91
39.39
39.52
40.77
41.73
50.66
46.09
40.08
37.30
36.99
19.96
22.78
35.55
30.60
39.70
39.73
20.56
37.39
48.51
38.78
28.42
53.45
53.79
40.70
42.00
17.70
33.62
23.85
26.97
32.51
47.74
22.96
44.91
37.59
48.77
41.07
41.00
38.13
51.45
41.50
35.57
24.47
42.64
30.98
46.38
20.64
49.21
24.50
38.85
16.70
33.41
15.75
47.57
45.48
31.06
51.50
29.91
34.37
53.84
36.09
24.42
45.04
44.88
25.11
36.36
38.79
38.94
42.48
61.70
25.60
43.58
35.27
38.01
62.94
51.23
39.30
45.31
20.58
15.55
37.50
45.89
40.60
48.90
42.31
57.89
39.58
39.37
31.17
51.62
30.26
38.45
25.19
29.90
39.83
45.18
57.11
46.03
62.36
30.37
45.22
25.31
49.52
37.23
38.50
29.62
28.19
29.20
55.55
38.88
30.88
45.02
38.76
23.51
38.76
28.25
47.69
17.43
33.94
27.50
35.84
40.65
38.57
46.22
34.93
44.54
23.34
42.17
21.71
43.06
24.62
28.73
31.15
34.17
32.42
65.52
35.85
46.79
19.11
34.51
47.08
19.49
19.92
41.31
39.43
36.68
34.69
41.98
49.00
34.18
34.19
30.10
43.67
36.45
35.80
42.63
19.56
41.07
22.58
30.57
34.04
33.27
44.65
24.58
51.12
30.45
45.29
35.49
46.54
24.16
46.12
30.86
44.75
19.47
37.18
35.85
29.18
31.54
39.16
24.51
40.64
40.32
37.70
32.57
58.89
43.53
15.79
39.41
42.51
46.96
39.53
36.63
41.79
49.76
38.04
36.75
40.62
45.16
49.63
42.19
34.06
41.17
48.87
42.95
41.66
52.71
57.83
42.59
36.91
31.99
39.33
54.37
32.29
32.95
36.85
57.94
37.39
31.58
46.70
31.01
27.29
38.21
45.05
42.97
48.29
49.14
44.57
47.81
44.53
54.41
21.96
38.65
24.81
34.07
39.43
46.38
40.17
62.38
54.15
14.76
33.50
57.83
46.34
32.32
47.14
33.73
20.46
28.72
30.18
43.93
36.40
37.39
54.31
33.11
36.17
47.45
40.76
50.10
50.30
28.62
35.85
44.41
36.51
18.34
44.88
42.70
56.24
38.06
40.21
36.22
27.60
43.32
30.39
43.62
55.80
53.49
59.07
46.71
47.56
27.35
35.56
20.76
28.15
50.71
50.86
16.65
29.59
44.64
22.58
32.49
52.52
33.93
41.83
26.97
28.83
16.85
19.54
47.68
41.27
21.80
34.65
51.66
25.32
24.79
40.52
31.34
36.73
46.95
55.26
27.57
28.89
44.15
37.49
33.34
40.67
48.68
18.40
42.82
42.79
42.48
48.64
15.74
26.48
48.09
34.92
25.18
22.95
35.29
39.13
27.05
44.14
37.83
40.97
47.61
46.58
31.06
25.28
29.81
57.42
33.27
31.73
24.85
45.49
47.02
59.37
32.68
53.12
52.75
41.78
37.28
31.79
43.53
35.92
29.54
35.17
50.62
32.85
45.28
42.77
30.45
21.97
38.79
30.58
58.01
20.33
26.91
38.74
37.50
29.32
22.34
30.84
34.34
32.60
45.68
21.88
42.77
52.89
22.48
58.12
43.35
65.51
45.10
44.18
42.68
32.57
30.25
39.19
48.47
49.14
34.18
20.00
46.15
21.22
35.11
41.57
36.37
16.81
32.41
42.97
46.66
38.47
47.34
45.68
20.08
25.72
41.22
37.30
43.57
32.63
40.80
55.45
40.76
26.74
52.86
28.72
43.97
48.08
35.25
55.66
41.01
58.26
20.73
15.20
52.00
24.12
49.68
19.60
35.29
48.46
35.32
32.03
51.92
33.85
33.88
37.37
52.61
26.69
39.78
39.13
34.89
36.01
36.59
53.91
43.66
30.32
43.61
35.83
32.86
43.85
15.22
55.12
20.88
16.48
25.66
32.50
28.44
40.81
35.83
18.64
26.09
18.73
41.89
42.35
61.68
33.21
36.07
38.55
47.50
34.90
34.81
39.85
46.30
36.88
31.77
38.77
21.55
18.54
29.21
45.95
17.36
43.51
43.95
26.70
27.16
44.06
43.36
41.58
47.90
51.57
37.43
30.25
40.27
53.34
38.31
46.21
42.13
31.06
53.18
41.92
41.37
46.48
48.97
28.52
48.54
21.23
44.20
32.30
51.23
38.51
44.36
36.67
36.74
41.91
46.35
37.72
17.75
19.15
35.90
38.56
43.72
61.47
44.85
44.68
40.53
56.19
46.58
33.62
28.20
31.51
44.55
39.87
42.49
38.09
50.28
50.56
50.33
14.54
37.82
50.49
37.97
43.91
40.27
26.55
34.93
51.91
42.95
41.05
52.39
44.32
43.66
36.62
46.64
40.06
46.51
52.14
36.93
34.06
33.34
38.48
37.79
28.70
46.97
52.11
42.93
25.49
28.03
35.42
32.12
33.99
59.62
22.45
36.87
35.57
44.89
51.84
22.68
49.99
25.19
26.17
36.40
50.77
24.61
31.09
38.41
39.71
24.93
47.67
19.44
33.24
24.70
37.62
38.85
42.89
27.22
51.44
52.96
33.14
34.29
44.99
25.64
44.81
17.55
38.43
19.99
58.18
21.98
48.39
50.92
36.46
44.94
33.13
19.95
21.63
40.16
31.35
39.49
41.74
32.23
18.31
29.00
38.97
12.74
35.13
23.94
20.69
35.47
30.73
33.41
47.36
56.93
26.28
54.16
52.31
20.53
21.27
53.92
30.31
57.67
29.21
43.57
44.46
46.71
34.59
45.16
45.50
18.42
40.08
47.89
40.26
50.02
23.94
47.55
38.78
45.17
49.90
48.44
51.67
21.39
41.25
33.29
23.62
54.02
44.11
41.02
43.12
26.00
56.58
43.18
31.32
27.09
30.38
53.92
14.16
38.65
47.10
51.36
51.94
49.79
28.34
37.94
14.01
49.70
40.12
35.33
36.94
33.43
27.31
31.42
45.16
28.39
32.57
58.02
48.39
28.98
35.38
48.10
52.34
23.75
45.18
30.46
30.33
36.02
38.08
50.57
35.72
53.33
37.14
14.48
39.98
35.17
17.64
38.38
23.69
51.09
48.77
46.07
31.11
30.79
21.41
44.58
57.88
44.91
55.97
14.80
38.25
56.44
43.21
30.89
49.12
40.73
40.72
43.30
34.10
22.52
28.98
25.01
38.27
36.46
28.46
33.21
45.82
48.96
32.35
51.54
30.60
34.12
53.12
35.29
33.00
47.81
10.60
63.58
26.63
40.71
44.80
36.46
25.61
35.27
38.74
51.57
43.71
46.42
46.61
56.70
38.89
18.93
28.63
37.28
46.53
31.72
28.97
45.14
34.38
36.70
34.78
44.85
24.72
35.70
39.72
37.83
33.14
29.59
50.04
42.87
42.69
41.96
34.67
39.88
25.22
43.01
41.37
24.39
46.60
43.99
37.27
45.67
55.29
47.79
38.33
38.54
52.45
41.15
32.09
33.20
36.45
33.13
37.54
21.43
25.86
44.07
49.09
38.52
46.19
34.55
49.88
49.41
32.68
34.52
52.98
16.84
38.84
18.20
44.01
54.56
26.63
40.77
31.54
42.18
27.36
31.15
51.58
52.96
48.02
34.88
38.44
39.94
52.77
33.58
31.94
34.90
47.29
50.35
41.60
37.51
21.33
41.87
31.53
41.23
