97.01
98.04
98.10
97.62
97.40
98.09
97.48
97.39
97.75
97.88
97.45
97.07
97.53
98.20
98.07
97.79
97.71
97.91
97.99
97.94
97.88
97.46
98.03
97.82
98.19
97.89
97.57
98.23
97.43
97.39
97.75
97.70
97.51
98.03
98.23
92.96
97.10
97.52
98.03
98.00
98.53
98.01
98.07
97.44
98.27
98.09
98.02
96.92
97.39
97.76
98.00
96.92
97.97
98.20
97.10
98.34
97.08
97.53
98.03
96.14
97.84
97.17
95.99
97.27
97.65
98.06
96.30
97.36
97.86
98.07
97.53
97.58
97.98
98.27
97.84
96.53
97.18
97.64
97.05
97.88
98.16
97.40
97.76
98.12
97.39
97.57
97.52
98.05
97.19
97.80
98.29
98.18
97.99
97.65
98.03
98.15
97.82
97.53
97.86
98.30
98.10
98.34
97.60
97.96
97.15
97.82
97.31
98.00
97.32
97.41
97.80
97.58
97.98
98.22
96.34
95.98
97.94
97.85
98.05
97.74
97.67
97.10
98.12
97.55
97.80
97.47
95.70
97.77
97.93
97.98
98.28
97.59
97.92
97.57
97.59
97.53
97.94
97.55
97.50
97.85
98.07
97.90
97.90
97.06
98.16
98.07
97.51
96.99
97.89
97.84
97.37
97.17
97.70
98.31
97.32
97.05
97.85
97.79
97.83
97.23
97.47
98.10
96.45
97.61
98.19
97.89
98.34
95.95
98.28
97.40
96.94
97.26
97.62
98.54
98.10
98.00
98.32
96.42
97.74
96.39
95.97
97.74
97.68
97.55
97.46
97.98
97.38
96.77
98.17
97.70
98.40
97.77
97.52
97.65
97.30
97.95
97.67
98.11
97.26
98.22
97.79
97.08
98.31
98.01
97.27
98.24
98.17
97.30
97.93
98.36
97.93
97.53
97.92
96.76
98.12
98.36
97.78
97.44
96.49
97.93
97.61
98.10
97.93
97.71
98.17
98.14
98.18
97.04
98.30
98.20
97.63
98.27
97.93
96.08
97.97
97.77
98.37
98.27
96.79
98.09
98.04
97.71
97.86
97.33
98.44
97.77
97.69
97.92
97.38
97.50
97.79
97.00
97.72
98.04
97.98
98.42
97.97
98.00
97.42
97.46
98.15
98.07
96.28
98.17
97.13
96.34
97.85
97.86
96.43
97.63
97.42
96.77
97.90
97.45
97.87
97.96
97.20
97.77
96.28
97.64
97.16
98.15
97.46
96.77
98.21
97.44
96.13
97.96
96.83
97.39
98.32
96.87
98.05
98.19
97.94
97.15
98.07
97.79
98.09
98.10
98.09
95.81
97.75
98.10
98.34
98.27
97.64
97.81
98.09
97.71
95.71
98.14
97.89
97.76
97.26
97.36
97.48
97.73
97.68
98.02
97.55
97.91
97.14
98.07
98.02
97.41
97.86
96.31
97.49
98.23
97.66
97.36
97.55
96.63
97.75
97.93
97.34
98.00
96.70
97.11
98.30
97.83
97.78
97.74
97.85
95.97
98.32
97.96
98.15
97.88
97.66
96.24
96.80
97.42
97.86
97.94
97.02
97.20
96.62
98.18
97.94
97.60
96.93
96.77
97.34
97.97
97.81
97.98
97.30
97.36
98.04
97.69
97.83
97.37
98.37
97.92
97.73
98.25
97.98
95.26
97.97
97.35
97.31
97.59
98.13
97.56
97.50
95.06
97.46
97.64
97.65
97.84
97.66
97.20
98.13
97.62
98.20
96.75
97.05
94.80
98.12
97.99
97.78
97.83
98.09
97.79
98.18
97.46
97.80
98.44
98.24
97.62
97.31
98.08
98.43
98.46
97.12
98.10
97.93
97.93
97.86
97.99
98.30
98.35
97.01
95.71
97.64
97.91
98.17
98.12
97.75
97.27
97.91
98.02
97.32
98.08
97.74
97.45
98.09
97.72
98.25
98.21
98.36
97.96
97.55
97.41
98.17
96.72
97.59
98.24
97.39
97.64
97.77
95.62
97.98
97.32
98.15
98.04
97.85
98.14
97.68
98.09
97.90
98.09
97.73
97.79
97.95
98.02
97.92
97.44
97.56
97.56
97.61
98.09
97.09
98.08
98.05
97.06
97.91
98.02
97.57
98.27
97.75
97.83
97.54
97.40
97.86
98.06
98.12
97.26
97.83
97.93
97.51
98.00
98.09
97.40
97.07
97.87
98.08
98.34
97.22
96.96
97.40
97.66
97.74
97.95
97.72
97.93
97.79
95.78
97.85
98.20
97.70
95.12
98.19
97.30
97.83
97.43
97.75
97.36
97.39
97.47
97.36
96.40
97.90
98.11
97.82
97.80
97.86
95.46
98.28
97.01
96.74
98.13
97.59
97.95
98.02
97.40
97.93
96.49
98.09
98.04
98.09
96.75
97.06
98.23
97.23
97.26
98.00
97.15
97.86
97.74
97.52
98.49
97.73
96.19
98.21
96.55
97.73
98.20
98.02
98.26
97.48
98.64
97.52
97.29
97.94
96.96
97.71
98.00
95.64
97.68
98.22
97.64
98.13
96.24
96.63
97.55
97.52
98.17
97.98
97.96
97.92
97.70
98.05
98.18
97.68
97.92
98.05
98.31
97.86
97.25
98.36
97.43
97.98
97.86
96.97
98.02
96.52
97.71
97.69
96.82
97.85
97.43
97.40
97.08
98.05
98.15
97.55
97.92
97.84
96.89
98.18
97.69
97.79
96.71
97.95
97.56
98.34
97.43
97.61
96.62
97.44
97.86
97.47
97.75
98.00
97.03
98.11
96.79
97.28
96.61
97.94
97.82
98.03
97.62
98.23
98.30
97.98
97.85
98.33
97.49
97.88
97.87
96.88
96.93
96.99
98.03
95.27
97.69
97.99
97.72
97.54
98.24
97.95
97.73
98.22
97.34
98.32
97.89
97.59
98.03
97.27
97.97
97.62
97.53
97.68
96.99
98.38
97.59
97.28
98.27
97.56
98.27
97.31
97.81
95.86
96.69
97.65
98.26
97.86
97.33
97.81
98.16
97.47
97.72
96.39
97.99
97.87
97.53
98.18
97.91
95.45
97.89
98.01
97.84
97.73
97.96
96.95
97.51
98.06
97.03
97.81
96.49
98.27
97.54
98.33
97.51
97.78
97.79
97.40
97.63
97.44
98.31
98.06
95.49
96.54
96.96
97.80
98.02
97.00
97.73
97.59
97.56
97.93
97.63
96.68
96.81
96.78
97.45
98.25
96.98
97.80
97.02
96.45
98.09
97.01
98.03
98.36
98.36
98.01
97.89
97.68
97.04
97.93
97.42
97.39
97.65
97.24
97.82
97.81
97.64
97.72
98.22
98.04
97.58
98.00
98.23
98.09
98.17
98.11
98.05
97.79
97.75
97.92
98.00
97.47
97.98
98.19
97.50
97.87
95.88
97.84
95.48
97.62
98.12
97.26
97.24
97.33
96.96
97.67
97.91
98.35
97.50
97.96
97.66
96.42
97.79
98.20
98.21
97.93
98.04
98.22
97.19
98.03
97.38
97.52
94.88
97.51
96.58
97.98
97.96
97.91
97.86
97.49
96.36
97.32
97.90
97.70
98.01
97.66
96.91
97.56
98.13
97.35
98.23
97.54
97.26
97.81
97.44
98.08
98.02
98.12
97.91
97.98
97.42
97.19
97.49
96.82
97.83
96.94
97.02
97.78
97.76
97.81
98.33
96.92
97.95
97.97
98.38
97.71
97.53
97.69
97.97
97.79
97.44
97.51
97.37
97.85
97.92
98.29
97.65
97.72
98.24
98.06
98.32
97.58
97.12
97.81
97.63
97.97
98.35
97.82
98.09
97.78
98.09
97.90
97.90
97.80
97.88
98.31
97.76
97.38
98.33
97.67
97.62
97.22
98.12
98.06
97.84
97.94
95.41
97.53
97.86
98.10
97.22
96.52
97.97
98.16
97.75
97.72
97.79
96.71
93.48
97.86
97.93
97.05
98.08
97.45
97.68
97.96
98.03
97.22
98.02
98.07
97.65
98.19
97.12
98.24
97.59
97.23
98.30
97.71
97.94
97.59
96.27
98.01
97.69
98.15
97.77
97.87
97.86
97.81
96.77
98.02
97.21
97.26
97.39
97.94
97.69
97.24
97.04
97.39
97.12
97.71
98.05
98.08
96.81
97.70
97.39
97.51
98.33
97.49
97.67
97.96
97.64
97.84
97.64
97.60
96.92
98.06
96.85
97.01
98.33
98.17
98.12
97.78
97.68
98.10
97.97
97.97
96.14
98.09
97.35
97.30
98.15
97.78
97.68
97.83
96.01
97.81
98.31
97.76
98.17
98.13
98.39
97.68
97.70
97.98
98.52
97.22
97.72
97.13
98.31
97.57
97.67
98.25
97.40
96.90
98.22
97.96
98.37
93.26
97.63
98.13
97.89
97.95
98.10
97.30
98.36
