95.30
95.68
95.91
95.57
95.43
95.64
95.06
94.74
95.67
95.02
95.13
95.28
94.95
95.06
95.12
95.58
95.66
95.22
95.61
95.69
95.18
95.44
95.63
95.70
95.48
95.73
95.77
95.78
95.33
95.68
95.68
95.71
95.70
95.53
95.57
95.64
95.94
95.48
95.46
94.99
95.74
95.16
95.48
95.68
95.40
95.55
95.65
95.37
95.60
95.51
95.53
95.47
95.45
95.46
95.17
95.43
95.46
95.07
95.41
95.42
95.38
95.40
95.36
95.32
95.49
95.43
95.68
95.19
95.65
95.38
95.10
94.93
95.19
95.64
95.73
94.87
95.84
95.49
95.08
95.40
94.94
95.72
95.82
95.29
95.47
94.00
95.29
95.03
95.93
95.92
95.58
95.79
96.03
95.20
95.30
95.86
95.05
95.51
95.82
95.63
95.73
94.93
95.39
95.82
95.61
95.62
95.83
94.90
95.46
95.43
95.90
95.88
95.24
95.49
95.27
95.81
95.75
95.89
95.73
95.62
95.84
95.52
95.51
94.90
95.43
95.46
95.79
95.20
95.60
95.61
96.09
95.72
95.80
95.66
95.63
95.30
95.43
95.73
95.71
95.02
95.70
95.22
95.63
95.51
95.31
95.26
95.53
95.46
95.41
95.83
95.40
95.25
95.22
95.55
95.71
95.31
95.75
95.78
95.56
95.03
95.31
95.36
95.50
95.32
95.70
95.45
94.68
95.63
95.16
95.19
95.37
95.56
95.28
95.37
95.84
95.73
95.37
95.13
95.74
95.80
94.93
95.29
95.59
95.24
95.44
95.02
95.38
95.54
95.39
95.21
94.88
95.99
95.41
95.10
95.14
94.54
95.74
95.81
95.41
95.09
95.78
95.55
95.43
95.44
95.83
95.35
95.71
94.88
94.54
95.53
95.54
95.52
95.17
95.11
95.04
95.08
95.91
95.46
95.83
95.15
95.06
95.58
95.04
95.43
95.60
95.62
95.70
95.22
95.80
95.72
95.51
95.52
96.07
95.30
95.99
94.81
95.67
95.27
95.54
95.47
95.53
95.08
95.77
94.86
95.88
95.68
95.83
95.66
95.80
95.37
95.43
95.30
95.57
95.65
95.24
95.62
95.40
95.96
95.37
95.34
95.58
95.23
95.49
95.68
95.93
95.65
95.52
95.52
95.65
95.70
95.59
95.59
95.40
95.32
95.68
95.48
95.17
95.56
95.29
95.00
95.86
95.27
95.60
95.75
95.55
95.24
95.41
95.34
95.78
96.05
95.68
95.79
95.35
95.90
95.59
95.70
95.62
95.50
95.48
94.61
95.30
95.61
95.33
95.51
95.63
95.50
95.22
95.46
94.94
95.29
95.78
95.25
95.32
94.51
95.67
95.37
95.35
95.32
95.61
95.42
95.50
95.79
95.72
95.84
95.92
95.75
95.13
95.75
95.54
95.73
95.46
95.49
95.36
95.49
95.03
95.40
95.64
95.81
95.60
95.86
95.38
95.62
95.66
94.93
95.95
95.45
95.36
95.42
95.73
95.51
95.41
95.71
95.60
95.21
95.33
95.41
95.25
95.95
95.77
95.26
95.32
95.39
95.47
95.35
95.52
95.63
95.45
94.96
95.82
95.46
95.41
95.58
95.15
95.60
95.69
95.61
95.35
95.03
95.11
95.69
95.28
95.47
95.39
95.64
95.54
95.07
95.00
95.75
96.01
95.33
95.60
95.65
95.62
95.13
94.84
95.87
95.51
95.18
95.61
95.61
95.47
95.60
95.88
95.75
95.76
95.23
95.39
95.94
95.25
95.62
95.61
95.49
95.16
95.76
95.51
95.43
95.59
95.91
95.22
95.90
95.80
95.00
94.95
95.60
95.67
95.45
95.58
95.62
95.29
95.81
95.81
95.23
95.54
95.51
95.83
95.48
94.84
95.19
95.71
95.92
95.89
95.10
95.42
95.46
95.45
95.74
95.45
95.02
95.61
94.74
95.55
95.41
95.26
95.85
95.32
95.71
95.54
94.82
95.58
95.06
95.76
95.44
94.83
95.54
95.60
95.27
95.60
95.56
95.35
95.58
95.47
95.45
95.66
95.77
95.62
95.24
95.42
95.66
95.09
95.08
95.28
95.52
95.88
95.42
95.73
95.68
95.37
95.67
95.55
95.73
95.81
95.83
95.34
95.41
95.80
94.58
95.14
95.81
95.38
95.83
95.99
95.28
95.66
95.46
94.06
94.89
95.84
95.54
96.12
95.55
95.56
95.43
95.40
95.37
96.02
95.96
95.40
95.14
95.19
95.58
95.10
95.51
95.79
95.37
95.41
94.85
95.59
95.64
95.72
95.51
95.66
95.48
95.10
95.79
95.54
95.72
95.49
95.89
94.57
95.75
95.83
95.72
95.37
95.71
95.29
95.37
95.05
95.49
95.16
95.84
95.26
95.27
94.92
95.65
95.95
95.62
95.51
95.31
95.63
95.50
95.61
95.62
95.59
95.70
95.13
95.57
95.56
95.94
95.47
95.55
95.13
95.17
95.62
95.65
95.42
95.53
95.76
95.82
95.61
95.52
95.91
95.51
95.57
95.64
95.75
95.53
95.71
95.01
95.69
95.53
95.47
95.60
95.53
95.63
95.44
95.73
95.47
95.73
95.89
95.59
95.40
95.20
95.89
95.78
95.46
95.47
95.22
95.01
95.32
95.20
95.48
95.43
95.75
95.35
95.86
95.35
95.54
95.50
95.19
95.32
96.00
95.35
94.82
95.39
96.05
96.00
94.07
95.28
94.94
95.42
95.19
96.20
95.79
95.55
95.49
95.40
95.56
95.60
95.22
95.75
95.65
95.40
95.05
95.43
95.54
95.29
95.76
95.91
95.43
95.09
95.39
95.46
94.83
95.81
95.66
95.63
94.93
95.42
95.77
95.38
95.48
95.34
95.57
95.03
95.57
95.23
95.31
95.61
95.61
95.70
95.74
94.93
95.46
95.40
95.78
95.02
95.76
95.40
95.73
95.69
95.69
95.72
95.21
95.92
95.51
95.50
94.80
95.58
95.35
94.86
95.20
95.55
95.25
95.53
95.59
95.46
95.36
95.38
95.53
95.43
95.63
95.96
95.37
95.75
95.86
95.41
95.60
95.60
96.05
95.46
95.12
95.70
95.75
95.62
95.70
95.52
95.15
95.30
95.30
95.49
95.51
95.62
95.44
95.97
95.44
95.65
95.58
95.49
94.74
95.54
95.24
95.12
95.46
94.78
95.41
95.16
95.46
95.24
95.47
95.49
95.74
95.78
95.31
95.68
95.71
95.21
95.42
95.63
95.37
95.82
95.83
95.13
95.40
95.25
95.44
95.94
95.76
95.54
95.22
95.68
95.55
95.87
95.48
95.11
95.17
95.71
95.35
95.85
95.46
95.14
95.71
95.96
95.59
95.04
95.52
95.09
95.51
95.81
95.33
95.81
95.65
95.59
95.66
95.02
95.43
95.40
95.87
95.59
95.29
95.53
95.65
95.90
95.81
94.21
95.76
95.55
95.56
95.70
95.53
95.61
95.58
95.94
95.47
95.45
95.52
94.76
95.86
95.62
95.20
95.55
95.71
95.16
95.02
94.92
95.39
95.82
95.33
95.68
95.77
95.61
95.52
94.89
95.66
95.29
95.58
95.21
96.01
95.30
95.21
95.42
95.50
95.17
95.25
95.76
95.81
95.85
95.62
95.77
95.64
95.37
95.57
95.71
95.80
95.21
95.18
95.25
95.82
94.45
95.07
95.88
95.47
95.13
95.08
95.31
95.44
95.33
95.10
95.54
94.92
95.56
95.47
96.02
95.76
94.86
95.99
95.30
95.57
95.51
95.21
95.43
95.54
95.77
95.06
96.03
94.88
95.31
95.83
95.73
95.13
95.83
95.61
95.05
94.83
95.59
94.84
95.40
95.67
95.57
95.57
95.50
95.50
95.31
95.40
95.71
95.55
95.19
96.16
95.60
95.74
95.58
95.30
95.57
95.38
95.29
95.61
94.57
95.55
95.89
95.61
95.72
95.67
95.24
95.66
95.52
95.06
95.22
94.88
95.47
95.19
95.69
95.17
95.93
95.50
95.35
95.40
95.47
95.83
94.56
95.69
95.12
95.65
95.55
95.16
95.61
95.58
95.89
96.17
95.27
95.76
95.39
95.69
95.94
95.25
95.46
95.63
95.74
95.04
95.36
95.70
95.95
95.55
95.89
95.33
95.69
95.21
95.88
95.69
95.13
95.43
95.40
95.07
95.49
96.08
95.66
95.29
95.57
95.56
95.63
95.73
95.50
95.76
95.67
95.73
95.56
96.05
95.88
95.29
95.75
95.55
95.64
95.50
95.78
96.06
94.99
95.68
94.93
95.51
95.82
95.69
95.17
95.86
95.77
95.79
95.53
94.61
95.34
95.42
95.46
94.77
95.61
