92.73
95.55
95.84
96.13
95.57
95.78
94.59
96.39
95.13
95.14
95.10
95.32
95.69
96.09
94.40
95.56
95.77
96.05
95.78
95.85
95.71
95.79
95.63
96.11
94.73
94.67
94.82
96.08
95.52
94.56
95.44
95.12
95.02
95.38
96.08
95.27
95.62
95.48
94.45
95.30
95.73
95.05
95.43
96.08
94.83
95.25
95.59
95.17
96.05
95.83
95.34
95.10
95.09
94.88
95.39
96.09
95.60
95.27
96.01
96.16
96.14
95.92
96.56
96.25
95.52
96.09
95.62
93.65
92.67
95.55
95.46
95.63
94.84
95.26
95.46
96.02
96.34
95.75
95.28
95.92
95.52
95.30
95.14
95.22
95.18
95.13
95.74
96.39
96.06
96.20
93.78
92.08
96.01
94.99
95.46
95.39
96.09
95.32
94.37
95.35
95.95
96.23
95.52
95.50
95.89
95.52
95.86
95.64
95.29
95.58
96.17
96.13
95.13
95.91
95.97
95.51
93.80
95.70
95.61
95.40
96.45
94.95
96.20
95.83
94.95
94.22
94.77
95.67
95.08
96.07
94.39
95.61
95.47
95.99
94.93
95.50
95.34
95.59
95.60
95.61
94.95
95.45
95.77
93.50
95.90
95.78
95.93
93.20
95.56
94.96
95.78
95.68
96.23
93.35
96.03
92.52
95.38
95.52
95.12
95.92
95.56
95.36
95.75
94.96
95.98
95.78
95.98
95.77
95.89
95.55
96.42
95.70
95.80
95.45
95.34
94.72
95.67
94.05
94.57
95.45
94.54
94.96
95.97
95.90
96.21
94.89
95.66
95.46
95.70
95.94
94.28
95.17
95.89
95.61
95.46
94.47
95.01
95.51
94.81
95.77
95.04
95.13
95.62
95.36
95.38
96.22
95.76
95.32
95.89
96.45
94.86
95.75
95.62
95.73
96.18
96.12
95.61
94.28
96.05
96.31
95.96
95.70
95.66
95.84
94.99
96.25
94.10
95.93
95.75
95.93
95.44
95.85
96.24
94.29
95.59
94.89
94.62
95.26
95.15
94.81
95.31
95.87
95.90
94.72
95.92
96.03
94.60
94.82
95.89
95.38
95.74
95.22
95.51
95.79
95.93
95.71
94.62
95.03
93.79
95.44
95.21
96.12
95.73
96.07
96.08
95.71
95.37
94.72
95.81
96.11
94.92
95.66
94.96
95.93
96.12
95.29
94.81
95.09
95.79
95.85
95.32
96.04
96.00
95.87
94.78
94.96
95.87
96.72
93.01
94.97
95.65
95.93
96.28
95.27
95.39
95.69
95.59
94.93
94.97
94.81
95.67
95.72
95.50
95.67
94.04
95.61
94.92
95.51
96.14
96.25
96.03
96.10
95.86
95.83
94.16
94.98
96.29
92.88
95.52
94.87
94.89
92.88
95.59
96.19
95.45
96.05
95.08
95.59
95.69
95.25
95.50
96.09
94.99
95.67
95.78
95.26
95.69
95.21
94.85
95.96
96.00
95.45
96.21
96.28
95.49
94.93
95.69
95.87
95.02
95.65
96.20
94.69
95.67
96.40
96.17
95.76
95.91
95.13
95.86
94.36
94.76
95.85
95.67
95.36
94.44
94.90
96.16
95.53
95.46
95.83
93.95
95.85
95.91
95.29
95.23
95.61
95.09
96.23
95.42
94.38
95.35
95.70
96.03
95.38
95.46
95.84
95.66
95.48
96.11
95.95
92.53
95.61
95.84
96.07
95.38
95.48
95.38
94.84
95.87
94.65
95.65
96.02
95.44
95.62
94.62
95.10
95.02
94.70
95.14
95.62
94.97
94.56
94.95
95.29
94.94
95.71
93.66
96.00
95.22
95.72
95.47
95.36
96.25
95.51
95.98
95.96
95.93
96.11
95.57
96.09
95.38
95.05
95.36
95.95
94.95
95.52
95.79
95.86
95.81
95.99
95.72
95.99
95.33
95.39
95.52
95.46
95.63
94.61
95.43
95.66
95.55
95.17
96.27
95.47
95.66
95.57
93.34
94.36
95.27
95.05
95.84
95.53
95.91
95.79
95.50
95.74
95.28
94.19
94.09
95.17
96.03
95.06
95.30
94.68
94.04
95.02
96.33
94.22
94.06
94.59
95.70
94.66
96.01
95.20
94.56
95.12
95.13
95.68
94.70
95.70
95.14
94.19
95.87
94.69
94.77
95.91
96.25
95.78
93.03
95.83
95.81
94.77
96.04
95.91
94.98
94.37
94.90
95.32
96.37
96.43
95.43
95.63
96.12
96.21
95.68
95.53
95.51
95.39
95.53
96.11
94.20
94.21
95.53
96.14
95.82
95.29
95.22
95.73
95.48
96.29
95.36
95.53
96.31
95.95
95.94
95.21
95.53
96.27
94.98
95.75
95.52
95.69
96.30
94.88
96.05
95.61
95.46
96.01
95.93
94.96
96.45
94.95
94.92
95.49
93.59
95.62
95.31
94.51
95.82
95.55
95.09
95.80
95.39
95.05
95.80
95.38
96.40
96.04
95.55
94.77
95.97
95.61
93.72
95.75
95.97
94.14
95.53
95.64
94.83
94.49
95.67
95.70
94.27
94.87
95.58
95.78
95.73
95.80
95.65
95.74
95.59
93.99
94.80
95.13
96.13
96.44
95.53
95.33
94.18
95.85
94.74
95.98
94.43
95.85
94.24
95.29
96.31
94.98
95.15
95.99
95.44
95.25
95.84
94.02
95.60
96.61
93.85
95.57
95.77
95.63
96.29
95.39
96.08
96.45
94.88
95.49
93.99
95.97
94.77
95.88
95.04
95.17
95.86
95.44
95.68
95.36
95.67
95.26
95.18
95.49
95.86
95.42
94.51
95.00
94.55
95.11
95.07
95.82
95.26
96.00
95.64
96.28
95.98
94.38
94.54
96.19
95.76
95.04
95.60
96.42
95.49
95.89
96.30
95.61
95.16
95.36
94.78
95.55
95.50
95.32
95.53
95.90
95.16
96.03
95.42
96.01
95.25
96.20
95.28
95.14
96.11
95.55
95.12
95.12
92.11
95.51
95.03
95.36
95.47
94.88
94.86
95.63
95.84
95.83
95.59
96.29
94.71
96.49
95.82
95.82
95.34
95.16
94.95
95.04
96.06
95.71
95.69
93.77
95.82
95.12
94.92
95.22
95.99
95.86
93.19
95.39
96.32
94.61
95.35
95.88
94.54
94.77
96.21
95.52
95.62
95.99
95.71
95.47
95.87
96.18
96.22
95.46
96.22
95.80
95.48
96.16
93.02
95.48
93.54
96.00
93.90
94.81
95.33
95.06
95.40
94.68
93.83
95.40
95.23
95.22
95.30
95.72
95.37
94.45
95.29
95.67
96.31
95.70
95.68
95.68
95.52
94.64
95.24
95.74
95.65
95.33
96.06
95.14
94.91
95.91
94.72
95.54
95.18
95.34
95.66
96.02
94.34
95.86
93.18
95.70
95.94
95.74
95.65
95.59
95.54
94.94
95.53
95.76
93.97
94.97
95.47
95.59
95.68
96.08
96.28
95.40
95.27
96.14
95.51
93.20
94.71
95.85
95.23
95.79
93.76
95.22
95.73
96.00
96.16
93.42
94.79
95.28
96.13
94.86
95.32
95.97
95.80
95.45
94.63
95.59
95.52
95.26
96.31
94.70
93.16
95.56
93.87
93.85
96.44
95.01
95.22
95.95
95.46
95.91
96.09
95.63
95.71
96.14
95.30
95.65
94.90
95.83
95.79
95.28
94.79
95.55
94.57
94.86
95.98
95.45
95.70
95.32
92.47
94.84
95.15
94.02
95.39
95.38
96.21
96.24
96.00
95.56
95.75
94.83
95.52
93.79
94.53
94.88
95.81
94.27
95.83
95.35
94.69
94.79
95.56
96.29
95.38
95.74
95.27
96.10
95.43
94.90
92.99
95.93
95.95
94.86
95.72
95.75
95.32
95.33
96.17
95.10
96.02
96.00
95.10
95.54
95.99
94.64
95.69
95.29
94.22
95.40
95.30
96.06
95.82
95.54
93.41
95.94
95.71
95.50
95.72
95.59
96.28
94.95
95.39
94.94
95.76
95.19
96.13
95.76
94.40
95.87
95.35
95.86
94.34
95.92
95.33
96.06
94.78
95.96
95.77
95.80
96.28
94.52
95.07
95.55
95.44
95.55
96.20
95.09
96.14
94.70
95.92
95.28
94.99
95.98
93.55
95.83
95.03
95.50
95.06
95.67
94.69
96.02
96.03
95.94
96.08
95.42
95.37
95.18
95.07
96.09
95.03
95.15
95.85
95.78
95.41
95.55
95.05
95.97
94.77
95.99
96.40
95.48
95.91
96.08
95.81
95.76
95.88
95.40
95.23
95.85
95.72
95.52
95.94
96.13
95.81
95.05
95.30
95.54
95.46
95.33
95.37
95.73
94.09
95.29
95.47
94.95
95.63
93.54
