93.76
94.99
92.48
93.78
93.99
94.88
94.45
94.62
93.85
94.68
93.04
94.40
93.64
94.59
93.72
94.38
94.12
94.97
93.72
94.62
94.57
94.18
94.40
94.66
94.20
94.20
94.12
94.51
93.82
93.78
94.23
94.46
93.09
94.24
92.41
94.11
94.36
93.22
94.29
94.66
94.50
94.92
94.71
94.67
94.31
94.47
93.39
94.27
94.75
94.10
94.56
94.38
93.84
94.44
94.53
94.86
94.82
94.52
94.59
94.36
93.02
94.01
94.14
95.01
93.96
93.35
94.90
94.81
93.83
93.63
94.72
94.17
94.65
93.84
93.49
94.02
94.21
94.35
94.70
94.20
94.68
92.95
93.65
94.47
94.55
94.14
94.86
94.40
94.10
93.34
94.56
94.05
93.99
94.65
94.26
94.56
94.20
93.89
94.33
94.63
93.16
93.85
93.46
94.91
94.72
94.05
93.70
94.23
93.77
93.51
94.61
94.08
94.75
94.69
93.63
94.60
94.17
94.13
94.19
93.67
94.79
94.28
94.75
94.35
94.02
93.47
93.38
94.04
95.15
94.35
94.82
94.63
93.85
92.29
93.80
94.53
94.22
93.76
94.23
94.07
95.18
94.50
94.09
94.46
94.80
94.72
92.83
93.99
94.39
94.10
94.52
94.20
94.61
94.70
94.08
94.47
93.83
93.99
93.72
94.54
93.51
94.74
94.07
94.47
94.76
94.30
94.36
94.36
93.56
94.49
93.72
94.95
93.32
92.77
94.78
94.28
94.38
93.92
94.56
94.90
94.30
94.82
93.50
94.02
94.44
93.80
94.32
94.36
94.36
93.91
94.35
94.74
94.04
94.72
94.47
94.29
94.53
93.97
94.23
94.56
92.37
93.50
93.84
94.68
94.04
94.07
94.34
93.48
95.03
92.75
93.60
94.11
94.29
94.63
93.12
94.56
94.75
93.84
94.58
94.89
94.58
94.35
94.30
94.22
94.64
94.57
94.40
93.83
94.62
94.14
94.42
94.01
92.37
94.35
93.27
94.80
93.25
93.91
94.40
94.30
94.03
94.48
94.28
94.20
94.01
93.63
93.36
94.35
94.23
94.54
94.28
94.56
94.48
94.20
94.29
94.45
94.26
93.61
94.04
94.26
94.72
94.69
93.69
94.18
94.11
94.65
93.80
94.29
94.30
92.87
94.28
94.63
94.92
93.49
93.98
93.96
94.13
94.23
94.01
94.41
93.49
94.28
92.92
94.90
94.49
92.90
93.87
94.74
92.76
94.28
94.66
93.87
94.09
94.02
93.59
94.23
93.60
94.71
94.42
94.27
94.65
94.83
92.58
93.83
94.45
94.53
94.49
94.27
94.32
94.75
93.66
93.86
94.29
94.16
93.52
94.44
94.69
94.46
94.40
94.29
94.33
94.63
93.86
94.19
94.02
92.42
93.86
94.06
94.42
94.15
94.94
94.42
94.53
93.68
94.15
94.99
94.10
94.87
93.83
94.32
94.11
94.00
93.22
94.41
92.87
94.75
94.34
94.00
93.39
94.58
94.17
94.00
93.85
94.41
94.13
94.50
93.90
94.05
93.91
94.07
94.80
95.07
93.23
93.64
92.95
94.53
93.64
94.91
94.27
94.51
94.01
94.42
94.60
94.01
94.45
94.89
93.51
94.67
93.91
93.35
94.10
93.75
94.36
94.19
94.56
92.99
94.43
94.24
94.11
94.58
93.85
94.26
95.03
93.91
94.53
94.18
94.07
93.65
94.43
93.32
94.94
94.33
94.03
94.28
95.01
94.21
94.18
94.74
94.66
93.81
93.52
94.48
94.71
94.42
94.69
93.92
94.67
94.29
94.35
94.16
93.58
94.34
94.36
93.76
94.52
94.46
94.17
94.45
94.71
93.83
94.33
93.35
93.62
93.87
93.09
94.46
94.19
94.41
94.12
94.02
93.93
93.97
94.84
94.63
94.32
94.06
94.71
93.27
94.71
94.20
93.86
94.38
93.82
93.91
94.03
94.79
94.72
94.64
93.61
94.22
94.28
94.19
94.15
94.16
94.04
93.93
94.23
94.59
94.21
93.86
94.47
93.95
94.72
94.64
94.37
94.97
93.49
94.15
92.52
94.74
94.32
94.20
94.68
92.98
94.42
93.71
94.47
93.37
94.25
93.41
94.43
94.65
94.22
94.43
94.45
94.67
94.76
93.93
94.51
93.67
94.48
94.17
94.40
94.16
94.68
94.25
93.89
94.88
93.86
94.13
94.80
94.48
93.77
94.71
94.89
93.60
94.90
94.43
94.52
93.19
94.30
93.95
94.21
94.41
93.66
93.26
93.75
94.15
94.06
93.64
94.22
94.02
94.19
94.36
94.16
94.21
93.85
92.91
94.01
93.64
94.65
94.56
94.38
94.60
93.84
93.81
93.57
94.86
94.76
93.64
94.08
94.13
93.28
94.40
95.01
93.55
94.36
93.64
94.85
94.59
93.78
93.21
93.91
93.72
94.41
93.63
94.39
95.17
92.67
94.25
94.00
94.57
94.07
94.57
94.31
93.52
94.25
94.29
93.82
94.49
94.17
94.25
94.91
94.26
94.92
94.85
94.78
93.04
94.25
94.31
93.39
94.24
92.86
94.54
92.77
94.98
93.94
94.55
94.97
93.77
93.92
94.22
93.45
94.34
93.97
94.57
94.17
93.95
93.94
94.31
94.45
93.76
94.74
94.61
93.45
94.24
93.34
94.44
93.73
95.12
93.77
93.67
94.10
94.19
94.93
94.48
94.95
93.95
94.14
93.21
94.15
94.35
94.02
94.97
94.22
94.10
93.89
94.78
93.87
92.92
94.69
94.27
94.65
94.21
93.81
94.44
94.25
95.04
94.86
94.00
94.16
94.41
93.53
94.21
93.87
94.56
94.30
95.05
94.80
94.30
94.01
93.32
94.21
94.08
94.65
94.02
94.39
94.38
94.36
93.99
94.48
94.28
94.63
94.28
93.11
93.07
94.42
94.91
94.39
93.31
94.62
94.64
94.19
94.40
93.91
93.90
94.35
94.51
92.99
93.52
93.98
94.38
94.46
94.05
94.97
94.36
94.35
94.48
92.78
94.02
94.05
94.60
94.13
94.68
93.77
94.57
94.57
94.20
94.61
93.82
93.90
94.78
94.85
94.56
93.77
94.17
93.32
93.98
93.94
93.91
94.43
94.22
93.13
94.03
94.80
91.99
94.28
94.70
94.61
94.03
93.74
93.91
94.20
94.35
94.08
94.39
95.03
94.91
93.47
93.25
94.66
94.65
94.40
94.01
94.57
94.40
94.64
94.59
94.07
94.64
93.78
93.86
93.64
93.53
93.74
93.68
93.70
94.69
94.66
93.41
94.42
94.46
93.69
94.70
94.81
94.12
94.72
94.80
94.40
94.46
94.66
94.07
94.84
94.96
94.34
93.65
94.38
94.27
94.33
94.18
94.34
94.88
94.37
93.66
94.84
95.05
94.88
92.48
94.08
94.67
94.69
94.80
93.56
93.78
94.18
93.08
94.03
93.89
93.23
93.40
94.26
94.28
94.18
94.38
95.06
94.72
94.68
94.42
93.59
94.06
94.69
94.31
94.65
93.83
94.12
94.96
92.40
95.01
94.90
94.00
94.69
94.28
92.98
94.32
94.66
94.51
94.30
94.19
94.04
91.85
93.03
94.51
93.57
93.67
93.19
93.43
94.89
94.11
94.55
93.05
94.48
93.55
94.62
93.76
94.32
94.31
94.68
94.57
93.89
95.02
93.90
94.48
93.18
94.56
93.71
93.35
93.61
94.14
93.41
94.43
94.60
93.36
94.73
94.04
94.70
94.53
94.50
94.42
93.50
93.72
94.31
94.39
94.30
94.45
94.03
93.69
94.59
94.52
94.02
94.09
94.14
94.60
94.75
94.64
94.55
94.44
94.40
94.34
94.79
94.39
94.66
94.13
94.11
94.33
93.17
93.67
94.29
93.40
94.37
94.26
94.02
94.14
94.55
92.75
94.80
95.03
94.47
94.41
93.62
94.98
93.90
94.31
94.60
94.08
93.09
93.71
95.16
93.66
93.20
94.70
94.24
94.63
95.01
94.13
94.57
93.45
94.28
94.34
94.03
94.70
94.19
94.19
94.68
93.60
94.04
94.37
94.63
94.16
94.99
92.74
94.22
94.77
94.27
92.90
94.44
94.23
94.51
94.27
94.08
94.65
94.97
94.46
94.62
95.03
94.63
94.66
93.90
94.88
94.74
93.68
94.66
94.14
94.51
93.70
94.08
94.38
94.35
94.87
93.67
94.04
94.72
92.88
94.39
93.88
94.06
94.79
94.07
94.60
94.62
94.96
93.62
93.97
94.66
94.18
94.86
94.23
94.38
94.66
94.36
94.39
94.34
94.07
94.51
94.19
94.19
95.13
93.81
95.05
93.15
93.41
