93.23
93.68
91.15
90.78
90.34
93.25
90.24
93.84
93.56
93.36
93.64
94.17
91.46
92.08
93.05
92.99
91.61
93.06
92.26
91.99
90.31
91.96
93.46
91.48
91.03
91.79
91.93
93.68
92.82
91.90
92.56
92.39
90.62
91.55
91.13
92.63
90.96
93.92
93.26
93.25
91.69
92.50
93.42
91.91
91.34
91.74
93.10
92.07
92.81
91.75
91.65
90.81
93.35
93.13
92.87
93.82
92.03
93.62
88.22
92.50
92.92
90.80
93.09
90.76
89.56
92.70
92.74
89.94
93.25
93.45
92.22
93.12
93.47
91.38
93.32
92.72
92.19
91.87
93.46
92.10
91.64
92.63
91.91
92.95
90.97
90.83
90.54
93.03
92.93
90.72
89.78
93.38
92.97
92.54
91.63
90.75
92.65
89.40
89.78
91.93
92.30
94.24
91.37
92.69
89.32
92.06
92.97
91.56
92.02
93.46
92.81
92.69
91.42
92.28
92.83
92.56
91.12
92.82
92.15
90.14
90.19
92.48
92.09
91.08
93.84
92.74
92.96
91.53
93.45
92.64
93.85
92.00
91.95
91.92
90.81
93.79
92.50
92.99
93.65
93.35
92.67
90.87
89.69
93.56
89.56
91.23
92.36
91.87
91.24
92.67
91.39
93.15
92.48
92.05
92.20
92.40
93.70
91.49
93.68
91.47
92.64
91.97
93.72
91.14
92.12
92.54
90.24
91.73
92.35
92.71
90.70
90.85
91.83
94.09
93.19
90.95
91.90
91.79
92.94
93.22
92.43
92.44
90.41
90.54
91.41
92.83
92.91
92.01
89.99
91.36
92.61
89.21
93.05
93.51
92.66
91.60
90.73
92.10
90.44
90.87
93.52
92.26
92.46
91.84
91.77
92.59
90.27
91.59
92.61
93.83
94.22
89.36
93.41
89.56
92.14
91.26
92.22
93.43
93.59
92.96
93.14
93.58
92.46
92.36
90.97
92.23
92.23
90.97
92.58
92.25
91.99
91.89
92.19
92.36
92.96
92.50
92.20
91.77
91.80
92.06
92.82
93.00
92.83
91.78
92.79
93.01
93.29
93.03
90.94
91.19
91.14
90.75
92.36
93.00
90.67
92.01
91.30
92.19
94.16
92.32
92.62
93.19
91.95
93.20
93.36
93.05
88.39
93.93
92.95
91.77
90.00
92.78
93.14
91.75
91.28
91.73
93.46
92.54
89.66
87.73
93.81
93.66
92.81
92.27
90.90
90.96
91.94
94.11
90.86
93.12
92.47
90.01
92.86
91.73
92.24
93.68
91.50
90.97
93.17
92.79
91.70
91.15
91.61
93.65
93.73
92.52
91.80
89.93
93.01
93.83
91.95
90.12
93.86
91.69
92.37
93.22
94.08
93.69
92.97
93.09
93.65
91.93
91.78
92.27
93.09
92.14
93.54
93.29
91.85
92.80
92.27
93.66
92.95
92.33
90.89
92.02
93.49
88.71
92.97
93.06
92.47
92.14
91.81
90.12
91.91
93.64
86.18
93.71
88.81
88.39
91.78
91.69
91.83
92.13
92.52
90.56
93.82
93.73
89.63
91.41
92.48
89.27
90.93
93.16
93.84
94.00
91.56
92.85
93.44
92.08
93.27
92.92
91.24
90.47
92.55
93.18
93.05
93.60
92.10
91.54
92.00
92.25
91.99
91.73
94.21
92.99
91.98
91.42
92.22
89.56
91.87
91.60
91.79
92.24
93.61
91.80
91.45
93.99
93.19
92.88
90.91
93.85
93.25
93.50
91.38
91.86
92.59
93.29
93.95
93.25
91.81
91.84
92.65
90.25
93.73
93.78
94.48
94.71
92.84
93.06
91.54
94.31
88.02
93.91
93.37
91.54
92.99
93.19
90.41
92.11
93.38
92.85
92.64
89.88
91.78
92.08
91.01
92.22
93.13
92.95
92.83
87.96
92.15
89.97
94.39
92.79
93.11
92.84
93.38
91.23
91.46
93.12
91.09
92.34
91.26
92.15
94.07
93.73
91.18
92.53
92.43
93.79
91.21
91.26
93.35
93.55
92.59
92.39
92.45
92.74
94.47
92.72
93.19
92.30
94.08
93.70
92.93
93.02
92.76
91.84
93.92
89.15
93.44
93.44
93.01
90.46
91.53
92.17
89.08
91.97
93.24
92.47
93.81
92.02
88.97
92.80
92.38
88.15
93.10
93.79
92.81
89.94
91.74
93.49
92.41
89.29
94.19
92.70
91.89
92.61
89.29
90.81
91.80
93.65
90.00
92.74
93.21
94.13
92.81
92.28
92.53
92.23
92.37
91.81
91.15
93.70
92.71
93.65
92.35
93.54
91.30
93.11
92.22
89.82
92.75
93.62
87.66
93.11
91.70
91.06
92.71
91.44
91.95
92.49
92.69
92.20
91.94
92.75
90.05
92.50
93.06
91.67
92.56
92.04
93.00
90.64
89.66
93.21
91.90
91.04
93.04
92.22
92.89
91.31
92.22
91.69
91.25
92.68
92.04
91.75
91.89
93.16
92.60
92.47
92.66
93.19
92.63
93.32
94.01
93.02
88.88
91.53
92.61
90.31
90.95
93.76
90.31
91.80
91.80
93.43
93.35
92.04
90.19
93.08
92.80
93.24
92.70
92.22
92.57
93.24
90.62
89.11
92.80
91.37
90.95
92.95
92.63
91.50
91.76
91.47
92.66
90.79
92.61
92.66
92.72
92.05
90.54
92.74
92.51
92.27
91.14
91.63
93.69
93.29
93.15
89.26
92.09
92.06
90.88
92.49
92.07
92.74
92.97
93.07
88.97
92.74
92.00
91.59
91.53
92.94
90.53
93.77
92.85
92.37
90.95
93.92
91.97
92.64
93.48
89.87
91.13
94.30
90.98
91.69
90.09
92.86
92.88
93.83
91.46
92.32
92.69
94.55
91.49
91.45
91.90
87.66
90.43
92.80
91.84
90.15
93.76
93.68
91.81
91.14
90.24
92.23
91.20
92.94
93.57
93.45
93.26
92.31
90.54
92.71
93.25
89.82
92.15
93.77
90.05
93.03
92.59
92.59
92.22
89.89
93.03
92.24
90.56
92.71
92.10
93.20
92.49
91.94
93.33
94.05
90.74
92.66
90.30
92.89
87.48
93.64
89.96
93.52
90.67
93.05
92.54
92.34
91.70
94.09
93.10
91.69
89.84
92.59
92.83
90.64
90.65
90.94
91.15
93.23
92.38
92.39
93.75
92.52
93.92
91.91
93.62
92.43
90.96
92.58
92.79
94.10
93.01
93.19
92.10
93.50
91.55
93.07
93.56
92.62
94.21
91.46
91.69
93.44
92.91
92.23
92.13
88.57
91.23
93.50
89.21
92.99
90.24
92.49
92.63
92.41
93.19
90.47
93.11
93.25
92.99
91.40
92.55
91.29
92.63
93.77
92.73
92.59
93.16
93.07
92.79
92.65
91.92
92.69
91.26
91.87
92.14
90.97
92.81
92.71
93.26
92.65
92.26
93.68
91.72
93.76
91.92
93.70
93.91
91.55
93.01
92.68
94.39
90.99
92.45
92.88
91.80
91.39
92.60
92.99
93.72
92.57
89.79
93.07
92.32
92.22
91.79
94.03
93.63
93.17
92.07
90.76
91.33
92.62
93.23
92.05
94.00
93.47
89.22
92.69
92.53
93.05
91.83
91.72
94.17
91.52
91.01
91.23
88.76
91.04
93.01
92.78
89.49
91.68
91.27
93.18
92.83
90.14
93.83
90.65
92.16
91.25
92.77
92.87
93.66
92.08
92.53
91.52
90.90
92.16
93.86
92.94
93.11
92.70
90.98
93.24
93.21
93.86
91.64
92.61
92.68
93.63
91.89
93.87
93.18
92.57
93.16
92.88
92.88
94.35
92.17
93.22
90.56
92.25
91.68
93.30
94.57
92.85
92.70
93.30
92.76
92.37
92.69
93.45
93.06
90.21
92.23
91.75
91.05
89.65
92.53
91.91
92.94
92.56
92.11
93.66
94.01
92.60
91.26
91.89
90.98
92.54
88.20
93.09
93.89
93.50
89.43
92.74
92.66
91.66
91.95
91.94
92.13
92.21
93.55
93.39
93.94
91.49
93.51
92.94
92.96
92.18
93.40
92.79
92.70
93.11
90.93
91.49
91.14
90.31
91.43
92.26
94.20
92.13
92.50
92.07
91.76
91.42
93.07
91.98
90.64
93.34
91.03
93.52
91.75
87.70
91.64
92.26
93.11
93.11
90.86
92.77
91.14
92.35
94.07
91.63
89.77
92.66
91.69
90.74
90.09
92.83
93.35
92.35
92.36
93.05
93.60
93.51
93.27
93.07
90.91
93.46
93.34
92.12
91.82
92.10
92.06
92.28
91.62
93.89
92.23
92.50
93.43
91.96
92.80
92.43
92.51
91.31
92.01
91.62
92.12
89.46
