87.63
82.61
87.83
87.67
90.01
88.10
85.73
87.53
81.26
84.29
85.03
83.27
85.32
88.63
87.34
86.96
80.65
84.70
84.81
86.10
84.49
86.86
88.60
77.70
87.07
87.51
86.76
80.11
84.33
89.18
85.29
88.67
86.97
87.40
87.80
87.04
87.55
88.97
86.49
90.58
86.20
84.72
87.40
90.24
86.26
86.21
88.19
88.17
91.14
85.68
87.84
83.65
85.84
85.43
89.55
75.02
88.53
85.07
86.78
87.52
86.12
86.47
87.28
87.45
85.00
84.20
88.76
90.11
85.32
88.99
87.18
87.93
84.50
88.13
86.33
87.38
88.62
88.99
88.80
88.36
82.12
88.95
88.68
89.72
88.37
85.69
84.68
85.70
88.45
84.16
90.46
86.64
87.75
89.62
89.52
90.18
84.89
86.73
88.76
89.20
88.93
89.34
86.67
86.72
85.73
88.60
87.52
90.17
83.64
90.96
82.03
88.17
86.82
88.07
85.77
84.29
87.06
87.87
87.02
82.24
89.62
86.89
88.17
82.03
88.41
88.82
86.59
86.39
85.47
85.68
89.86
87.05
83.02
87.54
89.04
88.51
87.02
85.80
85.73
83.69
85.39
82.08
81.68
90.16
88.20
86.66
84.91
89.64
87.66
83.06
83.27
89.90
86.04
89.19
88.44
89.54
87.95
88.02
88.63
86.77
79.88
87.83
85.96
89.86
89.31
84.39
87.83
87.01
88.05
85.78
89.23
88.82
86.33
90.24
86.69
84.60
88.81
87.25
87.41
87.26
88.08
90.74
90.19
87.98
90.96
89.58
84.86
82.45
84.58
84.15
88.52
87.02
88.28
85.87
78.24
86.49
86.21
90.26
87.05
88.60
86.71
83.34
87.15
90.11
88.68
87.99
87.71
90.87
88.32
88.64
87.26
90.96
85.32
90.49
86.02
90.02
87.32
89.34
86.08
79.61
87.32
87.47
85.62
84.09
88.42
86.95
87.51
85.99
88.40
84.36
83.75
85.51
87.54
87.27
83.13
88.93
87.90
90.19
86.93
87.54
89.58
90.05
87.52
85.27
82.06
88.35
90.44
88.26
89.01
88.33
88.33
86.90
88.04
86.06
84.74
88.91
88.51
88.41
89.20
90.03
79.81
88.33
89.86
87.80
87.93
84.45
88.03
89.68
90.22
86.15
87.55
87.00
87.46
85.69
83.11
87.71
84.97
84.81
89.11
88.01
86.34
89.53
86.77
83.69
87.81
89.52
87.48
83.75
87.67
89.13
87.25
85.05
85.66
88.07
85.73
84.69
88.10
86.56
85.53
87.69
82.42
89.26
89.67
89.75
86.94
89.54
84.61
85.33
87.46
84.63
86.03
90.36
87.31
90.59
87.61
85.04
81.99
84.91
90.28
87.46
83.15
85.51
86.07
88.16
89.08
89.34
88.96
89.60
83.81
85.02
77.97
89.31
87.91
87.29
87.46
89.61
80.51
86.34
82.61
89.81
88.57
85.84
89.25
88.03
83.75
88.23
87.31
88.18
86.81
85.13
87.37
88.15
87.30
88.55
83.76
90.75
85.66
88.33
90.37
85.35
86.88
83.70
87.45
86.68
86.91
84.99
90.10
88.47
88.40
87.54
85.52
81.94
88.25
80.49
90.51
88.50
85.17
83.78
85.51
89.54
89.39
80.97
83.70
87.12
84.61
90.60
87.89
83.84
85.43
89.45
88.89
89.51
84.83
89.58
88.56
86.11
86.53
87.66
89.28
84.81
88.17
84.22
84.80
91.06
88.64
85.04
85.90
88.67
88.16
82.20
89.00
85.55
88.17
89.94
85.50
88.18
86.84
84.47
87.46
88.71
87.92
88.98
88.61
86.45
85.32
86.26
85.65
89.42
88.64
86.75
89.31
87.72
88.55
87.58
85.38
83.47
87.66
87.82
88.21
88.39
88.29
85.53
86.96
82.91
88.00
88.99
85.35
87.72
89.38
87.05
86.65
87.35
88.96
88.27
86.99
87.03
81.42
87.52
88.77
87.03
88.51
88.87
88.52
90.21
84.57
88.50
87.59
85.85
87.17
88.85
90.28
86.19
84.92
88.26
85.07
90.66
85.20
83.33
88.76
84.09
89.66
83.65
89.49
85.41
81.79
85.44
87.32
83.42
86.87
90.51
87.42
83.78
88.21
88.91
90.13
87.48
87.11
87.74
86.11
89.84
88.96
86.29
84.90
88.98
89.55
90.24
80.71
88.70
85.95
88.01
89.04
91.11
90.32
86.22
89.72
89.11
89.54
88.23
86.39
88.87
86.14
88.14
89.09
90.11
88.16
88.90
86.33
86.48
87.36
89.41
87.54
88.68
90.09
84.60
90.22
86.32
88.74
89.31
78.33
90.21
87.59
86.37
87.75
89.88
89.37
86.68
88.78
85.38
89.08
87.84
88.27
88.49
87.27
83.57
89.23
89.54
88.72
88.19
89.41
87.37
89.34
87.74
89.99
84.87
88.92
89.86
86.67
88.84
88.58
89.63
87.08
90.15
85.40
81.73
89.72
89.88
87.99
85.50
88.17
90.19
83.32
85.83
88.87
88.96
85.58
90.20
87.35
88.80
89.34
88.15
87.34
89.12
86.66
91.00
85.53
87.08
84.62
84.76
89.93
87.27
81.92
88.34
84.95
79.80
88.51
86.70
87.82
90.10
88.67
89.89
90.79
87.09
89.09
83.44
89.70
88.48
87.84
87.67
87.81
88.26
82.88
88.81
88.62
85.91
87.30
89.07
86.69
83.58
90.44
81.87
87.26
85.12
89.66
89.64
86.42
86.29
85.69
88.59
86.36
86.54
85.90
88.13
82.74
88.95
89.12
89.39
90.41
89.14
86.10
84.61
84.01
86.96
88.58
85.98
90.24
89.78
83.37
86.14
89.37
81.49
88.40
88.31
90.15
85.05
84.22
86.49
89.88
83.06
86.23
87.62
92.08
90.31
89.32
88.15
87.35
81.20
90.00
90.14
84.63
84.81
89.08
86.72
88.74
86.46
82.88
89.35
84.46
88.17
84.50
82.90
88.04
90.33
87.41
85.21
84.26
84.56
86.16
87.54
83.67
82.73
86.84
90.33
89.20
89.92
89.50
89.60
89.23
90.06
84.89
88.12
88.64
87.80
86.26
90.74
88.31
88.20
83.15
88.25
89.72
88.11
87.37
87.85
89.68
84.22
89.81
88.58
86.92
88.66
88.76
87.02
87.37
89.08
81.51
87.68
88.11
86.36
84.27
90.26
87.88
89.62
85.24
87.68
86.30
87.06
84.94
87.71
88.39
89.25
88.28
88.18
86.29
91.06
88.07
84.61
89.02
87.06
82.98
88.03
87.48
91.10
89.74
85.71
88.40
85.57
89.72
89.48
90.17
85.26
79.40
86.72
88.57
86.95
81.81
82.13
88.31
88.15
88.19
84.53
89.75
87.51
88.31
89.48
86.35
88.17
87.22
82.43
89.46
88.95
91.05
84.07
81.98
86.98
89.58
81.01
90.44
85.36
86.49
86.74
87.03
87.61
88.63
86.72
86.61
88.10
88.53
87.12
88.66
85.47
83.83
85.26
87.55
88.48
88.39
88.40
86.95
85.23
86.36
89.50
88.98
89.39
84.75
87.68
78.70
89.38
86.28
90.51
85.09
87.18
88.36
86.87
86.83
88.10
86.21
80.30
86.04
89.21
87.03
88.02
89.06
91.06
79.56
88.66
87.58
83.95
85.79
87.36
89.76
87.28
87.36
87.73
89.76
87.88
88.73
87.45
87.12
86.44
87.37
88.87
89.68
86.91
89.01
86.19
89.46
88.68
90.27
87.63
81.81
88.93
90.38
88.19
90.03
79.11
85.80
86.63
82.55
90.87
86.79
89.38
89.62
85.85
88.43
89.13
88.12
81.85
83.59
84.75
88.40
87.32
88.53
80.11
90.92
86.02
87.94
90.37
86.98
89.41
87.98
89.56
84.57
88.89
85.22
82.65
86.38
86.42
86.84
87.07
90.71
87.77
84.06
83.84
82.19
89.76
86.32
89.79
89.14
87.94
89.96
84.34
86.93
89.37
90.66
83.76
85.85
85.61
82.89
86.17
90.49
88.05
85.84
86.46
86.21
83.84
88.85
87.62
89.25
89.16
87.39
88.69
88.86
90.84
90.48
89.24
85.46
88.30
89.04
85.60
81.53
86.94
88.38
83.56
83.31
88.46
87.74
88.45
80.30
83.65
88.51
88.97
88.86
88.08
84.51
87.02
84.75
89.82
87.14
87.51
89.01
83.33
86.96
86.49
86.76
90.22
84.96
85.82
89.28
88.32
84.95
73.69
86.95
90.48
88.40
88.52
88.10
87.88
87.51
87.59
83.85
83.66
86.73
89.02
86.93
87.17
88.59
84.98
84.70
87.14
87.99
85.11
90.23
86.12
