82.03
83.62
81.28
84.70
81.96
87.39
86.28
86.24
84.47
88.28
85.29
85.68
87.88
84.64
84.81
87.64
87.08
84.16
84.90
86.29
87.79
85.59
85.24
78.39
85.25
85.20
83.75
84.70
86.69
84.16
84.87
84.77
88.46
85.59
84.95
86.76
83.38
83.68
82.17
86.94
83.52
85.96
87.70
84.94
85.25
87.28
84.80
79.91
84.98
86.74
85.89
84.91
84.06
81.69
85.41
85.47
85.27
85.77
87.33
86.31
84.34
86.45
84.54
81.44
83.18
84.41
84.26
84.77
85.04
84.52
88.66
88.47
86.55
84.68
84.71
84.56
82.72
85.36
83.87
87.13
84.45
86.05
88.79
83.27
84.77
87.88
86.31
89.23
86.72
87.67
87.09
85.84
86.27
86.98
83.00
87.91
78.40
88.04
87.18
87.87
86.70
86.87
83.32
86.13
84.51
86.27
84.08
88.42
84.08
81.31
75.39
88.40
86.42
87.76
85.24
80.01
82.32
85.17
86.75
86.83
83.31
87.67
78.61
81.10
80.76
84.60
88.72
84.43
87.74
84.97
80.35
84.57
87.09
84.50
84.96
86.10
83.77
84.22
85.24
84.19
83.60
84.91
83.87
86.94
86.42
87.42
79.79
84.97
83.73
83.79
83.90
84.35
85.50
84.19
88.67
86.98
85.53
81.66
87.94
86.03
83.34
87.60
86.05
84.18
86.11
85.71
86.55
86.33
83.05
83.42
87.07
85.29
84.98
82.48
86.03
88.88
84.65
84.73
85.00
84.68
84.52
85.89
85.56
84.03
82.90
82.64
86.41
80.62
84.96
84.34
85.82
82.64
80.67
81.52
84.79
87.23
87.17
86.86
85.00
88.04
79.76
82.64
85.25
81.67
81.40
84.90
86.45
86.45
78.71
80.50
86.19
87.15
84.06
84.95
80.84
86.51
86.00
85.59
87.06
85.67
87.28
79.67
87.66
87.20
85.48
87.09
86.57
85.10
87.83
86.76
82.06
86.35
84.32
81.50
83.81
81.41
85.67
81.70
80.70
80.97
81.44
85.42
85.31
84.34
87.35
87.88
87.40
87.10
87.58
86.64
87.92
86.01
87.07
86.81
78.74
81.80
85.35
85.23
83.65
87.64
84.42
82.59
86.89
87.20
83.31
84.65
86.31
83.31
84.18
86.48
81.82
84.57
86.63
82.82
81.05
87.43
83.26
83.24
87.52
85.96
84.42
86.57
86.65
84.18
83.59
84.58
86.42
81.47
70.68
86.31
82.44
86.48
84.49
83.75
85.99
87.17
86.02
83.84
84.64
84.71
85.45
86.14
85.35
84.58
86.86
81.34
85.85
83.97
87.48
87.43
82.75
87.04
86.93
88.14
87.80
86.51
84.65
86.82
85.19
83.92
86.17
83.23
87.42
88.10
84.56
85.33
84.54
78.21
81.44
84.09
85.15
83.56
83.43
83.21
87.24
81.95
82.78
83.12
83.12
82.47
84.00
83.46
84.63
85.17
86.80
82.16
79.86
84.33
86.75
85.68
86.28
86.41
88.25
88.08
85.51
84.98
83.73
86.89
89.10
87.83
82.03
82.90
80.99
83.86
85.70
83.31
83.13
82.56
85.52
85.87
88.11
86.53
86.54
87.09
85.47
86.89
86.81
84.25
87.71
85.02
85.77
87.36
83.27
83.73
84.76
87.22
85.69
86.23
81.70
77.30
87.71
81.44
85.90
81.49
85.48
85.09
85.32
83.28
84.46
84.16
85.23
81.80
83.37
87.69
85.05
86.27
81.46
87.49
81.37
86.00
87.73
85.48
84.79
87.68
85.53
85.95
86.56
85.86
85.92
86.64
87.39
87.08
83.98
84.22
81.06
85.89
83.65
82.54
87.86
87.70
87.07
79.49
87.16
85.83
84.85
85.04
81.66
88.69
84.02
84.59
83.85
87.17
88.71
86.89
84.44
76.60
86.39
85.28
83.24
82.05
86.60
88.10
82.40
85.99
86.77
83.99
87.55
85.05
86.46
85.55
85.66
84.89
84.19
82.93
88.20
85.19
80.67
84.24
85.22
83.29
88.02
84.25
86.18
85.76
87.89
86.37
86.72
86.40
86.01
80.16
85.58
83.28
81.55
87.63
86.68
84.09
88.02
81.05
84.56
86.88
82.95
85.26
87.79
83.23
84.61
85.82
86.17
80.56
85.52
81.08
83.79
85.05
82.81
84.08
87.52
84.77
87.16
86.95
85.77
85.32
85.59
85.10
87.70
85.88
87.60
83.21
88.25
84.23
85.81
86.41
83.58
85.00
86.90
86.66
87.98
85.04
78.63
85.41
84.24
86.87
85.45
85.03
84.12
84.61
84.07
86.42
87.03
87.64
86.56
86.91
85.80
88.99
84.97
87.28
87.91
84.44
81.10
88.03
85.71
81.93
85.98
82.02
86.48
82.97
85.34
84.58
85.78
80.55
88.44
88.07
85.97
87.28
87.24
85.88
86.74
86.78
85.71
86.55
87.31
78.35
85.27
83.68
86.87
85.26
82.68
87.00
84.28
86.51
86.01
83.97
83.00
81.40
79.35
87.05
87.23
83.69
84.85
86.17
77.73
85.13
81.77
86.49
84.70
85.36
85.97
81.89
86.11
84.00
84.90
85.13
85.74
86.69
85.89
86.82
86.89
86.97
84.87
82.95
86.31
87.35
86.65
85.50
84.75
84.02
87.04
82.06
86.02
82.90
85.75
85.81
84.56
84.11
83.34
86.94
85.88
84.04
83.90
83.15
85.46
83.84
86.28
85.71
88.18
86.95
88.59
88.12
88.59
87.09
87.58
83.80
73.49
88.68
88.11
87.12
86.67
87.32
82.84
84.41
84.42
80.18
82.36
85.44
84.33
80.50
84.51
85.00
82.22
83.14
85.68
82.44
84.25
84.85
87.71
82.95
84.35
87.13
79.92
82.09
81.97
85.36
86.88
82.51
84.07
84.44
81.99
86.78
84.44
83.80
84.43
83.72
84.19
85.70
82.22
87.45
84.96
81.72
85.11
87.74
78.46
82.45
87.55
84.79
85.04
86.61
85.99
84.37
83.99
86.73
87.04
85.93
88.44
85.81
85.62
84.39
86.08
83.38
84.74
87.71
86.75
84.18
83.38
81.21
83.27
83.64
85.52
85.70
85.41
82.91
84.49
82.45
85.50
87.94
86.22
85.17
85.38
79.00
83.95
85.42
86.95
85.04
81.82
85.46
87.68
85.07
84.78
80.13
87.73
85.85
86.97
84.81
85.82
85.88
87.10
86.95
81.09
87.56
85.48
86.59
86.66
87.74
86.32
75.53
86.61
86.24
87.50
82.74
87.67
85.23
85.88
84.06
86.05
81.88
86.10
88.25
87.41
83.36
86.17
84.36
85.42
84.39
86.47
85.93
88.97
84.50
82.98
84.80
83.89
87.75
80.16
81.93
88.50
84.29
87.87
85.53
85.39
78.58
76.20
85.80
84.81
82.65
88.45
83.77
83.35
87.25
83.95
79.92
88.42
84.49
87.07
85.66
86.78
82.15
87.77
87.55
84.11
87.65
88.26
85.71
82.64
84.48
83.91
82.99
87.08
83.30
85.49
87.96
86.87
86.91
87.27
83.68
81.63
84.17
80.83
82.97
84.68
77.21
82.90
85.50
85.05
86.12
82.03
84.72
84.52
81.63
85.77
88.06
86.15
85.66
82.57
86.20
84.84
87.62
86.06
81.58
85.60
87.71
85.22
86.49
84.97
82.37
85.65
88.06
86.64
86.03
84.28
84.66
86.75
86.85
83.55
78.16
86.62
82.95
83.14
86.75
84.97
88.65
82.97
88.02
86.91
88.91
84.27
82.58
87.42
86.61
88.68
86.57
79.55
87.74
83.17
82.19
87.97
85.54
79.90
86.45
84.75
85.62
85.41
85.99
86.58
81.23
85.45
87.06
84.24
89.13
86.59
78.90
82.12
82.07
86.86
79.37
86.57
85.05
87.41
84.59
85.64
81.85
82.67
86.30
85.66
87.06
85.46
84.56
87.22
85.74
86.01
87.23
87.66
85.57
83.31
86.17
86.46
82.75
84.24
87.13
82.76
87.24
81.08
83.91
86.11
87.29
85.77
84.32
84.83
86.69
85.70
85.86
85.65
83.72
83.35
83.02
83.99
80.58
83.55
86.44
83.68
82.43
86.96
82.24
83.10
87.20
84.96
86.75
84.94
87.28
86.58
84.08
85.07
85.66
85.53
84.42
86.87
83.79
78.01
85.11
86.81
83.57
87.29
85.90
84.18
85.75
84.81
81.56
86.40
85.94
87.04
87.39
86.41
82.74
87.42
81.69
87.72
86.20
79.55
87.69
83.23
87.11
84.76
86.58
86.75
85.48
82.23
80.91
86.27
87.71
85.74
82.61
81.81
85.01
85.86
83.11
