98.83
98.83
98.72
98.88
98.82
98.90
98.82
98.58
98.78
98.78
98.80
98.67
98.72
98.76
98.63
98.60
98.62
98.73
98.73
98.88
98.73
98.61
98.61
98.81
98.67
98.75
98.77
98.80
98.79
98.74
98.70
98.71
98.73
98.81
98.73
98.64
98.76
98.85
98.76
98.70
98.53
98.75
98.83
98.72
98.65
98.67
98.63
98.60
98.84
98.83
98.82
98.63
98.69
98.82
98.83
98.75
98.85
98.71
98.70
98.73
98.56
98.63
98.76
98.67
98.80
98.81
98.64
98.77
98.84
98.65
98.74
98.64
98.73
98.93
98.75
98.69
98.86
98.72
98.80
98.55
98.82
98.83
98.75
98.71
98.70
98.83
98.71
98.84
98.76
98.88
98.58
98.70
98.73
98.67
98.77
98.86
98.67
98.82
98.85
98.82
98.63
98.77
98.57
98.83
98.86
98.68
98.68
98.75
98.82
98.81
98.80
98.66
98.78
98.83
98.76
98.72
98.71
98.77
98.76
98.72
98.63
98.80
98.80
98.73
98.89
98.62
98.83
98.70
98.72
98.75
98.65
98.73
98.70
98.86
98.80
98.62
98.73
98.85
98.73
98.80
98.76
98.66
98.76
98.81
98.79
98.86
98.81
98.85
98.73
98.56
98.67
98.78
98.78
98.72
98.84
98.73
98.69
98.72
98.79
98.82
98.65
98.67
98.87
98.75
98.76
98.80
98.66
98.82
98.78
98.76
98.65
98.69
98.77
98.68
98.72
98.77
98.69
98.78
98.81
98.81
98.73
98.74
98.70
98.86
98.76
98.74
98.69
98.65
98.74
98.76
98.74
98.71
98.73
98.76
98.82
98.71
98.73
98.64
98.85
98.82
98.69
98.68
98.82
98.82
98.74
98.86
98.69
98.88
98.57
98.84
98.72
98.90
98.80
98.81
98.65
98.78
98.73
98.63
98.68
98.73
98.72
98.55
98.78
98.81
98.87
98.75
98.73
98.61
98.60
98.68
98.83
98.90
98.73
98.71
98.74
98.71
98.78
98.71
98.80
98.84
98.71
98.76
98.52
98.69
98.81
98.87
98.70
98.75
98.71
98.73
98.89
98.76
98.73
98.73
98.82
98.79
98.86
98.65
98.80
98.72
98.76
98.79
98.76
98.73
98.82
98.73
98.86
98.68
98.79
98.68
98.74
98.78
98.73
98.69
98.82
98.66
98.68
98.67
98.82
98.75
98.76
98.80
98.89
98.88
98.73
98.73
98.59
98.77
98.60
98.89
98.76
98.71
98.88
98.77
98.65
98.67
98.70
98.72
98.71
98.74
98.95
98.65
98.78
98.74
98.76
98.64
98.75
98.81
98.58
98.73
98.74
98.60
98.82
98.79
98.73
98.81
98.76
98.64
98.73
98.66
98.78
98.82
98.80
98.76
98.78
98.76
98.69
98.88
98.71
98.72
98.88
98.67
98.74
98.89
98.64
98.73
98.95
98.60
98.72
98.75
98.80
98.70
98.75
98.79
98.69
98.88
98.73
98.72
98.81
98.74
98.61
98.82
98.66
98.74
98.80
98.71
98.54
98.62
98.73
98.80
98.73
98.86
98.83
98.62
98.89
98.77
98.76
98.67
98.77
98.90
98.80
98.90
98.74
98.70
98.69
98.65
98.61
98.83
98.70
98.85
98.60
98.66
98.75
98.76
98.88
98.64
98.81
98.70
98.74
98.79
98.64
98.62
98.89
98.79
98.71
98.56
98.51
98.69
98.67
98.77
98.65
98.68
98.68
98.72
98.55
98.75
98.64
98.77
98.79
98.81
98.62
98.81
98.76
98.60
98.72
98.87
98.83
98.77
98.79
98.71
98.69
98.65
98.61
98.73
98.70
98.71
98.81
98.80
98.73
98.75
98.71
98.81
98.71
98.80
98.74
98.77
98.75
98.68
98.89
98.69
98.77
98.77
98.75
98.72
98.61
98.67
98.67
98.56
98.80
98.59
98.78
98.84
98.83
98.83
98.78
98.82
98.77
98.85
98.69
98.85
98.78
98.73
98.76
98.82
98.77
98.82
98.87
98.70
98.89
98.64
98.74
98.71
98.67
98.69
98.82
98.85
98.73
98.64
98.70
98.81
98.83
98.77
98.68
98.72
98.82
98.77
98.68
98.70
98.74
98.81
98.74
98.69
98.74
98.72
98.83
98.82
98.65
98.82
98.75
98.66
98.82
98.78
98.69
98.93
98.73
98.57
98.80
98.77
98.71
98.84
98.89
98.91
98.78
98.66
98.75
98.65
98.79
98.73
98.71
98.71
98.77
98.84
98.79
98.81
98.70
98.77
98.85
98.66
98.81
98.84
98.75
98.76
98.67
98.54
98.83
98.77
98.88
98.86
98.70
98.50
98.79
98.91
98.78
98.68
98.68
98.82
98.76
98.73
98.67
98.75
98.67
98.64
98.79
98.75
98.62
98.64
98.75
98.72
98.76
98.74
98.68
98.81
98.64
98.75
98.61
98.71
98.84
98.73
98.90
98.69
98.72
98.84
98.65
98.70
98.95
98.69
98.72
98.67
98.69
98.79
98.74
98.85
98.75
98.76
98.68
98.83
98.87
98.63
98.74
98.63
98.83
98.56
98.84
98.75
98.74
98.58
98.76
98.81
98.82
98.72
98.72
98.74
98.83
98.70
98.76
98.79
98.77
98.70
98.78
98.77
98.87
98.76
98.79
98.79
98.59
98.68
98.61
98.74
98.75
98.75
98.76
98.81
98.60
98.80
98.76
98.90
98.71
98.78
98.81
98.76
98.69
98.61
98.82
98.61
98.84
98.69
98.79
98.74
98.71
98.79
98.82
98.74
98.66
98.79
98.74
98.65
98.69
98.82
98.86
98.79
98.74
98.82
98.69
98.59
98.88
98.72
98.78
98.75
98.68
98.84
98.59
98.70
98.59
98.74
98.80
98.86
98.72
98.75
98.77
98.80
98.85
98.78
98.62
98.79
98.60
98.71
98.69
98.73
98.66
98.78
98.84
98.68
98.62
98.61
98.77
98.69
98.85
98.85
98.80
98.86
98.70
99.00
98.69
98.86
98.77
98.86
98.79
98.83
98.75
98.70
98.81
98.75
98.79
98.83
98.86
98.81
98.81
98.79
98.83
98.78
98.96
98.66
98.68
98.78
98.79
98.71
98.72
98.91
98.87
98.79
98.71
98.76
98.66
98.86
98.69
98.57
98.70
98.76
98.69
98.76
98.74
98.65
98.77
98.70
98.71
98.81
98.69
98.89
98.75
98.85
98.78
98.76
98.65
98.84
98.75
98.81
98.86
98.81
98.85
98.48
98.68
98.79
98.86
98.82
98.76
98.84
98.94
98.82
98.82
98.74
98.86
98.83
98.74
98.75
98.78
98.62
98.74
98.67
98.68
98.77
98.61
98.70
98.64
98.75
98.78
98.81
98.77
98.76
98.86
98.84
98.69
98.71
98.79
98.83
98.64
98.74
98.84
98.67
98.68
98.76
98.75
98.84
98.62
98.61
98.74
98.71
98.70
98.62
98.79
98.70
98.65
98.76
98.75
98.57
98.71
98.73
98.86
98.82
98.65
98.78
98.86
98.87
98.89
98.55
98.74
98.84
98.75
98.75
98.80
98.84
98.63
98.74
98.87
98.69
98.76
98.71
98.60
98.85
98.70
98.82
98.62
98.70
98.79
98.79
98.78
98.86
98.79
98.90
98.75
98.74
98.89
98.79
98.79
98.81
98.79
98.71
98.76
98.59
98.72
98.60
98.84
98.76
98.62
98.61
98.72
98.78
98.67
98.74
98.76
98.86
98.67
98.69
98.80
98.72
98.91
98.72
98.80
98.78
98.69
98.78
98.60
98.75
98.82
98.73
98.73
98.62
98.71
98.85
98.71
98.72
98.74
98.70
98.75
98.80
98.75
98.74
98.81
98.73
98.75
98.77
98.63
98.76
98.65
98.86
98.59
98.80
98.87
98.72
98.88
98.72
98.75
98.84
98.89
98.84
98.80
98.76
98.74
98.66
98.74
98.75
98.79
98.74
98.66
98.82
98.62
98.64
98.82
98.53
98.69
98.71
98.85
98.86
98.81
98.78
98.69
98.72
98.72
98.72
98.80
98.60
98.75
98.76
98.81
98.65
98.79
98.73
98.72
98.66
98.77
98.63
98.57
98.80
98.77
98.72
98.75
98.90
98.87
98.69
98.69
98.77
98.74
98.75
98.85
98.88
98.82
98.57
98.84
98.78
98.75
98.69
98.78
98.68
98.71
98.63
98.64
98.69
98.75
98.77
98.77
98.76
98.71
98.77
98.83
98.74
98.73
98.80
98.81
98.62
98.77
98.75
98.63
98.85
98.94
98.81
98.71
98.79
98.61
98.81
98.77
98.68
98.58
98.76
98.88
98.81
98.80
98.72
98.79
98.87
98.71
98.67
