98.85
98.52
98.86
98.81
98.90
98.75
98.84
98.72
98.82
98.80
98.70
98.93
98.66
98.72
98.80
98.64
98.41
98.69
98.58
99.02
98.85
98.87
98.91
99.00
98.71
98.77
98.79
98.89
98.64
98.86
98.58
98.87
98.81
98.76
98.68
98.75
98.80
98.83
98.51
98.78
98.74
98.69
98.78
98.68
98.97
98.45
98.80
98.33
98.79
98.99
98.91
98.82
98.84
98.63
98.71
98.69
98.48
98.81
98.92
98.81
98.80
98.83
98.89
98.67
98.76
98.53
98.66
98.73
98.85
98.76
98.77
98.59
98.84
98.75
98.64
98.83
98.78
98.56
98.68
98.86
98.47
98.76
98.81
98.67
98.41
98.87
98.10
98.63
98.62
98.71
98.90
98.46
98.77
98.72
98.74
98.71
98.74
98.66
98.97
98.91
98.83
98.84
98.85
99.02
98.79
98.59
98.69
98.87
98.66
98.61
98.61
98.97
98.83
98.74
98.63
98.92
98.93
98.63
98.72
98.77
98.95
98.73
98.79
98.75
98.94
98.48
98.54
98.81
98.78
98.78
98.80
98.72
98.75
98.67
98.71
98.78
98.45
98.55
98.84
98.90
98.84
98.86
98.73
98.85
98.56
98.74
98.88
98.80
98.69
98.51
98.89
98.84
98.68
98.52
98.82
98.83
98.57
98.69
98.74
98.36
98.64
98.73
98.83
98.72
98.77
98.86
98.53
98.76
98.84
98.80
98.75
98.72
98.90
98.67
98.70
98.81
98.75
98.76
98.92
98.74
98.48
98.65
98.61
98.81
98.58
98.80
98.76
98.75
98.30
98.72
98.86
98.83
98.77
98.78
98.77
98.84
98.53
98.92
98.75
98.32
98.69
98.81
98.76
98.81
98.56
98.80
98.57
98.84
98.87
98.60
98.69
98.79
98.63
98.82
98.81
98.78
98.72
98.55
98.72
98.94
98.63
98.79
98.78
98.90
98.86
98.82
98.64
98.73
98.78
98.84
98.83
98.35
99.00
98.83
98.85
98.91
98.74
98.70
98.71
98.73
98.73
98.56
98.56
98.69
98.74
98.65
98.77
98.87
98.76
98.74
98.67
98.92
98.70
98.65
98.85
98.95
98.66
98.82
98.64
98.54
98.67
98.92
98.71
98.77
98.79
98.79
98.83
98.83
98.71
98.42
98.76
98.50
98.69
98.64
98.38
98.69
98.81
98.41
98.89
98.93
98.93
98.74
98.79
98.91
98.75
98.55
98.84
98.70
98.65
98.90
98.65
98.77
98.82
98.93
98.83
98.82
98.76
98.41
98.58
98.77
98.56
98.83
98.86
98.67
98.87
98.77
98.80
98.83
98.50
98.63
98.88
98.53
98.76
98.79
98.48
98.84
98.66
98.74
98.91
98.71
98.49
98.63
98.95
98.53
98.84
98.60
98.70
98.48
98.72
98.78
98.84
98.74
98.61
98.58
98.94
98.64
98.50
98.78
98.46
98.83
98.67
98.73
98.25
98.57
98.90
98.84
98.58
98.59
98.84
98.72
98.77
98.77
98.67
98.93
98.85
98.52
98.38
98.69
98.57
98.49
98.85
98.81
98.79
98.83
98.95
98.86
98.73
98.75
98.77
98.77
98.60
99.06
98.69
98.76
98.78
98.75
98.63
98.61
98.70
98.64
98.72
98.88
98.66
98.99
98.34
98.49
98.88
98.64
98.82
98.77
98.75
98.84
98.19
98.78
98.60
98.53
98.81
98.83
98.59
98.79
98.65
98.78
98.74
98.75
98.61
98.82
98.70
98.60
98.83
98.44
98.89
98.82
98.72
98.74
98.79
98.72
98.43
98.62
98.82
98.68
98.60
99.01
98.78
98.71
98.83
98.66
98.71
98.92
98.89
98.81
98.92
98.78
98.60
98.82
98.73
98.79
98.60
98.73
98.64
98.71
98.68
98.71
98.65
98.90
98.75
98.97
98.68
98.91
98.89
98.77
98.73
98.76
98.80
98.58
98.65
98.80
98.82
98.75
98.80
98.74
98.86
98.89
98.81
98.91
98.72
98.79
98.58
98.75
98.92
98.52
98.73
98.55
98.80
98.71
98.69
98.56
98.82
98.77
98.82
98.65
98.91
98.93
98.76
98.49
98.77
98.77
98.71
98.89
98.78
98.88
98.82
98.77
98.68
98.72
98.64
98.75
98.74
99.01
98.66
98.91
98.13
98.79
98.83
98.74
98.74
98.65
98.78
98.92
98.63
98.73
98.83
98.70
98.79
98.71
98.56
98.63
98.74
98.82
98.78
98.73
98.69
98.83
98.69
98.92
98.41
98.69
98.86
98.86
98.28
98.85
98.74
98.88
98.74
98.60
98.85
98.60
98.81
98.95
98.65
98.68
98.82
98.78
98.64
98.85
98.73
98.60
98.69
98.64
98.71
98.78
98.87
98.90
98.90
98.87
98.87
98.81
98.64
98.68
98.92
98.88
98.58
98.55
98.91
98.82
98.63
98.86
98.80
98.73
98.69
98.83
98.79
98.56
98.37
98.62
98.82
98.81
98.91
98.44
98.92
98.78
98.74
98.84
98.71
98.68
98.90
98.85
98.81
98.77
98.89
98.72
98.90
98.81
98.72
98.75
98.73
98.78
98.79
98.97
98.77
98.82
98.74
98.67
98.75
98.62
98.68
98.74
98.71
98.74
98.68
98.77
98.78
98.86
98.91
98.79
98.96
98.81
98.90
98.79
98.83
98.82
98.76
98.79
98.79
98.60
98.58
98.71
98.56
98.86
98.85
98.89
98.58
98.75
98.82
98.83
98.77
98.73
98.65
98.75
98.82
98.65
98.84
98.65
98.94
98.75
98.83
98.77
98.87
98.77
98.79
98.74
98.92
98.70
98.80
98.87
98.72
98.81
98.84
98.53
98.92
98.74
98.90
98.84
98.67
98.60
98.88
98.66
98.66
98.85
98.78
98.87
98.86
98.74
98.85
98.88
98.70
98.81
98.95
98.55
98.74
98.93
98.75
98.75
98.67
98.94
98.85
98.88
98.85
98.77
98.95
98.65
98.79
98.86
98.84
98.85
98.74
98.39
98.74
98.55
98.91
98.88
98.63
98.85
98.72
98.65
98.70
98.74
98.59
98.65
98.50
98.89
98.64
98.69
98.51
98.80
98.70
98.80
98.71
98.81
98.74
98.67
98.88
98.50
98.96
98.82
98.79
98.73
98.84
98.76
98.82
98.70
98.32
98.73
98.76
98.71
98.70
98.88
98.68
98.83
98.83
98.80
98.85
98.65
98.69
98.71
98.89
98.77
98.42
98.70
98.74
98.89
98.67
98.79
98.94
98.85
98.77
98.64
98.87
98.77
98.72
98.36
98.62
98.59
98.87
98.42
98.88
98.89
98.82
98.57
98.70
98.77
98.71
98.80
98.69
98.68
98.58
98.76
98.79
98.43
98.67
98.80
98.81
98.91
98.86
98.92
98.65
98.60
98.72
98.51
98.75
98.52
98.77
98.41
98.71
98.88
98.82
98.67
98.72
98.80
98.91
98.40
98.57
98.69
98.62
98.71
98.74
98.78
98.70
98.85
98.62
98.76
98.94
98.82
98.63
98.80
98.90
98.68
98.65
98.89
98.72
98.71
98.74
98.78
98.52
98.61
98.94
98.82
98.65
98.56
98.91
98.64
98.77
98.72
98.83
98.70
98.78
98.94
98.61
98.59
98.86
98.63
98.68
98.92
98.46
98.86
98.74
98.90
98.73
98.73
98.91
98.32
98.59
98.66
98.86
98.88
98.69
98.63
98.82
98.76
98.76
98.72
98.69
98.81
98.81
98.64
98.67
98.87
98.76
98.93
98.73
98.55
98.76
98.57
98.85
98.72
98.73
98.51
98.71
98.73
98.62
98.74
98.75
98.73
98.76
98.78
98.73
98.75
98.85
98.72
98.75
98.60
98.86
98.80
98.81
98.94
98.82
98.82
98.74
98.71
98.68
98.72
98.83
98.69
98.85
98.52
98.70
98.75
98.70
98.59
98.72
98.82
98.77
98.65
98.76
98.85
98.70
98.76
98.83
98.85
98.60
98.81
98.61
98.54
98.74
98.62
98.77
98.95
98.77
98.60
98.62
98.77
98.70
98.90
98.83
98.83
98.78
98.56
98.90
99.03
98.76
98.74
98.70
98.43
98.84
98.87
98.37
98.68
98.83
98.55
98.69
98.79
98.88
98.73
98.87
98.77
98.81
98.42
98.58
98.85
98.84
98.91
98.83
98.76
98.68
98.71
98.56
98.69
98.72
98.84
98.93
98.88
98.84
98.62
98.86
98.86
98.86
98.80
98.77
98.45
98.87
98.90
98.72
98.58
98.84
98.88
98.74
98.82
98.77
98.82
98.80
98.68
98.71
98.67
98.92
98.68
98.76
98.68
98.56
98.62
98.64
98.81
