91.57
91.25
91.78
92.05
90.87
90.13
90.08
91.09
88.24
91.17
90.57
89.27
90.52
89.98
91.22
90.92
91.05
90.38
91.23
90.46
90.41
90.22
89.79
91.33
91.79
90.19
91.68
91.28
90.47
90.67
89.41
91.08
91.12
90.20
91.10
90.59
90.83
91.14
91.92
91.18
90.74
90.39
91.63
88.45
89.56
89.67
88.53
88.39
90.80
90.40
89.53
88.86
89.58
91.64
92.22
88.84
90.19
88.78
89.43
91.84
91.97
89.96
91.21
89.78
91.38
91.15
89.84
91.27
90.82
90.77
90.15
91.57
89.57
91.61
91.05
89.74
90.39
91.25
90.99
89.78
90.11
90.17
91.86
91.75
90.25
90.25
91.94
89.60
90.53
89.73
89.30
82.23
87.45
90.04
91.67
89.90
89.56
90.02
91.56
90.05
91.65
91.80
91.28
89.45
91.74
91.29
91.38
91.55
91.79
89.32
91.54
90.74
91.58
91.96
91.59
89.61
91.45
90.20
90.81
91.23
91.18
89.03
89.64
91.55
90.27
90.69
91.02
91.07
91.05
90.77
91.89
88.83
89.20
91.64
89.80
90.78
90.94
91.13
90.28
91.62
91.32
91.00
89.52
90.04
91.52
91.57
89.30
91.14
91.22
90.08
88.72
91.08
90.95
88.23
90.62
91.35
90.08
91.35
89.81
90.81
91.64
89.49
92.21
90.87
90.32
89.48
90.60
89.79
88.94
90.54
90.01
91.48
89.20
88.21
89.98
91.11
90.77
90.82
91.15
91.05
89.85
91.69
90.53
91.32
89.61
91.60
91.38
90.25
89.79
88.93
89.45
90.44
89.38
90.65
89.02
89.41
91.03
91.84
89.99
88.69
89.74
90.13
91.15
90.05
89.66
89.89
90.35
91.29
90.89
86.87
91.71
91.45
92.35
89.32
91.90
90.91
91.12
90.54
88.98
88.68
90.67
91.73
90.31
89.24
87.75
88.61
91.33
90.46
91.52
91.19
91.12
91.98
91.49
92.05
90.98
90.23
91.14
87.19
90.38
91.90
90.74
91.45
90.49
89.78
91.74
90.02
91.37
90.46
88.57
89.06
90.91
90.38
90.07
90.11
88.43
90.74
90.45
92.72
87.76
92.10
90.87
90.59
90.30
90.51
91.57
92.61
90.56
89.06
90.26
91.32
91.38
90.77
85.08
90.26
88.33
91.27
88.97
90.92
87.88
90.13
91.02
89.33
90.61
91.44
88.71
91.61
90.13
90.26
89.87
91.10
89.18
90.06
89.62
88.51
90.55
92.43
90.51
86.64
89.93
89.05
91.61
89.96
89.02
90.02
91.32
90.21
91.17
90.31
92.30
92.20
89.91
90.86
91.03
92.02
90.57
91.11
91.99
89.72
90.94
91.61
90.79
90.17
89.61
91.57
88.62
90.92
85.55
91.06
89.21
88.05
91.49
90.78
88.36
90.43
86.01
90.18
92.17
89.41
89.61
90.51
89.44
90.51
89.82
91.58
87.66
91.94
89.89
88.89
89.84
91.74
90.42
91.47
90.28
92.79
88.85
91.13
91.00
90.86
90.21
92.33
90.64
91.52
91.33
92.48
91.53
91.93
91.48
90.76
88.25
89.08
89.64
90.17
92.46
88.66
90.47
90.66
91.26
85.72
90.25
91.05
91.15
90.65
90.36
91.31
90.81
90.22
90.41
89.36
88.55
91.65
88.63
89.65
89.91
91.55
89.87
90.92
91.66
89.98
91.43
92.30
91.65
90.37
90.23
90.04
90.41
90.20
90.96
90.30
91.05
91.45
91.31
91.70
92.48
88.94
89.69
91.84
91.89
90.38
92.25
92.22
90.63
90.83
92.45
91.10
90.49
91.57
90.85
91.49
89.79
91.24
88.85
84.63
90.96
91.70
91.67
91.19
88.84
87.22
89.61
92.21
91.36
90.13
91.54
89.55
90.74
90.81
90.52
89.37
91.49
89.88
91.20
90.38
90.44
89.53
90.29
91.26
92.34
90.81
87.21
91.54
91.08
92.44
91.73
88.07
89.00
91.03
90.30
91.09
90.18
92.42
91.27
91.86
91.29
91.86
89.48
92.11
89.82
89.30
91.41
91.32
90.74
91.14
91.09
90.37
91.19
92.04
90.94
90.85
88.86
90.32
87.60
91.44
90.28
89.42
90.86
91.11
91.00
91.98
91.81
91.69
90.64
91.70
89.87
90.65
91.27
89.64
91.75
90.27
89.48
91.84
91.52
90.65
86.49
90.24
89.61
89.91
90.15
90.01
91.87
90.11
90.16
91.45
90.25
90.25
88.19
91.08
87.62
89.47
89.25
91.77
90.51
89.17
89.38
90.54
88.13
91.04
89.40
89.83
88.42
91.49
90.75
88.62
91.01
91.02
91.28
90.19
89.73
90.79
91.84
89.54
88.85
91.47
91.68
89.34
91.59
89.66
86.47
86.90
90.24
91.95
91.30
89.36
90.76
90.39
91.02
92.86
91.42
90.91
91.37
91.48
90.96
90.49
89.91
91.07
90.12
91.39
91.81
92.68
91.50
88.94
88.83
91.71
89.41
92.42
90.91
91.96
91.29
87.87
88.84
90.52
91.60
89.77
89.30
89.34
89.76
87.37
91.83
87.91
87.11
90.05
91.01
91.25
91.84
91.15
90.94
91.14
90.52
90.03
90.17
90.90
87.60
91.04
90.42
90.93
90.56
91.21
90.88
90.99
89.00
88.52
88.68
91.09
90.08
91.69
88.94
92.17
90.75
90.67
91.38
91.53
90.53
90.77
88.50
89.40
91.37
89.33
89.71
91.00
91.63
89.52
91.96
92.07
90.56
91.67
89.40
91.75
90.79
90.85
90.16
89.64
90.79
91.00
91.77
91.05
90.60
92.52
91.68
91.62
91.33
91.14
92.29
90.12
90.26
91.84
91.46
90.66
91.65
90.58
92.07
87.97
90.96
90.90
91.69
89.15
91.24
90.46
89.57
90.74
92.17
92.48
88.15
87.48
92.11
92.77
91.64
89.58
91.65
89.91
87.89
90.49
90.97
88.32
89.94
91.96
89.21
91.73
91.46
86.43
90.78
91.79
88.01
90.01
91.04
90.51
92.25
91.14
91.35
90.71
90.82
91.10
90.93
89.34
90.71
88.82
89.58
91.00
90.06
90.74
90.18
90.24
90.66
89.94
89.94
91.78
90.19
91.73
91.20
89.65
87.95
90.76
91.92
90.85
89.44
89.62
91.65
90.35
88.30
90.83
90.77
88.17
91.95
90.92
90.16
87.37
90.89
90.84
87.74
90.91
91.29
90.31
89.23
90.90
90.25
91.45
89.67
90.70
91.14
89.41
89.44
91.57
90.43
89.99
90.51
91.11
90.97
91.53
90.32
90.13
90.39
91.65
91.28
90.52
91.18
91.45
91.69
89.64
89.19
90.11
89.35
92.25
89.22
89.72
91.14
91.91
90.88
89.84
89.96
93.03
90.31
91.21
90.49
91.01
91.62
89.91
90.76
91.18
89.63
90.70
89.15
91.53
92.60
89.19
91.50
88.13
90.75
90.33
92.19
90.77
90.56
91.43
90.66
90.80
91.12
90.42
90.63
91.57
89.49
90.06
91.10
91.55
89.56
91.14
90.59
89.13
91.55
91.50
89.84
89.20
91.94
90.77
87.79
91.97
90.69
92.21
89.36
90.49
90.57
89.81
89.99
91.67
90.80
92.18
91.69
88.88
87.27
91.17
90.04
92.64
91.80
92.39
90.63
90.44
90.28
91.78
91.02
91.66
88.70
91.17
90.25
90.64
89.88
91.35
89.68
88.43
90.47
91.37
90.65
91.73
89.03
89.59
89.03
88.97
89.91
90.73
88.98
91.44
91.09
90.88
90.34
89.42
89.31
91.18
89.07
90.86
92.21
90.65
90.99
91.26
86.67
90.59
92.41
91.27
88.71
89.32
90.88
88.84
90.90
91.07
91.79
89.32
90.91
91.46
87.47
88.07
89.32
91.86
89.49
90.93
90.29
91.04
91.71
90.01
90.82
90.23
91.08
90.28
90.15
91.31
90.56
88.37
91.52
90.60
90.76
89.12
91.45
90.78
91.56
87.77
89.38
90.27
89.77
86.72
91.12
91.39
91.66
91.87
91.65
91.62
90.87
88.41
88.52
90.24
89.25
92.03
91.01
88.68
92.10
88.25
91.14
91.93
87.43
89.66
91.50
88.07
89.92
91.58
90.16
90.41
91.09
90.00
87.05
90.00
89.63
91.47
91.39
90.74
87.62
90.90
91.79
90.45
88.96
91.92
88.92
89.97
89.59
90.90
88.27
89.15
90.43
91.32
88.00
91.10
90.36
88.94
92.00
91.12
91.24
91.34
90.90
91.61
89.89
91.30
89.21
90.85
90.83
90.29
90.84
91.56
91.02
89.42
