94.62
94.64
94.30
94.18
94.55
94.43
94.97
94.73
94.32
94.43
94.56
94.24
94.56
94.45
94.56
94.97
94.59
94.40
94.10
94.54
93.81
93.78
94.53
92.69
93.90
94.49
93.66
95.19
94.95
94.18
92.19
93.10
94.37
94.98
94.57
94.96
94.30
94.73
94.28
95.13
94.20
94.01
94.59
95.02
94.55
92.93
92.86
94.37
94.60
94.12
94.86
95.01
94.03
94.26
93.77
94.30
93.01
94.93
94.29
94.42
94.70
94.84
94.27
94.57
94.18
94.32
94.44
93.29
94.86
93.80
93.83
94.98
94.96
94.05
93.94
94.14
94.58
94.78
94.53
94.81
94.79
93.78
94.09
92.94
94.51
93.42
94.25
94.48
94.31
95.09
93.77
93.97
95.12
94.32
92.99
94.46
94.19
94.44
94.79
94.20
94.16
94.15
94.58
94.96
93.98
94.52
93.65
93.83
94.28
94.35
94.42
94.41
94.33
95.26
94.50
93.85
94.37
94.38
93.59
94.37
93.94
94.41
94.71
93.61
94.13
94.77
94.10
94.49
94.53
94.57
94.45
93.95
94.66
94.46
94.59
94.27
94.74
93.53
94.54
93.78
93.72
94.79
93.84
93.50
94.46
94.57
94.03
95.07
94.10
92.79
94.59
93.68
93.90
94.21
95.20
94.46
94.56
94.96
94.70
94.30
94.55
93.97
94.78
94.41
94.52
93.88
93.68
94.79
94.51
94.24
94.43
94.75
93.86
95.09
95.02
94.56
94.18
94.10
95.37
95.05
94.92
93.61
94.79
94.58
94.56
94.33
93.46
94.01
94.85
94.71
94.36
94.47
94.81
95.17
94.26
94.13
94.95
94.79
94.38
94.33
94.78
94.34
94.50
94.29
94.40
94.31
95.10
94.59
94.48
94.67
94.96
94.46
93.93
94.14
94.68
94.49
94.74
93.26
93.65
95.26
94.71
95.01
94.52
94.77
93.67
94.86
94.38
94.03
94.86
94.42
94.57
94.53
94.18
93.99
94.31
94.39
94.38
94.19
93.89
94.14
95.17
95.20
95.01
94.39
94.32
95.34
94.84
94.13
93.49
95.10
94.80
94.64
94.39
94.49
94.97
94.01
94.35
94.25
94.44
95.28
94.31
94.48
94.09
93.68
94.21
94.66
94.14
94.85
94.05
94.89
94.18
94.14
93.87
92.51
95.08
93.62
94.56
94.56
95.00
94.83
94.58
94.75
95.13
94.53
94.97
94.44
94.45
93.43
94.40
94.84
94.72
94.43
94.47
94.83
94.28
94.38
94.72
94.29
94.93
94.02
93.59
94.99
94.63
92.97
94.25
93.05
94.54
93.93
94.63
95.11
94.57
94.32
94.62
94.51
94.81
94.15
94.50
93.98
94.33
94.73
93.87
94.77
93.98
94.32
94.05
95.07
94.49
94.83
94.69
94.21
94.91
93.46
94.36
94.93
94.53
94.55
94.58
94.90
94.53
93.72
95.04
94.60
94.85
94.74
94.40
95.25
93.94
94.40
94.40
94.81
94.36
94.82
93.33
94.15
94.40
94.96
93.42
94.21
94.28
93.85
93.90
94.90
93.77
94.33
94.55
94.38
94.04
94.21
94.68
93.69
94.61
93.91
94.54
94.49
94.25
94.59
93.66
94.71
94.45
94.41
94.52
94.76
95.10
94.63
94.69
94.29
94.99
94.00
94.64
94.49
93.92
94.43
93.94
93.45
94.71
94.27
94.77
94.93
94.24
94.70
94.53
93.97
94.23
95.11
93.00
94.19
93.97
94.23
94.52
94.53
94.64
94.19
94.88
94.66
94.83
94.13
94.88
93.96
92.97
93.70
94.31
94.56
91.54
94.37
94.90
94.37
95.17
94.79
95.07
94.14
95.24
93.89
94.38
94.33
94.28
93.51
94.45
94.54
94.93
93.51
94.97
93.97
94.83
94.89
93.39
94.52
94.48
94.45
93.94
95.42
94.72
92.96
93.93
94.42
94.22
94.19
94.46
92.96
93.69
94.40
94.69
94.26
93.41
94.45
94.46
94.78
94.30
94.20
93.77
94.63
94.84
94.68
93.87
94.65
94.27
94.93
94.96
94.89
93.79
94.09
94.65
93.73
94.83
94.01
94.23
94.88
95.19
94.44
93.76
94.14
94.12
94.28
95.21
95.00
94.13
94.70
94.06
94.50
93.89
94.83
94.75
94.49
94.53
94.88
94.51
95.00
94.42
94.48
94.03
94.12
94.27
94.86
94.98
93.83
93.99
94.67
94.09
94.49
94.64
94.77
93.40
94.43
94.05
93.43
94.50
94.11
94.33
94.93
94.57
94.70
94.76
93.09
94.63
94.45
93.91
94.42
94.47
94.78
94.86
93.46
93.90
94.30
94.65
95.04
94.62
94.60
93.53
94.21
95.02
93.94
93.52
94.26
94.38
94.61
93.79
94.90
94.86
94.45
93.05
94.78
93.37
94.26
93.90
93.51
94.83
94.42
92.75
93.74
94.55
94.34
95.06
93.54
94.20
94.09
94.50
93.96
94.51
93.79
94.95
94.17
94.09
94.45
93.53
94.84
94.55
94.70
93.81
93.85
92.55
93.94
94.83
94.65
94.73
94.73
93.21
93.94
94.09
94.48
95.19
94.69
94.25
94.00
94.39
94.25
93.05
94.20
94.98
94.94
94.35
95.10
94.78
94.30
93.74
94.79
93.70
94.38
94.71
94.20
94.37
94.56
94.93
94.21
95.04
94.64
94.23
94.65
94.34
94.84
94.72
94.28
94.01
95.01
94.09
94.01
94.74
94.52
94.25
95.24
95.23
94.89
95.09
95.21
94.73
94.65
94.59
94.59
93.98
94.46
94.18
93.74
95.06
94.59
94.12
94.70
94.48
94.44
94.39
95.14
94.34
94.15
94.64
94.56
94.63
93.94
94.45
95.09
94.78
94.72
94.41
94.80
94.32
94.64
94.88
93.96
94.12
94.71
94.71
94.30
95.05
94.27
94.75
94.52
94.44
94.83
94.71
94.60
93.56
94.28
93.72
94.44
94.30
94.25
94.09
94.39
94.68
95.34
94.26
94.03
94.71
94.69
95.04
94.57
94.64
92.90
94.71
93.41
93.51
94.15
94.39
95.12
94.91
94.33
94.49
94.63
92.88
94.56
94.85
94.36
94.18
94.06
94.25
94.86
95.11
94.14
94.61
94.88
93.82
94.27
94.02
94.31
94.03
94.39
95.04
94.53
94.87
92.48
93.41
94.61
94.15
93.78
93.96
94.47
93.98
94.65
94.74
94.63
94.72
93.51
94.17
93.80
93.88
94.71
93.20
94.64
94.75
94.52
94.88
93.96
93.57
94.86
94.72
94.46
92.80
94.55
94.25
94.14
94.94
93.50
93.94
93.51
94.24
94.43
93.61
94.38
93.19
94.78
93.33
94.63
94.30
94.69
94.66
95.29
94.28
94.32
94.07
94.70
93.50
94.02
94.43
94.37
94.22
94.56
93.06
94.05
94.43
94.22
94.60
92.44
93.94
92.71
94.49
94.78
94.62
94.86
94.38
94.82
95.02
94.90
94.25
95.11
94.76
94.54
94.59
94.84
94.96
93.89
94.52
95.19
94.34
94.26
94.62
95.14
93.64
94.41
94.33
94.48
95.16
93.96
93.98
93.78
94.46
94.60
94.08
93.65
95.07
94.49
94.47
93.83
94.09
94.84
94.46
94.32
94.70
94.64
94.48
94.34
93.26
94.33
94.68
94.42
94.69
94.37
94.47
95.29
95.16
94.58
93.87
94.90
92.84
93.30
94.74
94.05
92.10
94.42
94.56
94.58
94.64
93.80
94.82
94.84
94.56
94.77
94.52
94.29
94.24
94.62
94.47
93.56
94.46
94.62
93.85
93.26
95.13
94.44
94.55
94.88
94.20
94.97
95.22
94.71
93.75
95.00
94.07
94.40
93.58
95.36
94.66
93.94
94.81
93.85
94.61
94.09
94.12
94.59
94.17
93.96
94.42
94.66
93.79
94.71
95.01
94.78
94.66
93.94
94.51
94.82
94.36
94.02
94.23
94.25
94.40
94.32
94.22
94.37
94.26
94.90
94.04
94.60
94.38
94.55
95.07
94.68
94.95
94.91
95.04
94.58
94.15
94.57
93.01
93.88
94.33
93.64
94.35
94.59
94.46
94.85
92.84
94.23
94.64
94.00
94.47
93.66
94.79
93.64
93.82
94.22
93.89
94.65
93.53
95.23
94.79
94.09
94.68
94.79
94.72
94.83
94.13
94.23
94.85
94.78
94.72
94.33
94.51
94.34
94.08
94.01
94.54
94.25
94.26
94.47
93.81
94.40
94.28
94.61
94.69
94.92
94.49
95.17
93.65
94.62
94.70
94.65
94.30
94.80
93.69
95.15
93.50
93.41
93.52
93.99
