96.64
97.09
96.90
97.17
97.42
96.82
96.09
96.84
97.01
96.93
96.37
97.05
97.04
96.94
97.03
96.32
96.37
96.97
97.09
97.04
96.48
96.62
96.90
97.00
96.79
97.17
96.26
97.04
97.13
96.76
96.75
97.18
96.92
96.26
96.58
96.79
96.95
96.52
97.04
97.27
96.38
96.46
96.48
96.75
97.13
97.07
96.32
96.99
97.09
96.82
96.48
97.05
97.12
96.70
97.20
96.91
96.70
96.44
97.10
97.17
96.32
96.84
96.64
96.23
96.25
96.89
96.18
97.09
96.68
96.60
96.48
96.75
96.66
96.42
96.79
96.78
97.09
96.80
96.99
96.46
96.99
96.91
96.46
96.88
96.57
97.26
97.05
96.63
97.25
96.86
96.74
96.62
97.20
96.71
96.80
96.79
95.88
96.63
96.69
96.73
96.90
96.91
96.79
97.27
96.78
96.84
96.77
96.91
96.41
97.08
97.31
96.56
96.77
96.95
96.91
96.58
96.77
96.89
97.00
96.10
97.29
96.56
96.78
97.14
96.76
97.19
97.06
96.41
96.75
96.35
96.84
97.04
96.66
96.28
96.72
96.78
96.38
96.88
96.71
96.98
97.22
96.53
96.55
96.94
97.40
96.45
97.02
97.40
96.73
96.98
96.88
96.92
96.74
97.15
96.63
96.98
97.07
97.07
96.88
96.77
96.58
96.74
97.25
96.82
96.76
97.28
96.61
97.14
96.80
96.83
96.75
96.65
96.76
96.48
97.14
96.60
97.01
96.18
96.33
97.09
96.90
96.73
97.02
97.22
96.75
96.69
96.96
96.86
96.78
96.61
97.22
96.69
96.43
96.88
97.02
96.89
96.22
96.71
97.05
96.83
97.07
97.04
96.85
97.17
96.57
96.40
97.19
97.07
96.99
96.96
97.06
97.30
96.64
96.76
96.15
97.32
95.99
96.81
97.02
96.83
96.91
96.78
96.83
96.78
96.95
96.95
96.76
96.67
96.74
96.64
96.09
97.00
97.01
96.33
97.09
96.63
96.67
97.24
96.96
97.19
96.46
96.74
96.97
96.48
96.98
96.75
96.66
97.12
96.36
96.77
96.85
96.93
97.27
97.00
96.67
97.06
96.56
97.12
96.98
97.09
97.01
96.76
96.82
97.13
96.77
96.89
96.85
97.27
96.78
97.03
96.93
96.50
96.73
96.71
96.82
96.69
96.73
96.94
96.57
96.52
96.43
97.17
96.28
96.63
96.97
97.25
97.06
97.05
96.84
96.61
96.38
96.67
97.19
97.71
97.20
97.19
96.92
97.17
97.14
96.33
96.67
96.59
96.74
96.74
96.89
96.84
96.96
96.98
96.89
96.75
96.67
96.97
97.03
96.96
96.87
97.08
96.95
97.03
96.76
96.91
95.46
96.67
96.94
96.66
96.64
96.91
96.51
96.93
96.30
96.79
97.05
96.91
96.74
96.60
97.16
96.84
97.05
97.20
96.54
97.11
96.87
96.96
96.40
96.87
96.42
96.83
97.33
96.95
97.02
96.65
96.89
97.07
96.95
96.20
96.70
96.99
96.77
96.74
97.20
96.97
97.15
96.58
95.79
96.75
96.85
97.20
96.31
96.91
96.99
96.63
96.90
96.72
97.12
96.85
97.08
97.01
96.50
95.93
96.94
96.55
96.96
97.10
95.85
97.04
96.60
96.71
97.09
97.03
97.15
96.87
96.30
96.97
96.26
97.14
97.10
96.35
97.04
96.89
95.98
96.94
96.32
97.07
96.88
97.02
97.04
95.50
96.78
96.53
96.24
96.95
97.21
96.66
96.82
96.66
97.05
96.85
97.11
96.62
97.01
96.60
97.14
97.01
96.57
96.08
96.92
96.89
96.84
96.42
96.70
96.58
97.17
96.55
96.52
97.16
96.71
96.23
96.90
96.90
97.03
96.71
96.97
97.22
96.69
97.01
96.50
96.46
96.23
95.99
96.56
96.90
96.66
97.09
96.18
96.97
96.97
96.90
96.93
96.73
96.83
95.96
97.00
96.65
96.78
96.67
96.39
96.60
97.06
96.54
97.00
97.00
96.25
97.30
96.53
96.93
97.24
96.50
97.09
96.69
96.49
96.71
96.36
96.78
96.59
96.90
96.93
96.96
96.94
97.07
96.58
96.72
97.06
96.52
96.65
96.90
96.89
96.98
97.18
96.78
96.50
96.83
96.45
97.03
96.83
97.26
97.02
97.00
97.27
96.52
97.02
96.63
96.60
96.82
96.63
96.69
96.99
96.92
96.81
96.39
97.13
96.58
96.96
97.28
96.57
96.74
96.93
96.81
96.25
96.32
96.65
97.12
96.18
96.58
96.73
97.28
97.07
96.85
97.19
97.11
97.01
96.80
96.96
96.90
96.66
97.19
97.13
96.75
97.13
97.06
96.96
97.21
96.92
96.69
96.52
96.40
96.97
96.28
96.31
97.27
97.11
96.87
96.28
97.11
96.61
96.39
96.86
97.09
97.12
96.91
96.81
96.20
97.25
97.01
96.83
96.64
97.01
96.80
97.05
96.41
96.80
96.90
96.83
96.99
97.15
96.93
96.63
97.31
97.30
96.89
96.31
96.88
97.30
96.90
96.84
96.80
96.81
96.87
96.57
96.18
97.03
96.09
96.33
96.86
97.05
97.06
96.68
97.45
96.90
97.22
95.74
96.93
97.00
96.82
97.07
96.98
96.93
97.07
97.38
96.88
96.60
96.73
96.76
96.78
97.22
97.14
97.34
96.79
96.90
96.56
96.97
96.60
96.41
96.11
97.09
96.72
96.60
96.96
96.87
97.10
96.93
96.74
96.90
97.03
96.38
97.13
96.67
96.46
96.64
96.92
96.52
96.40
97.07
97.08
96.33
96.39
96.88
96.83
96.84
96.75
96.79
96.63
97.31
96.77
97.01
97.01
97.14
97.11
96.97
96.86
96.83
97.38
96.79
96.63
97.17
96.59
97.19
96.69
96.66
97.28
96.62
97.20
96.87
97.03
96.94
96.85
96.86
97.18
96.85
97.02
97.26
96.94
96.77
96.90
96.16
97.16
96.82
96.87
97.03
96.84
96.88
96.38
96.92
96.82
96.87
97.17
96.73
96.23
96.95
96.95
96.34
96.66
96.98
97.08
96.74
96.72
96.90
96.70
96.99
97.12
97.13
96.80
96.94
96.76
96.85
97.03
97.10
96.46
96.62
96.60
96.96
97.08
96.58
96.95
96.08
96.73
96.81
96.84
96.70
96.61
97.02
97.43
96.60
96.99
96.61
96.70
97.33
97.08
97.18
97.22
96.64
97.36
97.10
96.84
96.41
97.02
96.66
97.23
97.08
96.85
96.51
96.87
97.37
96.66
96.50
96.68
96.78
95.26
96.44
96.82
96.59
96.40
96.84
96.40
96.90
97.11
97.14
96.54
96.75
96.95
96.89
97.01
96.66
96.94
96.92
96.68
97.03
96.88
96.93
96.89
96.98
97.01
96.69
97.18
96.72
96.85
96.45
97.11
96.80
96.80
96.22
96.44
96.30
96.95
96.42
97.30
96.91
96.44
96.50
96.04
96.29
96.86
96.59
97.15
96.86
96.86
96.49
97.05
97.49
97.14
97.03
96.54
97.10
96.90
96.82
97.00
96.53
96.78
96.91
96.86
96.88
97.04
97.06
96.85
96.59
97.02
96.39
96.84
97.37
97.22
96.74
97.27
96.80
96.83
96.61
96.44
96.13
97.10
96.84
96.54
96.99
97.23
97.14
96.87
96.70
96.87
97.18
96.96
97.00
97.18
96.68
96.92
97.16
96.41
96.37
96.94
97.35
96.84
97.07
97.35
97.04
97.11
96.92
97.21
96.42
96.47
96.85
96.45
96.94
97.15
96.96
96.17
96.54
96.31
96.63
96.95
96.92
97.18
96.60
96.37
96.89
96.58
96.67
96.53
97.18
96.86
97.03
96.93
97.28
96.93
96.65
96.73
96.93
96.57
97.15
96.61
96.50
95.59
96.84
97.02
96.91
96.36
96.78
96.47
96.44
96.50
96.61
97.41
96.83
96.97
97.10
96.83
96.89
96.74
96.85
96.76
96.76
96.83
96.65
97.05
96.06
96.49
96.71
97.32
96.99
97.04
96.64
96.58
97.01
96.95
96.93
96.65
96.44
96.83
96.81
96.84
96.34
97.26
96.58
97.22
97.13
96.55
96.94
96.75
96.79
96.74
97.05
96.73
97.07
97.01
96.47
96.59
96.57
96.82
96.86
96.67
96.94
96.64
96.86
96.67
96.82
96.78
96.91
96.15
95.79
96.54
96.86
96.78
96.49
96.53
96.94
96.80
96.53
97.18
96.72
96.89
97.07
97.18
96.96
96.73
96.64
96.74
96.78
97.33
96.13
97.16
96.61
96.69
96.47
96.18
97.15
97.01
