98.31
98.24
97.80
98.46
98.34
98.34
98.19
97.86
98.24
98.34
98.31
98.40
97.93
98.30
98.06
98.31
98.28
98.11
98.16
98.34
98.31
98.21
98.26
98.35
98.16
98.29
98.44
98.49
98.06
98.16
98.39
98.26
98.42
98.29
98.29
98.19
98.57
98.21
98.53
97.89
98.48
98.27
98.23
98.39
98.29
98.12
98.31
98.38
98.27
98.56
98.26
98.51
98.42
98.39
98.22
98.53
98.18
98.36
98.41
98.29
98.18
98.20
98.46
98.16
98.18
98.46
98.50
98.57
98.04
98.27
98.23
98.46
97.93
98.36
97.70
98.03
98.29
98.34
98.55
98.46
98.29
98.13
98.25
98.32
98.09
98.49
98.14
98.45
98.45
97.94
98.02
98.07
98.45
98.30
98.37
98.00
98.46
98.26
98.19
98.38
98.39
98.21
98.40
98.34
98.48
98.27
98.15
98.31
98.13
98.28
98.27
98.50
98.31
98.01
98.33
98.34
98.35
98.27
98.57
98.13
98.44
97.99
98.40
98.22
98.24
98.40
98.32
98.52
98.40
98.47
98.16
98.52
98.24
98.44
98.43
98.31
98.39
98.26
98.43
98.16
98.09
98.42
98.14
98.12
98.08
98.39
98.28
98.33
98.42
98.25
98.59
97.80
98.39
98.32
98.13
98.01
98.08
98.00
98.38
98.02
97.90
98.33
98.00
98.36
98.57
98.16
98.30
98.37
97.43
98.10
98.25
98.15
98.46
98.19
98.23
98.46
98.48
98.46
98.40
98.29
98.44
98.38
98.36
98.52
98.50
98.42
97.93
98.02
97.71
98.41
98.17
98.43
98.16
98.40
98.15
98.43
98.23
98.41
98.01
98.02
98.21
98.51
98.02
98.45
98.39
98.02
98.38
98.43
98.35
98.21
98.18
98.29
98.26
98.28
98.15
98.37
98.27
98.44
98.46
98.37
98.39
98.23
98.36
98.29
98.38
98.02
98.34
98.11
98.45
98.28
98.43
98.62
97.93
98.39
98.32
98.59
98.12
98.16
98.18
98.24
98.31
98.19
98.12
98.14
97.99
98.24
98.27
98.18
98.06
98.12
98.41
98.46
98.22
98.34
98.30
98.48
98.15
97.46
98.38
98.32
98.42
98.12
98.41
98.26
98.30
98.22
98.31
98.17
98.22
98.12
98.35
98.26
98.24
98.08
98.39
98.39
98.10
98.42
98.24
98.24
98.28
98.48
98.24
98.46
98.46
98.37
97.90
98.34
98.23
98.30
98.50
97.88
98.08
98.21
98.36
98.32
98.41
98.32
98.19
98.53
98.43
98.16
98.25
98.23
98.25
98.47
98.11
98.59
98.30
98.18
98.51
98.37
98.45
98.44
98.04
98.47
98.34
98.16
98.23
98.47
97.41
98.47
98.54
98.23
97.89
98.43
98.16
98.25
98.51
98.26
98.14
98.43
98.53
98.39
98.23
98.48
97.74
98.12
98.46
98.06
98.35
98.18
98.11
98.25
98.19
98.10
98.11
98.17
98.40
98.36
97.52
98.44
97.96
98.07
98.37
98.48
98.32
98.10
98.35
98.32
98.35
98.15
97.89
98.28
97.99
98.31
98.22
98.50
98.19
98.35
98.25
98.38
98.57
98.23
98.34
98.24
98.38
97.93
97.58
98.28
98.14
98.10
98.05
97.90
98.02
98.13
98.45
98.35
98.30
98.37
98.29
98.17
98.39
98.43
98.49
97.58
98.52
98.55
98.44
98.57
98.61
98.31
98.28
98.40
98.29
98.00
98.36
98.02
98.09
98.04
98.47
98.17
98.24
98.40
98.49
98.46
98.41
97.98
98.27
98.40
98.14
98.22
98.26
98.12
98.48
98.20
98.30
98.61
98.29
98.35
97.98
98.37
98.34
98.50
98.36
98.10
98.12
98.38
98.12
98.47
98.38
98.47
98.50
98.31
97.81
98.39
97.78
98.47
98.20
98.34
98.35
98.55
98.33
98.51
98.43
98.38
98.44
98.56
98.20
98.26
98.30
98.32
97.96
98.35
98.40
98.40
98.60
97.84
98.57
98.21
98.36
98.20
98.55
98.15
98.29
98.42
98.38
98.31
98.16
98.42
98.42
98.30
98.42
98.12
98.21
98.19
98.20
97.98
98.25
98.41
98.14
98.14
98.47
98.39
98.49
98.54
98.50
98.41
98.20
98.35
98.26
97.90
98.08
98.32
98.48
98.28
98.49
97.99
98.48
98.29
98.45
98.24
98.30
97.62
98.33
98.34
98.17
98.27
98.31
97.99
98.39
98.21
98.47
98.58
98.49
98.15
98.41
98.49
98.07
98.37
98.24
98.26
98.25
98.37
98.17
98.17
98.52
98.33
98.44
98.30
98.17
98.25
98.29
98.51
98.37
98.45
98.12
98.22
97.84
98.24
98.01
98.02
98.37
98.44
98.32
98.29
98.26
98.32
97.92
98.28
98.36
98.29
98.13
98.00
98.32
98.08
98.00
98.40
98.21
98.27
98.23
98.33
98.41
98.29
98.13
98.34
98.51
98.43
98.29
98.36
98.48
98.39
97.83
98.49
98.25
98.40
98.37
98.37
98.43
98.20
98.08
98.55
98.24
98.18
98.56
98.32
98.10
98.26
98.47
98.20
98.39
98.17
98.09
98.15
98.36
98.24
98.46
98.16
98.32
98.33
98.35
98.12
98.26
98.32
98.49
98.26
98.18
98.33
98.30
98.26
98.35
98.31
98.43
98.46
98.10
98.52
98.12
97.93
97.99
98.53
97.69
98.33
98.00
98.42
98.43
98.00
98.15
98.51
98.14
98.64
97.81
98.56
98.28
98.47
98.36
98.08
98.30
98.61
98.27
98.20
98.24
98.31
98.39
98.53
98.36
98.47
98.24
98.32
97.74
98.46
98.33
98.38
98.24
98.35
98.13
98.40
98.30
98.30
98.44
97.97
98.26
98.35
98.22
98.36
98.18
98.50
98.29
98.25
98.57
98.29
98.36
98.31
98.28
98.13
98.36
98.23
98.29
98.53
98.15
98.04
98.37
98.08
98.13
98.07
98.27
98.28
98.25
98.51
98.35
98.18
98.17
98.31
98.26
98.37
98.19
98.40
98.24
98.23
98.37
98.35
98.15
98.15
98.16
98.22
98.39
98.10
98.18
97.92
98.31
98.31
98.26
98.45
97.94
98.22
98.32
98.36
98.22
98.43
98.51
98.49
98.42
98.52
98.12
98.50
97.81
97.92
98.51
98.39
98.21
98.36
98.22
98.34
98.16
98.41
98.60
98.51
98.64
98.24
98.35
98.27
98.11
98.22
98.30
98.47
97.87
98.51
98.10
98.20
98.50
97.80
98.21
98.44
97.99
98.36
98.21
98.24
98.16
98.37
98.41
98.21
98.10
98.08
98.55
98.31
98.32
98.22
98.42
98.48
98.22
98.31
98.44
98.22
98.24
98.33
97.89
98.52
98.27
98.13
97.63
98.16
98.50
98.07
98.45
98.19
98.18
98.38
98.24
98.10
98.18
98.14
98.40
98.10
98.26
98.22
98.59
98.39
98.25
98.28
98.11
98.32
98.41
98.34
98.50
98.12
98.19
98.32
97.82
98.48
98.25
98.02
98.59
98.22
98.05
98.23
98.18
98.39
98.27
98.17
98.54
98.48
97.96
98.26
98.38
98.39
97.70
98.17
98.39
98.16
98.44
97.83
98.52
98.35
98.32
98.41
98.31
97.84
98.33
98.55
98.21
98.15
97.99
98.49
98.34
98.09
98.26
98.27
98.32
98.13
97.87
98.17
98.52
98.40
98.51
98.43
98.24
97.89
98.38
98.41
98.39
98.13
98.23
98.48
98.43
98.42
98.09
97.96
98.27
98.08
98.28
98.43
98.56
98.21
98.32
98.38
98.41
98.19
98.08
98.27
98.21
98.10
98.51
97.84
98.45
98.32
98.46
98.41
98.50
98.56
98.49
98.38
98.42
98.37
97.99
98.29
98.49
98.49
98.48
98.24
98.35
98.37
98.04
98.55
98.10
98.21
98.32
98.11
98.39
98.38
98.38
98.18
98.39
98.00
98.51
98.38
98.46
98.49
98.26
98.53
98.70
98.12
98.08
98.34
98.28
98.08
98.05
98.36
98.47
98.26
98.36
98.51
98.18
97.99
98.31
98.42
98.25
98.42
98.24
98.35
98.32
98.66
98.21
98.38
98.28
98.54
98.48
98.06
98.19
98.36
98.37
98.04
98.15
98.17
98.05
98.24
98.45
98.32
98.38
98.25
98.35
98.59
98.34
98.43
98.43
98.38
98.01
98.40
98.33
98.14
98.45
98.45
98.44
98.09
97.32
98.26
98.49
98.23
98.11
98.16
98.25
98.51
98.38
98.33
98.33
98.35
98.62
98.41
98.52
98.08
98.04
98.21
