96.04
96.28
96.20
96.31
96.07
96.38
96.28
96.52
96.15
96.60
96.34
96.12
96.37
96.33
96.20
96.52
96.30
96.14
96.35
96.17
96.21
96.37
96.31
96.40
96.49
96.03
96.32
96.42
96.19
96.11
96.26
96.21
96.32
96.33
96.41
96.31
96.42
96.28
96.33
96.31
96.17
96.17
96.28
96.37
96.34
96.36
96.15
96.45
96.40
96.18
96.27
96.31
96.22
96.44
96.27
96.41
96.46
96.47
96.42
96.16
96.08
96.30
96.38
96.21
96.22
95.91
96.40
96.18
96.13
96.28
96.35
96.02
96.43
96.20
96.21
96.09
95.73
96.49
96.12
95.96
96.30
96.30
96.16
96.56
96.02
96.03
96.31
96.22
95.89
96.34
96.39
96.39
95.77
96.43
96.08
96.51
96.34
96.32
96.30
96.19
96.38
96.06
96.19
96.09
96.31
96.20
96.38
96.37
96.23
96.33
96.07
96.40
96.18
96.10
96.35
96.16
95.95
96.05
95.99
96.21
96.52
96.38
96.51
96.18
96.24
96.33
95.81
96.39
96.53
95.74
96.04
96.07
96.25
96.57
95.71
96.34
96.51
95.84
96.13
96.36
96.02
96.33
96.14
96.08
96.43
96.33
96.35
96.25
96.20
96.01
96.15
96.08
95.94
96.15
96.52
96.15
96.47
96.32
96.09
96.40
96.22
96.26
96.09
96.22
96.50
96.48
96.34
95.76
95.83
96.03
96.32
95.81
96.19
96.17
96.29
96.21
96.29
96.32
96.45
96.23
95.83
96.22
96.21
96.40
96.48
96.57
95.91
96.19
96.44
96.03
96.10
96.44
96.37
95.82
96.35
96.38
96.19
96.17
96.09
96.38
96.25
95.82
96.45
96.27
96.34
96.23
96.19
96.30
96.11
95.84
96.24
96.60
96.41
96.04
95.78
96.26
95.83
96.15
96.41
96.32
96.25
95.96
96.64
96.16
96.00
96.29
96.10
96.35
96.47
96.36
96.60
96.18
96.20
96.17
96.56
96.12
95.95
96.30
96.15
95.80
96.36
96.64
96.68
96.25
96.17
95.92
96.41
96.00
96.35
96.42
96.50
96.05
96.23
96.09
96.44
96.29
96.44
96.35
96.05
96.08
96.37
96.12
96.45
96.02
96.01
96.36
96.00
96.35
95.97
96.30
96.20
96.21
96.17
96.33
96.32
96.42
96.36
96.60
96.20
96.38
96.34
96.28
96.50
96.47
96.07
96.40
96.34
96.10
95.86
96.15
96.50
96.14
95.93
96.11
96.05
96.36
96.18
96.50
96.66
96.53
96.16
96.29
96.29
96.25
96.20
96.28
95.97
96.69
96.06
96.54
96.10
96.28
96.46
96.55
96.24
96.25
96.32
96.43
96.24
96.07
96.01
96.24
96.31
96.42
96.23
96.12
96.24
96.25
96.13
96.16
96.17
96.36
96.02
96.07
96.28
96.16
96.21
95.87
96.10
96.37
96.10
96.03
96.25
96.28
96.29
96.39
96.31
96.08
96.44
96.34
96.42
96.18
96.15
96.35
96.23
95.92
96.44
96.47
96.37
96.37
96.24
96.30
96.38
96.35
96.09
96.21
96.29
95.91
96.17
96.34
96.11
96.51
96.11
96.13
96.46
96.09
96.26
96.17
96.24
96.28
96.35
96.52
96.18
96.35
96.05
96.22
96.29
96.29
96.05
96.12
96.33
96.49
95.92
96.22
96.02
95.99
96.61
96.13
96.15
96.46
96.14
96.03
96.28
96.51
96.19
96.15
96.12
96.20
96.21
96.17
96.50
96.04
96.31
96.39
96.20
95.90
96.24
96.33
96.30
95.88
96.51
96.27
95.95
96.44
96.05
96.40
96.32
96.35
95.84
96.27
96.19
96.07
96.40
96.34
96.22
96.14
96.35
96.39
96.20
96.47
96.10
96.11
96.56
95.97
96.25
96.22
96.04
96.30
96.34
96.40
96.29
95.92
96.32
96.30
96.25
96.14
96.09
96.17
96.14
96.50
96.23
96.08
96.35
96.16
96.30
96.21
96.36
96.26
96.26
96.08
96.46
96.22
96.19
96.06
96.25
96.45
96.18
96.46
96.31
96.17
96.34
96.49
96.05
96.42
96.19
96.30
96.29
96.19
96.47
96.55
96.04
96.32
96.32
96.21
96.22
96.30
96.11
96.67
96.20
95.56
96.44
96.43
96.17
96.34
96.23
96.17
95.72
96.33
96.37
95.59
96.70
96.27
96.38
96.15
96.10
96.38
96.25
96.26
96.33
95.83
96.11
96.31
96.32
96.33
96.06
95.89
96.54
96.14
96.19
96.34
96.62
96.34
96.37
96.58
95.76
96.45
96.15
96.42
96.28
96.31
96.40
96.16
96.11
96.32
96.65
96.54
96.22
96.08
96.40
96.25
95.86
96.35
96.28
96.53
96.48
96.22
96.53
95.66
96.03
96.08
96.31
96.40
96.42
96.30
96.37
96.45
96.43
96.35
96.23
96.40
96.26
96.30
96.44
96.24
96.19
96.12
96.03
96.26
96.50
96.25
96.25
96.22
96.26
96.25
96.49
96.10
96.26
96.16
96.25
95.98
96.61
96.30
96.39
96.01
96.18
95.76
96.35
96.28
96.45
96.31
96.11
96.13
96.30
96.32
96.01
96.26
96.11
96.50
96.35
96.34
95.84
96.45
96.40
96.21
96.45
96.36
96.02
96.30
96.16
96.52
96.23
96.09
96.27
96.29
96.13
96.53
96.34
96.33
96.39
96.52
96.27
96.05
96.32
96.26
96.10
96.27
96.25
96.27
96.43
96.11
96.28
95.83
96.33
95.77
95.96
96.39
96.21
96.37
96.44
96.23
96.32
96.11
96.30
96.36
96.01
96.40
96.30
96.12
96.51
96.30
96.40
96.39
96.51
95.59
96.21
96.17
96.55
96.33
96.16
96.51
96.40
96.21
96.09
96.35
96.42
96.27
96.21
96.46
96.08
96.36
96.05
96.29
96.44
96.29
96.12
96.52
95.95
96.25
96.47
96.21
95.99
96.42
96.35
96.42
96.33
96.41
95.77
96.41
96.45
96.24
96.25
96.12
96.41
96.27
96.37
96.39
95.95
96.32
96.34
95.85
96.55
96.17
96.27
96.28
96.43
96.39
96.27
96.60
96.30
96.26
96.10
96.38
96.33
96.20
95.97
95.84
96.01
96.04
96.31
96.43
96.74
95.61
96.08
96.23
95.90
96.17
96.15
96.28
96.05
96.33
96.27
96.42
95.90
96.10
96.33
96.15
96.08
96.53
96.22
96.40
96.41
96.14
96.05
96.16
96.10
96.26
96.13
96.35
96.65
96.20
96.35
96.51
96.41
96.23
96.06
96.50
96.35
95.97
96.41
96.53
96.17
96.35
95.65
96.22
96.13
95.50
96.24
96.06
96.27
96.74
96.15
96.29
96.37
96.43
95.92
96.25
96.34
96.18
96.33
96.36
96.08
95.92
96.13
96.39
95.89
96.59
96.05
96.28
96.09
96.34
96.47
95.82
96.22
96.35
96.20
96.16
96.08
96.25
96.25
96.27
95.98
96.32
96.22
95.99
96.04
96.64
96.23
96.34
96.19
96.28
96.27
96.55
96.21
96.37
96.21
96.37
96.41
96.28
96.47
96.07
96.46
96.23
96.41
96.41
96.49
96.32
96.12
96.40
96.09
96.34
96.23
96.34
96.24
96.01
95.51
96.36
96.04
96.14
96.10
96.33
96.00
95.94
96.32
96.65
96.60
96.02
95.99
96.33
96.25
96.12
96.12
96.62
96.46
96.31
96.19
96.21
96.24
96.38
96.32
95.92
96.59
95.91
96.06
96.53
96.01
96.11
96.25
96.56
96.14
95.78
96.01
96.49
96.51
96.09
96.34
95.84
96.29
96.42
96.05
96.07
95.90
96.37
96.32
95.94
96.37
96.46
96.10
96.28
95.77
95.94
96.09
96.46
96.74
96.25
96.30
96.51
96.20
96.26
96.23
96.52
96.17
96.33
96.14
96.33
96.35
96.23
96.26
96.42
96.37
96.07
96.13
96.34
96.27
96.23
96.24
95.92
96.29
96.25
96.40
96.00
96.18
95.89
96.23
96.15
96.39
96.05
95.85
95.92
96.37
96.37
96.54
96.11
96.20
96.31
96.11
96.35
95.76
96.03
96.40
96.02
96.15
96.47
96.04
95.90
96.21
96.41
96.49
96.36
96.28
96.34
96.17
96.41
96.33
95.96
96.33
96.38
95.82
96.43
96.33
96.23
96.36
96.32
96.43
96.20
96.18
96.21
95.75
96.46
96.46
96.17
96.08
96.45
96.32
96.07
96.35
96.29
96.08
96.45
96.06
96.34
96.32
95.97
96.43
96.42
96.22
96.59
96.29
96.06
96.09
96.08
