94.55
91.50
90.04
92.99
87.53
94.94
93.46
93.30
94.17
94.74
93.83
93.32
92.17
91.86
94.44
91.71
95.07
94.45
91.70
94.45
91.74
94.33
94.72
94.57
92.85
93.96
92.36
90.76
94.51
94.27
93.21
94.93
93.41
92.36
94.93
95.57
93.16
93.80
93.72
93.67
93.49
95.40
94.45
94.94
93.64
87.72
94.61
93.88
94.17
92.82
93.43
94.25
94.17
93.73
93.99
93.35
92.27
95.11
92.58
93.67
94.32
92.65
94.11
94.26
93.30
92.37
93.82
93.65
94.25
95.02
92.96
94.48
93.08
93.14
94.96
94.27
93.02
92.42
94.58
95.22
93.48
94.02
94.32
95.30
91.97
94.89
94.51
91.70
94.60
93.89
94.20
94.11
94.90
93.14
94.68
95.21
94.16
95.11
89.56
94.23
93.15
92.44
93.59
91.46
91.25
94.24
93.08
95.06
93.10
92.36
94.71
93.77
93.58
93.66
92.22
92.22
90.88
95.07
94.55
93.97
92.34
85.73
94.09
93.28
93.16
94.75
89.98
90.51
94.89
94.36
92.49
93.08
93.87
92.93
90.90
92.74
92.39
91.74
95.17
94.43
91.44
93.43
93.34
90.20
92.75
93.96
93.92
90.51
88.50
95.53
88.69
91.06
94.46
94.02
91.95
90.87
94.79
92.21
93.22
93.94
91.24
94.39
94.97
94.73
94.43
95.62
92.08
94.09
92.00
93.43
94.33
94.85
93.07
94.42
95.14
93.74
93.22
90.05
94.26
93.12
92.71
94.71
94.65
91.29
95.13
93.90
93.96
94.33
94.42
93.35
90.76
92.51
94.55
94.87
93.50
92.96
91.85
92.95
92.45
90.40
92.02
87.07
94.40
94.55
93.91
88.27
94.34
89.03
94.95
91.76
93.90
94.83
92.81
93.65
91.55
92.36
94.40
94.02
92.12
94.60
91.01
93.44
92.43
90.23
90.26
95.36
91.77
93.24
92.29
94.01
93.94
93.08
93.20
93.38
93.39
91.35
92.14
90.77
93.12
92.43
93.12
93.55
91.47
90.85
94.17
91.67
90.97
93.37
91.05
93.81
94.56
95.20
93.28
94.73
93.11
94.09
94.19
93.42
93.10
94.55
91.03
93.63
94.54
92.69
90.10
95.05
93.48
93.34
93.79
89.54
94.10
93.89
94.04
93.84
95.28
94.71
91.54
91.61
93.74
93.88
92.75
93.48
93.16
94.10
95.09
92.81
94.44
94.67
91.58
93.69
93.50
93.22
93.30
94.62
93.72
93.16
94.76
94.12
92.80
94.68
91.16
90.80
93.86
92.59
94.80
94.73
94.09
93.32
94.49
92.63
93.41
93.54
93.95
89.30
93.64
93.95
92.22
94.10
94.18
92.87
95.29
94.94
94.73
94.28
93.35
91.01
94.79
94.49
93.87
90.78
93.07
94.26
94.77
93.01
94.75
89.64
94.33
92.43
94.41
92.60
92.84
88.51
94.11
93.90
94.99
92.37
94.37
92.23
93.11
92.94
93.72
90.91
91.92
93.97
93.94
93.51
93.07
94.02
94.19
91.04
94.19
94.54
93.86
92.31
92.20
93.71
91.56
93.97
92.25
92.88
92.83
94.24
92.72
89.73
94.46
94.01
92.21
94.65
93.32
94.75
93.85
89.26
94.03
95.17
91.70
95.71
94.82
94.93
91.52
92.50
88.85
92.80
94.37
94.64
92.98
95.41
91.00
93.42
93.16
93.98
94.22
94.25
93.97
95.44
93.20
91.11
93.20
92.31
93.19
94.16
93.52
93.26
93.85
93.60
93.30
93.76
93.72
91.79
94.76
93.44
94.16
94.29
94.92
91.23
92.60
94.91
94.10
92.75
94.12
94.38
94.56
93.18
93.93
93.44
91.24
92.93
94.00
93.93
92.67
94.26
93.59
93.70
95.28
94.03
94.37
90.31
89.91
94.56
94.25
93.77
94.87
94.38
89.99
94.53
95.04
94.41
92.38
91.24
92.82
95.18
93.61
93.05
93.51
93.70
92.82
93.74
93.28
92.97
93.65
91.44
95.20
93.25
95.03
94.87
94.73
93.47
94.13
94.40
93.03
94.13
90.55
92.76
95.05
92.85
93.68
94.20
95.02
93.43
93.51
94.03
94.46
93.82
92.80
93.97
93.47
94.32
93.63
91.95
92.15
92.88
94.99
95.24
94.80
90.26
91.09
90.82
93.29
93.13
93.47
93.66
94.22
93.96
93.94
87.88
94.41
91.50
94.39
92.22
93.84
94.02
92.82
95.08
93.76
92.50
93.82
93.50
93.29
94.26
92.29
94.99
94.30
93.89
92.69
93.08
94.06
94.98
93.19
93.48
93.23
92.81
93.31
94.22
92.58
93.67
94.21
94.02
94.78
93.59
93.57
93.96
88.74
93.51
92.31
93.24
93.64
93.84
92.33
93.26
95.42
94.31
93.60
92.97
93.91
93.13
93.92
89.44
94.91
94.74
94.94
94.79
91.91
94.23
94.06
92.58
94.07
94.15
88.51
92.83
92.85
91.63
94.18
95.35
94.92
93.75
93.19
95.03
92.82
88.23
93.13
95.31
94.65
87.91
94.36
94.15
92.47
93.49
90.66
93.84
93.68
90.24
92.61
94.37
91.75
93.10
91.92
94.92
93.26
93.99
94.23
92.57
94.67
93.77
95.61
92.33
94.27
95.04
94.66
93.36
95.17
93.17
92.99
94.14
94.21
93.67
92.52
91.62
91.86
94.98
92.65
95.09
92.27
92.22
93.20
93.86
88.98
89.90
92.53
88.27
93.28
94.17
95.44
92.74
94.34
93.90
82.04
91.95
93.85
92.95
93.93
94.89
84.86
93.10
92.19
94.38
93.35
90.54
91.98
92.87
94.35
91.08
94.60
94.81
94.62
93.81
91.73
93.85
93.32
92.94
94.01
94.38
93.18
94.65
92.53
94.09
92.95
92.27
92.04
95.43
92.94
91.37
93.68
92.63
91.82
92.91
93.99
93.57
94.25
94.49
95.16
93.99
94.10
95.10
94.62
95.30
90.13
92.34
93.78
92.29
92.91
94.06
93.91
93.72
94.33
92.92
94.63
94.92
94.66
89.00
91.29
92.11
93.98
93.63
95.15
94.26
88.89
93.24
93.48
92.48
93.46
90.91
94.77
94.27
93.73
92.16
93.39
93.93
92.75
94.30
91.61
94.55
93.44
93.61
93.10
95.00
90.31
90.54
93.37
93.61
91.63
94.34
93.08
89.45
93.73
92.95
95.23
93.35
93.94
92.96
92.69
92.57
92.66
92.70
95.26
93.40
91.80
93.64
94.64
95.35
93.79
93.61
92.71
93.65
91.81
93.76
94.95
94.14
92.36
94.95
92.54
94.24
94.60
89.70
93.98
94.32
94.73
94.82
92.85
93.75
95.11
93.78
93.97
95.11
94.44
93.58
95.37
93.94
93.50
94.30
92.25
90.43
93.27
94.70
94.55
94.27
94.39
93.87
92.86
94.21
94.96
95.06
94.55
92.32
94.54
89.88
91.72
94.33
92.80
94.23
92.38
92.52
94.47
94.30
93.62
94.15
94.63
93.69
94.46
92.27
93.56
92.09
93.38
88.11
94.45
94.90
93.99
93.51
92.88
92.67
95.20
92.03
91.99
93.62
92.88
92.61
94.03
93.77
93.28
94.14
93.88
94.39
92.56
93.00
92.90
94.18
93.84
95.62
90.12
93.41
88.70
94.24
93.07
92.43
93.73
93.92
93.51
91.93
91.74
95.04
94.43
91.42
90.48
94.08
93.81
91.52
94.85
91.55
94.10
91.08
93.52
94.75
93.29
94.56
91.29
93.54
93.70
91.85
91.36
91.43
91.13
93.01
91.28
94.80
93.09
92.04
93.11
94.63
92.92
94.77
92.24
94.66
93.55
94.48
90.97
95.22
88.91
93.69
91.70
95.20
93.68
93.75
93.88
93.62
94.52
93.86
95.54
90.37
95.51
93.05
93.08
93.76
94.55
94.00
94.53
93.98
94.54
94.54
92.14
94.63
92.53
95.51
95.05
94.22
92.67
93.83
95.02
94.13
94.36
91.37
93.08
94.26
93.07
90.28
93.15
91.85
94.48
94.24
93.54
93.42
92.34
93.48
93.54
94.12
93.76
91.47
92.91
94.31
92.98
92.74
92.95
91.59
94.63
94.23
92.87
92.06
93.44
94.29
93.96
94.61
92.22
94.38
92.64
93.07
93.27
90.45
93.07
93.22
93.89
91.43
93.72
94.29
94.28
94.17
94.60
94.21
93.70
91.78
94.79
93.51
92.41
95.56
94.01
89.63
94.11
94.39
94.66
95.42
93.14
93.55
92.79
94.88
93.92
93.94
92.39
94.40
90.84
92.03
93.71
94.17
94.45
94.14
