97.00
97.00
96.96
96.95
96.98
97.03
97.02
97.00
97.01
97.01
96.95
97.00
97.08
97.02
97.01
97.04
96.96
97.03
97.02
97.05
97.02
97.04
97.00
96.99
97.04
97.04
96.99
97.01
96.98
97.04
97.02
97.00
97.02
96.99
97.02
96.98
96.98
97.01
96.98
96.99
96.94
97.00
96.95
97.04
96.97
96.98
96.99
96.94
97.02
96.98
97.02
97.03
97.01
97.02
96.93
96.98
97.02
97.05
97.03
97.03
96.99
97.05
96.96
97.03
97.00
97.00
97.06
97.08
97.06
97.03
97.01
97.05
97.05
97.01
97.02
97.02
97.04
96.89
96.95
97.04
97.01
96.99
97.02
96.98
96.94
97.03
96.98
97.09
97.03
97.01
96.98
97.05
97.03
97.01
97.03
96.97
96.97
97.03
97.03
97.03
96.98
97.00
97.06
97.00
97.00
96.98
97.03
96.97
96.95
96.99
97.04
96.99
97.03
97.04
97.02
97.00
97.00
97.01
97.01
96.96
97.01
97.02
97.05
97.00
97.02
97.03
96.97
97.02
97.01
97.04
97.03
97.01
97.02
97.04
96.89
97.02
96.98
96.98
97.04
96.94
96.98
97.01
97.06
96.99
96.93
97.03
96.97
96.97
97.02
97.02
96.98
96.86
97.07
96.97
97.02
97.01
97.02
97.05
96.98
97.00
97.03
97.01
97.04
97.02
97.04
97.01
96.98
97.05
96.96
97.03
97.01
96.97
96.97
97.02
96.97
97.05
97.00
96.99
97.01
96.98
97.04
97.02
96.96
97.07
97.02
97.02
97.05
97.03
96.98
96.99
97.02
97.04
97.02
97.01
97.05
96.94
97.00
97.04
96.99
97.00
96.95
97.02
97.09
96.98
97.07
97.05
97.01
97.00
97.01
97.04
97.02
97.00
97.04
97.02
96.97
97.04
97.02
96.99
97.02
97.02
97.05
97.07
97.02
97.02
96.97
97.01
96.95
96.98
97.06
97.02
97.05
96.98
97.02
96.95
96.99
97.01
96.98
97.07
97.00
97.07
96.95
97.01
97.07
97.06
96.89
96.94
97.01
97.07
96.99
97.01
97.03
97.09
97.05
97.02
96.97
96.99
96.97
97.03
97.01
97.02
97.02
97.07
97.03
96.94
97.01
97.00
97.01
96.96
97.00
97.00
96.95
97.01
97.03
97.02
97.01
96.93
97.03
97.01
97.02
97.06
96.99
96.98
96.93
96.96
97.06
97.01
97.06
97.00
97.03
97.05
97.03
97.00
97.01
97.03
97.01
96.96
97.00
97.04
97.03
97.04
97.00
96.96
97.02
97.04
97.01
96.99
97.01
96.99
96.97
97.00
96.99
96.96
96.97
97.04
97.02
97.04
97.06
97.02
97.00
96.97
97.04
96.97
97.05
96.97
96.96
97.02
97.00
97.04
96.98
97.10
97.01
97.00
97.00
97.02
96.95
96.98
97.04
97.05
97.01
97.00
97.03
96.99
97.03
97.04
97.04
96.99
97.01
97.01
97.01
97.03
97.03
97.06
97.02
97.00
96.99
96.96
97.03
96.95
97.05
97.06
96.99
97.03
97.01
97.02
97.02
96.99
96.97
97.10
97.02
97.03
97.00
96.96
96.99
96.94
97.05
97.03
97.03
97.04
97.03
97.05
97.00
96.98
96.99
97.02
96.96
96.97
96.96
97.06
97.00
96.99
97.03
97.04
97.02
97.03
96.99
97.03
97.03
96.96
97.01
97.03
96.99
96.97
97.04
97.02
97.01
96.99
97.05
97.07
97.00
96.97
97.04
97.00
97.06
96.94
96.95
97.07
96.98
97.05
97.02
96.99
97.03
97.00
96.98
96.99
97.04
97.03
97.01
97.00
97.01
97.02
97.04
96.97
97.00
97.03
97.10
97.02
96.99
97.01
97.03
97.03
97.04
97.02
97.06
96.99
97.04
97.05
96.94
96.97
97.04
97.05
97.00
97.00
97.02
96.96
96.97
97.05
97.00
97.02
96.99
96.99
97.05
97.01
96.97
97.00
97.01
97.06
97.00
97.03
97.02
97.08
97.03
96.99
97.05
96.96
97.02
97.01
96.98
97.00
96.98
97.00
97.02
96.99
97.00
97.00
96.99
97.03
97.01
97.04
96.98
97.02
97.01
97.05
97.08
97.02
97.03
97.01
97.00
96.96
97.02
97.04
96.99
97.02
97.00
97.01
97.00
97.03
96.98
97.02
96.98
96.98
96.99
97.01
97.02
97.03
96.99
97.00
96.97
97.02
97.01
97.04
97.03
97.01
97.02
97.01
96.97
96.95
97.05
97.03
96.99
97.01
97.01
97.02
97.02
97.01
96.83
97.03
97.06
96.99
97.09
96.99
97.06
97.03
97.06
97.05
97.03
97.05
97.02
96.97
96.99
97.02
97.01
97.07
97.01
97.03
96.94
97.05
96.99
97.01
97.04
97.01
96.95
97.00
96.99
97.02
96.99
96.94
97.02
97.02
97.03
97.03
96.97
97.00
96.97
97.00
97.00
97.04
97.06
97.01
96.88
96.99
97.01
96.96
97.01
97.00
96.90
97.01
97.01
97.04
97.01
97.01
97.01
96.97
97.06
97.04
96.98
97.04
97.04
97.03
96.93
97.07
96.96
97.03
97.03
96.91
97.02
97.05
96.97
97.01
96.98
97.05
97.00
97.01
97.02
96.86
96.98
96.93
96.93
97.01
96.95
97.03
97.04
97.04
97.01
96.99
97.02
97.04
96.97
97.03
97.01
97.00
97.02
97.00
96.98
97.05
97.00
97.02
96.91
96.99
96.97
97.01
96.91
97.00
97.00
97.03
97.05
97.04
97.04
97.00
97.05
97.02
96.99
96.97
96.99
97.08
97.02
97.05
97.04
97.04
96.95
97.04
97.02
97.01
96.99
97.03
97.05
96.98
96.98
97.03
97.03
97.01
96.96
96.96
97.03
97.03
97.04
97.01
97.03
96.98
97.00
97.01
96.97
97.00
97.01
97.00
97.03
97.05
97.04
97.02
97.01
97.09
97.03
97.06
96.97
97.05
97.00
96.97
96.98
96.94
97.05
97.01
97.02
97.05
97.03
96.96
97.04
97.02
96.96
97.00
97.01
97.02
96.98
96.98
97.04
96.98
97.04
96.97
97.04
97.06
97.02
97.02
97.02
97.01
96.99
97.02
96.99
97.00
97.03
97.01
97.03
97.03
97.03
97.02
97.00
97.01
97.02
97.01
97.05
96.99
97.06
97.04
97.07
97.02
96.87
97.02
97.01
97.03
97.03
97.02
97.02
97.02
97.02
97.01
96.93
97.02
97.02
96.99
97.04
97.04
97.01
96.99
96.95
96.98
96.97
97.03
97.01
97.01
96.96
97.06
96.97
96.95
96.97
96.97
96.98
97.00
97.04
97.04
97.09
96.98
97.02
97.05
97.01
96.99
97.01
97.00
97.01
96.98
97.04
97.07
97.03
96.98
96.98
97.04
97.00
97.00
97.01
97.06
97.07
97.06
97.03
97.04
97.00
97.02
97.01
97.01
97.03
96.96
97.02
97.02
97.02
96.98
96.98
96.98
96.94
97.01
96.99
96.95
97.05
97.01
97.00
97.01
97.03
96.99
96.97
97.04
96.94
97.04
97.02
97.04
96.98
97.01
96.99
97.04
96.96
97.03
97.02
97.04
97.04
97.03
97.01
96.99
96.96
96.97
97.05
97.03
96.97
97.02
97.02
96.96
97.02
97.05
96.99
97.03
97.09
97.05
97.00
97.02
96.99
96.96
96.99
96.95
97.01
96.98
96.98
97.02
97.00
96.99
97.06
97.00
97.05
97.05
96.98
97.03
97.03
96.99
96.99
97.01
97.00
97.05
96.96
97.01
96.99
97.01
97.03
97.01
97.04
96.94
97.06
96.97
96.92
97.01
96.99
97.01
97.00
97.03
97.07
97.03
96.91
97.01
96.99
97.04
97.06
97.00
97.00
97.05
96.91
97.00
96.99
96.98
96.98
96.94
97.03
97.02
97.01
97.02
96.99
97.06
97.03
97.05
97.04
97.03
96.96
97.03
96.98
97.01
97.01
97.04
96.98
96.94
97.00
96.98
97.03
96.98
96.94
97.03
96.98
96.96
97.04
96.98
97.05
97.03
97.06
96.97
97.02
96.92
97.05
96.99
96.98
97.02
97.06
97.00
97.00
97.05
97.05
96.98
97.01
97.03
97.02
96.98
96.95
97.01
97.00
96.97
97.01
97.02
97.03
97.06
96.99
96.91
96.97
96.97
96.98
97.05
97.04
96.99
97.02
97.01
96.98
97.03
97.04
97.00
97.03
97.01
96.95
97.03
97.05
97.04
97.00
97.03
97.08
96.98
96.98
97.03
96.99
97.01
96.99
97.03
97.02
97.02
97.01
97.05
