96.81
97.07
97.21
96.68
97.18
96.46
96.45
97.28
96.65
96.83
96.90
96.92
97.06
96.55
97.13
96.71
96.45
97.29
96.91
96.44
96.88
97.30
97.20
97.41
96.70
97.22
96.85
97.08
97.17
96.94
96.88
96.79
97.20
97.23
96.85
97.38
97.03
96.88
96.95
96.64
97.18
97.00
97.07
97.05
97.15
97.00
96.67
97.05
96.83
96.87
97.32
97.05
97.22
96.74
97.02
96.79
97.37
97.22
96.58
96.84
96.78
96.82
96.77
96.74
97.35
97.07
95.74
96.72
97.04
96.72
97.08
96.58
96.79
96.71
96.71
97.03
97.14
96.77
96.97
97.17
97.07
97.15
96.88
96.08
96.89
97.10
97.31
97.08
97.02
96.65
96.87
96.91
96.47
97.04
97.26
97.10
96.93
97.02
96.48
97.21
97.16
97.17
96.75
96.90
96.54
96.98
96.92
97.18
97.13
97.21
96.94
97.00
97.07
96.72
96.91
96.97
96.76
97.03
96.93
96.70
97.20
97.12
97.07
96.99
97.05
96.66
97.20
97.28
96.94
97.13
97.04
97.14
96.85
96.77
97.32
97.05
97.05
96.72
96.76
96.94
96.86
97.32
96.83
96.83
96.95
97.27
96.77
96.88
96.68
97.02
97.07
96.96
96.98
96.89
97.20
96.71
97.24
96.87
96.95
96.93
96.69
97.01
96.89
97.15
96.83
96.82
96.50
96.97
97.12
97.13
96.94
96.64
97.04
97.00
97.10
97.03
97.02
96.92
96.69
97.05
96.73
96.30
97.35
96.71
97.17
97.02
96.92
97.01
96.86
97.11
96.41
96.96
97.18
97.20
96.98
96.59
97.35
96.89
96.74
97.24
96.93
97.11
97.05
96.94
96.94
97.17
97.35
96.93
97.03
97.24
96.90
97.36
96.81
97.08
97.01
96.62
97.05
96.74
97.22
97.07
96.81
97.03
96.86
96.80
96.87
97.10
97.11
97.08
96.78
96.87
97.28
96.71
96.88
96.89
96.67
97.01
96.81
96.99
96.95
96.93
96.64
96.74
97.05
96.87
97.12
97.26
97.03
96.92
96.62
96.74
97.25
97.20
97.17
96.95
97.13
97.29
97.15
96.81
97.28
97.14
97.10
97.09
96.39
96.87
96.60
97.05
97.33
96.42
96.89
96.64
97.15
97.07
96.58
97.10
97.21
96.87
96.89
96.73
96.53
97.25
96.70
97.29
96.92
97.02
97.08
97.06
97.25
96.89
96.75
96.88
97.15
96.77
96.57
96.73
97.01
96.80
96.89
97.37
96.91
97.14
97.12
96.83
96.96
96.64
96.55
96.98
96.77
97.28
96.90
96.86
97.14
97.18
97.27
97.13
97.05
96.39
97.20
97.23
96.75
96.75
96.97
96.82
96.94
97.00
96.87
96.84
97.25
96.94
97.01
96.88
97.26
97.01
96.98
96.61
96.78
97.26
96.98
96.92
96.95
96.92
97.45
97.00
97.18
96.77
96.57
96.83
97.11
97.01
96.93
97.20
96.98
96.98
96.98
97.14
96.35
97.10
96.91
97.14
97.24
97.15
96.47
97.04
96.76
97.16
97.03
97.20
96.91
96.98
97.10
97.04
97.04
96.98
97.25
97.17
96.57
97.29
97.00
96.98
97.27
97.25
96.34
97.04
96.91
96.89
97.08
96.91
96.82
96.96
97.36
97.06
96.80
96.50
97.09
96.87
97.02
96.89
96.71
96.40
97.22
97.09
97.09
96.96
96.91
96.80
97.15
97.18
96.81
97.10
96.78
96.95
97.15
97.15
97.47
96.83
96.76
97.09
96.65
97.17
96.69
97.33
96.86
97.03
97.09
97.09
97.14
97.04
97.27
96.92
96.99
97.17
96.61
97.07
97.18
96.84
96.74
97.17
96.85
96.79
96.96
96.63
97.04
96.99
97.03
96.81
97.16
97.14
97.27
97.08
97.31
96.70
97.03
97.37
97.09
96.01
97.03
97.13
96.81
97.23
96.94
96.59
96.73
97.33
97.11
96.62
96.90
96.94
96.93
96.99
96.92
96.88
97.40
96.60
96.83
97.00
97.04
97.11
96.79
97.07
96.82
96.98
97.49
96.90
96.89
96.97
97.07
96.84
96.95
97.08
96.83
97.06
96.98
96.69
97.16
96.77
97.03
97.00
97.08
96.80
97.09
97.09
96.75
97.00
96.79
97.02
97.14
97.04
97.32
97.36
96.75
96.90
96.89
97.00
96.94
96.94
96.73
97.01
97.36
97.24
97.31
96.86
96.63
96.52
96.49
96.91
96.58
97.20
97.30
96.98
97.03
97.01
96.78
96.67
97.03
96.94
96.61
96.87
97.24
96.79
96.54
97.01
96.94
96.86
97.00
97.10
96.98
97.00
97.22
96.62
97.27
96.76
97.35
96.84
97.02
97.08
97.01
97.25
96.76
96.86
97.07
96.59
97.03
97.23
97.13
97.04
97.00
96.40
96.54
96.97
96.82
96.87
97.17
96.88
97.12
96.70
97.34
97.12
97.16
96.91
97.19
97.01
97.27
96.95
97.05
97.05
96.86
96.72
96.93
97.20
97.35
96.74
96.92
96.97
97.03
97.18
96.55
97.32
96.21
96.67
97.28
96.92
96.82
96.47
96.54
96.84
97.03
96.87
96.94
96.98
96.99
97.13
97.11
96.87
96.20
96.58
96.92
96.82
96.86
96.78
97.26
96.84
96.91
97.05
96.70
96.31
97.00
97.27
97.12
96.14
96.97
96.87
96.28
97.16
96.99
97.25
97.11
96.99
96.80
96.64
96.94
96.66
96.97
97.06
96.56
96.99
96.92
97.11
96.89
97.20
97.12
96.72
96.87
97.02
96.78
97.14
97.21
96.97
96.63
96.76
96.88
97.32
97.16
96.71
97.05
96.92
96.91
97.19
97.03
96.88
96.79
97.10
97.05
97.40
96.55
97.08
96.96
96.78
96.82
97.36
96.90
97.27
97.32
97.11
97.19
96.86
96.67
96.82
97.14
97.07
97.03
96.68
96.43
96.94
97.01
97.02
96.31
96.82
96.68
96.62
97.25
96.72
96.84
96.95
97.17
96.91
97.07
96.57
97.31
96.67
96.79
96.65
97.11
97.40
97.08
96.76
96.96
97.06
96.86
96.41
96.99
96.77
96.94
96.84
97.02
97.17
97.06
97.20
96.95
97.02
96.10
97.27
96.85
97.12
96.92
96.92
96.11
97.09
97.23
96.93
96.68
96.91
96.87
97.16
97.08
96.89
96.89
97.10
97.46
96.90
97.29
97.24
96.52
96.68
97.10
96.88
97.21
96.56
97.10
97.16
97.13
97.31
97.01
97.28
96.82
96.57
97.22
97.26
96.54
96.84
96.53
96.81
97.27
97.20
97.21
96.94
97.10
97.12
96.78
97.12
96.94
97.16
96.90
96.68
96.92
96.70
97.19
96.97
96.97
96.88
96.68
96.88
96.76
97.11
96.72
97.33
97.22
97.30
97.36
96.45
96.63
96.83
96.96
97.07
97.32
96.79
96.74
97.14
97.24
96.36
96.92
96.88
97.20
97.21
97.28
96.90
97.01
96.97
96.96
96.95
97.09
96.74
96.90
96.77
96.89
96.93
97.12
97.31
96.93
96.75
96.87
97.05
97.33
97.16
96.75
97.09
96.51
97.11
97.03
97.11
96.83
97.10
96.95
96.89
96.82
97.21
97.26
96.89
97.04
96.86
95.68
96.98
97.15
97.25
96.82
97.06
96.84
97.06
96.74
96.84
97.04
96.74
96.77
97.06
96.90
97.31
97.10
96.63
97.09
96.90
96.83
96.86
96.97
97.07
97.15
96.64
97.00
96.87
97.05
96.67
96.97
97.15
97.24
96.96
97.05
96.77
96.86
97.17
97.15
97.03
96.59
97.01
97.30
96.70
96.68
96.69
96.39
97.21
96.88
96.82
96.79
97.04
96.92
96.40
97.06
96.63
97.06
97.05
97.03
96.91
96.86
96.79
97.05
97.10
97.33
96.95
97.01
97.31
97.42
97.25
97.15
96.35
96.76
96.70
96.73
96.98
97.20
96.95
96.98
96.65
97.20
97.12
97.20
97.24
97.34
96.95
96.97
97.04
96.95
97.01
96.55
96.98
97.02
97.16
97.09
97.32
96.68
96.85
97.08
96.81
96.55
97.25
96.30
96.97
96.87
97.24
97.19
96.95
96.82
96.19
96.58
96.90
97.13
96.76
97.16
97.08
96.95
96.78
96.84
96.71
96.55
96.97
96.87
97.06
97.16
97.13
96.91
96.70
96.98
97.13
97.06
97.04
97.24
96.99
97.20
97.29
96.73
96.53
97.10
96.65
97.05
96.98
96.67
97.13
97.06
96.55
96.91
96.96
97.06
97.19
96.98
96.87
