93.87
93.66
93.41
93.27
95.00
93.40
93.42
95.41
95.50
93.16
93.83
93.02
90.19
92.17
94.79
95.43
93.84
94.34
89.37
92.37
94.01
92.74
90.42
93.26
94.97
88.83
95.04
87.15
93.39
95.84
94.61
94.95
92.29
95.25
92.36
92.12
92.99
91.73
91.45
93.74
94.97
90.84
94.45
93.48
95.51
93.79
87.01
96.20
92.61
93.67
92.85
93.43
92.33
92.86
93.68
93.44
94.75
93.05
93.76
93.22
94.79
92.67
93.35
90.98
95.70
91.65
90.58
91.50
91.53
93.23
92.97
96.16
93.02
94.10
94.96
88.38
92.91
95.93
94.43
92.02
93.05
93.38
96.28
94.66
88.54
92.17
92.57
92.35
94.96
94.62
91.94
87.74
89.34
96.00
92.36
95.69
96.68
93.57
85.92
95.79
87.97
93.98
94.22
94.73
90.89
88.18
92.37
93.25
86.92
93.24
90.75
92.91
96.17
94.57
92.85
94.63
93.87
93.01
93.80
89.49
94.00
93.56
95.80
92.75
92.63
94.65
89.75
92.19
96.17
92.30
93.29
92.22
94.47
95.67
85.39
88.42
94.99
93.46
96.18
93.96
92.45
93.47
93.03
94.69
91.32
89.75
92.53
92.81
93.46
96.00
94.79
94.25
90.29
93.49
93.85
95.02
95.50
90.95
95.11
92.29
96.15
95.20
92.11
93.39
96.03
90.76
92.72
92.83
92.04
91.60
95.21
90.78
91.60
95.60
95.14
95.09
94.31
90.28
95.73
94.07
94.49
95.52
96.08
93.89
94.18
95.10
95.02
94.25
94.51
89.20
88.69
92.92
94.77
92.39
95.12
93.66
81.85
94.89
89.13
96.22
93.14
94.91
90.20
94.84
91.63
95.16
97.00
93.13
93.15
94.74
91.37
89.92
94.08
94.88
91.57
93.90
90.81
96.23
89.18
94.85
94.65
91.66
91.82
92.45
92.49
94.05
93.24
94.45
92.79
93.75
95.47
93.74
95.18
93.79
93.36
90.47
94.69
93.20
93.37
93.76
91.14
94.80
93.16
91.90
95.94
95.88
86.13
89.04
92.99
94.33
95.92
95.10
90.81
95.47
94.55
94.31
94.79
93.76
90.68
91.90
93.36
95.04
92.66
96.22
95.55
92.65
93.54
93.25
93.90
91.90
92.50
94.26
93.51
95.16
95.46
92.84
89.36
96.33
95.47
88.40
92.50
94.93
94.16
95.76
89.71
94.94
91.02
94.62
95.26
91.56
91.78
92.74
93.60
94.71
85.56
96.02
94.70
94.57
90.60
89.83
96.20
91.28
95.59
94.25
93.16
89.47
91.27
92.55
95.09
95.49
92.60
93.53
94.55
89.29
94.87
95.24
96.09
95.89
91.76
88.58
90.88
94.04
94.28
83.61
94.24
94.43
94.94
91.91
95.00
90.20
91.34
94.54
95.54
95.97
95.27
93.64
91.30
94.60
94.21
93.52
90.76
94.14
91.97
95.31
96.02
91.02
93.07
87.62
90.66
92.52
95.14
92.61
94.62
92.08
94.83
92.26
94.46
94.83
95.39
76.11
88.55
93.62
91.60
93.23
94.19
92.91
95.59
93.53
93.03
94.70
92.71
83.81
93.89
96.21
92.46
93.17
91.66
94.80
92.50
92.41
88.69
92.78
95.59
94.66
96.15
93.89
95.30
93.88
94.56
91.75
94.11
94.05
94.54
93.72
94.89
94.10
95.98
93.30
94.53
91.10
93.21
95.08
92.37
94.32
92.12
92.61
93.96
92.79
93.84
90.93
93.26
94.82
94.83
95.35
96.10
94.13
92.95
93.83
93.13
88.92
93.53
91.88
94.62
92.93
88.00
96.26
91.59
92.82
90.48
94.23
92.11
94.92
94.60
92.66
94.46
94.12
94.31
85.94
90.57
95.73
93.64
85.41
92.52
90.02
87.40
90.63
94.65
94.96
95.78
95.74
95.49
94.33
96.00
92.11
92.96
92.35
95.19
88.14
92.09
94.45
91.87
92.10
79.50
92.89
92.16
91.52
89.40
91.33
95.09
92.26
96.40
94.05
93.01
95.65
96.41
95.91
92.95
88.95
95.55
93.23
95.69
94.33
86.77
92.98
93.39
96.19
89.57
95.23
91.92
87.40
92.96
92.96
89.17
89.84
86.53
93.48
94.00
93.32
89.00
92.64
89.47
84.44
95.55
91.35
96.14
93.13
86.13
93.21
94.40
88.84
94.19
92.00
88.28
90.92
92.03
95.09
94.28
93.58
95.37
92.54
95.14
91.78
88.65
91.44
95.22
94.02
96.34
93.78
91.11
93.52
93.98
95.37
94.69
95.55
92.70
92.86
88.31
91.31
92.21
92.92
94.77
95.26
94.17
92.97
91.13
92.42
89.17
83.78
90.73
95.30
94.82
92.98
95.16
93.76
94.26
91.85
91.20
93.30
94.61
90.31
92.44
93.10
94.52
93.27
93.80
92.55
95.58
91.56
96.24
94.23
94.59
92.93
90.84
92.22
93.30
94.37
93.59
94.81
94.25
94.00
94.04
94.24
88.15
89.87
94.97
92.17
91.15
95.25
94.16
94.27
96.04
92.76
87.11
91.05
94.06
88.71
94.56
93.40
92.45
92.70
88.97
93.63
95.44
91.43
85.09
94.79
94.70
91.75
94.12
92.81
94.74
94.88
94.44
94.76
89.91
92.33
90.94
95.39
94.25
94.18
92.96
90.78
94.85
91.86
91.16
95.34
94.26
94.59
93.88
88.40
92.92
95.31
90.85
93.87
93.48
93.01
95.36
96.39
89.89
94.15
84.40
96.05
91.87
95.78
92.26
91.96
93.42
83.82
91.85
93.97
94.80
94.73
94.13
93.47
91.05
94.66
91.85
94.71
85.54
93.09
93.45
95.14
95.43
93.40
96.28
94.67
88.64
92.64
87.76
94.96
92.39
91.41
90.93
93.84
95.49
94.16
92.77
95.58
91.63
93.84
94.97
92.01
93.90
92.54
93.20
94.83
95.12
93.10
93.52
93.50
95.89
94.14
94.28
94.44
93.96
94.44
90.17
95.34
89.54
95.40
95.80
86.23
91.38
95.91
86.12
94.40
94.86
95.95
92.69
93.22
95.10
94.56
87.34
94.25
83.74
95.13
92.71
93.27
94.53
93.87
96.03
95.39
94.34
93.26
92.76
92.96
94.98
94.78
96.10
96.25
95.25
94.71
95.24
95.49
91.69
96.58
95.79
91.68
79.29
88.86
94.65
92.45
93.20
92.89
93.17
93.98
95.02
90.70
95.52
86.93
96.02
94.10
94.08
92.14
93.97
95.54
92.86
93.57
94.82
91.45
93.67
93.95
93.08
86.95
95.65
93.23
95.85
95.22
93.65
94.17
87.71
95.29
96.02
86.95
95.56
93.83
93.65
92.07
92.00
85.31
93.31
87.01
93.97
92.59
93.76
94.97
91.76
94.39
90.57
92.00
92.95
90.36
94.79
90.58
95.03
92.68
93.08
94.32
95.43
93.90
87.88
95.07
93.41
95.64
94.31
89.61
91.34
91.22
94.93
90.73
93.96
95.56
94.70
94.66
95.60
93.73
94.42
91.25
94.29
90.66
95.07
93.78
93.18
86.77
91.72
93.74
92.67
95.77
94.27
93.69
91.64
94.28
93.55
92.24
94.50
95.32
95.45
94.63
95.72
92.06
93.23
90.07
93.18
88.20
94.90
94.78
93.35
94.14
76.09
89.87
94.66
95.15
89.73
94.77
94.13
96.04
91.18
95.74
95.26
93.30
94.96
94.40
92.25
90.41
93.80
90.18
91.27
88.10
93.83
90.15
87.10
95.57
92.14
93.67
90.72
94.50
93.59
94.32
91.84
79.58
95.42
95.18
94.88
95.94
95.26
94.14
91.06
95.52
82.64
90.30
94.94
94.18
94.64
95.43
93.32
90.61
94.14
93.87
94.91
96.19
95.24
96.04
93.84
94.66
92.12
81.96
89.20
93.52
92.19
87.48
87.76
93.17
94.66
95.98
90.18
94.07
89.34
95.33
94.96
94.51
90.40
93.33
94.55
94.20
94.22
94.59
95.01
95.58
93.57
95.27
95.02
94.37
95.87
93.83
95.32
94.95
91.93
89.87
80.89
93.05
81.23
91.46
93.17
92.76
91.32
93.96
95.05
91.53
95.57
96.22
95.85
92.16
94.00
93.62
94.61
89.03
94.00
92.99
95.61
95.07
95.56
95.75
90.19
87.22
92.51
94.54
94.07
94.08
93.02
91.21
95.00
93.67
89.57
94.72
95.12
92.70
83.50
89.82
94.54
91.96
86.26
93.93
90.57
90.43
93.94
95.23
94.27
96.15
92.00
95.55
94.00
95.41
89.67
94.62
95.65
92.47
82.63
93.99
92.75
93.15
