94.10
94.58
94.02
93.94
95.17
93.78
95.93
95.30
95.40
93.63
95.42
95.08
94.85
94.52
93.88
95.00
94.85
95.49
94.63
93.75
93.91
93.50
93.70
95.16
94.25
92.82
95.24
94.73
94.71
94.42
95.70
95.13
94.90
95.28
95.63
95.20
95.16
94.80
95.09
91.74
95.86
95.31
95.47
94.19
94.81
95.00
95.96
94.78
95.10
95.45
95.35
94.85
95.00
94.31
95.64
94.69
92.40
95.06
94.52
93.85
95.74
94.81
94.63
95.54
94.74
95.69
95.69
95.39
94.53
95.38
94.78
93.20
93.97
95.47
94.16
94.25
95.43
95.62
92.44
92.46
94.08
93.78
94.77
94.12
94.56
94.01
94.81
93.26
95.32
95.72
95.45
93.11
93.97
94.84
94.29
94.45
93.64
95.60
94.26
95.41
94.54
95.34
95.20
94.86
94.55
93.88
94.91
94.37
93.93
95.85
94.71
95.80
95.73
95.35
94.36
95.39
95.66
90.94
94.91
94.63
95.44
94.73
94.05
95.34
94.99
95.09
95.80
93.55
93.94
94.28
95.57
92.71
95.24
94.49
95.22
96.14
92.91
95.01
93.64
95.31
93.04
95.68
95.54
93.11
95.39
95.32
95.54
95.01
95.12
93.78
92.77
94.65
94.86
95.42
93.74
93.05
95.35
94.78
94.45
95.49
94.76
94.83
93.89
95.24
95.32
93.73
95.74
94.74
95.07
93.00
95.04
93.26
94.53
94.36
94.40
95.61
95.50
95.37
94.19
93.79
94.96
94.03
95.56
95.28
94.07
94.10
93.62
93.92
95.03
95.07
95.72
95.91
95.15
93.43
95.76
95.42
95.72
94.83
94.44
94.93
93.90
94.49
95.64
94.22
94.88
92.62
95.27
94.31
94.25
95.35
94.18
94.63
95.30
95.00
94.93
94.59
94.84
95.08
95.86
94.49
94.31
93.78
93.17
94.35
94.99
95.12
92.48
94.96
94.54
94.28
94.35
94.29
95.32
94.77
94.62
94.46
93.92
95.33
95.32
95.51
93.93
92.63
93.59
94.35
94.49
95.54
95.72
93.08
93.58
94.63
94.24
92.77
95.01
95.36
95.17
94.88
93.93
95.18
94.04
94.16
95.71
94.32
95.92
92.31
94.40
95.71
94.51
95.00
95.56
94.17
95.33
91.71
94.77
94.79
95.50
95.44
95.60
95.31
95.44
94.66
95.05
96.04
94.50
94.39
95.76
94.71
92.49
95.30
94.91
94.72
95.70
94.21
93.07
95.39
95.47
94.86
94.54
94.33
93.80
95.12
95.30
94.69
93.95
95.01
95.08
95.66
93.86
94.67
94.80
94.19
94.15
95.43
95.09
93.66
94.54
94.77
92.46
95.38
94.25
94.50
95.72
94.84
95.45
90.98
95.57
95.70
94.48
94.83
95.56
92.30
95.57
94.55
95.22
93.85
95.59
95.17
94.72
96.32
93.24
95.27
95.62
95.64
95.60
95.45
95.33
94.13
94.04
94.82
95.52
93.53
92.72
95.48
95.52
93.85
90.86
92.70
94.63
94.19
92.30
96.08
93.94
94.10
94.72
95.24
95.34
93.76
91.16
93.79
95.01
95.60
94.11
94.27
93.80
94.76
94.41
95.07
93.62
95.93
94.67
95.73
95.62
93.23
94.19
93.60
94.37
94.60
93.13
93.16
92.75
93.75
95.98
95.62
95.77
93.93
93.25
94.10
94.93
92.62
93.14
92.02
94.45
95.12
95.36
94.86
95.19
93.92
93.66
94.96
95.23
93.44
94.91
95.56
93.49
94.97
95.15
94.97
93.32
94.22
94.33
95.39
94.48
94.89
86.64
93.23
95.57
94.50
95.47
95.49
95.34
94.02
94.35
95.04
94.43
94.05
94.11
95.01
92.10
95.46
94.73
94.93
95.82
94.39
95.48
92.51
93.78
95.65
95.60
95.10
91.31
94.77
95.81
95.16
96.02
94.77
94.51
93.22
94.57
95.15
94.86
94.75
94.63
94.79
94.88
94.87
94.94
92.17
95.76
95.88
94.84
90.85
93.92
95.96
94.77
94.79
94.76
91.45
93.52
94.41
93.58
95.94
95.65
95.22
94.32
95.80
95.65
93.77
94.91
94.68
95.45
94.24
95.58
95.05
93.64
94.62
94.23
94.72
94.24
94.95
93.80
93.85
94.75
95.47
94.35
92.48
95.10
93.62
94.52
93.99
95.00
92.94
93.24
94.98
94.53
94.83
94.01
94.80
95.40
94.38
93.30
94.70
95.61
95.22
95.01
94.54
94.92
95.31
94.62
94.07
93.98
92.66
95.64
91.31
94.63
95.13
94.84
94.21
93.19
93.22
95.47
95.66
93.81
95.12
94.59
94.50
94.68
94.59
94.29
94.70
93.62
95.13
94.62
93.51
96.04
95.23
93.70
95.44
94.16
92.68
94.92
94.48
94.32
94.18
94.75
94.81
95.57
93.78
95.19
93.61
94.89
94.74
92.07
94.63
96.05
93.96
93.37
95.22
95.28
94.21
94.94
92.20
95.48
94.15
95.54
94.79
93.08
94.89
95.76
94.91
95.53
92.65
91.00
95.26
95.22
93.27
94.77
94.22
95.11
95.31
94.47
95.15
96.04
95.45
94.20
95.45
95.63
96.25
94.47
94.28
94.50
95.17
95.24
95.44
95.16
94.89
94.49
94.75
94.00
95.32
94.37
96.08
94.66
94.77
95.50
93.40
95.36
94.25
94.70
92.33
94.49
93.85
95.51
94.44
94.89
92.77
95.70
94.84
94.24
94.41
94.35
95.75
95.16
93.25
93.75
93.65
95.15
94.44
94.45
95.29
95.39
96.01
94.31
95.52
95.37
94.06
93.86
95.39
95.45
94.23
94.38
93.77
94.61
94.97
95.07
94.62
92.87
94.39
95.28
94.69
93.72
95.48
95.70
95.46
95.16
95.65
94.81
95.11
93.65
95.57
94.56
94.56
93.62
94.75
95.06
93.79
94.24
95.40
94.23
95.09
95.96
95.82
93.96
95.99
92.47
93.82
96.34
94.37
95.26
95.99
93.32
96.11
95.18
95.79
93.88
94.20
95.00
95.70
95.53
93.76
92.91
94.09
95.59
94.75
94.91
95.40
93.40
89.15
92.60
92.40
93.59
94.81
95.51
95.09
94.81
95.24
95.57
95.57
95.28
95.97
94.24
94.88
94.15
93.73
93.91
95.67
95.34
95.35
94.87
96.22
94.81
94.36
95.51
95.51
95.64
93.82
92.53
95.92
94.32
94.51
95.08
95.89
95.07
94.55
93.16
95.40
94.72
94.53
94.45
94.87
95.41
94.84
93.86
93.89
95.11
94.55
94.49
93.58
94.98
95.37
95.75
94.63
94.16
94.58
95.17
94.05
94.41
95.15
95.49
93.79
94.84
94.81
94.97
94.92
95.72
92.98
95.23
95.63
93.81
91.57
94.51
92.87
95.75
95.84
94.50
94.49
93.87
92.44
94.95
95.21
93.02
94.87
92.90
95.08
93.30
92.73
94.95
95.05
94.16
95.16
93.80
95.13
94.39
95.54
95.38
94.70
94.58
95.68
94.26
94.47
95.47
94.80
92.22
93.36
95.06
94.91
92.92
94.39
94.20
95.21
95.50
95.15
93.00
95.84
95.80
94.52
91.93
94.06
95.17
93.32
95.47
94.65
95.67
95.53
94.85
93.74
94.90
94.98
92.55
94.67
95.98
95.81
94.43
90.81
94.94
95.19
94.52
95.05
93.66
95.09
94.02
95.16
92.98
92.46
95.47
94.36
93.48
95.21
94.63
95.05
94.38
92.32
94.59
94.27
95.44
93.50
95.15
95.82
95.00
95.18
95.38
91.43
95.42
94.73
95.45
94.54
95.72
92.20
92.70
93.22
94.75
93.66
92.88
94.82
95.60
93.97
95.26
95.33
94.18
94.88
95.47
94.57
95.67
94.46
92.54
93.46
93.96
94.17
95.16
94.56
95.05
94.93
94.11
93.53
95.17
94.28
94.43
94.79
95.41
95.41
95.18
94.47
94.48
89.87
92.41
95.16
95.22
93.46
89.96
95.36
93.09
95.66
95.14
94.91
94.26
92.83
90.29
94.79
94.96
95.49
92.38
94.36
94.78
95.21
95.50
95.09
94.94
95.11
95.79
94.66
95.04
93.61
95.67
94.89
94.34
94.19
94.62
92.92
92.04
95.07
95.31
94.22
94.31
94.72
95.77
94.25
95.53
95.25
95.12
93.65
93.98
95.16
94.45
94.91
94.93
94.89
94.37
95.25
95.51
94.44
95.41
94.92
94.90
94.25
94.73
93.88
94.72
95.10
91.99
93.27
94.10
93.85
95.52
95.07
94.82
94.74
93.38
93.90
95.29
93.95
94.54
95.32
