94.85
94.93
94.54
92.23
94.49
91.49
94.87
93.18
93.05
95.99
94.74
93.08
94.22
93.41
94.59
93.73
95.24
91.16
93.80
95.12
92.21
92.03
94.24
95.15
94.63
94.07
95.43
93.42
89.37
93.91
93.72
93.72
94.71
92.79
93.44
94.98
93.84
93.75
92.55
94.25
93.32
94.98
94.37
94.80
96.19
95.82
94.86
93.32
95.33
89.24
91.88
95.56
94.45
94.91
94.80
95.27
94.61
95.92
92.24
94.98
93.89
94.45
94.56
94.92
95.10
94.28
92.54
95.88
93.79
95.26
95.40
93.21
90.27
94.87
95.54
92.74
94.97
95.15
93.04
94.45
94.76
94.29
95.41
93.27
92.98
94.71
95.03
92.87
92.98
93.17
94.74
93.27
94.64
93.42
94.04
95.69
95.16
93.65
95.18
96.06
94.67
92.91
93.91
93.61
94.81
94.40
94.60
94.95
93.21
93.87
93.66
94.70
94.71
93.23
93.81
95.13
94.57
92.26
93.10
96.03
94.25
93.66
95.01
93.65
94.76
93.72
94.11
93.85
94.76
95.66
95.27
91.85
94.09
93.95
95.92
93.17
94.44
93.64
95.30
94.98
93.23
94.49
94.88
94.90
93.37
93.23
94.42
93.44
92.61
94.44
94.07
93.15
94.95
95.19
94.91
93.41
94.11
94.97
91.53
95.28
90.68
95.23
94.98
93.63
93.86
93.15
94.18
93.29
94.77
92.44
93.74
95.28
93.90
95.77
91.91
95.14
92.62
94.12
94.32
94.26
95.04
93.33
94.97
93.14
93.05
92.19
93.86
93.78
94.49
92.78
94.77
94.21
93.64
94.14
94.87
93.83
92.14
95.16
93.77
93.80
95.78
92.41
88.93
92.35
93.97
94.48
93.32
94.67
93.71
91.90
94.95
91.31
93.39
93.65
86.64
94.25
93.92
90.83
89.45
93.98
94.68
94.34
91.29
94.94
94.09
92.99
94.51
93.96
94.34
93.86
94.73
95.93
94.54
92.58
92.55
94.66
94.24
93.87
92.34
93.74
94.23
92.83
95.51
95.13
92.95
95.28
95.95
95.23
93.68
89.72
93.12
95.33
95.18
94.66
94.37
94.68
93.43
95.46
94.05
95.24
95.46
95.04
94.68
94.44
93.33
95.81
93.58
93.58
95.08
93.46
93.63
92.97
89.17
94.67
93.54
95.20
93.30
94.55
94.55
95.63
94.66
94.50
94.69
94.44
94.65
95.40
93.87
93.53
94.96
93.54
93.57
93.05
94.59
95.85
93.48
94.39
93.92
94.47
95.95
92.52
93.34
96.04
94.08
94.66
95.46
95.79
95.14
95.37
93.26
94.72
92.11
94.22
93.78
94.16
94.37
94.45
95.67
94.43
91.82
94.85
94.67
96.39
94.40
94.13
95.52
94.27
95.31
92.68
94.13
94.58
92.55
94.67
95.52
93.47
94.50
91.43
93.60
93.89
95.75
95.28
92.91
95.47
95.61
94.08
94.41
94.03
94.62
95.13
95.65
95.12
92.35
95.39
94.23
94.67
93.91
94.28
94.21
92.58
94.87
92.36
94.18
94.77
94.62
94.67
94.30
93.38
93.63
90.22
93.85
95.54
93.92
94.57
88.16
94.05
94.62
95.72
93.96
93.75
94.53
94.30
92.00
92.86
95.27
94.30
93.95
93.48
94.61
91.81
93.76
94.36
93.30
94.78
93.97
94.60
94.03
93.88
92.59
94.14
94.04
94.37
95.51
93.93
93.18
92.21
95.14
94.95
93.96
92.72
92.56
95.00
92.88
95.64
94.03
95.36
95.57
93.30
95.03
93.40
93.94
94.18
94.27
96.04
94.59
94.11
93.53
94.75
95.29
93.72
93.67
93.03
93.09
92.96
95.54
92.99
95.66
93.72
92.83
95.40
94.14
91.10
93.76
94.86
94.05
94.79
95.66
94.50
94.08
94.61
94.44
92.91
95.49
93.74
88.69
92.56
92.95
94.91
95.50
95.02
93.78
95.48
95.15
95.69
93.39
94.37
94.68
94.08
95.91
93.57
94.43
94.73
95.12
94.58
94.96
94.67
94.71
88.71
94.95
95.33
94.17
95.10
94.64
88.37
92.82
94.06
94.30
90.25
95.59
94.36
94.47
92.81
94.97
92.09
94.30
92.29
92.87
94.05
88.89
93.60
93.48
93.71
95.47
93.42
94.16
91.79
93.25
93.80
93.47
94.73
93.53
92.07
94.38
93.47
91.68
95.10
94.25
94.14
94.75
93.19
94.40
94.32
93.91
93.18
95.78
93.43
90.40
92.64
93.96
95.67
94.74
92.07
95.06
95.72
94.41
94.17
92.62
94.67
95.25
92.50
94.67
93.64
94.79
93.15
92.49
94.65
94.60
95.33
93.84
94.76
95.30
93.03
94.69
89.20
95.74
94.44
95.09
94.46
94.72
93.77
93.17
93.20
95.17
95.10
95.09
94.98
95.58
94.32
94.44
94.81
95.00
95.22
95.07
94.92
93.60
94.42
91.94
94.05
92.50
94.61
87.55
93.72
94.58
94.82
92.68
94.49
94.89
94.62
93.22
93.94
84.70
93.57
94.57
93.65
93.38
90.72
94.19
95.19
94.69
91.94
94.89
92.96
91.41
92.31
94.54
94.43
94.18
95.48
94.33
94.01
94.15
94.14
94.72
95.59
95.00
95.78
95.45
94.43
92.42
92.44
92.71
95.53
94.79
94.40
94.34
93.69
93.57
93.27
94.64
95.05
93.33
96.07
95.29
94.70
94.94
92.92
94.74
91.44
95.15
95.07
95.48
94.10
92.99
94.38
91.45
94.04
94.20
93.17
91.50
93.28
95.14
94.53
93.37
95.41
94.29
94.09
94.72
93.65
93.58
94.73
90.23
93.94
92.66
95.43
94.05
94.06
94.99
94.94
93.73
93.05
93.79
94.18
93.25
94.63
94.16
94.83
95.30
93.94
94.42
94.48
93.22
94.27
94.39
93.39
94.38
94.13
92.36
94.18
95.69
94.32
94.72
92.31
94.48
94.67
93.66
92.52
92.88
95.18
94.86
95.49
95.61
92.62
92.81
94.55
94.42
94.44
93.78
93.78
91.54
93.68
94.64
94.81
93.93
95.22
93.81
94.49
94.90
92.81
94.60
91.76
94.54
92.58
93.33
94.40
93.39
95.08
92.68
89.20
96.04
92.68
93.60
92.19
93.05
94.86
91.33
93.79
94.48
91.14
92.91
94.38
92.83
92.99
93.85
94.50
94.96
95.31
94.26
94.25
94.52
94.20
93.71
94.83
92.65
94.37
94.78
94.34
94.67
95.04
93.62
94.00
93.95
93.12
94.40
93.40
92.74
95.43
92.95
92.94
95.91
95.03
95.81
91.83
93.91
95.20
95.73
94.85
95.46
95.69
94.70
93.97
92.73
95.19
93.93
95.35
94.62
93.88
95.23
93.51
93.93
94.20
93.82
95.14
93.01
94.99
94.61
94.44
91.36
94.61
95.48
95.27
94.88
95.06
93.75
94.58
94.36
93.22
94.89
94.70
94.45
94.87
94.97
94.97
91.78
95.07
95.29
93.44
93.46
95.83
94.59
93.85
95.35
91.74
95.00
93.72
94.77
94.11
91.78
96.03
94.60
94.88
95.36
93.05
94.98
93.82
94.65
94.13
92.59
95.14
95.56
95.06
93.35
94.26
94.38
94.63
94.80
92.25
95.56
93.87
94.70
93.87
94.64
94.18
93.44
94.35
93.49
94.80
93.85
95.17
94.36
93.63
94.24
95.51
94.13
94.09
94.62
92.58
93.93
92.44
91.36
90.04
95.12
94.50
95.43
91.28
94.68
93.88
94.91
94.96
94.42
93.99
95.09
93.92
93.05
95.45
91.74
93.76
94.78
94.97
95.55
94.26
93.42
93.44
93.75
93.50
94.40
91.64
88.08
95.12
93.63
93.20
95.63
92.90
94.56
95.17
94.89
93.93
92.49
94.15
96.67
92.06
93.60
91.70
94.41
94.00
93.73
92.58
94.81
91.15
89.87
94.90
94.96
93.36
94.88
94.45
95.31
95.28
92.47
94.26
94.25
94.87
94.21
94.65
92.43
94.08
92.48
95.76
93.43
93.52
94.77
92.66
94.17
95.38
95.05
94.50
95.06
93.27
94.38
95.33
93.06
93.88
95.30
95.63
94.04
93.76
93.43
95.08
92.47
93.96
95.85
95.00
93.24
93.67
95.28
89.93
95.40
94.25
93.98
94.62
95.13
92.33
93.68
94.69
94.34
92.54
91.98
95.25
94.17
93.48
93.04
92.30
93.10
92.28
95.28
90.55
95.69
92.41
90.31
94.79
95.32
94.34
94.68
93.01
95.21
93.51
89.24
92.11
89.85
94.66
94.96
94.51
94.59
94.78
