89.37
88.19
88.70
84.72
83.88
87.27
90.27
85.35
86.59
86.15
86.70
89.87
84.55
88.22
88.44
82.32
86.80
88.88
90.06
86.95
88.83
85.60
83.48
89.52
90.47
84.77
86.65
88.12
88.70
84.68
88.08
84.45
86.96
87.15
82.63
87.11
83.14
86.24
85.52
87.30
80.31
85.41
85.14
84.83
85.24
86.93
81.93
90.22
87.98
88.77
87.95
88.51
89.06
88.45
87.82
87.09
84.59
88.37
81.37
86.64
88.18
80.73
86.70
84.17
87.53
85.86
86.32
87.88
87.24
89.18
87.79
86.48
88.20
87.99
87.86
84.61
88.21
86.72
86.62
87.14
86.26
87.25
86.11
88.48
88.59
75.68
85.60
88.95
87.15
86.49
89.77
85.57
88.76
87.06
88.21
88.61
88.61
86.31
87.28
89.22
88.89
85.15
88.81
87.21
87.08
84.47
83.72
89.01
87.67
85.11
84.05
89.09
87.95
86.23
87.70
85.39
87.14
86.47
86.81
81.88
88.27
87.26
87.61
88.34
85.10
88.68
88.59
87.82
87.71
88.38
87.76
89.33
85.74
88.92
81.53
81.45
85.74
85.62
87.91
84.40
80.66
86.21
84.33
87.47
87.42
84.31
84.82
88.32
88.53
83.97
89.08
90.03
84.51
85.87
84.18
87.22
87.38
87.71
83.39
87.73
80.56
85.76
83.48
88.05
85.10
86.36
87.51
79.92
87.68
84.38
86.46
85.64
88.19
89.02
83.97
85.77
85.22
87.74
86.91
85.51
87.25
86.94
90.61
85.13
87.28
85.60
85.43
88.39
88.78
89.48
85.22
89.32
86.53
87.50
86.44
82.37
88.83
87.71
78.71
85.08
87.90
86.54
89.72
87.62
89.92
88.47
88.24
85.12
90.77
85.08
85.07
85.34
88.83
84.90
88.35
85.58
87.90
85.91
87.95
86.16
90.03
86.70
85.78
82.47
90.05
87.69
83.13
79.43
84.84
88.90
83.84
89.79
86.05
90.59
88.57
87.45
86.48
85.49
87.49
84.69
88.11
85.09
86.94
86.95
87.34
87.71
84.78
86.31
89.59
89.64
90.43
88.30
86.03
84.06
85.97
89.86
90.02
89.39
86.80
89.31
86.15
85.19
89.94
85.94
86.96
85.18
83.86
88.36
86.01
86.75
89.04
86.69
90.04
89.87
87.56
90.27
84.98
88.83
86.94
88.42
86.77
87.21
87.85
88.27
83.38
87.94
88.32
88.34
86.12
83.67
84.77
83.62
87.38
87.25
81.50
89.43
84.83
87.00
89.41
83.22
82.75
87.70
88.94
89.09
87.01
91.00
88.44
88.76
82.57
85.57
86.13
85.18
83.80
87.97
88.60
87.44
85.16
88.03
87.94
86.15
89.83
88.50
87.65
88.67
80.19
85.95
80.31
88.23
89.88
84.75
87.96
86.55
87.09
88.40
89.90
84.69
86.55
87.42
87.55
87.35
86.08
85.78
91.08
86.44
86.68
86.68
87.66
88.37
89.10
88.61
88.92
88.79
89.29
87.96
87.49
88.88
88.32
85.32
87.35
86.56
89.59
89.38
85.88
79.71
88.05
85.80
80.80
81.56
86.95
83.58
82.21
86.13
86.84
89.27
88.55
89.26
85.19
85.99
89.10
89.21
86.91
87.54
85.42
85.02
87.99
88.96
87.45
89.04
88.43
87.78
89.88
87.35
85.42
86.92
89.70
87.65
84.95
89.84
88.21
84.63
86.88
84.62
88.03
87.90
85.33
87.13
87.98
78.56
79.83
84.09
83.75
85.11
83.36
88.00
89.71
87.86
88.24
87.16
86.26
87.60
86.83
87.08
86.32
88.75
86.38
88.17
87.61
87.77
82.81
86.14
86.36
88.02
86.81
82.41
86.36
86.58
89.50
84.62
84.72
86.68
86.04
88.83
86.58
87.93
84.57
86.83
87.43
81.85
86.43
82.15
87.29
88.17
87.15
84.74
88.95
88.04
87.98
84.41
85.01
84.34
88.77
89.55
85.13
79.04
89.82
89.84
82.27
85.76
87.78
88.15
87.31
88.45
87.93
89.41
80.52
88.64
89.86
89.79
87.60
87.17
89.64
84.48
87.65
82.26
87.85
86.16
82.58
86.93
86.76
81.81
88.87
83.52
88.24
81.70
86.06
83.42
88.56
90.15
86.06
87.16
86.00
88.10
89.10
85.47
87.47
88.12
86.80
86.15
88.53
86.60
86.97
87.03
87.76
87.35
85.53
87.20
85.41
84.49
83.98
86.18
89.56
89.73
86.71
87.01
86.98
87.80
87.60
88.67
89.53
85.90
85.00
89.48
86.99
86.73
85.82
86.23
87.28
88.01
87.74
86.20
88.16
89.54
89.05
88.69
85.21
86.29
87.42
87.37
88.81
87.53
86.54
87.40
84.65
87.80
87.54
87.27
89.16
89.88
80.78
85.91
83.43
86.28
86.86
89.05
86.76
84.93
87.90
88.29
88.31
83.51
88.51
89.54
89.00
85.66
86.02
84.00
86.92
87.47
85.77
86.24
88.19
88.05
89.89
88.44
83.19
83.41
88.75
88.52
87.74
84.58
87.46
85.79
85.25
88.64
85.74
88.66
87.42
87.34
86.56
86.39
83.73
85.36
86.47
86.28
88.19
90.43
87.26
87.84
90.14
84.17
85.78
89.57
79.77
86.55
86.29
83.09
88.76
82.01
87.06
88.03
88.44
85.04
89.11
89.63
87.29
88.82
84.61
85.47
90.14
88.13
83.52
85.57
89.04
88.05
89.76
82.07
81.54
89.00
83.52
86.10
86.19
85.97
86.65
83.67
82.17
88.23
86.20
89.50
85.89
84.86
88.65
85.54
87.16
84.97
88.27
86.95
88.32
87.36
87.08
84.48
89.11
85.92
89.01
87.03
84.73
86.20
83.86
87.42
88.17
85.36
85.05
89.40
87.72
87.88
89.27
88.89
85.58
83.75
86.31
83.35
87.61
85.61
89.26
86.47
89.14
88.21
86.53
86.38
83.70
86.06
80.76
87.96
84.63
86.80
89.57
87.35
87.10
83.86
85.97
84.19
89.24
85.75
86.48
89.32
88.00
86.56
89.28
87.28
86.34
88.84
82.26
78.76
88.54
87.98
86.81
89.01
87.25
85.52
86.67
88.31
86.50
86.96
86.37
83.08
88.63
88.97
88.88
85.31
85.28
88.89
82.36
86.99
86.92
85.90
89.95
88.63
88.02
89.60
85.90
86.58
88.81
84.90
87.40
87.71
89.77
88.14
86.85
89.27
89.01
87.00
86.88
89.44
87.56
89.64
85.76
87.12
84.58
85.61
88.57
87.13
83.75
90.74
84.12
84.60
83.03
87.57
89.41
85.00
85.24
85.45
84.42
85.22
79.11
85.87
88.06
89.05
88.30
85.78
87.77
88.19
81.54
83.17
87.30
86.99
88.03
87.92
84.79
89.61
89.84
87.24
89.02
85.98
86.85
86.11
83.87
87.63
88.49
86.40
70.07
89.40
86.61
86.06
85.24
86.77
85.84
82.14
89.88
85.80
90.14
85.42
87.48
82.80
89.14
85.07
87.11
80.78
89.52
87.60
85.67
84.78
87.90
86.44
88.58
88.17
86.52
87.30
86.24
85.37
88.84
84.13
86.40
89.25
79.47
83.49
79.19
85.89
86.18
84.22
90.43
87.60
85.72
85.20
87.44
87.58
82.29
87.99
83.86
87.19
84.13
88.07
86.39
85.57
86.76
88.54
88.21
89.20
88.73
88.28
84.13
87.26
89.93
86.58
87.48
87.35
87.65
87.37
88.69
88.29
88.87
87.32
87.63
86.05
87.62
88.23
85.94
80.24
85.13
90.68
88.23
88.97
84.88
89.08
88.22
86.46
87.62
88.14
90.25
84.54
87.77
88.25
86.19
87.52
85.18
87.77
89.95
88.47
87.98
88.06
87.43
83.79
86.55
88.60
87.20
83.70
85.99
87.03
83.17
89.36
81.03
82.74
87.87
90.74
87.45
86.11
82.34
88.72
86.12
77.94
88.98
82.67
87.97
87.18
89.59
85.35
88.77
85.48
87.56
85.39
86.89
89.00
86.08
87.48
84.53
84.40
87.92
86.60
86.03
85.86
87.31
88.23
81.34
86.02
86.83
79.84
86.35
89.03
83.80
89.00
86.16
86.72
80.28
86.15
86.63
86.71
88.53
83.63
84.02
86.86
89.19
86.98
86.91
82.63
88.30
84.04
89.18
87.35
88.32
86.07
87.42
78.59
85.34
83.75
87.72
87.76
89.54
86.09
87.66
86.05
90.08
80.06
84.73
89.92
86.74
86.40
84.33
85.29
88.62
86.73
90.30
84.78
86.80
89.57
88.15
85.91
88.38
87.98
90.03
88.37
82.78
87.06
