94.70
94.69
95.14
92.82
93.14
92.93
93.72
91.64
92.70
94.47
93.05
94.73
93.72
92.73
95.42
93.27
94.24
93.16
92.14
94.72
94.04
93.75
91.80
92.70
94.21
94.06
92.86
95.29
94.26
92.33
93.29
95.17
93.93
92.65
92.19
93.44
94.73
91.52
92.30
93.86
94.88
95.32
95.03
94.55
91.44
91.30
91.12
92.27
94.25
93.16
94.54
94.86
94.23
93.24
95.07
92.96
94.88
95.42
91.11
94.91
95.42
95.02
93.74
93.42
92.84
92.87
94.20
90.05
92.12
94.28
93.84
94.56
93.28
90.88
94.56
90.97
91.51
93.47
94.20
93.80
93.16
94.66
92.50
93.33
94.54
93.17
94.34
94.74
90.07
92.56
94.88
94.23
92.24
93.05
93.43
92.10
93.90
93.95
94.24
90.78
94.68
94.87
93.68
93.29
94.90
93.39
91.50
93.43
94.30
94.83
92.34
93.00
92.95
93.95
92.23
92.23
94.40
90.88
92.29
94.71
94.64
94.38
94.30
94.28
94.73
94.00
93.81
94.01
91.63
94.42
95.00
93.91
92.98
94.17
91.30
94.34
93.84
93.23
94.96
90.64
94.76
93.48
93.24
93.50
93.81
87.46
95.13
93.68
90.40
94.18
93.56
93.22
94.96
93.31
93.48
94.02
92.99
91.76
94.31
94.47
94.53
94.47
94.90
94.19
94.88
91.69
92.02
94.03
94.07
93.38
93.60
92.31
94.59
90.78
93.65
91.94
94.47
94.86
92.98
92.07
94.98
94.22
92.57
92.32
91.91
94.20
94.93
93.82
95.94
95.40
94.50
94.12
93.21
92.63
93.48
92.34
91.97
93.62
89.77
94.60
94.60
90.14
92.30
93.17
95.17
95.45
92.35
93.79
94.27
95.58
89.58
94.00
93.50
94.13
94.01
91.64
92.10
91.75
94.52
93.47
94.58
92.30
91.93
94.64
94.20
92.53
93.37
95.42
94.10
92.61
92.08
93.23
93.23
94.22
94.09
93.52
94.83
94.52
94.40
92.26
90.42
91.91
92.63
91.64
92.78
92.97
93.51
92.78
92.51
95.37
91.91
94.98
93.30
91.77
95.03
94.67
91.50
93.06
94.56
94.11
94.70
95.36
92.44
93.72
93.26
94.15
93.19
94.16
94.71
93.48
92.26
95.05
93.84
94.95
93.87
94.34
94.05
94.83
93.20
93.49
93.41
93.73
93.87
94.45
95.45
92.76
94.12
91.53
92.85
94.47
93.52
94.16
94.39
94.93
94.35
93.66
91.60
94.10
93.30
91.44
92.41
90.98
94.62
91.48
95.04
92.20
95.65
95.42
93.21
93.83
94.05
89.71
90.88
94.15
93.83
94.31
94.91
93.64
94.37
94.03
95.07
95.26
94.40
92.59
91.97
94.16
93.89
92.68
91.84
95.63
93.98
92.33
95.29
92.91
93.35
93.04
93.41
95.18
94.61
94.75
92.88
92.65
92.99
93.16
92.91
92.88
94.74
91.66
91.64
91.04
94.45
94.54
94.41
95.01
93.75
93.99
91.93
92.53
93.77
93.52
93.81
87.26
94.33
93.20
94.37
93.93
93.84
88.85
93.24
93.25
94.20
94.64
93.45
94.35
93.54
93.07
93.33
95.34
95.28
91.70
93.02
94.26
93.78
93.93
92.63
90.46
96.02
94.16
94.97
92.05
94.58
94.23
91.31
93.58
95.08
90.20
93.47
92.42
93.79
93.80
92.42
93.11
93.28
95.25
91.46
94.39
94.07
90.60
92.87
95.33
95.75
92.84
93.06
92.74
94.78
93.48
94.06
90.55
93.29
94.39
93.86
94.44
92.87
95.07
94.08
93.80
93.59
94.04
95.05
94.90
93.35
93.82
94.57
93.94
93.38
93.13
93.74
93.64
93.67
94.29
92.94
91.40
93.45
94.58
93.48
93.96
94.84
93.83
94.75
91.90
93.60
94.43
92.86
94.65
93.39
92.07
93.62
94.56
93.31
93.75
92.52
94.45
93.50
94.13
95.52
94.99
95.40
93.96
94.33
94.81
94.68
93.25
94.84
94.20
93.55
93.67
93.55
91.93
91.75
94.12
93.90
93.86
91.85
92.03
89.35
90.90
94.38
92.10
94.55
89.78
94.22
92.91
92.54
92.45
94.09
93.09
95.05
93.85
91.77
91.76
93.77
94.60
93.87
94.47
94.26
93.67
94.63
91.38
92.11
94.33
94.29
94.43
95.96
91.31
94.28
95.07
93.84
91.00
91.42
95.16
92.06
93.16
90.62
94.18
94.88
93.56
93.78
93.97
94.91
93.69
93.88
92.70
93.33
93.14
89.59
95.06
93.90
92.65
94.24
94.14
92.79
93.80
91.80
92.74
91.61
94.29
94.26
92.99
93.90
92.81
95.42
92.63
94.97
93.90
93.83
92.26
92.22
94.09
95.22
94.55
93.40
91.93
92.61
93.05
93.42
94.46
93.88
95.35
93.59
94.70
94.99
91.32
94.22
93.90
92.87
94.08
90.72
94.11
93.63
95.26
93.82
91.21
94.01
93.60
94.27
94.21
94.44
93.24
93.93
94.37
95.03
92.68
93.87
93.20
93.96
93.89
93.26
93.36
94.46
94.13
94.36
91.96
89.87
95.15
91.10
93.05
93.70
92.57
94.98
91.71
94.60
94.64
94.62
94.04
92.74
94.93
94.38
93.81
93.76
94.81
93.70
94.35
91.95
92.16
92.04
94.15
93.60
93.37
93.18
93.54
94.89
93.25
94.24
94.52
94.96
92.63
93.70
92.14
92.93
93.62
93.89
93.23
93.65
93.49
94.32
92.62
94.26
94.85
92.93
92.57
93.76
92.34
92.68
94.24
93.33
94.58
90.93
94.06
92.72
93.64
94.19
94.70
90.39
93.26
94.01
91.30
94.48
93.08
92.70
94.78
94.65
95.35
95.27
94.58
95.64
92.85
93.80
91.96
94.54
92.77
95.19
93.50
94.01
93.34
91.46
93.01
94.40
94.83
93.82
93.00
93.78
92.45
92.73
95.00
93.95
94.03
91.99
93.57
93.73
95.31
91.50
93.32
93.87
94.35
95.26
92.94
93.66
94.72
94.22
94.78
94.64
93.07
93.78
94.64
92.68
92.81
93.37
93.69
95.12
93.91
93.57
93.08
94.45
94.22
91.46
91.53
94.13
93.36
93.79
92.50
94.43
94.27
93.54
94.55
92.95
94.40
92.98
91.95
94.54
94.47
92.86
93.93
92.29
94.16
94.18
93.17
92.37
94.32
93.42
91.59
93.62
93.23
94.03
93.75
94.20
93.28
94.60
92.91
93.22
94.58
91.10
93.30
92.29
94.88
93.16
95.56
91.59
94.22
95.25
91.91
91.34
94.99
93.72
93.07
92.84
92.92
91.88
95.23
93.87
92.35
93.84
94.79
94.61
94.10
93.44
93.97
95.50
94.81
93.95
95.04
94.79
95.15
94.09
93.43
93.53
94.16
92.38
93.50
94.05
94.12
93.27
91.45
93.65
93.29
93.63
93.72
93.64
92.58
92.88
91.91
94.32
92.11
92.68
93.39
91.79
90.83
91.06
94.66
94.24
94.68
92.14
93.47
95.03
93.46
93.02
94.61
94.91
95.18
94.49
90.66
94.50
93.67
94.45
94.58
92.75
93.71
92.49
91.15
93.03
92.92
94.60
94.14
94.01
94.44
93.79
90.75
92.44
93.61
90.34
93.45
93.72
93.97
94.37
92.59
93.64
94.67
94.03
92.49
94.57
93.50
91.84
92.22
94.41
92.56
92.53
94.91
90.81
93.48
94.49
93.75
90.84
94.18
93.38
94.33
95.03
94.86
92.91
94.35
93.80
90.82
93.06
92.44
94.50
93.80
94.26
93.21
95.89
92.00
93.72
94.03
94.27
93.94
91.79
93.64
93.11
92.96
93.69
87.07
92.83
93.22
91.07
91.45
92.08
94.57
94.28
91.77
94.83
94.16
94.64
81.22
93.34
92.79
93.40
91.54
93.58
91.02
94.54
91.76
95.15
93.16
94.21
91.43
93.62
93.94
93.54
94.00
90.81
90.78
94.21
93.43
94.02
93.78
92.66
95.16
87.99
90.45
92.91
92.89
94.16
92.78
90.29
93.22
93.72
94.13
91.16
94.14
93.62
92.10
91.70
94.45
93.37
89.62
95.75
93.60
91.43
92.77
94.11
95.07
94.14
92.22
93.77
95.23
87.94
94.72
95.01
93.52
94.71
93.97
94.12
94.08
94.50
93.84
92.97
94.08
90.87
93.84
91.90
94.78
93.50
93.23
93.12
95.29
94.03
93.23
93.64
90.84
92.80
92.70
92.55
91.96
93.93
93.28
95.41
92.72
91.18
94.17
93.39
93.98
94.07
94.75
