83.77
82.41
82.55
87.83
87.70
82.56
81.06
73.54
86.39
90.05
85.20
86.47
90.19
78.03
79.97
84.79
82.88
84.35
84.83
83.32
82.56
85.34
74.79
84.38
85.01
83.89
84.34
78.30
86.13
81.89
83.42
82.97
87.42
81.89
79.10
86.76
78.21
89.61
88.81
83.56
87.07
81.62
87.21
87.90
83.46
86.36
87.44
85.22
88.15
83.68
84.50
82.69
85.24
82.05
79.25
87.13
85.89
87.72
86.57
86.22
83.60
77.24
85.79
88.04
84.00
85.21
84.07
87.23
79.82
82.96
84.98
88.21
84.11
76.36
88.33
81.92
83.50
85.65
83.08
83.03
78.24
87.70
82.11
84.30
83.80
87.75
82.82
84.23
85.81
84.72
84.53
86.94
86.64
81.85
84.09
84.34
82.37
85.82
84.71
84.41
87.31
87.89
85.01
89.84
81.58
86.13
82.45
85.72
80.23
87.85
80.44
80.13
86.19
75.91
85.21
84.98
82.08
87.99
85.97
85.53
84.94
81.20
84.13
88.12
82.29
85.05
78.37
87.97
83.40
86.46
88.44
85.38
80.57
80.02
78.25
84.20
85.65
85.94
84.37
84.29
81.61
84.12
81.43
87.66
87.31
78.09
76.22
80.56
88.56
86.09
81.80
88.25
88.62
87.15
85.88
82.78
85.17
84.48
83.05
81.64
86.98
83.35
79.56
83.68
83.62
88.37
85.76
86.61
85.91
83.59
78.02
83.29
88.58
82.30
88.15
88.83
85.04
83.33
87.91
86.15
83.55
78.55
79.66
84.53
86.36
82.87
82.89
79.45
84.73
78.41
81.58
76.97
87.32
85.63
85.86
72.79
82.00
77.75
83.78
80.61
81.05
86.23
82.74
87.45
85.90
86.10
81.89
84.10
80.64
83.44
85.47
77.64
84.51
84.33
83.03
81.77
82.13
85.22
84.78
88.82
89.08
75.28
81.49
88.17
90.01
86.70
78.06
86.23
86.36
78.21
88.81
81.64
83.51
89.24
89.06
75.68
82.37
83.75
85.64
85.80
85.91
81.61
89.12
90.28
86.34
86.89
82.85
80.72
82.86
82.43
79.76
88.44
88.04
85.43
89.42
83.69
78.39
85.91
83.31
86.36
86.39
88.11
88.28
81.72
85.89
83.31
89.73
84.00
84.31
81.54
81.48
84.95
86.70
82.83
83.12
80.14
86.34
85.39
74.80
85.23
83.36
79.75
79.39
86.21
84.45
86.91
79.64
82.57
85.32
81.72
83.05
85.39
80.67
81.49
87.55
85.59
85.34
89.70
78.81
86.58
82.21
84.48
86.99
87.63
77.05
87.13
86.21
88.35
79.32
84.37
85.73
86.14
88.49
81.06
78.00
83.30
85.62
85.40
80.25
79.24
87.41
86.66
86.51
82.71
86.59
84.47
84.81
81.62
80.08
86.61
83.23
83.75
85.07
82.82
85.55
86.28
84.16
83.40
84.52
84.13
77.71
85.01
84.20
87.53
82.98
85.62
76.87
86.70
82.97
74.58
83.04
80.04
88.24
84.60
88.35
81.40
81.96
85.25
83.13
77.42
83.77
88.31
86.55
84.53
73.96
81.42
82.65
84.82
87.76
84.69
79.57
81.70
85.88
84.21
82.07
79.47
79.77
87.04
82.82
82.59
84.39
85.15
88.07
86.53
87.55
78.36
83.49
85.42
86.56
82.26
86.75
79.01
82.43
74.37
87.93
80.25
88.40
85.86
83.89
82.62
87.65
86.07
86.59
84.78
76.70
87.43
83.52
79.67
86.18
86.44
89.09
86.20
82.92
87.61
83.54
87.67
74.55
86.00
79.93
86.57
74.27
85.00
76.33
80.74
86.63
82.52
66.93
86.69
84.35
83.92
83.39
80.51
85.80
88.13
82.99
86.52
86.76
78.34
84.18
84.50
83.25
78.96
84.33
83.86
77.78
86.59
85.00
85.38
86.46
86.20
85.29
84.00
82.60
84.53
85.60
88.00
84.52
83.24
84.10
81.02
86.74
80.98
83.58
88.00
82.67
87.79
80.24
83.57
81.86
84.36
86.98
83.24
86.17
84.36
78.23
86.74
85.46
88.18
84.37
88.21
81.47
82.95
84.38
78.87
89.19
88.28
87.09
85.16
87.86
84.06
86.32
81.55
85.41
79.02
85.89
85.47
87.84
85.69
86.78
87.77
85.45
81.83
78.58
84.05
83.71
83.54
88.02
78.37
83.52
78.43
83.99
81.92
87.18
81.86
88.26
86.79
86.59
85.92
85.12
84.23
85.69
83.77
76.48
88.23
84.64
82.17
83.72
83.56
73.53
86.95
85.82
87.19
79.69
87.04
79.27
87.18
83.55
85.20
85.55
84.45
81.30
79.72
80.22
86.93
80.27
86.06
85.71
82.33
80.89
87.42
87.26
83.55
81.01
81.38
85.11
88.31
86.65
78.31
83.91
77.12
82.73
87.41
86.68
84.49
87.40
78.91
81.19
87.24
85.62
79.89
86.76
83.82
86.53
87.07
87.48
80.89
74.61
84.29
85.02
74.97
87.20
81.44
79.60
86.47
85.14
88.40
83.50
84.89
85.14
86.65
78.22
77.16
71.85
75.21
87.34
86.70
81.89
87.48
88.26
87.57
83.88
84.43
87.37
84.78
80.63
84.07
84.33
81.45
87.16
80.22
84.94
77.07
89.36
83.74
87.50
71.03
84.96
87.88
86.16
73.20
81.69
83.49
87.36
83.64
80.75
84.74
88.73
81.57
87.36
84.08
87.54
87.95
85.83
84.39
85.72
85.24
87.12
84.07
80.37
83.54
86.62
80.47
86.68
89.36
79.24
85.18
87.31
85.25
82.29
84.45
84.32
84.93
81.38
80.36
77.01
84.90
85.48
79.89
81.21
86.22
84.82
80.39
89.26
81.33
74.56
76.04
87.47
79.84
85.27
78.79
81.77
80.08
86.10
84.38
84.67
81.03
84.50
81.55
79.07
85.86
86.15
86.49
84.95
89.15
85.29
88.87
84.52
81.45
83.33
84.35
81.29
89.24
84.34
89.30
90.07
81.08
87.01
88.64
86.38
78.52
84.62
85.54
84.22
86.97
83.29
88.63
81.23
87.11
82.99
86.71
82.76
82.11
89.08
82.48
83.87
73.36
82.26
86.40
84.46
78.80
84.39
84.02
80.96
85.45
81.51
88.02
86.36
88.81
87.15
83.95
80.42
79.88
87.91
77.61
81.71
85.95
78.60
82.16
84.18
85.57
78.97
84.59
85.50
81.23
80.75
87.72
81.89
85.64
87.91
84.44
79.60
88.46
87.36
77.40
80.49
85.88
85.10
86.76
85.27
83.00
83.73
84.38
86.66
88.10
79.04
84.18
86.27
81.37
82.20
87.61
84.57
86.79
86.24
81.36
85.08
83.91
82.55
78.09
82.05
83.87
85.05
78.31
83.04
82.41
85.33
81.42
84.77
81.99
87.95
85.12
86.67
84.70
87.14
81.25
86.03
75.32
84.27
76.39
85.22
82.61
89.97
80.54
76.47
83.10
84.40
77.36
83.70
82.75
86.45
86.66
78.81
83.00
79.23
83.73
84.60
83.84
85.09
87.16
86.49
79.27
83.50
84.73
87.40
83.92
83.42
86.64
88.17
82.32
87.68
82.47
80.70
85.11
83.58
82.21
82.68
83.67
87.35
76.66
81.17
85.13
85.27
85.88
81.44
85.48
84.38
75.43
86.90
87.94
84.96
85.12
85.13
86.41
84.75
83.48
87.71
85.31
84.98
83.64
85.58
88.59
83.75
86.96
89.72
81.66
86.61
86.01
80.07
85.60
78.86
88.24
90.28
82.15
89.40
83.13
82.86
85.59
84.66
84.80
81.07
83.08
85.41
82.56
79.50
84.91
86.05
83.03
84.06
86.19
85.53
83.66
80.43
80.68
84.64
88.84
82.53
84.29
84.75
86.30
90.92
89.92
84.37
84.66
84.99
88.41
86.99
86.86
81.97
86.85
85.05
78.00
85.49
84.66
88.41
88.80
84.34
89.32
84.41
83.81
82.85
80.59
86.16
83.06
87.30
82.21
86.19
82.12
86.35
73.48
88.01
82.64
83.13
86.18
83.99
85.88
82.45
89.81
86.28
73.54
83.53
80.66
86.92
86.93
86.75
88.47
83.72
79.32
77.19
84.34
77.28
84.84
80.18
82.24
83.32
83.44
79.43
86.05
86.73
85.03
86.60
84.06
88.50
77.27
81.58
89.25
85.54
89.18
84.26
80.58
76.67
84.85
87.86
79.68
88.10
86.67
85.40
86.97
79.98
80.84
87.13
79.37
86.98
86.30
83.43
85.39
82.69
87.04
83.08
84.38
78.96
82.37
79.73
83.20
78.60
79.68
83.89
84.59
87.03
89.03
78.84
80.53
