90.33
88.50
92.04
90.39
91.29
88.46
91.28
90.80
89.51
88.88
90.07
87.89
90.66
91.10
89.23
91.94
90.36
90.57
90.08
89.32
88.55
89.81
89.48
88.12
90.87
91.66
87.35
88.22
89.96
88.25
89.10
90.47
91.46
90.91
87.69
87.89
86.94
92.35
88.18
89.37
90.24
88.13
88.80
85.88
89.40
90.43
89.22
90.24
89.71
88.52
88.81
87.07
86.33
89.06
87.13
88.84
90.39
89.64
91.63
90.75
89.55
91.40
89.50
87.97
91.03
90.40
92.06
88.40
92.99
89.60
85.65
91.17
90.50
88.53
86.75
91.40
90.60
87.88
91.31
87.06
90.77
91.87
91.52
89.30
89.20
91.35
88.51
86.00
91.11
91.19
91.97
87.08
91.05
90.56
87.19
89.76
89.72
83.25
90.65
88.52
87.18
87.42
90.25
89.76
86.75
91.02
89.15
89.39
90.40
82.65
88.58
90.39
92.46
89.95
88.18
87.83
90.61
83.13
88.69
90.59
86.15
89.90
87.75
86.30
86.27
87.92
88.46
92.68
85.03
87.77
83.31
87.77
86.75
89.41
86.23
90.98
89.77
89.13
91.02
90.86
93.46
90.21
90.44
85.99
87.08
91.84
89.70
82.97
89.43
91.93
90.07
87.05
90.28
80.04
86.56
89.84
91.24
90.95
85.58
87.85
90.76
90.56
87.56
89.19
88.71
90.25
88.05
88.80
85.81
86.34
90.34
89.08
89.60
88.55
88.75
88.78
88.90
88.60
84.59
90.07
88.41
82.92
85.94
89.78
89.77
89.14
85.80
85.20
83.87
89.85
87.40
90.60
89.57
87.95
89.50
85.13
90.29
92.13
88.37
91.29
89.80
90.61
86.76
89.74
91.77
89.18
89.87
90.45
88.14
88.08
85.75
85.31
89.40
84.75
88.82
90.03
86.80
88.55
87.37
88.64
91.33
89.76
89.54
89.52
92.20
90.31
88.29
87.40
90.12
92.17
90.52
88.22
88.25
90.58
90.27
91.39
89.96
89.89
93.00
90.11
88.39
88.31
89.69
86.92
86.63
85.95
89.17
86.32
82.62
87.82
90.90
89.76
90.49
90.81
88.30
87.98
88.96
87.28
90.16
89.91
88.93
87.96
87.61
86.72
86.70
90.51
88.63
89.08
84.82
90.61
88.70
84.30
89.10
89.55
88.42
89.40
89.39
89.65
89.65
91.30
91.06
88.24
90.74
87.34
86.62
92.59
87.13
89.99
89.77
88.81
89.83
90.28
84.44
91.71
87.97
89.50
90.14
90.81
90.31
86.49
88.23
87.70
91.43
91.33
91.38
87.40
88.55
90.11
90.17
89.56
88.38
90.43
92.05
88.08
87.51
86.39
86.51
89.99
87.45
87.93
89.14
87.96
90.52
88.97
90.26
90.77
91.05
88.30
89.32
88.48
90.93
89.87
89.93
87.99
88.94
86.23
90.88
88.88
87.92
89.43
87.46
87.83
89.78
89.97
90.99
87.82
88.70
89.36
88.99
88.77
89.40
90.66
87.57
92.24
90.55
89.34
86.23
86.99
90.10
88.59
88.08
89.77
89.85
90.13
91.38
88.28
90.56
89.98
86.40
90.09
91.70
89.86
81.08
82.62
91.54
87.69
90.95
91.44
87.99
91.56
86.84
90.71
91.85
87.85
89.20
90.21
92.30
87.14
87.03
89.95
89.97
89.05
88.17
87.21
88.43
90.46
89.93
91.09
85.81
86.16
91.59
89.29
89.79
87.63
88.47
86.45
89.61
90.99
87.53
88.06
91.03
85.28
87.59
90.20
88.12
90.37
88.69
92.05
91.12
90.75
89.95
87.73
91.06
91.37
89.42
88.49
85.34
83.81
89.85
86.48
89.92
89.78
88.98
82.22
88.09
81.18
89.04
89.21
88.65
89.46
89.71
88.62
89.10
90.58
90.28
90.20
89.18
91.56
90.94
86.63
90.47
90.51
85.38
89.80
86.04
88.26
89.39
85.54
90.94
90.67
87.31
82.15
89.27
90.00
90.39
85.29
88.56
87.32
88.66
88.28
89.62
86.63
88.35
90.09
90.31
88.47
84.98
88.93
90.10
89.73
87.46
91.80
88.23
89.76
87.09
89.25
88.96
88.94
90.75
90.66
91.23
88.47
86.44
89.91
90.32
90.70
90.82
91.16
87.58
89.15
85.81
91.11
89.53
87.51
86.88
86.21
90.82
90.76
90.50
88.21
88.11
90.30
86.56
91.09
91.11
90.68
88.37
89.73
87.31
88.23
90.53
90.40
91.55
89.41
88.77
88.06
91.06
89.47
90.19
89.39
89.97
89.99
86.40
90.10
90.38
90.43
91.23
89.70
88.96
90.56
92.77
90.15
88.14
88.28
92.66
88.16
81.91
90.55
91.10
89.97
87.40
91.00
85.59
89.50
90.45
87.19
90.81
89.19
91.39
86.91
85.10
85.90
88.53
88.46
92.12
88.15
86.05
91.46
87.87
89.89
91.33
90.16
90.20
87.57
91.67
88.77
89.02
90.89
89.02
92.25
91.80
87.11
85.43
90.23
79.82
91.08
89.06
89.76
90.28
89.45
87.99
91.30
88.69
91.34
89.51
87.99
88.14
87.09
86.28
89.89
90.12
87.17
90.57
85.79
85.56
89.26
89.02
85.76
84.03
90.17
89.02
86.57
89.88
86.98
88.91
84.26
90.68
89.98
88.15
90.03
90.16
87.38
88.91
90.24
91.08
91.14
90.41
87.08
90.32
87.17
89.44
85.14
88.64
89.70
89.05
89.76
90.47
88.17
91.63
86.88
86.02
87.89
86.97
88.31
89.34
87.17
87.18
90.06
90.87
87.88
88.66
91.78
92.23
92.54
88.53
88.45
89.55
86.84
91.29
86.46
89.17
90.71
88.79
91.37
88.26
86.52
92.03
86.51
90.27
81.98
85.80
88.30
90.77
88.71
88.59
89.99
86.34
82.41
87.16
86.98
88.79
90.71
92.08
92.50
89.21
83.00
82.38
90.07
91.00
87.00
89.32
90.09
89.83
89.35
85.87
89.75
88.87
88.13
85.93
88.73
90.73
89.42
87.97
89.00
91.02
89.87
88.48
87.81
88.00
90.35
91.82
88.47
85.73
91.84
87.30
90.14
91.80
91.58
90.78
91.85
87.78
87.25
90.18
90.46
87.49
90.86
90.54
87.60
91.52
89.36
89.50
83.41
92.49
89.98
88.79
88.93
89.20
90.65
88.57
90.30
92.67
86.08
85.33
88.95
88.66
90.14
89.13
88.84
87.47
90.41
89.81
87.48
91.82
90.38
86.87
90.54
88.71
92.27
89.71
88.70
91.05
88.63
90.60
87.62
87.34
87.69
88.68
90.92
87.85
90.14
88.69
89.02
89.41
83.96
86.38
91.69
91.91
88.16
89.02
87.49
90.16
89.48
87.18
89.51
86.43
93.01
86.19
85.76
90.81
91.48
89.55
87.63
89.46
92.09
89.93
90.32
91.37
91.49
89.11
91.10
89.61
90.06
91.92
90.86
90.63
91.24
88.34
88.77
92.90
91.17
91.13
83.92
91.85
90.34
89.67
87.99
83.79
88.82
88.50
90.74
89.09
88.99
88.01
88.64
88.27
87.17
86.41
89.32
89.28
90.23
87.81
86.27
89.78
87.99
90.09
87.58
88.64
89.67
87.96
91.32
89.50
90.89
88.36
88.67
88.69
87.78
87.98
91.16
89.98
90.09
89.26
85.46
88.96
89.91
90.00
88.35
90.84
90.70
88.96
90.25
85.12
89.02
88.37
89.07
91.30
91.04
87.45
90.51
91.12
88.01
90.66
89.37
89.00
92.41
91.27
88.84
89.97
88.17
88.95
88.88
89.84
89.30
90.22
89.03
87.65
92.10
88.63
89.05
89.36
90.49
90.86
88.02
86.49
90.85
88.35
86.06
90.43
87.08
87.26
89.70
90.71
88.73
91.64
88.66
90.34
87.88
89.62
88.09
88.69
89.45
88.65
90.24
91.38
90.45
88.52
88.72
77.12
89.14
87.52
86.88
90.81
88.11
91.24
91.37
88.64
89.26
91.66
89.01
88.63
92.30
86.37
90.84
86.92
89.27
91.12
89.94
86.47
89.54
88.15
88.41
87.19
90.52
90.55
90.90
89.96
88.32
90.95
89.46
86.97
89.32
91.16
90.56
86.02
90.59
88.90
88.30
89.14
87.13
91.58
90.13
90.15
89.74
81.56
84.47
89.85
86.41
91.53
89.71
90.83
89.51
90.15
89.08
89.91
90.75
92.44
87.10
88.61
89.55
89.91
85.72
89.94
88.67
88.86
90.46
89.06
89.77
88.27
91.93
88.44
91.76
89.63
89.89
89.92
88.47
83.50
90.71
91.08
88.79
89.37
91.61
