87.46
88.10
84.11
86.15
84.28
87.84
86.89
87.16
87.38
87.75
87.21
86.74
87.07
88.00
84.62
85.81
84.74
87.95
87.86
87.23
87.79
86.13
86.27
88.00
86.40
87.11
87.33
85.46
83.56
85.58
86.68
88.64
83.38
86.49
88.58
88.85
87.91
86.99
86.09
85.22
86.37
87.49
87.06
87.21
87.54
87.77
87.68
87.14
87.93
87.39
85.15
87.34
87.84
86.62
86.30
88.34
84.02
87.69
89.43
86.16
87.85
88.31
84.96
84.41
88.59
87.16
87.28
87.92
86.17
86.98
87.63
84.67
85.97
87.56
84.46
85.86
87.09
88.18
87.50
86.08
85.87
85.93
87.86
84.93
86.16
85.14
85.61
88.30
85.82
88.40
87.51
86.22
86.62
88.02
88.69
85.27
86.29
87.07
86.01
83.14
87.05
86.50
86.48
87.55
86.73
88.15
87.20
86.21
88.54
86.10
82.79
84.63
88.83
89.11
86.25
87.79
86.32
88.60
85.48
87.36
86.68
85.00
87.17
86.60
86.90
87.05
85.45
88.61
86.38
86.40
89.58
86.35
88.21
86.41
88.21
89.04
85.88
85.92
86.48
86.93
85.75
87.65
86.94
87.15
87.20
88.16
86.40
87.09
87.60
87.22
86.77
86.88
87.53
87.35
88.84
86.55
85.83
85.84
86.97
87.69
87.40
87.46
87.41
85.42
87.28
87.41
86.05
85.06
83.45
82.95
85.94
87.41
86.44
87.69
86.81
84.73
87.21
86.58
88.95
87.99
87.44
84.68
86.95
87.57
87.91
84.61
87.80
82.48
85.80
86.59
86.86
88.72
86.65
87.61
88.60
85.91
86.65
86.25
87.13
86.58
86.65
87.92
84.41
84.38
86.33
86.87
87.15
87.16
85.98
86.09
88.24
88.77
84.07
87.86
88.82
88.19
88.48
86.68
88.21
86.86
85.68
89.13
89.26
85.61
85.67
87.31
87.34
87.26
85.53
87.15
85.49
87.30
87.79
88.28
86.12
82.89
87.51
84.17
85.56
85.33
86.28
86.75
87.33
83.46
87.33
85.10
87.37
87.33
86.80
88.16
86.69
87.39
81.49
87.52
87.33
87.16
86.71
88.54
88.22
87.66
87.23
86.48
85.15
87.68
85.59
87.97
85.22
87.95
88.34
86.71
87.52
88.32
87.40
87.77
87.73
85.13
86.05
82.89
86.13
85.85
87.46
88.02
82.65
87.74
88.93
87.28
86.58
86.62
86.70
87.76
88.22
86.04
89.46
86.37
87.48
87.50
87.51
87.56
88.11
87.79
86.44
87.40
86.52
86.07
87.29
84.23
86.64
86.70
81.98
87.94
88.30
87.49
84.69
87.14
86.49
87.61
86.77
86.17
85.96
86.83
85.10
86.84
84.74
88.58
85.95
84.46
85.84
87.22
86.34
87.06
82.36
86.26
88.16
87.79
86.19
87.28
86.21
85.35
87.16
89.09
83.19
86.74
86.47
84.94
85.12
87.84
83.87
88.63
87.27
87.36
88.92
84.96
87.04
84.95
85.98
86.35
82.97
87.88
84.61
87.18
85.78
86.96
83.09
88.25
86.74
84.39
89.28
87.03
88.68
87.56
85.92
85.14
87.46
86.50
87.64
88.70
82.28
88.36
88.50
86.83
86.55
84.60
84.65
86.28
85.06
88.21
88.92
81.91
86.72
88.07
83.48
87.66
84.37
87.96
88.22
86.21
85.68
86.90
85.95
85.65
86.70
87.37
88.42
86.76
88.16
88.47
85.79
87.33
88.09
87.51
86.28
82.76
88.67
86.23
87.78
85.38
86.94
82.61
88.99
85.73
81.95
87.55
87.01
88.91
87.39
86.69
88.00
88.58
83.36
88.66
88.08
86.47
86.97
86.93
86.74
86.49
86.99
88.00
79.44
83.50
87.86
87.80
86.21
88.72
86.45
84.22
85.52
83.54
87.08
87.19
86.71
87.03
86.71
88.00
86.98
86.80
87.41
86.06
85.77
82.63
85.17
89.14
87.17
85.52
84.74
87.43
86.11
86.95
87.31
86.17
88.69
86.03
84.57
84.44
88.69
85.10
85.32
86.76
85.47
87.12
87.97
84.63
84.87
86.10
88.52
87.36
87.45
86.86
87.39
87.86
84.76
85.83
83.22
87.37
86.20
86.23
87.20
85.34
88.85
87.03
86.85
87.17
85.82
84.39
87.75
87.79
89.04
87.84
86.95
84.89
87.75
86.90
86.54
85.46
88.54
87.76
87.71
87.51
83.15
87.80
87.54
86.82
87.98
87.76
85.03
87.17
88.84
86.93
85.93
87.34
85.22
86.86
87.68
80.19
87.66
89.03
87.18
85.92
87.64
86.86
86.83
86.42
84.63
88.26
86.38
87.74
85.87
86.28
86.52
86.92
85.70
86.97
87.48
87.80
87.77
86.71
88.19
81.21
84.81
87.14
88.25
86.87
86.09
88.60
86.96
86.50
88.70
88.55
83.67
87.38
87.04
87.49
87.90
85.97
86.10
87.73
88.54
84.85
84.81
87.25
86.73
87.14
86.41
88.00
87.03
88.05
86.80
87.66
87.52
85.30
87.12
88.83
87.33
87.93
86.80
88.20
86.99
88.35
88.36
84.14
87.43
87.01
86.78
86.91
86.84
86.88
82.54
87.17
88.44
89.28
85.25
86.72
84.03
87.26
88.47
86.88
85.92
83.95
88.30
87.86
87.59
86.34
86.51
84.88
85.79
87.36
85.91
85.62
87.63
85.74
89.34
88.04
86.58
81.90
84.64
88.91
86.45
88.63
87.33
87.16
87.39
87.26
86.58
85.00
86.47
88.91
86.20
86.68
87.62
87.23
87.01
85.12
83.29
84.87
88.47
87.82
88.18
87.08
86.00
87.63
87.49
87.64
86.63
86.80
87.36
86.20
86.37
87.46
88.18
87.37
87.44
89.02
87.84
85.47
87.11
86.88
87.79
85.92
87.24
82.14
84.07
88.09
85.13
85.62
86.92
86.41
85.93
83.00
87.20
86.20
87.47
86.29
85.46
83.92
87.24
85.66
86.46
87.32
88.50
85.91
88.07
87.73
88.47
84.54
81.40
86.22
87.26
87.71
86.85
83.36
87.75
86.83
88.24
87.17
88.82
85.55
87.56
87.05
88.03
88.92
86.31
87.00
87.27
88.07
84.34
85.69
83.01
88.17
81.81
89.21
87.84
84.95
87.09
87.02
85.83
85.59
87.85
87.17
88.09
87.17
86.38
88.83
85.24
87.68
86.28
85.90
87.19
87.39
88.44
86.36
86.07
86.78
87.90
87.25
86.92
86.78
85.61
85.59
85.67
86.62
88.00
88.88
88.38
85.38
86.10
85.58
85.06
86.62
87.40
88.11
88.71
86.96
88.55
84.22
84.28
88.24
87.16
86.70
87.03
85.45
87.86
87.62
88.28
87.49
84.14
86.91
87.25
85.83
85.81
87.37
88.16
87.99
86.29
85.88
85.19
86.44
84.54
88.61
83.27
86.99
85.44
84.35
85.52
86.97
86.12
86.29
87.15
84.97
86.97
87.60
83.79
80.92
86.36
88.36
86.54
86.79
87.29
86.02
88.16
84.75
86.76
85.83
86.77
87.44
84.73
87.19
85.03
83.87
88.24
86.34
87.13
87.19
88.14
87.82
86.00
85.20
86.11
86.64
83.97
88.50
86.21
83.81
85.04
85.61
87.04
86.50
88.46
87.84
86.64
85.93
86.79
87.51
87.73
84.94
86.18
86.96
85.60
86.53
83.83
88.52
87.13
85.81
87.15
85.29
88.01
88.02
86.21
83.99
85.96
82.37
87.69
88.16
88.18
85.03
87.54
87.18
88.75
83.94
83.51
87.77
85.75
86.55
85.67
87.42
88.51
86.51
87.71
87.57
85.15
83.67
86.61
87.88
87.16
86.05
88.71
87.34
85.94
83.35
89.30
87.31
86.66
86.40
87.28
85.44
86.74
87.43
84.52
86.72
86.98
88.05
88.82
86.31
87.19
84.80
87.52
88.70
85.94
87.70
87.02
86.44
87.09
87.50
88.63
86.04
88.31
84.80
86.97
88.72
86.57
86.24
87.52
86.12
85.29
88.01
87.84
87.38
88.25
86.97
88.31
87.24
87.49
87.78
87.09
87.64
87.23
87.23
86.52
84.54
78.96
85.86
88.10
86.74
87.21
86.92
85.03
86.45
86.67
86.92
82.28
85.78
86.33
86.28
88.20
84.43
81.79
85.66
86.25
84.98
86.68
84.93
86.32
80.85
88.02
83.52
85.33
87.44
85.85
85.06
81.50
85.78
87.49
87.33
87.61
85.14
85.95
87.89
87.39
87.27
82.68
84.87
86.54
89.44
88.23
88.15
87.33
87.53
88.30
86.68
85.90
88.65
