96.87
96.92
96.88
96.77
96.82
96.77
96.86
96.50
96.34
96.77
96.84
96.37
96.88
96.66
96.91
96.71
96.88
96.80
96.76
96.68
96.67
96.60
96.66
96.70
96.88
96.97
96.71
96.51
96.91
96.49
96.65
96.72
96.95
96.87
96.51
96.81
97.05
96.91
96.81
96.77
96.61
96.53
96.42
96.57
96.65
96.95
96.80
96.99
96.85
96.99
96.91
96.78
96.61
96.45
96.87
96.89
96.73
96.74
96.70
96.79
96.78
96.74
96.66
96.38
96.47
96.76
96.90
97.00
96.66
96.32
96.47
96.71
96.90
96.78
96.83
96.80
96.84
96.69
96.69
96.63
96.74
96.78
96.58
96.98
97.03
96.51
96.76
97.05
96.96
96.91
96.85
96.81
96.69
96.71
96.57
96.84
96.82
96.54
96.19
96.95
96.75
96.94
96.66
96.95
96.51
96.67
96.89
96.83
96.53
96.83
96.68
96.72
96.86
96.79
96.34
96.60
96.54
96.63
96.90
96.69
96.30
96.74
96.75
96.69
96.84
96.92
96.70
96.54
96.79
96.68
96.94
96.48
96.77
96.86
96.82
96.99
96.11
96.74
96.46
97.00
96.91
96.99
96.98
96.92
96.47
96.92
96.77
96.87
97.00
96.99
96.38
96.78
96.89
97.14
96.36
96.66
96.80
96.83
96.52
96.81
96.80
96.53
97.03
96.39
96.81
96.76
96.86
96.56
96.64
96.60
96.89
96.85
96.84
96.26
96.98
96.77
96.59
96.64
96.47
96.82
96.86
96.69
96.49
96.53
96.73
96.80
97.06
96.36
96.86
96.82
96.76
96.85
96.28
96.65
96.87
96.78
96.91
96.93
96.93
96.82
96.84
97.11
96.84
96.80
96.86
96.66
96.87
96.84
96.88
96.76
96.60
96.33
96.47
96.69
96.72
97.01
96.70
96.68
96.65
96.76
96.47
96.76
96.97
96.63
96.82
96.78
96.86
96.93
96.83
96.60
96.53
96.72
96.80
96.78
96.69
96.78
96.65
96.92
96.88
96.66
96.87
96.62
96.80
97.05
96.58
96.48
96.57
96.69
96.71
96.68
96.80
96.64
97.09
96.64
96.43
96.74
96.24
97.00
96.65
96.66
96.36
96.53
96.83
96.93
96.36
96.98
96.77
96.52
96.82
96.63
96.63
96.79
96.68
96.24
96.77
96.76
96.78
96.74
96.60
96.66
96.45
96.71
96.45
96.82
96.81
96.45
96.65
96.87
96.94
96.93
96.81
97.03
95.87
96.77
96.65
96.73
96.84
96.85
96.75
97.11
96.70
96.90
97.06
96.29
96.86
96.64
96.79
96.71
96.74
96.52
96.76
96.93
96.75
96.81
96.65
96.54
96.75
96.62
96.76
96.80
96.86
96.88
96.85
96.88
96.73
96.48
96.86
96.67
96.70
97.16
96.47
96.50
96.65
96.66
96.62
96.78
96.69
96.79
96.86
96.75
96.97
96.68
96.94
96.62
96.66
96.81
96.76
97.10
96.65
96.39
96.92
96.17
96.87
96.81
96.82
96.69
96.59
96.56
97.11
96.77
96.77
96.89
96.72
96.85
96.94
96.73
96.86
96.49
96.20
96.95
96.73
96.56
96.74
96.81
96.25
96.24
96.88
96.87
96.49
96.77
96.31
96.72
96.63
96.62
96.86
96.73
96.60
96.85
96.87
96.61
96.75
96.51
96.91
96.86
96.80
96.89
96.54
96.36
96.73
96.82
96.95
96.81
96.69
96.90
96.88
96.88
97.01
97.04
96.62
96.68
96.76
96.39
96.62
96.77
97.11
96.27
96.33
96.69
96.63
96.36
96.74
97.00
96.72
96.58
96.95
96.75
96.55
96.49
96.88
96.88
96.56
96.56
96.90
96.74
96.90
96.72
96.39
96.86
96.46
96.78
96.85
96.42
96.66
96.81
96.11
96.73
96.34
96.54
97.07
96.70
96.43
96.72
96.68
96.70
96.70
96.72
96.48
96.57
96.69
96.77
96.52
96.90
96.55
96.60
96.80
96.89
96.62
96.62
96.75
96.80
96.73
97.05
96.69
96.88
96.56
96.35
96.39
96.59
96.27
96.82
97.00
96.88
96.50
96.87
96.99
96.92
96.71
96.03
96.75
96.79
96.43
96.89
96.70
96.94
97.02
96.50
96.71
97.18
97.00
96.74
96.96
96.85
96.52
96.87
96.46
96.78
96.15
96.82
96.71
96.67
96.70
96.83
96.71
96.91
96.75
96.72
96.77
96.98
96.67
96.88
96.83
96.76
96.80
96.61
96.68
96.94
96.60
96.86
96.62
96.75
96.88
96.44
96.90
96.74
96.59
96.71
96.52
96.92
96.61
96.65
96.73
97.02
96.48
96.96
96.65
96.87
96.51
97.02
96.83
96.92
96.96
96.61
96.63
96.68
96.91
96.79
96.84
97.02
96.51
96.86
97.09
96.76
96.82
96.75
96.70
96.86
96.79
96.44
96.70
96.68
96.83
96.64
96.95
96.74
96.78
96.17
96.70
96.72
96.86
96.96
96.70
96.83
96.82
96.45
96.57
96.38
96.91
96.79
96.50
96.42
96.26
96.83
96.68
96.74
96.82
96.91
96.50
96.73
96.69
96.91
96.92
96.65
96.67
96.71
96.84
96.86
96.98
96.22
96.63
96.82
96.77
96.38
96.81
96.62
96.74
96.53
96.85
96.89
96.65
96.67
96.58
96.97
96.55
96.59
96.83
96.62
96.75
96.77
96.72
96.63
96.66
96.95
96.72
96.92
96.63
96.75
96.80
96.83
96.91
96.57
96.50
96.50
96.66
96.85
96.40
96.67
96.52
96.68
96.78
96.62
96.45
96.83
96.68
96.61
96.40
96.79
96.92
96.80
96.60
96.81
96.71
96.86
96.78
96.59
96.64
96.64
97.04
96.68
96.82
96.91
96.65
96.24
96.74
96.66
96.42
96.64
96.91
96.81
96.92
96.57
97.00
96.69
96.61
96.79
96.92
96.77
96.75
96.89
96.83
96.71
96.78
96.85
96.80
96.70
96.55
96.45
96.43
96.88
96.87
96.42
96.95
96.65
96.31
96.77
96.74
96.49
96.74
96.98
97.04
96.62
97.06
96.89
96.75
96.88
96.82
96.87
96.78
96.33
97.05
96.95
96.70
97.10
96.63
96.86
96.96
96.73
96.71
96.56
96.65
96.72
96.24
96.49
96.77
96.21
96.60
96.33
96.46
96.67
96.75
96.80
96.31
96.49
96.55
96.99
95.91
96.97
96.35
96.76
96.62
96.89
96.46
96.95
96.17
96.85
96.81
96.97
96.71
96.83
96.62
96.85
96.74
96.89
96.83
96.93
96.56
96.75
96.74
96.30
96.61
97.11
96.69
96.83
96.81
96.75
97.05
96.81
96.82
96.56
96.83
96.54
96.61
97.02
96.45
96.61
96.89
96.64
96.73
96.96
97.04
96.83
95.84
96.56
96.80
96.33
96.70
96.65
96.87
96.75
96.83
96.85
96.92
96.52
96.70
96.91
96.27
96.70
96.77
96.65
96.81
96.92
96.46
96.73
96.45
96.90
96.23
96.59
96.63
96.33
96.84
96.76
97.03
96.73
96.85
96.84
97.06
96.29
96.90
96.68
96.91
96.93
96.67
96.36
96.61
96.93
96.61
97.08
96.34
96.50
96.75
96.75
96.84
96.70
96.47
96.72
96.64
96.33
96.96
96.70
96.96
96.40
96.51
96.58
96.75
96.81
96.69
96.82
96.18
96.99
96.79
96.72
96.94
96.95
96.67
96.66
97.00
96.50
96.76
96.88
96.96
96.67
96.58
96.67
96.77
96.85
96.77
96.43
96.58
96.91
96.42
96.94
96.94
96.90
96.76
97.11
96.99
96.59
96.82
96.43
96.75
96.77
96.49
96.75
96.34
96.78
96.64
96.35
96.82
97.00
96.61
96.61
96.76
96.65
96.50
96.53
96.44
96.52
96.57
96.79
97.00
96.62
96.66
96.84
96.44
97.09
96.88
96.70
96.61
96.82
96.88
96.88
96.91
96.74
96.38
96.97
96.59
96.39
96.37
97.03
96.37
97.06
96.85
96.79
96.48
96.92
96.33
97.01
96.60
96.62
96.79
97.06
96.76
96.70
96.44
96.85
96.85
96.86
96.99
96.70
96.77
96.96
96.69
96.70
96.72
96.59
96.87
96.53
96.91
96.71
96.82
96.44
96.78
96.47
96.59
96.93
95.78
96.81
96.75
96.37
96.58
96.75
96.59
96.61
96.84
96.55
96.79
96.65
96.79
96.87
96.77
96.61
96.80
96.94
96.73
96.67
96.69
96.91
96.84
96.82
96.70
96.87
97.01
96.51
96.69
96.81
96.49
96.58
96.81
96.60
97.12
96.87
