94.21
95.57
94.74
93.92
94.18
94.71
91.94
92.68
94.94
94.89
94.88
94.63
95.02
94.85
94.87
95.32
94.98
93.48
92.35
94.13
95.14
95.04
94.53
95.11
95.13
94.84
93.42
93.97
93.74
94.73
93.88
94.26
95.10
94.37
94.73
93.91
95.23
94.58
93.84
94.67
94.13
94.67
94.75
94.41
93.55
92.11
95.19
95.38
95.40
94.93
93.19
95.32
94.92
95.41
93.65
94.70
93.76
94.31
95.54
94.61
95.48
92.65
94.47
94.00
95.08
94.26
94.60
95.33
94.72
92.93
94.55
94.73
94.03
94.46
94.26
94.92
94.51
94.81
95.00
94.73
95.21
94.69
95.03
95.21
95.02
94.75
94.67
95.15
93.60
94.61
94.75
94.90
94.82
94.58
94.99
94.04
94.90
94.56
94.91
93.72
94.92
95.07
95.29
94.64
93.49
93.17
92.71
95.07
94.97
95.06
95.16
94.98
94.99
94.65
95.40
94.52
95.37
94.79
94.94
95.21
94.57
95.10
95.01
92.78
93.80
94.63
94.46
94.21
93.98
94.74
95.10
94.44
93.87
95.38
94.20
94.67
94.91
94.47
94.55
93.09
94.80
94.80
93.79
93.96
95.47
95.15
94.78
92.67
92.12
94.85
94.39
91.71
95.07
95.27
94.78
95.40
94.63
95.35
94.78
95.27
94.92
95.34
94.25
94.95
93.68
94.95
95.39
95.16
95.06
94.60
94.43
94.60
94.31
95.45
94.63
94.11
93.87
95.29
95.12
94.22
95.54
94.82
95.29
94.71
94.98
94.12
94.13
93.64
94.24
94.06
94.46
95.20
95.78
95.50
94.99
95.12
95.03
93.39
95.13
94.12
95.15
94.54
94.06
95.10
94.65
94.38
93.57
94.15
93.34
94.29
95.11
94.49
95.62
95.05
93.83
95.04
93.94
94.97
94.29
94.83
94.77
94.54
94.50
94.63
94.13
93.76
95.17
94.00
94.57
94.48
94.46
92.08
94.98
95.19
94.97
93.60
94.93
94.93
95.62
94.39
95.44
93.70
93.19
95.16
95.47
94.20
92.76
94.54
95.16
93.77
92.31
94.22
94.39
95.03
92.71
94.80
94.99
92.91
94.34
95.50
95.23
94.76
93.99
94.58
95.34
94.01
95.43
93.91
95.78
94.90
94.10
94.66
92.34
94.70
94.36
94.61
95.15
93.34
93.27
95.38
95.12
94.69
94.33
94.78
95.50
95.30
95.15
94.96
94.76
94.71
95.22
94.98
94.84
95.36
94.64
93.78
94.73
91.65
94.45
94.50
95.12
95.28
95.34
93.51
95.00
94.48
94.67
92.75
93.21
94.70
95.09
94.59
94.11
95.21
94.93
95.18
95.49
94.81
94.86
94.47
94.35
93.66
95.40
94.84
92.85
95.00
93.99
94.12
93.62
93.92
95.33
95.43
93.99
95.47
94.76
94.52
94.45
93.79
95.60
94.53
94.05
95.02
95.21
94.37
93.43
94.71
94.23
95.51
94.10
95.10
95.47
94.37
94.91
94.69
95.46
96.06
93.49
95.70
95.38
95.45
94.49
95.02
94.63
94.38
95.06
93.79
95.58
95.34
94.30
94.90
95.10
94.85
94.63
94.55
94.65
95.52
95.02
94.09
93.50
93.21
93.28
95.56
94.79
95.34
94.91
93.75
94.92
95.05
94.82
94.92
95.45
94.43
94.87
95.07
94.23
94.57
94.92
94.97
94.41
94.84
91.84
95.16
95.22
94.50
92.38
93.93
92.87
94.41
93.43
93.87
95.24
95.10
94.99
95.16
95.02
94.79
94.85
94.52
94.26
95.30
94.69
95.35
95.05
94.96
94.80
94.88
94.92
94.11
94.71
92.90
92.42
95.80
94.14
94.44
93.54
95.53
94.69
94.81
94.08
94.59
95.15
94.85
95.38
94.39
94.02
95.11
94.72
95.11
94.58
95.28
94.85
94.48
95.08
94.42
93.34
94.97
95.02
94.30
94.59
94.71
95.31
95.20
95.16
95.14
95.19
94.30
94.14
94.32
94.95
95.11
94.51
94.93
94.04
93.85
94.15
93.03
92.76
94.67
94.99
94.74
95.16
94.32
93.88
95.14
91.22
95.02
92.14
94.53
95.54
94.91
93.79
94.93
93.41
94.43
93.84
93.60
94.86
93.80
95.05
94.53
94.66
94.00
94.42
95.01
94.99
95.49
95.46
94.22
94.77
94.73
94.17
95.33
92.25
94.18
94.85
94.77
94.47
93.07
95.48
95.16
94.68
94.93
93.94
94.30
92.85
95.00
94.88
95.49
95.12
94.88
94.62
95.26
94.61
94.70
95.04
95.33
94.21
91.50
95.25
94.68
94.61
94.52
94.86
94.78
94.87
94.57
95.18
93.82
94.89
95.12
93.37
92.78
95.24
95.03
93.24
94.11
93.04
93.73
95.13
93.55
94.82
95.12
94.16
94.42
94.45
95.21
95.07
95.17
95.24
93.60
94.85
93.20
94.91
95.51
94.89
94.22
93.79
94.67
94.71
94.18
95.17
93.73
95.16
94.90
94.97
94.59
94.66
95.42
94.69
95.22
94.25
94.77
93.56
94.34
94.51
94.65
93.23
93.64
95.21
94.16
94.64
93.75
94.35
94.24
94.76
93.12
95.12
95.15
94.78
95.64
94.06
94.76
95.13
95.05
95.57
94.89
94.89
95.56
94.98
94.81
95.20
95.72
94.43
94.73
95.56
94.64
93.74
94.78
93.07
95.35
94.85
93.86
94.62
94.89
95.49
94.01
94.48
94.55
94.78
95.30
93.85
94.39
93.27
95.18
94.98
94.65
94.22
95.37
95.06
95.84
95.20
95.10
93.32
94.69
94.23
94.24
94.16
94.84
95.41
93.61
94.68
95.47
94.74
95.28
94.98
95.06
94.83
94.33
93.79
93.13
94.45
95.04
95.28
94.99
95.52
92.29
94.26
95.03
94.50
93.49
93.99
95.59
94.26
95.09
95.10
94.54
94.39
93.59
93.68
94.08
94.96
95.10
94.63
94.16
94.79
94.74
95.33
93.57
94.78
94.68
93.93
94.66
95.02
90.80
94.77
94.85
95.40
93.20
94.23
92.85
93.92
95.18
95.09
95.25
93.98
94.52
94.84
94.54
95.19
94.86
94.28
94.05
94.41
94.33
94.47
95.13
93.54
95.67
93.50
94.91
94.49
92.80
95.06
95.61
94.75
94.84
94.02
95.19
95.58
94.79
94.24
94.99
95.18
94.89
94.87
94.26
94.42
94.77
95.05
94.25
94.97
95.52
94.53
94.48
93.63
94.83
94.58
94.03
95.09
95.17
95.22
94.18
95.32
93.28
95.38
94.01
95.29
93.91
94.22
93.18
94.83
94.43
94.37
94.60
94.54
94.69
94.16
94.68
94.56
94.32
93.81
93.65
95.92
93.30
94.91
94.95
94.74
95.26
94.84
95.04
95.91
95.28
93.94
95.63
95.32
95.30
94.80
94.61
93.03
94.84
94.19
94.93
95.28
93.74
94.28
93.73
95.18
93.96
94.89
94.54
94.51
94.79
94.95
94.23
94.40
93.88
93.73
94.42
95.16
94.65
95.20
94.64
95.15
94.59
91.47
95.14
93.96
95.00
95.23
94.99
94.07
93.24
94.89
95.00
94.18
94.44
93.60
92.94
95.16
94.84
95.14
95.09
93.81
94.73
93.94
94.83
94.14
94.89
95.15
94.59
95.47
95.09
95.19
94.05
94.01
95.41
94.12
95.74
94.84
94.26
94.74
95.35
94.67
95.33
94.83
93.08
93.10
93.39
95.25
94.50
95.24
94.75
94.18
95.37
94.85
94.67
95.24
95.52
94.51
95.67
95.09
95.32
95.74
94.68
94.41
94.78
95.87
94.11
94.93
95.04
95.38
93.95
95.08
93.89
93.92
94.86
95.06
95.04
92.88
93.59
94.68
95.27
94.43
94.39
95.73
94.45
94.81
95.41
94.80
94.93
94.26
94.94
94.47
94.40
94.96
95.16
95.23
95.25
92.38
95.37
95.55
94.86
95.36
94.30
95.03
93.38
94.64
94.48
94.82
94.78
94.33
93.39
94.88
94.80
94.52
95.61
94.99
94.27
94.43
94.31
95.03
95.36
94.82
94.52
94.02
95.28
95.17
95.03
95.14
95.49
94.27
95.09
94.87
95.69
94.33
95.15
94.56
94.47
94.18
94.00
94.70
94.55
95.40
93.83
95.15
95.27
95.20
93.75
95.11
95.08
94.23
94.64
94.32
94.94
93.19
94.65
94.48
94.08
93.05
93.97
95.21
95.01
95.51
94.58
94.78
95.36
95.44
95.16
95.57
93.75
94.49
94.46
95.08
94.56
95.14
94.44
94.51
94.92
94.98
94.36
