97.04
97.07
97.00
97.05
96.70
97.22
97.40
96.94
97.26
97.43
96.84
97.18
97.48
97.03
96.95
97.15
97.36
96.66
97.19
97.25
96.55
97.20
96.63
96.88
96.90
97.23
97.14
97.20
97.32
97.32
97.26
97.33
96.92
96.97
97.20
97.02
97.08
97.01
97.06
96.73
97.05
97.16
96.92
96.84
97.14
97.32
97.20
97.18
97.45
97.23
96.87
97.60
97.05
97.28
97.24
97.05
97.17
97.04
97.38
97.18
96.92
97.32
96.91
97.38
97.01
96.85
97.16
96.63
97.07
97.24
97.09
97.51
97.03
97.39
96.88
97.39
97.24
97.25
96.93
96.52
97.26
97.11
96.76
97.25
96.50
96.91
97.35
97.19
96.87
96.86
97.00
97.28
97.28
97.14
97.13
97.22
97.19
96.93
96.74
96.96
97.25
97.09
97.18
96.93
96.69
96.71
97.19
97.17
97.19
97.38
97.00
97.12
97.31
97.04
96.95
97.07
97.08
96.89
96.82
97.39
96.92
97.02
97.27
96.77
97.36
96.98
97.21
97.28
97.23
97.39
96.58
97.18
96.89
97.13
97.01
97.41
96.99
97.10
96.91
97.19
97.29
97.35
96.97
97.34
97.11
97.20
97.36
97.16
96.65
96.71
96.84
97.07
97.19
96.89
97.18
97.11
97.01
97.24
97.18
97.12
96.95
97.28
96.97
97.22
96.87
97.14
96.88
97.27
96.97
97.37
97.11
96.88
96.96
96.56
96.82
97.12
96.79
97.15
97.23
97.06
96.94
96.87
97.40
96.94
97.34
97.17
97.26
97.24
97.24
97.11
96.93
97.49
96.80
96.56
97.09
97.16
97.27
97.13
97.12
97.34
97.29
97.21
97.17
96.98
96.60
96.86
97.10
96.91
97.30
96.92
97.17
97.27
97.14
96.74
97.21
97.17
97.15
97.13
97.32
96.99
96.91
97.16
97.16
96.90
97.31
97.16
97.38
97.26
96.56
97.30
97.25
96.77
97.10
97.23
97.25
96.98
96.96
97.03
97.38
97.19
97.31
97.17
97.39
96.85
97.25
96.98
96.91
97.13
97.10
97.24
96.73
96.94
96.87
97.25
97.03
97.22
96.97
97.36
97.36
96.88
97.08
96.86
97.15
96.87
96.44
97.21
97.17
96.90
97.02
97.12
97.06
97.00
96.72
96.93
96.96
97.35
97.05
97.13
96.77
97.26
97.17
96.97
97.06
97.03
97.22
97.03
97.40
97.07
97.17
96.74
97.08
97.29
97.26
96.71
97.29
96.69
97.00
97.26
97.05
96.96
97.12
97.42
97.19
97.22
96.92
97.36
97.29
97.26
97.36
96.93
97.42
97.33
97.04
97.25
97.23
96.96
97.11
97.10
97.01
97.41
97.19
97.24
96.94
96.87
97.23
96.84
97.27
97.24
97.11
97.46
97.35
96.67
97.28
97.21
96.92
97.40
96.82
97.06
97.16
97.21
97.12
97.15
97.38
97.21
97.13
97.39
97.07
96.85
97.40
97.11
96.91
97.06
97.38
97.05
96.70
96.86
96.95
97.21
97.20
97.33
97.23
97.27
97.38
96.97
97.03
96.56
97.25
97.08
96.64
97.36
96.78
96.96
97.33
97.28
97.22
96.79
97.11
97.28
96.58
97.11
96.93
97.11
96.65
96.95
97.17
97.31
97.00
96.95
97.10
96.75
97.30
96.87
96.86
97.18
97.44
96.64
97.37
97.22
97.11
97.40
97.21
97.06
96.62
96.96
97.47
97.05
97.07
96.95
96.95
97.11
97.12
97.55
97.39
97.22
97.28
97.03
96.48
97.23
97.14
96.83
97.30
97.04
96.89
96.95
97.19
97.12
97.14
97.27
96.96
97.17
96.58
97.04
97.29
97.14
97.06
96.69
97.25
97.10
96.52
97.41
97.23
96.92
96.81
96.77
97.24
97.22
97.26
96.89
97.12
97.09
97.18
96.90
97.35
97.16
97.18
96.90
96.95
96.59
97.38
97.10
97.01
96.92
96.79
96.82
96.99
96.93
96.97
96.79
97.18
97.41
97.18
97.07
97.14
96.95
96.50
97.02
97.17
97.21
97.38
97.02
96.93
96.93
97.10
97.09
97.01
97.24
96.89
97.39
97.17
97.22
97.21
97.21
97.12
96.78
97.20
97.13
96.79
96.84
97.07
97.13
96.74
97.12
97.22
96.73
96.75
96.80
97.10
97.15
97.15
96.74
96.85
97.08
96.69
96.76
97.15
96.95
96.94
96.93
97.00
97.22
97.18
97.06
97.39
96.80
97.04
97.06
97.18
97.19
96.98
97.40
96.92
97.25
97.17
97.29
97.31
96.82
97.08
97.25
97.03
97.42
97.12
97.35
96.60
97.02
97.28
97.22
97.15
97.07
97.01
97.31
97.21
97.29
96.98
96.58
96.75
96.32
97.30
96.82
97.11
97.20
97.21
97.16
97.05
97.16
97.11
97.29
97.01
96.82
96.83
97.44
97.06
97.23
97.25
97.13
97.29
96.91
97.27
96.87
97.23
96.67
97.48
96.82
97.13
96.38
97.02
97.17
97.03
97.00
97.11
97.08
96.96
97.01
97.25
96.92
97.34
97.07
97.31
97.02
97.21
96.84
97.21
97.00
97.19
97.11
96.90
97.14
97.04
97.28
97.34
96.68
97.19
96.14
97.24
97.28
97.27
96.66
97.00
97.30
96.99
97.21
96.77
97.23
97.20
97.03
97.22
96.89
96.68
97.18
96.76
97.09
96.93
97.39
97.13
96.97
97.24
97.22
97.05
97.07
96.98
97.02
97.17
97.19
96.64
97.14
96.91
96.84
97.05
96.95
96.93
97.00
96.98
96.91
96.86
97.40
97.38
97.16
97.11
96.93
97.33
96.88
97.12
97.24
96.89
96.78
97.30
96.73
95.58
97.27
97.37
96.76
97.19
96.94
96.93
96.99
96.88
97.04
97.29
97.06
96.88
97.28
96.77
97.12
97.11
97.10
96.57
97.17
97.26
97.34
97.16
97.28
96.92
96.87
97.34
97.11
97.08
97.37
96.89
96.95
97.04
97.22
97.20
97.14
97.08
96.81
96.69
96.74
97.15
96.77
96.89
96.66
97.24
96.71
96.98
96.92
97.18
97.28
97.21
97.24
97.34
96.73
97.06
96.85
97.03
97.04
97.16
96.77
97.16
97.34
96.84
97.10
97.21
97.32
97.03
97.37
97.21
97.21
97.21
96.59
97.16
96.77
97.11
97.10
96.84
97.40
96.69
96.80
97.33
97.23
96.88
96.93
97.27
97.13
97.05
97.16
97.13
96.47
96.66
97.11
97.23
97.14
97.32
96.81
97.33
97.20
97.10
97.42
97.04
97.15
97.23
96.99
96.98
97.06
97.04
97.39
97.23
97.23
97.10
96.74
97.17
97.06
97.00
96.90
97.14
97.27
97.31
97.43
96.93
97.17
97.11
97.09
96.99
97.37
97.01
97.24
97.17
97.17
96.88
96.94
96.85
97.18
97.35
97.15
96.93
97.15
97.20
97.18
97.13
96.96
97.28
97.12
97.30
97.34
96.82
97.45
97.22
97.27
97.19
97.20
97.16
96.93
97.08
97.33
97.41
97.36
97.01
97.03
96.89
97.13
97.30
97.03
97.15
97.31
97.19
96.68
97.34
96.70
97.36
97.49
97.07
97.12
96.80
96.80
97.10
96.61
97.32
97.00
97.06
97.22
96.86
96.82
96.95
97.03
97.13
97.04
97.11
97.12
96.88
97.16
97.40
97.23
97.21
97.11
97.41
96.74
96.86
97.22
97.31
97.24
97.32
97.00
97.23
97.52
97.14
96.51
97.21
97.13
97.10
97.40
97.20
97.26
97.02
97.07
96.82
97.02
97.38
96.96
97.09
97.33
97.01
97.03
97.06
96.98
97.36
96.70
97.00
97.20
97.04
97.40
97.21
97.08
97.05
97.19
96.91
97.01
97.04
96.64
97.10
97.39
97.22
97.14
96.87
97.00
97.44
97.02
97.23
97.03
96.98
96.90
96.88
96.59
96.90
96.89
97.33
96.67
96.89
96.89
97.40
97.17
96.91
96.79
97.32
97.11
97.20
96.98
96.74
97.00
96.79
97.30
97.39
97.17
97.34
96.98
96.99
97.27
96.98
97.46
97.23
97.00
97.37
97.14
96.89
96.74
97.38
97.17
96.99
97.35
97.09
97.04
97.01
97.17
97.32
97.05
97.23
97.24
97.13
97.07
97.17
97.06
97.04
96.83
97.07
97.06
97.41
97.04
97.24
96.85
97.04
97.09
97.13
97.12
97.38
97.04
97.22
97.27
96.86
97.15
97.15
97.10
97.14
97.46
97.13
97.16
97.06
97.15
97.18
97.40
96.81
97.33
97.37
97.30
