98.65
98.51
98.57
98.72
98.50
98.68
98.43
98.70
98.67
98.74
98.74
98.66
98.58
98.65
98.68
98.72
98.57
98.57
98.49
98.54
98.61
98.64
98.49
98.63
98.66
98.55
98.64
98.69
98.69
98.67
98.54
98.56
98.50
98.62
98.64
98.60
98.56
98.64
98.60
98.68
98.54
98.61
98.47
98.57
98.41
98.49
98.59
98.41
98.56
98.59
98.66
98.52
98.41
98.76
98.80
98.56
98.71
98.61
98.68
98.58
98.62
98.50
98.52
98.49
98.68
98.62
98.55
98.65
98.68
98.50
98.60
98.45
98.69
98.61
98.48
98.69
98.70
98.64
98.54
98.74
98.73
98.64
98.70
98.59
98.47
98.52
98.66
98.58
98.71
98.81
98.60
98.45
98.58
98.48
98.61
98.72
98.49
98.70
98.45
98.69
98.59
98.66
98.77
98.54
98.44
98.47
98.69
98.54
98.65
98.65
98.59
98.46
98.42
98.36
98.55
98.65
98.53
98.74
98.54
98.54
98.60
98.83
98.63
98.73
98.73
98.71
98.51
98.64
98.69
98.58
98.59
98.33
98.61
98.65
98.60
98.60
98.59
98.68
98.57
98.68
98.77
98.45
98.63
98.49
98.51
98.67
98.58
98.66
98.52
98.39
98.61
98.56
98.53
98.62
98.54
98.63
98.60
98.56
98.54
98.62
98.66
98.62
98.43
98.50
98.65
98.47
98.79
98.61
98.67
98.65
98.60
98.70
98.70
98.64
98.62
98.59
98.66
98.71
98.61
98.68
98.54
98.68
98.52
98.63
98.63
98.73
98.55
98.62
98.45
98.66
98.61
98.70
98.73
98.65
98.74
98.61
98.43
98.71
98.68
98.49
98.51
98.54
98.56
98.23
98.53
98.74
98.56
98.68
98.63
98.57
98.65
98.47
98.78
98.54
98.71
98.42
98.41
98.38
98.76
98.60
98.67
98.68
98.63
98.69
98.53
98.57
98.42
98.45
98.61
98.60
98.66
98.57
98.53
98.76
98.71
98.48
98.59
98.78
98.65
98.76
98.59
98.75
98.59
98.76
98.65
98.56
98.77
98.55
98.62
98.56
98.59
98.60
98.66
98.47
98.48
98.69
98.75
98.52
98.50
98.60
98.63
98.55
98.52
98.58
98.63
98.54
98.75
98.48
98.55
98.61
98.60
98.62
98.69
98.48
98.43
98.50
98.47
98.54
98.66
98.64
98.57
98.52
98.69
98.69
98.65
98.57
98.45
98.57
98.53
98.49
98.65
98.43
98.55
98.60
98.45
98.57
98.58
98.57
98.37
98.64
98.48
98.68
98.79
98.53
98.68
98.42
98.44
98.54
98.79
98.37
98.61
98.53
98.73
98.49
98.55
98.71
98.43
98.46
98.73
98.56
98.52
98.69
98.57
98.51
98.72
98.78
98.59
98.67
98.45
98.59
98.66
98.76
98.60
98.64
98.70
98.57
98.71
98.50
98.64
98.58
98.34
98.58
98.45
98.76
98.62
98.52
98.58
98.41
98.81
98.48
98.57
98.75
98.72
98.70
98.59
98.79
98.65
98.62
98.71
98.69
98.69
98.77
98.58
98.56
98.82
98.43
98.54
98.57
98.76
98.41
98.65
98.73
98.60
98.61
98.59
98.44
98.70
98.35
98.58
98.61
98.71
98.63
98.33
98.55
98.63
98.63
98.49
98.56
98.74
98.66
98.66
98.40
98.51
98.62
98.66
98.48
98.42
98.46
98.57
98.57
98.55
98.69
98.68
98.60
98.50
98.57
98.59
98.73
98.62
98.68
98.67
98.42
98.63
98.70
98.46
98.62
98.61
98.73
98.73
98.58
98.56
98.47
98.75
98.65
98.78
98.64
98.79
98.55
98.58
98.64
98.68
98.82
98.65
98.65
98.68
98.57
98.56
98.59
98.55
98.60
98.61
98.66
98.74
98.56
98.64
98.73
98.75
98.70
98.69
98.68
98.50
98.55
98.60
98.66
98.59
98.68
98.69
98.70
98.52
98.60
98.68
98.43
98.74
98.48
98.66
98.51
98.73
98.54
98.64
98.59
98.56
98.57
98.52
98.68
98.47
98.62
98.60
98.59
98.63
98.65
98.72
98.74
98.64
98.47
98.59
98.61
98.56
98.64
98.56
98.64
98.53
98.60
98.52
98.49
98.46
98.56
98.64
98.65
98.58
98.54
98.53
98.57
98.59
98.70
98.54
98.58
98.57
98.52
98.65
98.73
98.47
98.53
98.59
98.62
98.49
98.80
98.61
98.62
98.64
98.72
98.63
98.45
98.84
98.60
98.68
98.63
98.68
98.50
98.49
98.58
98.51
98.62
98.51
98.57
98.58
98.50
98.59
98.63
98.48
98.55
98.55
98.52
98.56
98.70
98.50
98.63
98.79
98.53
98.64
98.55
98.44
98.57
98.50
98.59
98.61
98.59
98.30
98.53
98.71
98.68
98.54
98.69
98.56
98.68
98.33
98.57
98.56
98.70
98.64
98.56
98.57
98.51
98.68
98.80
98.60
98.70
98.66
98.52
98.76
98.43
98.64
98.73
98.45
98.61
98.58
98.53
98.70
98.47
98.60
98.36
98.40
98.60
98.56
98.68
98.58
98.61
98.61
98.72
98.56
98.38
98.64
98.69
98.65
98.60
98.56
98.58
98.65
98.71
98.74
98.61
98.63
98.64
98.58
98.50
98.66
98.55
98.48
98.54
98.57
98.64
98.44
98.61
98.59
98.60
98.64
98.57
98.49
98.78
98.44
98.54
98.63
98.73
98.41
98.57
98.53
98.45
98.63
98.61
98.48
98.70
98.46
98.60
98.71
98.18
98.59
98.49
98.57
98.62
98.50
98.60
98.65
98.56
98.74
98.46
98.70
98.54
98.64
98.67
98.61
98.70
98.42
98.70
98.52
98.54
98.51
98.78
98.70
98.62
98.69
98.67
98.51
98.60
98.64
98.35
98.52
98.63
98.54
98.52
98.70
98.62
98.72
98.42
98.50
98.79
98.70
98.51
98.48
98.62
98.67
98.54
98.67
98.56
98.57
98.46
98.54
98.46
98.48
98.59
98.51
98.54
98.71
98.64
98.47
98.64
98.54
98.55
98.64
98.56
98.59
98.53
98.60
98.71
98.56
98.77
98.66
98.59
98.56
98.61
98.58
98.47
98.68
98.59
98.63
98.44
98.63
98.54
98.62
98.63
98.67
98.82
98.46
98.49
98.59
98.53
98.67
98.53
98.59
98.64
98.60
98.65
98.63
98.74
98.64
98.75
98.61
98.76
98.61
98.71
98.52
98.53
98.75
98.64
98.80
98.56
98.57
98.65
98.48
98.50
98.32
98.61
98.56
98.71
98.55
98.63
98.44
98.57
98.58
98.68
98.66
98.49
98.65
98.69
98.71
98.46
98.70
98.56
98.56
98.48
98.59
98.66
98.60
98.63
98.62
98.56
98.72
98.49
98.59
98.43
98.60
98.61
98.69
98.73
98.52
98.69
98.63
98.51
98.57
98.61
98.51
98.57
98.76
98.63
98.48
98.64
98.58
98.59
98.48
98.51
98.65
98.45
98.63
98.54
98.51
98.61
98.68
98.73
98.58
98.62
98.63
98.49
98.66
98.64
98.66
98.67
98.65
98.58
98.62
98.48
98.61
98.63
98.69
98.57
98.52
98.52
98.58
98.73
98.81
98.61
98.71
98.55
98.54
98.56
98.59
98.70
98.73
98.70
98.83
98.61
98.70
98.47
98.71
98.72
98.62
98.52
98.71
98.50
98.63
98.49
98.43
98.37
98.56
98.42
98.57
98.49
98.71
98.52
98.69
98.76
98.36
98.62
98.71
98.67
98.61
98.73
98.67
98.53
98.63
98.49
98.68
98.46
98.57
98.61
98.70
98.62
98.66
98.75
98.76
98.52
98.44
98.66
98.55
98.56
98.67
98.53
98.60
98.74
98.55
98.61
98.78
98.62
98.43
98.64
98.51
98.54
98.56
98.36
98.62
98.70
98.35
98.67
98.44
98.65
98.69
98.56
98.60
98.58
98.65
98.57
98.55
98.69
98.34
98.67
98.57
98.66
98.78
98.74
98.47
98.58
98.55
98.70
98.63
98.52
98.55
98.82
98.65
98.72
98.61
98.68
98.62
98.67
98.68
98.48
98.67
98.71
98.84
98.75
98.63
98.66
98.49
98.47
98.62
98.58
98.52
98.57
98.67
98.62
98.50
98.66
98.60
98.57
98.78
98.66
98.59
98.64
98.50
98.66
98.67
98.65
98.66
98.44
98.51
98.67
98.54
98.62
98.28
98.55
98.54
98.65
98.62
98.65
98.57
98.63
98.66
98.81
98.55
98.67
98.62
98.71
98.55
98.59
98.69
98.43
98.58
98.52
98.61
98.70
98.64
98.42
98.54
98.30
