14.34
47.90
42.35
52.95
57.32
54.70
71.93
59.67
35.96
52.64
67.05
62.00
64.21
49.60
62.26
48.75
41.34
54.67
44.75
39.40
49.66
46.91
70.81
32.21
37.89
53.57
35.34
59.05
54.13
57.63
57.38
48.47
53.36
46.24
27.44
39.42
32.61
49.80
43.26
65.01
39.08
30.91
43.60
49.97
33.83
63.65
56.27
77.41
61.87
73.07
55.82
60.75
37.93
62.51
15.43
53.89
54.94
42.64
62.04
53.23
41.04
49.66
60.02
50.96
48.89
45.14
59.57
55.14
59.47
42.86
39.34
22.37
49.41
19.81
45.89
66.32
57.09
48.84
75.80
55.62
25.20
58.84
62.67
56.27
21.76
60.46
60.10
47.26
49.07
41.23
51.43
73.47
43.83
51.50
56.90
39.01
57.90
53.86
52.44
59.69
39.09
38.22
49.50
70.10
54.97
18.01
29.97
63.22
71.40
40.17
58.81
61.17
64.42
39.07
39.28
45.82
56.32
36.83
50.42
48.60
43.17
51.33
66.18
43.82
54.31
52.66
52.38
64.79
40.53
34.78
49.19
41.01
52.64
53.77
54.15
60.88
46.23
53.60
51.59
56.99
61.79
60.20
48.78
44.71
60.96
31.85
41.31
63.10
63.62
43.42
48.06
23.36
53.60
39.01
47.15
59.42
54.95
36.09
59.12
37.23
67.15
69.52
60.68
59.83
55.63
60.18
64.38
45.82
33.93
63.07
66.71
61.38
57.44
39.75
44.70
39.49
58.89
58.53
54.62
64.06
22.98
36.55
46.01
46.52
45.89
69.42
52.25
44.69
34.73
47.04
28.70
59.89
43.86
46.47
65.15
54.08
21.34
57.79
56.13
70.09
63.87
61.08
43.48
48.97
67.90
43.17
58.48
71.97
65.66
47.78
38.57
58.80
48.92
36.90
50.70
35.37
56.34
36.84
29.08
38.12
53.68
59.36
53.02
56.13
55.24
58.37
59.99
33.00
49.70
50.64
54.18
54.82
67.01
41.63
66.68
47.39
48.13
67.83
56.57
41.36
31.12
52.09
56.25
53.90
42.96
44.21
60.55
66.31
62.76
73.59
38.01
36.64
55.07
39.25
54.07
68.83
52.00
30.66
43.78
44.24
59.36
19.35
50.08
54.67
44.11
44.24
71.06
58.72
58.01
49.53
67.15
64.10
73.81
54.61
39.97
55.75
68.10
38.76
33.05
43.90
63.31
34.56
43.24
44.55
30.84
52.68
61.46
44.45
54.35
35.94
55.51
46.34
50.63
59.07
58.62
50.19
52.62
62.14
47.40
70.17
58.58
32.74
53.36
59.28
62.98
40.45
50.00
56.50
64.60
63.05
49.84
57.31
56.09
56.48
49.56
30.67
36.87
51.33
50.70
66.98
70.37
40.00
60.50
50.23
55.90
34.50
49.22
41.95
43.14
47.37
61.11
65.96
46.50
29.80
51.20
57.11
48.68
44.13
58.13
75.66
54.13
64.25
58.77
52.00
66.37
54.21
51.36
64.21
58.01
51.06
70.34
65.77
63.37
49.27
34.25
67.13
76.40
52.86
51.17
66.28
45.12
50.47
44.20
53.91
46.08
53.84
42.85
49.96
65.58
60.80
62.99
49.53
65.40
31.07
49.47
70.60
51.42
45.15
46.38
70.81
55.25
33.13
38.84
58.58
50.21
53.05
52.00
74.73
58.40
45.28
60.55
62.63
33.21
62.49
54.80
54.11
38.03
53.62
45.14
60.80
45.99
30.35
49.76
40.35
62.24
75.10
64.13
59.73
53.63
59.69
37.27
48.41
47.24
57.74
51.57
48.38
69.26
53.58
59.26
62.84
20.74
46.08
65.74
72.11
61.95
61.48
51.75
50.74
51.75
57.14
43.47
41.96
38.66
35.97
76.99
42.59
49.70
42.65
64.77
54.52
64.17
62.48
48.74
50.53
48.55
37.44
18.09
24.92
57.75
58.73
64.06
42.26
31.60
63.11
50.91
57.82
40.40
47.10
70.97
64.66
54.09
36.96
50.15
38.53
70.39
54.35
41.13
47.34
26.01
56.65
31.17
21.13
49.40
54.33
44.66
44.94
55.74
57.88
62.04
56.88
26.54
67.48
38.80
66.59
36.55
62.65
58.32
53.02
59.20
53.78
56.28
73.91
56.43
58.77
74.47
20.96
22.37
37.58
58.37
64.39
61.99
40.68
35.25
68.16
21.77
30.13
58.81
30.83
52.82
61.68
47.08
36.86
59.62
55.49
32.16
28.15
68.41
58.28
37.62
33.97
62.04
60.48
73.86
31.14
61.69
51.52
63.11
63.90
45.10
63.61
38.26
58.16
67.85
37.99
59.00
54.52
52.88
33.62
68.33
62.56
56.64
52.98
65.39
66.69
37.07
57.17
64.84
76.69
37.21
21.13
31.26
45.77
27.79
50.97
56.61
46.46
35.29
46.16
58.80
29.24
56.37
39.88
53.14
65.54
50.98
78.44
50.49
60.02
54.67
64.34
49.20
55.66
22.97
64.86
68.57
51.66
30.77
59.60
54.74
41.53
48.62
51.68
62.75
67.90
49.21
67.41
63.10
42.50
26.51
46.43
48.42
68.03
68.81
47.05
57.08
56.09
55.14
42.01
34.11
53.35
46.60
40.55
40.13
69.80
43.75
38.54
52.14
52.29
58.06
49.21
51.53
43.55
47.16
17.96
53.62
45.00
40.63
69.22
58.90
23.02
74.22
26.40
41.60
51.08
59.24
54.97
47.80
66.51
27.05
48.94
22.81
57.77
59.30
66.56
45.62
25.21
40.18
54.34
62.93
56.39
53.37
43.91
57.64
51.34
48.94
45.94
50.64
36.61
68.70
33.46
39.51
48.06
47.64
63.38
53.25
47.89
43.06
51.29
61.68
60.53
46.46
43.21
64.40
41.88
23.21
54.11
53.98
48.75
44.01
42.89
45.07
65.53
50.96
55.29
51.88
46.14
56.74
46.32
55.46
44.89
61.05
54.33
36.65
52.79
61.95
27.60
64.18
62.76
34.25
46.05
36.37
39.35
31.37
72.80
50.65
43.35
49.98
55.17
56.56
49.82
50.44
41.63
58.47
66.96
45.22
50.49
51.67
58.89
47.31
26.75
27.96
32.10
38.34
55.31
43.24
35.54
60.29
42.84
58.45
56.71
43.39
55.94
58.00
47.39
28.25
50.25
57.98
58.13
52.75
36.19
40.04
56.58
45.54
55.23
49.68
42.73
46.57
44.81
49.47
40.04
61.82
45.71
56.21
42.77
43.59
62.91
61.91
52.58
66.23
55.88
68.98
48.98
66.68
51.56
59.14
43.21
51.28
52.96
52.55
51.69
49.85
48.12
46.98
51.18
52.48
43.83
36.83
53.30
64.64
51.92
26.81
45.53
39.65
48.40
57.28
26.77
71.86
59.37
48.37
41.62
51.23
51.27
57.87
33.40
63.38
34.77
66.78
42.11
53.68
57.76
47.22
63.11
30.34
60.15
57.84
30.30
57.37
64.04
52.44
60.00
46.20
57.94
59.52
60.45
36.83
46.20
62.52
61.62
57.48
17.85
47.10
71.50
55.69
35.46
64.74
31.37
73.57
38.26
52.91
53.89
21.67
57.11
53.03
63.96
62.16
60.54
55.94
71.89
58.12
61.11
40.77
60.76
65.03
61.06
34.86
46.14
41.13
46.68
56.18
67.77
43.99
60.35
72.38
44.95
66.24
57.30
41.40
43.95
32.47
65.45
55.16
49.58
63.62
56.69
31.15
61.38
28.91
55.43
38.43
60.95
35.75
61.91
42.22
74.05
50.11
73.58
48.74
54.11
67.92
41.89
44.36
48.75
23.40
66.68
64.66
51.27
42.37
40.46
60.32
56.52
35.54
51.61
50.33
52.87
37.52
34.82
40.13
25.93
73.46
63.10
61.33
56.38
47.67
74.41
57.52
70.55
54.64
71.64
26.06
56.84
44.15
33.63
53.09
50.20
53.69
51.17
61.58
53.23
35.18
58.10
72.10
53.79
28.90
46.17
59.61
53.10
73.10
43.97
47.48
33.73
63.39
47.00
51.81
59.77
55.93
60.41
39.51
55.02
48.31
28.55
46.45
65.18
42.79
54.66
76.91
42.25
34.58
42.00
44.97
49.55
53.99
51.89
20.99
46.28
54.73
53.14
48.79
44.80
50.92
55.13
41.29
53.57
53.39
65.88
69.63
61.86
73.86
68.75
48.98
47.94
33.95
46.71
60.02
52.83
39.99
24.24
64.15
64.43
58.58
64.88
63.25
65.04
53.88
66.51
58.20
65.04
49.65
40.87
62.62
50.72
46.95
43.29
57.09
53.19
42.28
63.60
59.41
53.81
56.95
52.58
47.70
40.88
65.14
57.12
52.88
41.97
57.51
16.80
58.84
48.56
