92.77
92.78
92.18
92.94
92.02
92.50
92.38
92.57
92.74
92.79
93.09
92.47
93.40
93.45
92.40
93.55
92.94
93.28
92.31
92.13
93.46
92.01
93.01
92.26
91.15
92.96
92.73
93.48
91.87
93.28
92.82
92.59
92.63
92.41
92.52
92.34
92.68
92.77
92.09
92.50
92.25
92.47
92.21
93.23
92.36
93.45
92.47
92.10
92.30
92.56
92.08
93.00
92.89
92.18
93.38
92.76
93.35
92.44
92.74
91.83
92.86
92.27
93.29
93.30
92.35
92.09
93.58
92.57
92.80
93.24
92.37
92.57
92.30
92.45
92.13
92.72
92.78
92.64
92.61
92.83
92.68
92.80
92.89
92.55
92.85
92.35
93.19
93.07
91.91
92.61
92.91
91.49
92.63
92.57
93.49
93.12
93.19
92.89
92.10
93.56
93.34
92.03
92.46
93.66
93.14
92.67
92.16
93.45
92.19
92.36
93.07
93.14
93.08
91.83
92.12
92.77
92.90
91.35
92.32
92.20
92.81
92.53
93.65
92.34
92.93
93.32
92.70
93.20
92.99
92.24
92.71
92.10
92.92
92.16
91.64
93.31
93.06
90.79
92.57
93.45
93.24
92.88
93.16
92.10
93.16
92.84
92.96
93.15
91.37
92.39
92.88
93.57
92.88
92.95
91.76
91.91
93.19
93.02
93.12
92.51
91.84
92.99
92.97
92.70
93.40
92.20
93.29
91.64
92.67
93.11
92.49
93.32
91.11
92.51
92.75
91.86
92.23
92.26
92.87
93.38
92.15
91.98
93.23
91.82
93.37
93.08
93.01
92.68
93.18
93.22
91.91
92.84
92.64
93.47
92.68
92.15
93.45
93.44
93.01
93.82
91.85
92.97
92.98
93.20
92.73
92.69
92.66
92.82
91.90
93.16
92.94
92.36
93.02
92.88
92.62
91.61
92.12
93.27
92.71
91.51
91.39
93.57
92.12
92.63
91.92
92.78
92.93
92.39
92.89
92.77
93.53
92.42
92.92
93.50
92.66
93.22
92.40
92.85
93.15
92.18
92.94
92.84
92.17
90.95
92.86
93.96
92.72
90.86
93.20
92.27
92.32
93.36
91.11
92.69
92.59
92.91
92.58
92.87
93.15
92.38
92.55
93.24
92.81
93.04
93.55
93.49
90.27
92.92
93.12
92.88
93.22
92.38
91.92
93.27
93.12
92.25
91.89
93.11
93.12
93.01
91.82
93.75
92.83
93.09
93.36
92.80
93.13
92.66
91.42
93.32
92.33
92.82
92.63
92.71
93.21
92.81
93.34
93.48
90.84
93.61
92.48
91.67
92.59
93.41
91.30
92.37
88.84
93.35
92.70
93.32
93.55
92.39
92.81
93.12
92.13
92.67
92.64
93.26
92.70
93.23
91.77
92.51
93.25
93.28
92.55
92.84
92.14
92.68
92.82
92.80
92.57
92.57
92.95
91.94
93.02
93.06
93.30
92.25
93.02
93.21
93.34
93.49
92.93
93.18
91.53
92.97
92.21
93.72
92.53
93.19
93.51
92.55
93.31
93.27
92.62
92.97
93.19
93.34
92.05
92.34
91.86
92.03
93.35
91.33
93.49
91.77
93.33
92.83
92.93
93.49
93.09
93.32
91.96
92.85
92.19
93.41
92.98
92.53
93.36
93.13
93.35
93.25
92.64
91.52
92.83
92.41
93.66
93.56
90.70
93.06
92.09
92.63
92.22
91.97
93.28
91.97
92.90
92.98
92.22
93.20
93.01
93.70
92.31
93.21
93.09
92.02
92.67
93.17
93.21
92.33
93.03
92.65
93.41
93.25
92.86
92.67
92.52
92.95
93.22
93.51
91.89
92.87
91.57
92.80
93.34
92.83
92.36
91.71
92.45
91.14
93.04
93.04
93.19
92.12
92.50
92.35
92.37
92.93
93.12
92.21
91.78
92.73
93.07
92.21
92.50
92.33
92.51
92.50
91.91
93.18
92.68
92.99
92.69
92.21
93.41
92.14
93.39
90.83
93.29
93.46
93.11
92.24
92.66
93.17
93.31
92.86
92.66
93.07
93.31
92.58
93.06
92.13
92.72
92.79
91.96
92.88
92.72
92.55
92.96
92.61
92.50
92.84
92.68
91.95
91.91
93.43
92.57
92.99
92.41
92.23
93.72
93.54
93.31
92.75
92.74
93.33
92.66
93.33
92.95
92.78
93.09
93.04
91.76
92.26
93.03
93.35
93.30
91.61
93.08
92.74
92.68
92.65
93.29
93.08
93.21
92.87
92.12
92.62
93.79
92.92
92.97
93.02
93.07
93.17
93.10
92.89
92.97
92.74
92.76
93.68
92.93
92.04
93.73
92.97
92.10
93.31
90.88
92.88
92.53
92.26
92.55
92.84
92.48
93.10
93.63
92.14
92.76
93.08
92.67
93.13
91.86
92.68
92.88
92.71
91.11
92.89
93.00
93.33
92.73
92.32
92.38
93.17
93.18
93.07
92.78
93.38
90.65
93.12
93.72
92.75
93.33
91.59
92.36
91.58
92.00
93.47
91.79
91.35
93.21
93.26
92.87
93.58
92.26
92.97
91.91
93.04
91.85
93.22
93.12
93.08
91.78
93.27
92.60
93.10
93.43
93.39
92.57
92.52
93.12
92.56
92.81
93.43
93.54
93.10
92.27
91.96
92.82
93.23
92.86
92.50
90.67
92.66
92.67
93.00
91.74
93.22
93.81
93.21
93.42
92.95
91.70
92.78
91.97
93.37
92.16
93.36
92.45
92.48
92.98
93.14
93.67
92.54
92.17
92.37
91.20
93.53
92.51
93.07
92.95
92.74
92.40
92.61
93.49
92.71
93.17
92.89
91.98
91.99
92.18
92.68
92.95
92.98
93.02
92.00
92.85
93.12
92.09
93.16
91.80
92.79
92.68
92.80
92.94
92.60
91.66
93.06
91.69
92.95
93.23
93.01
92.48
92.72
92.97
92.53
92.83
93.31
92.15
91.64
92.89
92.15
93.01
92.52
92.04
91.88
93.27
92.36
93.04
93.22
93.56
93.77
90.80
93.40
92.41
93.47
92.10
92.83
93.10
93.27
93.28
93.63
93.37
92.72
91.12
92.82
91.68
92.99
93.71
92.48
92.66
92.40
92.88
92.37
93.02
91.55
93.47
92.64
92.78
91.31
93.24
93.08
92.54
91.83
92.97
93.26
93.43
92.38
93.44
92.67
90.91
92.06
92.77
92.97
91.71
92.35
91.02
93.18
92.90
91.97
93.94
92.77
92.98
93.57
91.81
92.63
93.47
93.26
92.90
93.14
92.74
91.76
92.68
91.81
92.75
92.96
93.15
93.32
92.52
93.09
92.94
92.21
93.33
92.99
93.36
93.43
92.72
92.04
92.85
93.24
91.88
92.62
92.22
92.80
92.54
92.78
92.65
93.14
93.64
92.94
92.46
92.47
92.29
93.03
92.21
92.85
93.32
93.19
92.59
92.98
93.17
93.32
92.76
92.96
92.43
92.11
93.25
92.73
93.57
93.64
93.14
92.25
93.13
92.74
92.90
92.00
92.94
92.51
92.28
92.37
91.77
92.64
92.73
92.67
92.95
92.67
92.98
92.38
92.93
93.15
92.66
91.89
93.67
92.06
92.68
91.31
92.99
93.11
91.75
92.33
91.59
92.98
92.96
93.04
93.32
92.38
92.03
92.74
91.90
92.89
92.28
90.84
92.95
93.39
92.42
93.29
94.02
92.32
93.38
92.36
92.40
92.03
92.72
93.37
93.17
93.37
93.10
93.03
92.02
92.44
93.07
92.98
92.38
92.41
93.33
92.52
92.30
92.15
92.83
93.60
93.00
93.49
92.77
92.93
93.25
92.30
92.78
92.71
93.15
92.81
92.76
92.33
92.64
92.95
92.65
92.92
93.33
93.67
93.79
92.59
92.59
92.26
92.50
92.74
93.24
92.89
93.65
93.32
92.83
91.72
93.50
92.10
91.82
92.37
92.82
92.37
91.50
93.49
92.91
93.16
90.71
92.52
91.51
93.20
92.85
93.46
92.09
91.82
91.98
92.31
92.71
90.04
92.32
91.00
93.09
92.52
92.44
91.32
92.52
92.02
92.14
92.33
91.90
93.14
93.29
91.39
92.26
92.85
92.88
92.58
92.28
92.81
93.22
92.89
92.99
93.24
93.65
92.49
93.33
91.61
93.51
91.89
92.85
92.43
91.83
93.88
93.72
92.59
93.00
93.22
93.54
92.85
92.80
92.15
92.85
92.81
91.92
93.67
92.35
92.96
93.10
93.34
91.61
93.45
93.38
92.97
92.48
93.31
92.47
92.12
92.69
91.48
92.22
91.61
92.64
92.69
92.47
92.50
93.54
91.96
91.88
92.87
92.64
93.20
92.28
92.24
91.73
93.06
92.41
93.03
93.21
92.74
