97.68
97.77
97.89
97.65
97.71
97.65
97.51
97.94
97.62
97.70
97.66
97.80
97.66
97.76
97.86
97.79
97.81
97.73
97.91
97.80
97.69
97.50
97.77
97.76
97.74
97.81
97.54
97.75
97.57
97.73
97.81
97.88
97.80
97.65
97.80
97.61
97.62
97.79
97.65
97.70
97.85
97.84
97.80
97.78
97.77
97.35
97.79
97.87
97.72
97.63
97.75
97.85
97.70
97.71
97.66
97.68
97.83
97.73
97.61
97.65
97.77
97.77
97.78
97.91
97.70
97.87
97.60
97.79
97.77
97.73
97.82
97.70
97.79
97.79
97.70
97.58
97.72
97.68
97.94
97.98
97.70
97.87
97.87
97.89
97.60
97.63
97.76
97.68
97.61
97.68
97.76
97.75
97.79
97.78
97.66
97.81
97.62
97.45
97.66
97.58
97.66
97.89
97.81
97.86
97.84
97.80
97.79
97.84
97.87
97.90
97.72
97.76
97.86
97.87
97.50
97.74
97.79
97.79
97.74
97.73
97.88
97.61
97.67
97.82
97.83
97.80
97.64
97.70
97.58
97.81
97.76
97.64
97.79
97.85
97.82
97.75
97.68
97.73
97.71
97.77
97.75
97.89
97.69
97.67
97.88
97.93
97.60
97.65
97.67
97.89
97.64
97.61
97.85
97.91
97.86
97.83
97.78
97.75
97.76
97.70
97.80
97.57
97.59
97.72
97.81
97.63
97.81
97.79
97.87
97.60
97.53
97.70
97.79
97.70
97.82
97.77
97.70
97.79
97.73
97.74
97.71
97.81
97.70
97.72
97.81
97.70
97.92
97.73
97.69
97.73
97.53
97.68
97.97
97.79
97.83
97.69
97.77
97.82
97.83
97.75
97.76
97.67
97.73
97.91
97.74
97.63
97.73
97.89
97.79
97.79
97.82
97.76
97.78
97.86
97.76
97.81
97.78
97.86
97.51
97.86
97.82
97.80
97.64
97.83
97.88
97.69
97.68
97.74
97.65
97.70
97.79
97.79
97.79
97.70
97.87
97.90
97.75
97.84
97.67
97.71
97.65
97.83
97.72
97.86
97.51
97.92
97.67
97.61
97.58
97.67
97.62
97.79
97.67
97.79
97.89
97.69
97.77
97.63
97.79
97.82
97.76
97.62
97.75
97.84
97.85
97.89
97.83
97.59
97.74
97.77
97.65
97.62
97.65
97.78
97.66
97.64
97.88
97.68
97.66
97.82
97.89
97.62
97.59
97.74
97.91
97.42
97.79
97.76
97.65
97.82
97.68
97.76
97.82
97.84
97.83
97.64
97.64
97.81
97.69
97.77
97.91
97.77
97.81
97.86
97.77
97.81
97.54
97.76
97.72
97.71
97.91
97.86
97.73
97.82
97.89
97.60
97.64
97.81
97.48
97.70
97.76
97.75
97.65
97.95
97.61
97.89
97.72
97.73
98.01
97.76
97.59
97.77
97.68
97.77
97.76
97.86
97.87
97.76
98.04
97.59
97.80
97.72
97.91
97.79
97.63
97.82
97.61
97.62
97.69
97.73
97.83
97.81
97.59
97.55
97.64
97.71
97.73
97.84
97.74
97.70
97.85
97.93
97.84
97.80
97.89
97.53
97.87
97.75
97.94
97.78
97.62
97.68
97.84
97.72
97.75
97.71
97.71
97.90
97.71
97.88
97.59
97.74
97.85
97.74
97.66
97.78
97.75
97.91
97.80
97.70
97.71
97.53
97.65
97.84
97.66
97.77
97.66
97.77
97.64
97.76
97.68
97.51
97.93
97.71
97.79
97.85
97.59
97.67
97.70
97.96
97.72
97.75
97.55
97.77
97.78
97.67
97.41
97.62
97.67
97.82
97.69
97.70
97.84
97.71
97.65
97.77
97.61
97.86
97.84
97.74
97.80
97.45
97.96
97.73
97.66
97.61
97.87
97.76
97.84
97.88
97.68
97.78
97.82
97.65
97.78
97.89
97.73
97.81
97.65
97.77
97.78
97.84
97.92
97.78
97.64
97.86
97.66
97.88
97.73
97.82
97.92
97.78
97.75
97.75
97.67
97.71
97.77
97.72
97.59
97.85
97.78
97.78
97.86
97.85
97.72
97.74
97.87
97.80
97.74
97.86
97.70
97.83
97.74
97.86
97.78
97.84
97.73
97.68
97.71
97.72
97.87
97.76
97.76
97.65
97.68
97.75
97.79
97.70
97.89
97.80
97.71
97.56
97.85
97.58
97.60
97.52
97.69
97.69
97.71
97.62
97.78
97.84
97.48
97.73
97.67
97.68
97.80
97.81
97.75
97.63
97.72
97.85
97.75
97.77
97.74
97.77
97.89
97.59
97.80
97.41
97.72
97.67
97.76
97.81
97.65
97.61
97.71
97.68
97.92
97.80
97.77
97.77
97.72
97.82
97.76
97.69
97.81
97.80
97.66
97.53
97.82
98.00
97.74
97.90
97.69
97.76
97.84
97.87
97.64
97.80
97.73
97.72
97.61
97.81
97.88
97.60
97.82
97.80
97.64
97.53
97.94
97.99
97.79
97.88
97.79
97.78
97.86
97.67
98.01
97.79
97.68
97.70
97.77
97.63
97.80
97.66
97.80
97.67
97.83
97.82
97.76
97.81
97.60
97.93
97.79
97.87
97.75
97.62
97.84
97.63
97.85
97.63
97.92
97.69
97.68
97.79
97.70
97.49
97.79
97.73
97.83
97.77
97.65
97.74
97.80
97.54
97.79
97.79
97.78
97.73
97.65
97.87
97.78
97.79
97.63
97.92
97.71
97.72
97.65
97.76
97.58
97.97
97.75
97.56
97.72
97.82
97.93
97.72
97.71
97.66
97.57
97.74
97.63
97.74
97.87
97.81
97.68
97.44
97.89
97.81
97.72
97.76
97.87
97.57
97.86
97.74
97.75
97.63
97.87
97.68
97.80
97.93
97.82
97.74
97.64
97.73
97.59
97.90
97.89
97.76
97.64
97.66
97.85
97.86
97.80
97.74
97.78
97.85
97.83
97.69
97.76
97.56
97.86
97.61
97.73
97.89
97.70
97.88
97.69
97.92
97.82
97.72
97.61
97.83
97.71
97.73
97.60
97.61
97.78
97.83
97.69
97.85
97.73
97.87
97.68
97.74
97.87
97.89
97.91
97.51
97.89
97.70
97.68
97.74
97.73
97.63
97.68
97.67
97.65
97.57
97.57
97.73
97.74
97.78
97.70
97.87
97.83
97.68
97.70
97.69
97.69
97.69
97.53
97.64
97.80
97.75
97.64
97.58
97.80
97.80
97.76
97.73
97.91
97.91
97.70
97.85
97.82
97.84
97.73
97.67
97.77
97.80
97.78
97.67
97.71
97.69
97.68
97.61
97.51
97.82
97.80
97.65
97.74
97.71
97.58
97.95
97.73
97.70
97.78
97.70
97.88
97.76
97.79
97.72
97.66
97.78
97.81
97.82
97.86
97.59
97.85
97.74
97.62
97.85
97.64
97.71
97.75
97.79
97.70
97.88
97.68
97.83
97.60
97.69
97.67
97.75
97.80
97.93
97.77
97.56
97.75
97.72
97.78
97.53
97.58
97.80
97.81
97.69
97.63
97.80
97.83
97.66
97.94
97.85
97.71
97.75
97.82
97.74
97.72
97.58
97.67
97.89
97.60
97.73
97.64
97.69
97.93
97.72
97.69
97.78
97.67
97.68
97.88
97.81
97.77
97.77
97.76
97.88
97.76
97.86
97.85
97.77
97.69
97.90
97.27
97.81
97.80
97.64
97.70
98.01
97.62
97.62
97.82
97.79
97.80
97.76
97.64
97.60
97.55
97.80
97.69
97.63
97.71
97.83
97.88
97.71
97.66
97.79
97.73
97.69
97.78
97.84
97.77
97.71
97.68
97.83
97.72
97.60
97.80
97.89
97.73
97.73
97.82
97.78
97.82
97.80
97.69
98.07
97.74
97.63
97.49
97.76
97.82
97.60
97.70
97.67
97.79
97.60
97.75
97.72
97.78
97.73
97.92
97.63
97.81
97.70
97.74
97.74
97.76
97.91
97.69
97.95
97.63
97.52
97.57
97.68
97.77
97.71
97.62
97.84
97.82
97.77
97.93
97.79
97.70
97.65
97.72
97.75
97.78
97.70
97.58
97.46
97.63
97.68
97.82
97.63
97.74
97.78
97.78
97.64
97.71
97.92
97.86
97.90
97.67
97.75
97.74
97.78
97.76
97.87
97.60
97.82
97.79
97.65
97.68
97.51
97.79
97.65
97.60
97.67
97.81
97.59
97.72
97.67
97.95
97.84
97.86
97.82
97.88
97.82
97.76
97.71
97.69
97.74
97.78
97.79
97.73
97.76
97.75
97.67
97.72
97.91
97.87
97.70
97.75
97.82
97.74
97.79
97.81
97.91
97.79
97.76
97.76
97.61
97.84
97.77
97.98
97.78
97.60
97.76
