96.99
96.32
97.08
97.23
96.36
96.30
97.11
97.21
96.63
96.92
97.14
96.93
96.98
96.78
96.65
97.12
97.13
96.94
96.88
97.15
97.26
96.92
96.78
97.26
97.08
96.18
96.29
97.04
96.94
96.82
96.96
96.99
97.37
96.98
97.05
96.88
96.86
96.85
97.02
97.24
97.11
96.93
96.98
96.88
96.68
96.95
97.13
96.89
96.30
96.69
97.04
96.72
96.59
96.91
96.85
96.84
96.84
97.09
96.63
96.51
96.91
97.25
96.96
96.52
97.22
96.59
96.98
97.04
97.23
96.34
96.57
96.85
97.07
96.86
97.16
96.80
97.08
96.92
97.15
96.93
96.66
96.48
96.96
96.81
96.68
97.01
96.89
96.70
97.26
97.15
96.76
97.22
97.01
97.14
97.26
96.80
96.37
96.89
96.97
96.88
97.07
96.76
97.12
96.60
96.91
97.22
96.72
96.70
96.85
97.23
96.80
96.98
96.91
97.04
96.59
96.66
96.28
96.98
97.21
97.08
96.80
96.93
96.97
97.04
97.18
97.04
96.72
96.48
97.08
96.89
96.96
97.14
97.29
96.64
96.89
96.60
97.19
97.03
96.91
96.42
97.38
97.15
96.64
96.58
97.38
96.74
97.16
96.83
96.93
96.92
96.48
97.21
96.92
96.44
97.19
96.73
97.00
97.20
97.11
97.15
97.19
96.93
97.14
96.94
97.04
97.01
96.54
96.56
96.71
97.09
96.74
96.73
96.87
96.99
96.47
96.67
96.82
97.17
97.09
96.12
97.25
96.78
96.77
97.09
96.60
96.89
96.85
96.79
97.13
96.80
96.98
96.89
96.58
97.03
96.52
96.75
96.27
96.91
96.74
97.06
96.98
96.91
97.15
97.16
97.10
96.97
97.37
96.98
97.18
97.03
97.02
96.91
97.11
97.15
95.94
96.55
96.73
97.04
96.93
96.59
96.78
96.59
96.70
96.84
97.00
96.98
96.34
96.56
96.66
97.35
96.63
96.80
96.76
96.48
97.04
97.02
96.46
96.99
97.13
96.97
97.18
96.86
97.05
96.64
97.15
96.69
96.82
97.17
97.07
96.90
96.97
97.03
96.86
96.80
96.93
96.74
96.34
96.80
96.98
96.38
96.39
96.84
97.00
96.99
96.72
96.74
96.90
96.62
96.65
96.78
96.81
97.16
96.73
96.83
96.80
96.83
97.14
96.60
96.75
97.29
96.63
96.65
97.29
96.72
96.58
96.28
97.11
96.81
97.03
96.46
97.15
96.92
96.87
96.98
97.14
96.69
96.74
96.15
96.71
96.76
96.99
96.93
97.01
96.92
97.31
96.85
96.54
96.34
96.75
96.99
96.66
96.79
96.77
97.26
97.20
96.26
97.19
97.02
96.98
96.41
97.06
96.81
96.99
96.63
96.99
97.20
97.20
96.93
97.13
96.80
96.97
96.61
97.19
96.68
96.95
96.84
96.90
97.34
96.83
96.99
97.20
96.89
96.68
97.01
96.49
96.74
97.29
96.87
96.60
96.90
97.08
96.93
96.77
96.83
97.31
96.98
96.63
97.06
97.08
96.53
97.23
96.89
96.79
96.94
97.02
97.05
96.70
96.89
96.98
96.53
96.35
96.84
96.99
96.41
97.10
97.11
96.85
96.93
96.44
97.20
96.60
97.06
96.68
97.11
96.99
96.62
96.99
97.02
96.78
97.00
96.72
96.59
96.30
96.79
96.91
96.46
96.92
97.04
96.75
96.52
96.69
96.93
97.23
96.97
97.00
97.14
96.71
97.01
96.81
96.02
96.68
97.02
97.15
96.87
97.07
96.45
96.89
96.34
97.20
96.86
96.55
97.05
97.17
97.10
96.77
96.74
97.23
96.75
97.13
96.88
96.94
97.24
97.13
97.12
96.52
96.99
96.82
96.70
97.05
96.24
96.63
96.64
97.14
97.09
96.64
96.84
96.91
96.96
97.05
97.25
97.03
96.94
96.90
96.99
96.37
96.83
97.29
96.77
96.71
97.22
97.09
96.94
96.94
97.12
97.07
96.85
96.96
97.11
96.98
96.60
95.61
96.94
97.07
96.86
97.30
97.13
96.93
96.77
97.11
97.15
97.14
96.38
97.08
95.62
97.05
96.89
96.55
97.15
96.61
97.16
96.79
96.83
96.82
96.86
96.90
97.06
96.81
96.92
97.45
96.47
96.93
97.06
96.22
96.91
96.88
97.02
96.31
96.99
96.76
96.95
97.05
96.87
97.09
96.79
96.94
96.70
97.06
96.82
97.04
96.73
97.23
96.97
97.12
96.76
96.84
96.58
96.76
97.00
96.56
96.84
96.87
97.13
96.73
96.97
96.37
96.89
96.91
96.49
96.73
96.66
96.99
96.87
96.71
97.25
96.73
97.19
96.58
96.85
97.13
96.44
96.44
96.32
97.09
96.81
97.01
97.02
96.96
97.10
96.69
96.59
96.89
97.05
96.74
97.15
96.92
96.61
97.01
96.96
96.83
97.37
96.99
97.18
96.88
96.80
97.04
96.82
96.98
96.90
96.91
97.05
96.93
96.42
97.10
97.25
97.03
97.09
96.86
96.92
96.78
96.80
97.06
97.01
97.13
97.00
97.09
97.35
96.87
96.17
96.45
96.60
96.62
97.09
97.14
96.95
96.61
97.10
97.04
96.96
96.77
96.50
97.04
96.92
96.96
97.02
97.18
96.99
96.80
96.89
96.93
97.08
96.36
97.00
96.95
97.01
96.66
96.91
96.97
97.14
96.70
96.89
96.86
96.97
97.11
97.10
97.30
97.07
97.25
96.31
97.12
96.85
96.74
97.01
96.90
97.18
96.66
97.20
96.99
97.20
96.47
96.68
96.99
96.92
97.16
96.61
96.72
97.01
96.99
96.57
97.26
96.93
96.94
97.02
96.69
96.67
96.86
96.98
96.80
96.74
96.77
97.17
97.22
96.87
96.70
96.04
97.05
97.10
96.74
97.14
96.95
97.06
96.50
96.46
95.82
97.02
96.55
97.16
97.10
96.76
97.35
96.94
97.01
97.24
96.73
96.83
96.68
96.55
96.96
97.10
96.73
96.88
96.78
96.93
96.76
96.39
96.53
96.84
96.82
96.76
96.90
96.86
96.99
97.05
96.74
96.58
96.60
96.86
97.03
97.14
97.09
96.36
97.04
96.75
96.97
97.24
97.20
96.94
97.19
97.16
96.78
96.71
97.02
96.66
96.83
96.41
96.85
96.83
97.05
96.83
96.80
97.13
96.89
96.74
96.60
97.10
96.91
96.92
97.11
97.00
97.30
96.62
96.82
96.79
96.98
96.75
97.31
96.98
96.95
97.36
97.09
96.87
97.03
96.84
96.92
97.27
96.85
96.90
97.00
97.25
96.97
97.11
96.98
96.86
96.84
96.74
97.13
96.40
96.99
96.92
96.45
97.06
97.16
97.09
96.48
96.91
96.77
96.41
96.76
97.12
96.47
97.00
96.97
96.84
96.92
96.71
97.06
97.24
96.63
97.29
97.02
96.96
96.44
96.85
96.15
96.30
96.74
96.67
97.16
96.67
96.61
96.73
96.23
96.57
96.95
96.67
97.15
97.04
96.84
96.73
97.12
96.24
96.63
96.77
96.71
96.50
97.01
97.00
97.42
97.13
96.87
96.84
96.83
96.69
96.19
96.89
97.05
96.84
96.59
96.68
97.16
97.04
97.14
97.08
96.89
97.01
96.95
97.22
96.87
97.06
96.72
97.02
96.60
96.53
97.03
96.65
96.15
97.08
96.99
96.70
96.87
96.72
97.06
96.81
97.26
97.45
96.44
97.13
96.92
97.09
96.64
96.62
96.99
96.89
97.37
97.00
97.16
96.62
96.81
96.98
97.26
96.95
97.02
96.83
96.71
96.65
96.91
97.28
96.92
96.78
96.94
96.90
96.71
97.07
96.21
96.92
96.57
96.99
96.55
97.02
96.28
97.00
96.99
97.12
96.85
96.67
97.22
97.21
96.72
96.75
97.11
96.52
97.24
97.37
97.23
96.65
96.97
96.71
96.91
96.72
97.04
96.96
96.39
97.03
96.79
97.07
97.17
96.97
97.15
96.86
97.28
96.72
96.67
96.56
96.99
96.65
96.79
96.94
96.81
97.03
96.63
96.53
96.91
96.89
96.81
96.83
97.26
96.47
96.79
96.44
96.61
96.90
97.26
96.62
96.44
97.37
96.92
97.17
96.63
96.29
96.18
97.31
96.98
96.85
97.42
96.57
96.52
97.04
96.75
96.84
96.98
96.86
96.91
97.12
96.94
96.66
96.75
97.20
97.22
96.97
96.76
96.83
97.11
96.27
97.04
97.20
96.21
96.78
96.32
96.32
96.72
96.81
96.26
97.19
96.88
96.97
97.03
97.23
96.89
97.04
96.96
96.64
