85.88
86.03
87.73
87.64
88.26
87.47
89.31
84.19
87.36
85.86
87.12
87.54
86.24
88.29
87.12
87.61
86.59
85.12
88.43
86.92
86.19
87.55
88.68
86.13
84.58
88.54
87.81
86.44
88.28
86.78
86.92
88.02
87.39
87.31
86.35
86.64
85.97
87.63
84.91
87.52
84.48
87.78
87.10
87.21
86.98
86.58
87.16
88.06
88.71
85.84
87.85
87.73
87.72
87.36
87.17
88.73
87.52
85.24
84.80
88.06
85.75
87.44
85.66
81.96
88.69
88.40
86.91
86.74
88.11
88.08
87.93
88.25
88.24
85.43
88.55
86.59
88.80
85.65
87.43
87.59
87.43
87.15
85.38
85.30
87.92
87.16
88.05
86.68
87.90
85.75
87.00
82.94
86.18
87.98
87.69
86.17
87.86
86.55
88.31
87.83
88.04
87.11
85.78
86.85
88.76
85.32
86.72
87.74
83.48
84.92
87.02
85.78
87.45
87.07
85.96
86.70
87.24
87.04
88.30
88.31
88.08
87.57
88.93
87.85
87.94
87.21
87.90
85.91
86.25
86.15
86.60
87.78
87.15
88.87
85.87
86.14
87.08
82.58
87.20
86.16
88.52
87.27
88.14
87.45
87.21
88.92
88.78
88.65
87.97
86.84
85.31
87.98
86.91
88.70
87.74
88.22
88.78
88.42
86.38
87.98
86.99
86.14
87.36
87.64
86.30
86.75
87.58
89.03
87.73
87.95
87.08
87.75
86.59
89.23
85.45
85.17
87.98
87.19
87.88
87.96
86.59
84.70
88.59
86.83
87.77
85.54
85.36
88.35
86.40
85.24
85.89
88.31
85.34
88.35
88.30
84.20
83.97
87.78
85.94
86.55
85.70
88.29
86.40
87.58
88.46
86.58
87.04
88.81
90.13
87.93
88.15
87.77
87.20
87.67
87.45
86.03
87.24
83.11
87.43
86.22
87.48
87.86
87.33
86.50
87.55
87.85
86.81
88.07
87.34
87.02
87.83
87.46
86.05
88.06
84.54
86.06
87.20
87.59
86.49
88.81
85.88
88.69
86.45
86.85
88.88
88.48
85.24
84.92
86.51
85.63
85.77
88.15
86.96
86.84
89.00
88.43
88.05
87.62
87.63
87.02
87.51
87.82
86.13
87.78
87.52
82.78
87.63
88.93
87.51
85.72
88.07
85.55
87.60
87.02
87.14
88.32
88.65
87.08
86.46
86.13
87.73
86.50
86.87
88.66
88.19
87.27
88.00
86.48
86.27
89.14
84.60
86.13
84.60
87.25
88.59
86.81
84.62
87.12
86.13
86.54
86.08
85.77
86.32
82.98
87.28
87.97
86.25
88.49
87.75
86.48
87.10
87.71
89.72
87.26
88.11
87.08
88.95
87.55
87.12
88.29
88.07
85.47
86.72
87.42
88.14
85.21
87.01
84.88
88.53
86.33
85.12
88.59
85.82
88.00
86.21
85.25
86.06
85.52
88.84
86.93
87.63
88.45
88.35
88.20
87.50
86.41
87.61
87.39
85.24
85.45
87.13
88.24
84.95
87.44
88.14
87.02
88.41
85.04
82.30
87.07
86.51
85.73
86.51
85.79
89.08
87.02
87.05
88.06
87.54
88.47
87.91
87.28
87.76
86.98
87.99
86.47
86.53
84.06
85.77
87.20
87.19
82.38
83.98
87.14
88.50
87.88
86.61
88.64
85.71
87.98
88.13
85.18
84.03
86.93
87.55
87.26
85.15
86.91
87.92
88.59
87.08
86.91
84.53
86.82
86.49
88.03
86.00
87.19
87.33
85.06
87.20
86.42
88.98
86.75
86.92
87.56
88.66
85.01
87.22
86.97
85.52
83.63
88.62
86.79
87.03
88.51
87.85
86.76
87.78
84.55
82.38
87.49
87.44
87.26
87.79
85.60
87.95
86.45
88.73
87.96
87.34
87.48
87.63
87.78
87.14
86.06
87.83
88.68
88.22
83.86
87.67
89.09
88.04
86.91
87.68
86.62
86.44
86.93
85.50
88.47
87.18
88.03
86.64
85.42
87.14
84.55
88.61
87.80
88.46
87.76
86.90
86.65
86.72
86.80
88.72
85.77
87.21
87.13
87.46
85.91
89.14
88.54
87.27
86.11
86.79
86.95
81.67
87.02
86.75
87.67
86.47
87.08
88.21
87.10
88.52
85.00
87.87
87.52
87.34
85.75
85.84
84.78
87.75
85.65
86.22
88.47
87.29
87.33
85.22
86.53
88.96
87.44
87.06
87.38
86.57
86.56
86.64
85.46
88.14
87.43
87.42
83.92
86.00
88.33
89.00
87.68
86.37
86.01
88.12
87.17
88.25
89.03
86.46
87.80
87.66
87.13
85.31
87.00
88.39
87.63
85.97
87.81
86.62
83.12
87.52
84.38
86.50
88.67
87.37
86.85
85.51
85.74
87.03
88.63
86.23
89.00
86.53
86.12
85.88
86.26
87.09
86.40
88.20
88.29
89.01
88.23
86.66
88.31
84.28
87.46
86.32
85.93
86.53
87.17
84.91
85.61
88.03
86.26
84.26
88.15
88.63
85.76
88.39
88.37
87.86
89.04
85.33
87.74
88.46
86.73
87.30
87.39
87.07
85.33
85.39
86.26
87.73
87.83
85.38
88.93
85.94
86.76
85.18
84.63
87.54
86.33
87.71
84.06
86.51
82.88
86.88
87.49
89.50
85.12
82.26
88.23
86.56
87.73
86.68
85.83
87.41
86.44
85.67
87.77
86.68
86.92
85.66
88.09
88.26
86.30
86.10
85.65
87.98
88.17
87.10
88.93
87.44
84.97
86.50
87.03
87.75
85.79
89.32
87.57
87.45
86.29
86.71
89.06
85.33
87.18
87.22
84.52
84.60
87.45
88.15
87.17
87.62
87.61
84.83
86.19
88.47
84.62
87.46
88.33
88.24
88.25
86.79
87.92
86.92
86.44
86.83
88.88
87.13
87.78
87.45
88.34
86.28
89.16
86.50
87.83
82.48
88.99
79.81
86.52
88.71
86.02
87.75
87.55
88.35
88.55
86.82
84.85
85.41
88.33
87.81
87.51
87.56
87.60
86.29
86.32
86.23
87.84
86.62
89.22
87.41
87.99
87.07
86.30
87.35
85.92
87.86
87.23
87.02
87.44
87.50
86.70
85.47
87.24
84.65
86.70
86.14
88.31
88.70
84.70
85.53
85.33
85.52
84.78
86.33
88.83
87.01
87.68
86.88
88.86
86.60
87.37
87.11
86.94
87.68
88.23
84.67
86.50
87.56
86.06
86.43
87.21
86.89
85.09
87.86
86.36
89.19
85.80
85.87
85.89
88.79
87.54
82.41
87.54
88.25
86.91
86.29
87.13
84.89
84.67
87.61
88.17
85.43
88.63
86.73
86.69
85.44
85.16
87.10
86.38
86.26
87.34
87.26
86.24
87.68
87.04
80.12
87.18
86.69
87.13
87.87
87.88
86.43
86.77
87.00
87.83
87.18
83.78
89.07
86.83
87.33
86.65
86.79
88.49
86.78
87.63
85.59
88.78
86.42
88.05
86.95
88.29
84.76
85.77
89.08
86.17
86.55
87.54
85.15
85.72
87.10
88.14
87.74
87.32
88.85
87.66
87.32
86.54
87.47
86.54
85.74
87.46
86.02
88.89
86.35
88.01
87.64
88.26
87.06
87.77
85.29
87.81
85.92
85.82
87.92
88.18
87.12
87.62
83.98
85.85
88.44
87.88
85.10
85.92
88.26
87.22
86.12
86.73
87.51
85.22
85.88
87.93
84.81
84.61
89.06
86.79
86.17
86.42
87.52
85.62
87.40
85.63
86.75
87.53
86.64
86.98
87.79
86.95
87.68
87.32
84.93
86.19
86.87
87.35
88.12
87.55
87.13
85.61
86.87
86.77
87.93
87.82
88.22
87.12
85.44
87.45
87.94
83.56
87.09
86.20
87.94
88.82
88.02
87.55
86.26
86.72
86.90
84.28
87.35
89.34
85.74
87.71
84.92
86.76
88.81
86.58
84.20
88.87
86.79
87.19
87.44
86.65
86.48
88.05
88.23
86.62
87.39
88.48
85.37
87.13
86.30
87.87
84.83
86.94
86.46
86.81
82.76
87.05
88.19
83.47
87.09
86.85
87.12
88.48
87.41
86.98
87.19
88.78
85.62
87.55
86.67
87.90
86.78
84.86
85.95
88.94
87.17
87.70
87.91
84.91
82.36
89.05
84.58
87.44
87.60
87.18
86.14
87.03
86.71
87.57
88.89
88.53
85.18
85.43
87.61
88.12
88.38
84.47
85.76
87.36
86.01
86.42
85.37
85.86
87.19
88.65
87.78
86.05
87.94
87.07
85.85
82.69
87.54
87.48
88.34
85.78
88.11
86.86
86.45
87.60
88.83
87.30
86.47
85.26
87.25
87.66
