88.06
83.76
86.26
79.49
88.31
79.70
85.89
88.04
86.24
84.39
83.10
86.36
87.33
86.39
82.41
87.50
82.30
87.13
82.92
80.94
84.75
83.92
86.46
85.55
87.36
86.95
87.13
86.85
85.20
86.88
85.60
82.85
87.40
78.85
76.60
83.04
86.06
86.96
84.51
86.18
83.83
87.86
80.53
87.63
87.17
85.35
87.61
85.04
88.31
85.33
84.56
84.92
84.44
87.32
84.05
86.67
84.59
85.05
85.34
85.52
87.03
81.12
81.17
86.48
83.43
87.40
85.75
86.21
85.94
85.18
88.32
84.71
84.57
87.33
83.78
84.49
82.09
87.69
87.79
80.90
86.67
88.75
84.07
82.87
87.69
85.99
81.10
83.73
82.74
82.20
89.55
87.12
85.79
82.00
82.43
87.07
86.60
79.61
87.89
86.16
83.24
86.17
81.22
82.75
87.22
87.86
88.59
81.55
81.69
85.82
86.16
82.60
87.32
85.81
84.16
86.95
84.33
83.79
85.18
78.32
84.10
84.74
85.90
82.68
84.32
85.93
82.27
87.20
84.64
84.86
87.84
87.83
86.91
84.75
81.14
82.54
86.59
87.66
81.80
85.86
86.15
88.92
85.12
84.69
86.60
80.94
76.84
87.47
84.85
85.09
84.68
87.66
84.51
85.15
87.94
86.57
88.12
88.30
83.17
85.91
79.47
86.93
82.16
81.29
84.33
85.45
86.74
86.91
88.34
83.89
84.38
87.54
87.64
85.11
87.12
84.33
78.40
86.46
87.78
85.03
85.64
87.68
84.63
82.52
83.12
80.65
86.26
85.09
83.08
85.06
87.14
86.58
80.91
85.82
86.93
87.06
86.66
88.72
86.40
86.20
81.36
86.32
84.76
84.54
85.44
85.05
80.68
85.33
88.93
85.39
84.75
85.17
83.08
87.02
80.96
84.58
82.81
84.88
83.76
85.28
87.87
87.02
87.78
85.58
82.20
83.38
84.05
83.25
84.24
87.77
86.91
87.46
84.26
86.16
77.15
83.14
88.21
79.17
82.56
85.87
87.34
84.23
87.05
86.08
76.13
84.49
86.09
87.62
85.19
82.43
87.48
80.10
86.84
84.04
89.28
81.41
85.76
85.70
84.59
89.62
84.83
89.40
87.46
84.95
84.73
83.30
84.38
85.95
80.90
88.41
86.70
79.77
85.93
83.97
86.68
83.69
81.12
86.28
83.87
86.27
85.66
83.69
82.83
88.12
84.71
86.83
80.73
85.78
83.45
86.99
85.69
87.59
80.66
85.58
84.85
88.37
86.55
83.77
84.74
82.30
82.62
87.54
86.35
85.51
86.75
86.64
84.98
85.81
81.62
88.16
83.55
86.70
82.11
83.97
83.76
87.78
85.60
77.41
86.21
86.17
84.73
85.16
87.49
77.03
87.87
86.74
86.13
84.10
89.63
89.08
85.04
88.67
82.73
86.25
85.30
83.95
83.92
82.65
88.94
86.76
85.03
85.38
84.04
87.88
86.95
87.57
86.06
87.38
80.69
86.83
81.47
86.88
86.69
84.76
87.49
87.37
90.05
83.55
88.48
85.32
88.27
87.08
83.44
85.90
86.22
86.60
84.76
86.57
87.22
85.10
85.90
88.12
85.53
85.67
84.71
86.26
86.33
83.13
85.19
87.84
81.83
86.41
76.99
88.14
81.81
82.11
88.13
80.70
85.44
81.79
83.34
82.52
87.43
88.02
89.10
85.59
87.01
84.71
87.56
80.45
89.65
86.52
80.56
84.48
88.02
83.86
77.91
85.24
85.35
81.86
81.95
88.64
86.73
89.15
87.01
86.74
81.18
87.22
87.14
84.37
86.42
89.01
80.48
87.76
84.37
85.14
82.54
84.41
86.27
83.67
87.12
86.18
74.66
76.65
82.58
89.15
88.85
85.94
81.64
86.60
88.06
86.30
87.43
87.89
78.67
83.51
84.87
88.38
86.18
88.08
79.26
84.47
89.03
84.12
86.64
87.33
86.34
82.72
84.40
80.13
86.63
87.93
86.20
87.49
81.27
87.82
87.04
88.66
78.80
76.39
81.50
85.63
86.96
86.50
86.32
87.02
81.92
80.18
84.19
85.13
87.03
83.91
87.36
85.29
89.08
84.49
86.80
87.81
86.71
85.26
85.48
88.57
81.48
87.74
84.73
87.27
86.59
87.13
89.02
78.63
80.08
87.77
85.94
84.79
86.27
87.68
85.68
87.99
89.44
82.47
87.72
83.32
88.99
87.95
83.06
85.55
86.00
85.59
84.90
82.25
84.70
82.39
83.12
87.57
86.24
86.89
84.50
87.44
75.93
86.64
83.04
88.86
85.61
85.01
88.36
80.17
87.94
84.43
82.24
85.87
84.44
84.75
88.12
80.71
81.40
84.56
85.21
84.60
84.25
85.07
79.02
83.39
86.58
87.02
84.28
89.53
83.61
85.01
84.50
89.21
86.69
86.43
79.33
84.21
85.96
86.25
79.31
84.59
85.42
87.29
87.69
85.64
81.27
87.43
88.72
85.23
79.40
84.28
83.60
80.35
85.84
86.58
84.84
82.95
86.48
84.03
80.99
85.38
86.58
85.38
80.58
83.55
87.42
86.96
86.03
86.13
84.22
82.47
88.27
87.72
85.09
87.29
86.47
86.73
87.74
84.30
79.87
87.18
81.92
82.32
86.99
87.23
87.55
86.13
81.67
83.92
86.32
78.25
83.06
85.22
83.55
86.85
89.65
85.13
78.96
84.32
86.46
84.50
85.06
85.97
88.90
88.81
82.05
82.07
86.64
82.80
81.90
85.91
79.71
81.51
86.79
85.59
89.11
88.21
87.36
77.26
85.87
86.42
84.07
85.72
85.15
83.50
86.90
87.14
85.88
76.09
82.37
83.12
81.13
85.65
84.38
87.15
81.43
87.58
84.30
87.27
78.96
81.78
86.05
90.36
84.39
83.30
84.84
84.87
82.00
84.13
84.44
86.28
84.24
83.55
86.58
86.42
84.50
83.09
82.36
90.29
82.78
83.66
82.12
86.76
86.30
84.75
89.62
84.53
85.60
86.62
85.22
88.40
85.89
87.27
84.51
87.34
77.66
84.40
86.15
81.06
77.99
81.54
84.08
80.81
85.02
85.94
85.48
88.26
86.33
88.77
85.28
87.46
87.10
85.30
86.48
85.88
86.62
85.62
85.53
87.21
81.58
83.93
77.91
81.51
84.54
78.10
86.83
85.27
87.82
82.99
88.27
87.97
87.60
86.63
75.68
86.74
85.57
88.66
81.75
87.37
86.25
84.87
78.20
83.56
83.39
84.70
84.72
77.80
86.39
75.67
86.93
84.14
83.72
85.71
83.54
83.51
83.28
81.68
86.57
83.57
84.41
89.63
85.46
78.57
84.48
80.53
84.51
82.69
86.03
87.33
84.95
83.75
87.19
84.46
83.07
84.66
84.98
83.73
87.87
88.44
84.17
87.25
86.42
86.49
84.78
84.95
88.66
80.97
86.80
87.10
83.31
83.33
86.57
82.09
83.32
85.17
82.20
83.56
86.39
76.63
86.85
82.16
88.27
83.43
88.27
85.58
82.39
85.44
86.18
79.11
86.93
84.46
82.09
84.79
83.76
84.50
86.38
84.15
79.65
80.78
85.93
88.41
83.89
87.18
88.44
85.60
90.15
86.19
89.25
84.35
84.87
85.76
81.65
81.33
85.72
81.91
86.32
84.80
85.96
85.22
79.41
84.39
85.92
75.80
85.83
83.10
87.54
85.80
81.60
83.91
86.84
87.72
87.02
85.67
85.59
82.32
86.54
84.84
86.52
84.00
82.41
88.68
86.46
87.11
85.81
86.81
87.52
88.12
84.99
79.33
85.27
85.68
80.38
83.46
88.62
86.13
89.01
86.74
88.13
85.85
86.33
84.45
82.79
80.26
86.89
75.80
87.49
87.61
84.22
85.23
85.04
80.69
87.88
83.37
86.74
85.76
87.51
84.17
82.89
84.00
87.08
87.34
83.58
87.16
87.82
87.40
85.38
86.63
86.86
81.74
81.23
78.34
87.30
82.37
85.45
82.31
83.98
86.56
88.29
88.08
83.04
88.11
83.04
89.73
86.75
85.54
87.76
88.73
85.90
85.15
83.25
85.54
85.76
84.48
81.66
88.24
82.14
84.80
84.78
81.25
83.21
82.19
84.54
85.10
86.19
87.37
85.74
89.49
81.23
83.03
86.99
88.29
86.08
87.77
84.63
80.99
87.58
87.36
83.89
85.61
83.09
85.72
77.68
78.86
86.41
86.95
86.75
85.19
89.81
88.48
86.66
88.50
86.10
86.36
84.97
86.39
80.79
82.50
85.02
82.38
84.02
85.56
86.99
81.28
88.40
89.56
86.04
81.31
81.18
83.46
85.82
87.39
82.20
81.92
