94.45
93.78
94.51
94.62
94.69
94.23
94.49
94.36
94.19
94.98
94.83
93.46
93.30
93.87
92.89
92.62
94.10
94.64
93.51
94.24
92.97
94.29
93.34
94.51
94.22
94.13
93.38
93.98
95.00
94.59
93.65
92.77
93.91
93.70
93.92
94.46
94.20
94.30
94.54
94.12
93.81
93.86
94.79
93.13
94.37
92.81
94.39
92.99
94.17
94.54
94.83
92.22
93.96
94.49
94.79
94.49
93.94
94.45
93.56
94.48
94.85
94.98
90.83
94.02
90.70
93.70
94.26
94.39
94.10
93.61
93.05
93.89
94.35
93.64
94.45
94.71
93.79
92.43
94.05
92.00
92.32
93.56
94.00
93.80
94.23
92.28
94.66
93.47
94.53
93.92
93.57
94.11
94.41
94.31
94.08
94.27
94.19
94.68
93.97
93.53
91.86
93.02
94.43
94.28
93.91
93.96
94.49
94.28
94.17
94.46
94.15
94.02
93.42
93.38
91.72
94.44
94.16
92.96
93.64
94.26
94.00
94.36
93.85
94.82
94.01
93.37
94.73
93.70
94.58
94.45
92.93
93.38
94.43
94.15
93.51
94.67
94.28
93.22
93.79
93.13
93.82
93.63
93.55
94.21
94.28
94.03
93.73
94.08
94.80
94.16
94.47
93.76
93.18
93.23
94.34
93.64
93.48
94.26
92.45
94.08
94.50
92.42
94.03
93.69
93.67
94.14
93.80
94.18
94.09
94.62
93.75
94.54
93.93
93.93
93.65
94.40
94.77
94.66
94.30
94.03
93.52
94.17
94.40
94.37
93.62
92.45
93.43
92.88
93.81
93.97
93.82
94.19
94.28
94.02
94.21
93.96
93.63
94.35
93.84
94.15
94.72
94.49
94.41
94.03
93.56
93.11
94.18
92.87
94.31
94.44
93.29
93.79
93.60
94.23
94.57
93.48
94.35
93.92
93.77
94.47
93.50
94.24
94.83
92.76
94.55
94.41
93.92
94.02
93.58
93.34
92.50
94.40
94.11
93.32
93.95
94.78
93.59
93.04
93.58
93.47
94.64
94.10
93.59
93.88
94.23
92.89
95.03
94.17
94.61
94.55
93.68
94.52
94.65
93.93
93.56
92.65
93.93
94.34
93.31
94.16
93.81
94.14
94.19
94.85
93.92
93.22
93.51
93.43
94.30
94.81
94.12
94.26
94.64
93.31
93.02
93.25
94.12
94.06
93.41
93.79
93.54
94.08
93.25
94.44
93.87
94.27
93.62
93.92
94.62
94.39
92.99
93.45
93.40
94.36
94.11
93.55
94.05
94.17
92.97
93.68
94.23
94.63
94.11
93.35
93.33
94.34
94.75
93.30
94.34
94.35
93.54
93.52
94.10
93.84
94.86
93.32
93.93
93.74
92.52
93.42
93.15
94.12
94.24
94.25
94.21
94.72
93.35
94.60
94.13
94.28
93.69
94.30
93.35
93.12
92.98
93.25
94.23
94.84
94.55
94.41
93.38
93.33
93.08
94.48
93.79
94.59
94.31
94.37
94.41
93.66
93.65
94.50
93.28
93.69
91.89
93.45
94.01
93.87
94.37
93.30
94.04
93.56
94.89
93.53
94.25
93.16
93.24
93.82
93.23
94.15
94.21
94.45
94.30
94.17
94.25
93.92
94.20
94.05
92.32
93.85
93.18
93.69
93.75
94.60
93.07
94.34
94.03
93.81
92.84
94.19
94.16
94.08
93.81
93.31
94.10
92.54
94.12
94.44
94.75
93.98
94.49
93.46
94.46
94.51
94.09
93.16
94.09
94.79
92.70
93.45
94.35
94.97
94.39
93.64
93.73
94.23
94.39
94.38
93.38
93.34
93.42
93.82
93.65
94.22
94.12
93.47
94.33
94.11
93.33
93.08
94.53
93.29
94.01
94.31
93.82
93.57
93.84
94.11
93.44
93.67
94.24
93.64
94.23
92.95
94.13
94.20
94.17
93.54
94.10
94.20
92.52
94.57
93.81
93.35
94.62
93.59
93.62
94.43
94.41
94.07
93.76
93.23
93.29
94.85
93.88
94.75
93.71
94.25
92.66
94.59
93.26
94.22
94.58
93.41
94.29
94.30
93.90
94.80
94.19
93.59
93.77
93.22
94.06
93.85
94.03
94.43
93.72
94.56
94.01
94.91
94.44
94.27
93.48
94.07
94.13
93.92
92.98
93.66
94.22
94.48
93.93
93.11
94.28
94.32
94.57
93.72
92.98
94.54
94.17
94.18
93.59
93.92
93.30
94.28
94.34
94.53
93.83
94.17
94.74
93.34
94.76
94.43
93.57
94.81
93.97
94.81
93.46
94.60
93.75
92.25
94.67
93.71
94.06
90.23
94.33
94.53
93.68
93.96
94.11
93.19
93.42
94.50
94.27
92.51
94.37
94.57
93.48
94.60
93.27
93.22
94.62
93.92
92.87
94.79
93.49
94.37
94.34
94.66
94.05
94.38
92.62
94.40
93.74
92.63
93.81
94.11
94.02
94.90
94.29
94.34
93.05
93.07
94.33
94.95
93.90
94.18
93.57
94.79
94.06
94.22
92.54
93.68
93.62
94.19
93.89
94.01
93.96
94.25
94.62
94.20
94.28
93.09
94.14
93.64
92.56
94.08
94.60
94.91
93.78
93.90
94.36
93.16
93.80
93.96
94.31
94.46
93.36
93.89
93.48
94.19
94.00
93.25
93.92
94.26
93.81
93.84
93.42
94.30
94.13
94.05
94.43
93.17
94.30
94.23
94.02
92.95
94.36
93.91
93.69
93.78
93.82
93.53
93.22
92.97
93.94
92.77
93.74
94.05
94.73
93.83
93.78
94.03
93.56
92.70
94.35
94.24
94.32
92.61
93.97
93.94
93.72
93.66
94.65
94.26
92.93
93.37
93.12
93.86
94.18
94.20
94.07
93.46
93.18
93.43
93.64
94.26
94.42
94.41
94.36
94.07
94.97
93.06
93.75
94.43
93.63
94.03
93.64
94.32
94.58
92.80
93.41
93.83
94.10
94.40
93.25
93.73
93.61
93.17
94.13
94.69
94.93
94.17
93.83
93.97
93.50
93.16
94.39
93.99
93.97
93.49
93.35
93.95
93.96
94.14
94.38
94.07
93.70
94.37
93.46
93.85
94.38
94.52
94.24
93.31
93.86
94.41
93.33
94.42
94.60
93.77
92.93
93.72
93.84
94.62
93.57
94.92
94.83
94.26
93.85
93.62
93.84
93.97
94.81
94.27
94.51
94.40
93.07
93.58
92.90
93.59
94.40
93.27
94.23
93.93
94.65
94.70
93.37
93.62
93.61
94.22
93.02
94.03
94.21
93.81
94.23
94.72
93.58
93.34
94.40
93.98
92.67
94.31
94.47
94.29
94.09
94.57
93.90
94.64
93.61
93.57
93.97
94.18
93.94
93.79
94.12
94.17
94.20
93.62
93.49
94.57
93.59
94.57
94.19
93.55
93.30
93.91
93.25
92.47
93.80
92.00
93.03
93.86
92.57
93.91
93.61
94.71
93.46
93.52
92.93
93.99
94.09
94.37
94.31
94.48
93.38
92.54
94.11
94.24
94.89
93.82
93.93
93.80
94.35
94.60
92.41
93.58
94.51
94.38
93.02
94.78
94.69
94.26
93.72
94.36
93.93
94.38
93.38
94.27
93.69
94.23
93.80
94.36
94.29
93.85
94.56
94.45
94.36
93.68
94.15
94.63
93.04
93.86
94.20
93.16
94.47
93.79
94.20
93.39
93.30
94.08
93.96
93.55
93.64
94.61
94.22
94.08
94.23
94.46
94.56
93.95
94.15
93.43
92.13
94.09
93.40
93.74
94.63
94.33
93.88
94.11
94.06
93.77
93.96
93.99
93.22
93.64
93.90
94.21
94.41
94.46
93.28
93.82
94.61
94.03
93.49
93.94
93.95
94.18
93.77
94.71
93.72
94.84
94.40
94.50
93.84
93.35
94.33
91.69
94.60
94.57
92.54
94.04
93.95
94.62
94.35
94.03
93.10
93.97
94.53
93.58
93.73
94.72
94.51
94.76
92.37
94.29
93.87
93.97
94.51
94.02
93.78
94.75
94.12
93.42
93.84
92.81
94.21
93.65
92.80
94.35
93.41
92.39
94.01
94.20
94.23
93.75
93.09
94.37
94.11
92.50
94.58
92.88
94.30
94.00
93.41
94.45
93.20
93.67
93.88
94.24
94.69
94.03
93.99
93.75
93.72
93.10
93.70
94.12
94.00
93.85
93.86
93.91
93.67
94.18
93.64
94.47
93.49
94.57
93.05
94.65
94.88
93.45
94.06
93.95
94.40
92.79
94.08
93.48
94.06
93.28
92.23
94.77
94.53
93.80
94.43
93.69
93.79
94.52
94.12
93.91
93.20
94.33
94.14
93.91
94.27
94.22
93.39
92.35
93.63
94.66
