88.75
89.79
89.02
86.90
89.41
86.30
88.96
86.60
84.33
85.51
89.13
87.93
88.90
86.95
88.57
86.80
88.11
85.15
88.04
85.82
89.41
82.55
87.40
87.50
88.05
88.86
90.33
86.90
85.21
89.42
88.72
87.41
88.19
89.59
86.55
88.86
87.39
88.14
87.70
86.65
90.30
85.09
88.30
88.67
87.96
87.61
87.31
88.07
84.94
82.16
88.89
85.65
86.43
87.97
89.24
89.14
85.83
89.90
87.86
89.72
86.79
85.51
87.82
88.37
86.77
89.40
86.53
86.48
86.98
89.22
89.27
88.92
87.22
86.55
83.09
88.74
88.63
87.04
87.08
85.40
90.38
80.44
87.95
87.51
87.64
86.30
87.54
82.18
89.32
86.36
87.84
89.16
85.71
85.88
88.47
90.00
85.73
87.72
87.62
87.53
89.28
89.50
87.86
89.19
86.34
89.37
88.06
87.75
86.61
86.25
87.71
87.31
89.95
79.85
85.61
85.20
87.33
88.06
86.68
86.99
88.73
88.09
87.94
88.25
89.06
84.57
84.92
87.73
87.78
86.15
88.37
88.31
88.12
87.92
86.52
86.51
87.41
89.18
88.24
90.45
84.73
89.68
81.86
87.43
89.31
86.41
88.81
86.55
88.50
88.73
87.12
87.02
89.32
89.83
87.00
87.61
88.33
86.02
87.93
85.98
87.93
88.85
89.77
88.98
88.37
87.36
89.03
88.56
84.31
86.30
88.45
89.06
89.25
87.83
88.64
88.02
87.19
87.29
89.17
85.46
86.84
87.64
85.99
86.12
88.02
85.85
86.03
87.78
88.26
89.09
85.94
88.91
88.84
89.33
88.74
88.91
86.54
89.29
84.09
89.01
86.89
89.00
89.56
88.77
87.32
87.71
88.85
87.16
87.50
88.95
88.18
87.56
85.78
86.08
85.90
86.74
88.79
88.19
85.48
89.87
86.98
87.13
88.90
83.88
87.58
87.98
88.58
88.74
88.90
87.97
87.23
86.72
87.33
87.82
87.98
87.80
88.65
90.00
87.96
85.12
90.43
87.52
86.92
85.49
85.05
87.46
86.87
86.70
88.04
88.26
89.57
87.48
88.97
86.37
84.98
88.39
88.77
88.77
86.83
85.65
88.67
88.13
87.76
89.20
87.83
88.47
89.47
89.29
87.68
89.75
89.27
87.68
89.53
87.08
86.16
86.77
87.21
86.38
86.62
87.31
85.34
88.79
86.68
87.70
89.99
89.08
88.00
88.65
88.16
84.29
88.33
89.29
89.09
84.12
89.15
88.59
87.61
89.00
88.57
89.47
88.80
86.07
88.41
87.89
83.80
88.97
88.38
87.96
88.58
84.87
87.50
87.49
88.22
88.63
87.39
88.15
87.85
86.15
89.12
88.66
86.72
86.16
86.47
87.81
88.06
87.29
87.93
87.31
88.85
88.33
88.10
87.36
89.07
87.50
87.84
86.87
88.06
88.10
88.35
88.74
88.14
88.51
87.06
88.02
89.69
87.33
87.76
84.83
87.73
86.82
88.20
88.69
89.32
87.89
89.48
86.20
84.11
84.38
88.26
88.38
89.90
89.06
87.38
89.28
88.22
87.32
88.61
88.89
85.96
84.62
86.13
87.84
88.90
89.50
86.13
83.01
85.92
90.33
87.45
88.93
89.44
89.19
88.94
85.36
86.04
87.32
87.08
84.79
89.41
86.62
88.83
86.53
88.86
87.83
89.85
89.27
86.82
87.68
87.66
88.01
89.64
88.69
88.95
89.28
87.74
85.28
87.41
89.80
83.26
88.32
89.55
86.70
88.84
89.26
87.51
89.61
88.95
87.18
89.21
84.28
88.98
87.58
89.60
87.31
88.71
85.15
87.77
90.05
88.58
88.78
88.32
87.26
87.58
88.80
87.82
85.05
89.08
86.17
88.83
85.64
89.73
87.20
89.04
89.84
89.53
87.74
88.72
87.51
87.87
87.72
88.35
89.39
88.29
86.92
89.72
88.69
88.42
89.41
88.08
90.08
89.77
88.77
87.36
89.42
88.36
89.46
86.22
87.42
89.62
89.92
86.97
86.26
89.19
88.90
88.42
86.17
89.38
89.95
87.16
88.42
88.16
89.58
87.13
90.05
89.19
84.98
87.89
86.73
88.44
84.28
88.07
86.66
86.97
90.02
88.88
88.52
87.17
89.79
89.02
87.21
89.35
87.86
88.80
88.35
87.31
89.94
89.29
87.87
89.06
89.91
88.77
85.56
88.52
88.78
89.94
86.39
87.59
86.12
87.42
88.41
86.70
88.80
89.25
89.82
88.59
87.11
86.75
86.85
86.72
88.97
89.27
88.78
85.19
87.94
88.11
86.45
88.05
88.10
88.40
88.73
89.11
86.23
88.12
87.92
83.75
87.87
83.95
86.49
87.74
89.07
87.41
87.35
88.31
86.95
87.96
86.69
88.68
87.16
87.39
89.20
87.08
89.35
88.74
88.62
89.07
89.04
88.48
86.22
88.42
86.70
88.89
88.77
86.83
85.97
89.49
87.72
87.55
88.85
88.99
87.43
88.43
88.21
86.33
87.04
87.81
89.55
86.54
87.73
84.32
88.41
87.70
88.03
88.37
87.84
88.23
89.01
86.53
87.87
87.95
89.31
89.25
89.62
86.39
89.38
89.41
84.97
90.08
86.89
88.13
86.96
88.82
84.53
85.65
86.75
88.63
87.95
88.50
88.12
87.24
87.54
89.69
84.13
87.44
87.68
87.34
88.15
83.73
88.04
85.64
88.45
87.90
88.22
88.15
88.78
88.63
88.13
89.65
85.76
89.10
88.44
87.74
87.58
88.75
87.13
87.64
87.07
87.19
87.58
87.88
83.31
88.33
86.75
88.40
87.39
85.66
88.11
87.13
88.74
88.08
86.80
88.20
88.60
85.87
87.84
88.67
87.75
88.68
88.78
88.43
87.44
85.91
87.48
87.66
87.32
88.55
87.35
87.71
86.63
89.79
87.44
89.99
86.05
88.87
89.37
89.79
87.96
86.01
87.80
89.42
88.57
88.46
87.32
86.80
89.14
89.01
84.27
86.68
89.49
89.48
88.24
88.74
88.02
88.23
87.58
86.41
85.99
89.83
88.61
87.15
86.46
90.12
89.26
85.71
81.44
87.50
87.28
87.99
88.98
82.14
89.49
84.40
88.22
86.82
87.35
89.56
85.41
87.82
85.56
87.81
90.00
88.54
88.66
88.36
86.94
88.98
86.44
86.25
87.05
87.67
88.82
85.19
87.92
87.70
88.73
87.77
89.59
89.85
87.21
87.74
87.90
86.10
87.10
88.61
87.86
88.27
86.96
87.48
88.16
89.54
85.20
87.60
87.65
87.59
89.17
87.49
88.21
86.93
87.70
88.25
86.24
83.93
88.30
86.71
88.48
88.23
88.04
89.23
86.99
87.47
90.23
87.58
87.67
87.87
86.77
87.88
84.88
86.47
89.49
86.77
86.17
89.57
88.52
87.40
88.49
88.46
84.16
88.49
88.18
84.69
84.06
88.14
88.50
86.63
89.12
86.69
89.70
90.22
86.25
88.07
88.79
86.96
86.52
87.37
86.00
87.75
89.47
88.01
87.00
89.60
85.85
86.32
88.99
88.35
88.79
88.25
88.01
89.98
83.62
85.55
88.97
88.68
88.49
86.23
88.31
86.60
88.53
88.31
87.28
87.80
87.84
87.73
83.85
86.83
89.60
85.54
88.88
88.63
88.67
87.14
88.21
89.23
87.30
88.38
84.00
85.96
89.96
86.84
87.76
85.77
88.49
86.87
85.29
89.54
87.44
88.10
88.22
89.29
86.36
87.28
87.99
86.77
89.32
88.55
88.10
89.12
86.81
86.99
86.29
89.24
86.82
87.86
87.84
84.52
89.78
86.77
87.96
88.08
88.69
90.32
86.32
85.15
89.19
87.17
88.30
89.10
86.94
88.24
88.07
86.35
85.97
88.33
86.45
86.47
86.21
87.27
84.61
87.49
89.87
87.88
88.86
89.48
89.13
86.87
83.15
88.41
87.86
86.30
85.95
86.97
88.80
89.39
90.19
87.31
87.13
86.63
87.36
88.89
88.22
88.62
88.74
87.04
88.01
88.66
90.01
85.04
88.31
87.24
88.77
88.36
87.40
89.47
84.76
86.24
86.44
86.01
87.84
88.50
88.19
88.88
86.13
88.14
84.37
86.46
89.51
88.31
87.20
86.79
88.47
87.50
87.67
85.34
85.37
89.27
88.74
89.56
88.92
84.91
87.04
88.37
89.33
89.14
88.41
88.88
88.45
87.87
87.21
85.48
87.42
89.21
88.40
86.32
84.47
86.89
89.18
87.26
89.40
88.78
85.42
86.30
87.92
87.76
88.29
87.52
89.63
89.79
85.93
89.16
87.28
85.35
87.08
