92.23
91.80
92.08
91.92
90.74
92.96
93.02
91.71
93.00
91.14
92.48
91.87
91.89
91.81
90.59
92.43
91.96
92.41
91.82
90.41
92.05
92.97
91.71
93.28
92.75
92.79
92.27
91.20
92.08
89.87
93.01
93.60
92.83
92.30
93.67
92.60
92.57
92.52
92.54
93.20
91.18
91.96
91.59
92.74
92.58
92.63
92.97
89.67
92.14
91.53
92.30
92.52
92.09
92.61
92.98
92.06
92.11
93.06
93.21
91.24
92.82
91.94
93.06
89.72
92.01
93.51
92.82
92.25
93.54
92.32
92.27
92.61
91.95
92.80
92.10
92.71
92.46
93.38
92.46
92.89
91.59
90.11
91.96
91.64
91.90
92.89
92.83
92.94
91.32
92.64
92.38
92.98
92.95
90.49
92.52
91.93
91.33
92.31
90.37
92.39
92.66
92.00
92.40
92.46
92.78
93.69
92.49
90.13
92.29
91.65
93.33
92.19
92.80
93.00
90.84
91.85
90.75
90.32
92.93
93.46
89.89
91.81
92.40
92.47
92.02
91.74
92.38
92.34
92.36
91.81
91.15
92.20
88.40
91.47
92.18
93.27
92.41
92.22
93.19
92.44
92.45
92.58
92.70
93.06
92.86
89.56
91.83
91.07
92.68
93.12
92.37
89.76
90.26
93.07
92.56
93.06
91.06
93.14
92.18
92.22
91.41
92.14
92.82
92.72
93.85
91.99
92.66
92.24
91.40
89.73
92.33
92.93
91.35
92.85
92.01
92.92
92.88
91.71
90.78
90.90
90.98
92.27
91.09
92.47
93.47
92.09
91.99
92.99
91.92
91.88
92.89
92.27
93.16
92.70
90.98
91.16
93.82
91.64
91.84
91.19
91.97
92.92
92.53
93.82
93.63
92.45
92.63
90.95
92.57
92.37
93.37
92.04
92.13
92.60
92.06
92.66
92.37
93.67
93.18
92.61
92.84
93.04
91.96
91.62
92.11
91.59
90.72
92.35
91.44
91.56
90.54
92.08
92.77
93.38
92.77
90.25
92.48
92.19
92.70
92.36
91.66
92.55
92.20
92.78
91.54
91.10
92.57
91.72
92.09
90.45
92.25
92.12
90.89
93.02
92.01
93.29
92.62
92.10
92.20
92.04
92.05
89.99
91.91
91.76
92.03
91.41
92.16
93.53
92.73
89.24
90.94
91.15
91.84
91.71
92.74
91.53
93.14
92.74
92.22
91.49
92.12
92.06
91.90
92.58
93.04
91.88
91.88
93.49
92.21
92.69
92.91
91.12
92.95
92.15
91.36
93.26
89.94
92.91
91.94
89.94
92.60
91.75
92.80
93.76
92.86
89.70
92.90
93.05
92.07
93.23
93.69
92.48
91.73
91.95
91.29
90.14
90.71
91.55
92.92
93.35
92.69
92.38
91.04
91.52
92.43
92.49
91.11
92.82
91.29
91.09
90.87
92.99
92.83
92.67
87.41
90.25
92.38
92.44
93.34
93.45
93.19
91.74
92.93
93.84
92.08
91.29
91.19
92.56
91.48
92.36
92.44
92.81
92.25
92.09
90.90
93.02
92.40
93.20
91.72
92.67
92.97
92.61
92.60
93.16
91.96
91.22
91.53
92.91
92.48
93.75
92.99
90.69
92.04
90.46
92.25
92.76
90.91
92.50
92.86
91.49
90.56
92.08
91.68
91.18
90.84
93.13
93.24
93.28
92.36
91.47
92.84
92.27
92.30
93.53
91.80
92.75
92.69
91.60
90.72
92.16
91.84
91.44
93.07
92.39
92.30
92.31
92.65
92.37
92.31
90.58
92.32
91.60
91.43
93.39
92.87
91.68
91.72
90.76
92.01
91.14
91.60
93.49
92.35
92.72
91.07
93.43
91.40
91.83
93.55
91.03
90.76
91.98
93.12
92.09
92.50
91.26
93.08
92.58
91.66
90.42
90.95
90.92
91.74
92.76
92.69
92.98
92.33
92.71
91.54
92.31
93.13
92.13
91.95
91.88
93.24
93.64
92.17
92.91
91.69
91.41
91.97
91.48
91.83
93.59
90.38
92.37
92.05
92.38
92.49
91.78
91.79
93.69
92.20
89.81
92.73
91.28
93.01
91.55
92.41
92.79
92.14
91.83
92.85
91.86
92.53
92.43
90.01
91.07
91.93
89.69
91.73
92.20
93.13
91.01
91.27
91.72
92.24
92.52
93.08
92.36
92.22
93.03
92.33
91.69
92.57
92.36
93.01
92.48
92.09
91.05
92.02
91.44
92.15
92.97
92.33
92.91
93.73
90.97
91.22
91.66
93.03
91.97
92.79
92.27
92.44
92.13
90.92
91.93
93.16
92.04
91.85
92.75
92.54
93.37
91.44
91.78
91.90
91.67
92.05
94.03
93.67
92.19
93.10
91.95
91.92
90.36
91.23
91.29
92.81
91.77
92.61
92.63
91.00
92.44
89.32
91.99
89.65
89.58
92.34
91.38
93.48
93.10
92.94
91.41
93.48
91.99
92.40
91.90
90.82
90.80
92.46
91.14
91.92
92.95
92.07
92.95
92.04
91.58
92.65
91.25
90.87
93.19
92.08
89.92
91.26
90.31
90.57
93.61
90.84
92.94
92.61
92.26
92.44
91.76
92.95
92.18
93.14
92.25
91.74
92.39
89.84
91.06
92.28
91.85
89.14
90.73
91.03
93.38
91.56
92.24
91.29
91.13
92.04
91.42
93.15
91.69
91.95
92.57
91.99
90.52
93.24
91.00
93.49
91.71
91.82
91.56
92.52
92.61
93.93
90.47
93.41
92.84
92.14
91.30
90.55
92.16
91.95
90.13
91.78
91.55
91.97
89.48
91.87
92.21
89.65
92.06
92.60
91.87
92.40
93.18
92.47
92.15
89.37
88.64
91.50
91.54
92.46
91.82
92.95
92.29
93.31
90.50
92.20
92.89
90.46
92.29
92.27
92.35
91.09
92.96
91.88
89.14
93.01
93.41
93.14
90.88
92.45
91.93
92.26
90.58
92.25
91.91
91.73
90.71
92.61
91.09
91.35
92.81
90.67
92.26
92.40
91.15
93.11
91.62
90.82
93.15
88.65
92.06
90.56
91.70
91.74
91.78
93.67
92.39
92.41
91.09
91.12
92.03
93.25
91.04
92.08
92.49
91.74
93.30
91.47
91.08
92.15
92.59
92.88
92.69
92.72
91.20
92.24
91.92
92.46
91.82
93.59
92.58
92.79
93.35
91.58
93.13
93.20
90.30
91.91
92.41
90.53
93.01
92.93
91.01
92.18
92.59
92.86
91.58
93.50
92.65
90.91
92.42
90.77
90.30
91.50
91.44
91.71
89.50
93.09
92.22
92.88
92.33
90.72
91.72
91.84
92.23
91.58
90.61
92.91
89.17
90.37
91.08
92.75
92.21
91.46
92.01
91.38
91.68
92.27
91.40
93.32
92.55
91.09
92.94
92.80
92.89
91.78
91.81
92.93
91.14
92.55
91.72
90.98
91.04
89.77
92.53
91.57
92.29
92.91
90.69
92.17
92.75
92.40
91.77
92.81
92.81
92.28
93.11
93.27
92.11
90.69
91.35
92.22
91.88
91.78
89.99
92.50
92.11
92.66
92.42
92.89
90.85
91.55
93.15
92.43
91.93
92.40
92.36
92.84
93.03
93.01
91.20
93.40
92.41
92.72
91.03
90.54
92.70
92.26
93.35
92.26
92.03
92.32
90.99
91.56
92.21
92.73
93.13
90.37
92.42
91.01
92.29
93.38
92.22
92.78
92.06
92.28
93.10
92.49
92.74
93.13
92.87
93.29
90.21
90.57
93.16
93.34
92.45
93.24
91.74
89.34
91.64
92.11
92.69
92.93
93.19
89.08
92.27
91.44
92.27
91.50
92.80
91.20
92.84
93.15
93.01
92.06
91.65
93.32
91.21
91.28
92.94
92.31
92.71
91.87
92.18
90.64
91.78
92.66
93.89
89.07
91.21
92.15
92.53
92.18
92.38
92.89
91.56
90.98
93.50
91.68
90.81
91.46
92.78
92.47
92.87
92.38
91.15
92.05
92.76
92.66
92.77
92.51
91.94
92.62
90.53
93.66
92.13
92.40
90.36
92.04
91.92
93.76
92.39
91.20
92.13
91.35
92.35
93.27
91.85
90.72
90.97
92.80
93.11
91.77
90.72
91.92
91.34
93.21
90.73
93.50
92.45
92.89
92.50
92.23
91.98
91.36
91.62
91.56
92.35
93.01
92.40
93.35
93.51
93.37
91.39
92.08
92.96
91.90
92.03
92.45
92.65
92.29
90.80
93.51
92.68
92.78
92.11
92.64
92.09
91.08
91.45
91.87
91.49
92.12
92.42
93.23
91.46
92.84
90.53
92.15
92.94
93.64
92.98
92.98
92.58
89.14
92.26
91.62
90.13
92.19
91.38
92.40
92.18
