97.41
97.38
97.54
97.14
96.97
97.40
97.46
97.49
97.43
97.36
97.28
97.34
97.51
97.22
97.34
97.48
97.08
97.26
97.50
97.28
97.36
97.27
97.55
97.02
97.26
97.35
97.35
97.34
97.54
97.62
97.35
97.32
97.47
97.52
97.46
97.46
97.31
97.26
96.43
97.58
97.43
97.44
97.43
97.24
97.57
97.30
97.67
97.47
97.42
97.17
97.18
97.48
97.11
97.36
97.27
97.49
97.53
97.46
97.22
97.54
97.31
97.47
97.23
97.30
97.45
97.36
97.34
97.59
97.28
97.47
97.49
97.69
97.22
97.60
96.96
97.55
97.50
96.95
97.46
97.57
97.31
97.35
97.14
97.28
96.99
97.42
96.67
97.09
97.44
96.94
97.54
97.51
97.31
97.62
97.39
97.67
97.22
97.48
97.20
97.49
97.10
97.24
97.53
97.15
97.44
97.52
97.35
97.39
97.20
97.48
97.35
97.30
97.37
97.47
97.34
97.47
97.53
96.86
97.41
97.10
97.58
97.57
97.47
97.23
97.21
97.47
97.42
97.26
97.36
97.46
97.56
97.64
97.32
97.43
97.37
97.52
97.28
97.42
97.02
97.44
96.81
97.05
97.43
97.52
97.04
97.10
97.62
97.25
97.64
97.26
97.32
97.20
97.22
97.34
96.89
97.29
97.32
97.65
97.56
97.48
97.23
97.11
97.26
97.44
97.22
97.51
97.28
96.99
97.52
97.30
97.63
97.11
97.42
96.97
97.35
97.52
97.28
97.41
97.46
97.57
97.41
97.30
97.07
97.35
97.40
97.18
97.54
97.26
97.25
97.52
97.41
97.15
97.00
97.44
97.51
97.05
97.14
97.34
97.48
97.20
97.14
97.23
97.37
97.16
97.44
97.48
97.13
97.14
97.50
97.29
97.51
97.24
97.24
97.46
97.65
97.55
97.03
97.25
97.24
97.35
97.08
97.29
97.34
97.43
97.28
97.69
97.14
97.17
97.33
97.23
97.44
97.41
97.51
97.40
96.98
97.31
97.59
97.17
97.36
97.53
97.51
97.26
97.35
97.29
97.41
97.31
97.57
97.49
97.15
97.34
96.71
97.51
97.56
97.36
97.37
97.30
97.25
97.21
97.16
97.41
97.34
97.44
97.44
97.32
97.52
97.36
97.60
97.46
97.19
97.11
97.05
97.54
97.33
97.52
97.49
97.15
97.23
97.40
97.71
97.58
97.55
97.50
97.17
97.38
97.53
97.45
96.82
97.58
97.66
97.49
97.39
97.14
96.58
97.17
97.44
97.13
96.78
97.47
97.49
97.49
97.02
97.17
97.37
97.20
97.42
97.57
97.52
97.23
97.47
97.21
97.14
97.57
97.45
97.32
97.47
97.26
97.12
97.33
97.12
97.48
97.39
97.04
97.31
97.22
97.54
96.96
97.17
97.37
96.97
97.44
97.44
97.14
97.33
96.88
97.26
97.36
97.38
97.12
97.32
96.99
97.49
97.17
97.67
97.52
97.59
97.11
97.09
97.46
97.10
97.30
97.59
96.81
97.30
97.19
97.16
97.37
97.46
97.31
97.35
97.37
97.46
97.28
97.00
97.13
97.49
97.47
97.83
97.21
97.37
97.22
97.61
97.37
97.09
97.26
97.17
97.56
97.14
97.04
97.24
97.08
97.39
97.41
97.47
97.65
97.62
97.48
97.60
96.91
97.10
97.35
97.41
97.85
97.49
97.48
97.51
97.33
97.26
96.88
97.16
97.18
97.34
97.20
97.17
96.69
97.49
97.37
97.43
97.16
97.34
97.24
97.34
97.27
97.27
97.19
97.32
97.64
97.47
97.41
97.35
97.28
97.32
97.38
96.95
97.33
97.67
97.53
97.41
97.18
97.53
97.66
96.97
97.52
97.51
96.71
97.01
97.55
97.29
97.09
97.17
97.05
97.51
97.43
97.29
96.90
97.52
97.42
97.10
97.08
97.29
97.57
97.07
96.77
97.38
97.23
97.39
97.48
97.15
97.34
97.37
97.18
97.36
97.28
97.46
97.35
97.51
97.27
97.05
97.06
97.54
97.14
97.51
97.28
96.99
97.24
97.14
97.52
97.55
97.25
97.26
97.44
97.38
97.56
97.11
97.16
97.47
97.14
97.35
97.12
97.39
97.31
97.56
97.46
97.39
97.17
97.42
97.21
97.29
97.24
97.44
97.06
97.53
97.27
97.42
97.18
97.17
97.52
97.18
96.95
97.38
97.41
97.44
96.95
97.47
97.35
97.33
97.49
97.32
97.69
97.37
97.43
97.36
97.12
97.44
97.28
97.51
97.38
97.54
96.91
97.39
97.44
97.32
97.37
97.18
97.52
97.20
97.54
97.37
97.27
97.25
97.20
97.64
97.14
97.10
97.36
97.53
97.28
97.40
97.51
97.28
97.46
97.02
97.18
97.23
97.04
97.68
97.50
96.71
97.56
97.47
97.72
97.48
97.50
97.47
97.12
97.56
97.40
97.30
97.49
97.34
97.33
96.82
97.55
97.30
97.54
97.09
97.11
97.30
97.30
97.28
97.42
97.56
97.37
97.21
97.44
97.34
97.64
97.32
97.34
97.34
97.24
97.42
97.15
96.85
97.26
97.37
97.27
97.63
97.36
97.26
97.40
97.35
97.42
97.09
97.42
97.58
97.45
97.39
97.36
97.02
97.61
97.31
97.49
97.75
97.36
97.57
97.22
97.12
97.47
97.40
97.52
97.25
97.38
97.70
97.43
97.40
97.08
97.31
97.30
97.26
97.33
97.23
97.20
97.32
97.72
97.27
97.63
97.28
97.61
97.42
97.71
97.39
97.30
97.49
97.32
97.30
97.10
97.30
97.52
97.51
97.33
97.04
97.36
97.36
97.28
96.84
97.26
97.21
97.35
97.51
97.17
97.33
97.07
96.97
97.33
97.37
97.05
97.40
97.22
97.33
97.43
97.28
97.37
97.23
96.59
97.22
97.30
97.09
97.28
97.21
97.47
97.48
97.46
97.28
97.39
97.45
97.47
97.40
97.35
97.49
97.37
97.26
97.07
97.59
97.36
97.61
97.70
97.61
97.22
97.62
97.47
97.11
97.41
97.34
96.83
97.63
97.09
97.20
97.25
97.38
97.38
97.73
96.74
97.25
97.23
97.35
97.30
97.57
97.34
97.42
97.00
97.45
97.29
97.48
97.32
97.13
97.33
97.06
97.40
97.19
97.24
97.59
97.52
97.43
97.32
97.43
97.25
97.47
97.14
97.20
97.55
97.37
97.44
97.09
97.50
97.59
97.17
97.43
97.35
97.49
97.24
97.53
96.95
97.30
97.53
97.27
97.37
97.35
97.50
97.32
97.57
97.26
97.35
97.43
97.58
97.45
97.30
97.38
97.30
97.44
97.23
97.32
97.20
97.22
97.68
97.25
97.11
97.35
97.52
97.46
97.43
97.54
97.39
97.37
97.18
97.29
97.34
97.38
97.55
97.27
97.48
97.04
97.27
97.31
96.78
96.93
97.24
97.38
97.21
97.33
97.05
97.53
97.11
97.31
97.49
97.19
97.41
97.29
97.28
97.26
97.32
97.32
97.48
97.18
96.95
97.14
97.62
96.86
97.32
97.23
97.05
97.10
97.23
97.59
97.46
97.14
97.35
96.95
97.06
97.08
97.04
97.57
97.15
97.36
97.35
97.49
97.52
97.31
96.93
97.56
97.31
97.55
97.14
97.34
97.36
97.31
97.54
97.66
97.40
97.38
97.24
97.26
97.62
96.95
97.17
97.31
97.33
97.16
97.36
97.18
97.19
97.59
97.25
97.22
97.38
97.38
97.67
97.13
97.33
97.37
97.03
97.54
97.46
97.25
97.44
97.19
97.22
96.81
97.51
97.00
97.69
97.35
97.35
97.40
97.37
97.14
97.62
97.41
97.19
97.54
97.39
97.27
97.52
97.20
97.22
97.37
96.97
97.21
97.07
96.94
97.45
97.10
97.62
97.00
97.37
97.08
96.94
97.32
97.60
97.13
97.31
97.45
97.14
97.27
97.32
97.13
97.24
97.46
97.22
97.24
97.30
97.62
97.19
97.29
97.23
97.36
97.42
97.53
97.47
97.35
97.50
97.25
97.13
97.26
97.30
97.34
97.05
97.29
97.37
97.47
97.12
97.44
97.40
97.14
96.92
97.01
97.15
97.28
97.48
97.34
97.51
97.46
97.46
97.16
97.40
97.60
97.35
97.43
97.10
97.40
97.25
97.52
97.56
97.55
97.30
97.19
97.10
97.63
97.49
97.34
97.69
97.59
97.10
97.30
97.32
97.62
97.30
97.25
97.58
97.38
97.39
97.48
97.62
97.37
97.58
97.45
97.26
97.13
97.31
97.00
97.47
97.38
97.48
96.75
97.41
96.96
97.43
96.81
97.42
96.96
97.75
