97.28
98.06
98.04
98.10
97.87
97.80
97.33
98.08
97.64
97.96
98.03
98.06
98.00
98.13
98.39
97.48
98.05
97.88
97.93
97.61
98.07
98.29
97.46
97.84
97.94
98.00
98.15
97.47
97.92
98.27
98.10
97.87
98.11
97.71
97.72
97.98
98.19
97.95
97.82
98.21
98.60
98.39
97.69
98.16
98.15
97.89
98.06
98.15
97.95
97.68
97.52
97.81
97.50
98.11
97.98
97.80
98.28
97.91
98.19
97.46
98.26
97.99
98.07
97.95
97.87
98.07
97.67
98.45
98.02
97.03
98.20
98.17
98.04
98.31
98.02
97.95
97.58
98.04
97.58
98.22
98.11
97.65
97.63
97.96
98.36
98.07
97.82
98.22
97.98
97.66
98.32
97.59
97.17
98.29
98.08
97.95
98.19
97.72
97.71
98.10
98.00
97.95
97.78
97.90
98.10
98.21
97.80
97.82
98.10
98.22
98.36
98.19
98.01
98.17
98.09
98.05
98.15
97.67
97.46
97.88
98.33
98.02
97.88
97.47
98.40
98.33
98.09
98.19
98.36
98.36
97.80
97.52
98.16
97.70
98.09
98.04
97.82
98.31
98.30
97.84
98.16
97.85
97.65
97.51
98.04
98.14
98.52
98.00
97.76
98.20
98.27
98.43
97.59
98.25
97.95
98.24
97.90
97.43
97.97
97.96
98.55
97.82
98.35
98.39
97.93
97.85
98.09
97.80
98.00
97.71
97.60
98.07
98.19
97.93
98.26
98.24
97.38
98.37
97.70
98.04
97.61
97.88
98.17
96.52
98.10
98.00
98.29
98.32
97.70
98.01
97.80
98.18
97.88
98.05
98.32
97.48
97.85
98.21
98.05
97.66
97.93
98.12
97.97
97.61
98.12
97.65
97.19
97.85
97.78
97.65
97.60
98.20
98.09
97.81
98.30
97.51
98.10
97.90
98.06
97.76
97.58
98.25
98.20
98.10
97.99
98.19
98.18
98.33
98.31
98.05
98.13
98.10
98.08
98.09
98.25
98.09
97.83
97.73
98.01
97.73
97.80
98.06
97.95
98.03
98.02
98.21
98.08
96.98
98.00
97.77
98.19
97.30
97.64
98.15
98.31
98.12
97.80
97.82
98.16
97.71
98.13
98.21
97.89
98.29
98.20
98.22
97.60
98.15
98.32
98.29
97.76
97.55
97.97
97.97
98.27
98.13
97.77
97.82
97.94
97.99
98.13
98.34
97.85
98.02
97.40
96.88
97.92
98.22
97.98
98.31
97.86
97.78
98.04
98.17
97.93
97.92
97.35
97.97
98.30
98.12
98.17
98.50
98.28
98.13
98.08
97.37
97.58
98.03
98.33
97.87
97.64
97.93
97.87
97.46
98.02
97.58
97.97
98.19
98.38
97.82
98.04
98.25
98.22
98.34
98.09
98.08
97.92
97.95
98.23
98.30
97.67
98.02
97.77
98.19
98.34
98.09
97.60
97.90
97.52
97.67
98.04
97.51
97.92
98.15
98.10
97.90
98.08
98.38
97.13
98.03
98.17
98.58
98.24
97.63
98.36
97.97
97.67
98.26
97.78
97.65
98.09
97.42
97.82
98.27
98.17
97.76
98.08
98.14
98.10
97.87
97.33
98.10
97.73
98.23
97.94
98.22
98.06
97.90
97.93
98.16
97.63
97.88
98.19
98.20
97.68
97.56
97.61
98.44
97.98
98.39
97.83
97.72
97.96
97.92
98.21
98.15
98.09
97.56
98.45
97.63
98.11
98.15
97.67
97.95
97.93
97.11
97.53
98.40
97.95
98.11
98.25
98.24
97.37
97.95
97.49
97.08
98.42
97.77
98.07
98.28
98.41
98.00
97.94
97.87
98.04
98.23
98.29
97.64
97.88
97.31
97.90
98.02
96.16
98.12
98.39
98.00
98.09
98.12
98.22
97.70
98.19
97.84
97.73
97.81
97.90
98.09
97.70
98.08
98.16
97.96
97.88
98.03
98.17
98.38
97.82
97.78
98.09
98.41
97.74
97.68
97.83
98.07
97.83
98.02
98.44
98.51
97.89
98.28
98.12
97.89
98.04
97.27
98.16
98.36
98.21
98.19
97.94
98.26
97.34
97.14
97.65
98.31
97.89
97.67
98.04
98.07
98.35
97.50
97.17
98.18
97.59
97.84
97.57
97.77
97.74
98.18
98.04
97.62
97.72
97.84
97.98
98.02
98.03
98.28
98.24
98.18
98.12
98.07
98.01
97.80
98.00
97.81
98.32
97.98
97.89
97.57
98.04
98.05
98.35
98.01
97.69
98.01
98.42
98.18
98.24
98.26
98.40
98.03
97.68
98.19
97.48
97.87
98.06
98.09
98.04
97.58
97.00
97.92
97.84
97.85
98.20
97.85
97.91
98.16
97.56
97.93
98.09
97.70
98.03
97.80
97.76
97.98
98.21
97.87
97.96
98.05
98.25
98.11
97.81
97.65
98.11
96.51
97.70
97.93
97.70
98.35
98.21
98.16
98.04
97.46
97.62
97.46
97.84
98.06
97.98
97.41
97.44
98.05
98.01
97.98
97.94
97.89
98.15
98.09
97.91
98.25
98.34
98.34
98.13
98.05
98.18
97.23
98.30
98.41
98.29
98.29
97.76
98.25
97.94
97.94
98.05
97.68
98.16
98.00
98.09
97.64
97.27
97.43
97.63
97.49
97.63
98.01
98.36
98.13
98.29
97.89
97.99
98.10
98.07
97.95
97.96
97.99
97.92
97.38
97.23
97.92
97.96
98.20
97.75
97.89
97.83
98.04
97.57
97.94
97.93
97.84
97.73
98.27
97.58
98.29
98.13
98.11
97.93
97.88
98.29
98.01
98.35
97.92
98.19
97.86
97.95
98.21
96.95
98.21
97.90
98.23
97.73
97.89
98.38
98.35
98.33
97.67
98.01
98.09
97.82
97.86
98.25
98.11
97.86
98.32
97.71
98.16
98.27
97.68
98.43
97.86
98.06
97.78
98.32
97.88
98.16
98.16
98.05
97.90
98.28
98.26
97.77
98.33
98.14
98.04
98.06
97.58
98.34
98.13
97.84
98.08
97.71
97.64
98.04
98.24
98.09
97.50
98.09
97.92
97.49
97.87
98.03
98.00
98.03
97.46
98.00
98.19
98.12
98.15
97.83
98.15
98.07
98.17
98.01
98.08
98.09
97.90
98.12
97.34
98.34
97.54
97.99
98.30
98.08
97.96
97.97
98.03
97.12
97.99
97.93
98.16
98.25
97.91
98.08
97.89
97.77
98.19
98.06
98.18
97.89
98.29
97.65
97.75
98.03
98.03
98.16
97.28
97.94
98.39
97.95
98.12
98.00
98.18
97.94
98.14
97.69
97.93
97.68
98.03
97.68
98.28
97.99
97.61
98.29
97.97
98.30
97.79
96.95
98.07
98.41
97.99
98.15
97.92
97.50
98.16
97.93
97.76
97.98
98.32
97.94
97.91
98.32
97.90
98.14
97.81
98.03
96.90
97.99
96.64
96.83
97.64
97.74
98.13
98.17
98.32
98.08
97.44
97.79
98.18
97.63
98.28
98.23
97.23
97.65
98.30
97.59
98.22
98.35
98.01
98.07
98.36
98.06
97.73
97.97
97.63
98.01
98.07
98.12
97.74
98.23
97.82
98.33
97.81
98.44
98.01
98.11
98.10
98.20
98.21
97.44
97.55
98.10
98.11
97.56
98.14
97.75
97.66
97.96
98.21
98.08
97.91
98.24
98.16
97.75
98.44
98.21
98.15
98.34
98.02
98.03
97.27
97.94
98.46
98.06
98.15
97.84
98.22
97.47
98.43
97.50
98.18
97.62
98.01
98.23
98.17
97.91
97.41
98.11
98.00
98.12
97.75
98.18
98.00
97.85
98.26
97.61
98.00
98.19
97.88
97.22
97.92
97.84
97.95
98.12
98.24
97.57
98.22
97.85
98.26
98.00
97.57
98.25
97.85
98.26
98.37
98.09
98.25
97.08
98.15
97.73
97.82
98.13
98.32
98.02
98.21
97.48
97.66
97.41
97.61
98.44
97.91
97.91
98.34
98.30
98.00
97.85
98.29
97.82
98.37
98.17
97.68
97.59
97.49
97.99
98.28
97.95
98.09
97.81
97.79
97.84
96.76
98.10
98.09
98.25
97.96
97.72
97.80
98.27
97.73
98.43
98.28
97.88
98.12
97.72
97.86
97.95
97.79
98.07
96.87
98.21
97.85
97.68
97.68
98.36
97.38
98.26
97.61
98.36
97.63
98.10
97.41
98.08
98.24
98.01
98.18
98.31
98.26
98.47
98.04
97.97
97.42
97.42
98.05
97.85
98.00
98.16
98.28
98.05
98.12
98.36
98.05
98.11
97.85
97.91
98.00
98.05
98.49
97.87
97.87
98.22
98.16
97.44
98.14
98.06
98.13
