95.25
95.60
95.65
94.94
94.94
94.73
94.96
95.45
95.35
95.10
95.26
94.71
95.52
95.57
94.92
95.37
95.50
95.55
95.54
95.02
95.62
95.29
95.11
94.44
94.93
95.29
94.64
95.05
94.26
95.63
94.94
95.79
94.78
95.35
95.52
95.26
95.63
95.39
95.74
95.17
95.53
95.48
95.11
94.76
95.72
95.09
94.96
95.45
95.45
95.27
95.34
95.56
95.53
95.33
95.52
95.59
94.85
95.50
94.84
95.32
95.80
95.81
94.98
95.00
95.27
94.84
94.83
94.92
95.85
95.78
95.45
95.45
95.59
95.07
94.26
95.15
95.26
95.61
95.40
95.35
95.67
95.80
94.55
95.45
95.75
95.65
95.24
95.42
94.18
95.54
94.97
95.70
95.25
94.96
95.87
95.41
95.78
95.31
95.62
94.53
95.96
95.02
95.17
95.52
94.57
95.52
94.81
95.77
95.88
95.38
95.06
95.17
95.78
95.74
95.51
94.96
95.15
95.34
95.51
95.37
95.64
94.36
95.72
95.50
93.69
95.19
95.56
95.09
95.45
94.65
95.67
95.76
95.47
95.55
94.73
95.28
95.70
94.90
94.81
95.44
95.28
95.41
95.15
94.82
95.43
95.41
95.56
95.76
95.07
95.82
94.84
94.88
95.01
95.14
95.23
95.40
94.93
94.87
93.54
94.73
95.71
95.66
95.47
95.55
95.70
95.14
95.22
95.17
95.24
95.51
95.59
95.54
94.34
95.35
95.33
95.27
95.25
95.23
95.53
95.70
94.86
95.11
95.69
95.13
95.44
95.12
95.42
95.31
95.71
95.34
94.87
94.37
95.45
95.34
95.37
95.36
95.78
95.66
95.75
95.00
95.32
94.64
95.49
95.57
95.42
95.23
95.33
94.98
95.63
95.18
94.80
95.52
95.65
95.58
95.46
95.69
95.75
95.64
94.85
95.64
94.73
95.12
95.72
95.47
95.33
95.61
95.45
95.48
95.34
95.31
95.39
95.38
94.01
95.74
95.27
95.12
95.39
95.31
95.63
95.74
95.37
94.73
95.43
95.39
95.86
95.66
95.75
95.51
94.73
94.98
95.39
95.23
95.15
95.42
95.63
95.40
94.69
95.44
95.37
95.06
95.84
95.29
95.79
95.63
94.53
95.19
94.72
95.79
95.54
95.42
95.30
95.72
95.51
94.67
95.37
95.48
95.42
94.69
95.17
95.67
95.07
94.97
95.75
96.15
95.32
95.80
94.74
94.79
95.58
95.79
95.51
94.96
94.54
95.70
95.07
95.65
95.15
95.63
95.47
95.72
94.71
94.97
95.31
95.07
95.45
95.51
94.46
95.26
95.88
95.96
95.12
95.24
95.49
95.30
95.44
94.75
95.02
95.44
95.57
95.90
95.08
94.94
95.02
95.07
95.26
95.35
95.22
94.52
95.36
95.38
94.44
95.55
95.43
95.91
95.25
94.63
94.39
94.73
93.93
94.80
95.43
95.24
94.85
95.36
94.91
94.32
95.49
95.71
95.50
95.66
95.25
96.03
95.13
95.21
95.43
94.89
94.89
95.42
95.44
95.20
95.32
95.42
95.65
94.98
94.91
95.41
94.90
95.60
94.79
95.80
95.53
95.36
95.26
95.71
95.17
95.39
95.67
95.74
95.14
95.81
95.49
95.04
95.37
95.37
95.44
95.74
95.49
94.97
95.07
95.46
95.68
95.16
95.49
95.43
95.12
95.51
94.07
94.77
94.91
95.33
95.01
95.26
95.15
95.00
94.93
95.49
94.98
95.73
94.93
95.05
95.26
95.38
95.41
95.24
95.57
95.17
95.30
95.50
95.36
95.30
95.60
95.17
95.75
95.03
95.35
95.31
95.15
95.45
95.22
95.82
95.22
94.52
95.21
95.81
95.60
95.65
95.38
96.10
95.43
95.52
95.47
95.32
95.31
95.61
94.66
94.48
95.54
95.34
95.29
95.95
94.98
94.89
95.41
95.94
95.13
95.61
95.37
95.43
95.11
95.69
95.08
95.41
95.26
95.76
95.67
95.69
95.20
95.28
95.50
94.99
95.45
95.91
95.69
94.96
95.40
95.07
95.23
95.78
95.57
95.58
93.42
95.46
95.03
94.68
95.72
93.75
95.53
95.44
95.66
95.67
95.32
95.63
95.77
95.35
95.35
94.97
94.75
95.54
94.87
94.52
94.78
94.61
95.13
95.52
95.68
95.66
94.37
95.43
95.22
95.07
95.23
95.38
95.13
95.80
95.62
95.61
94.98
95.69
95.13
94.87
95.54
95.87
95.26
96.03
94.74
95.31
95.23
95.01
95.54
95.40
95.78
94.62
95.15
95.98
95.43
95.32
95.23
94.48
95.15
95.42
94.72
95.66
95.69
94.96
95.64
95.76
95.26
95.56
95.49
95.32
95.21
95.53
95.43
95.18
95.35
95.40
95.62
95.48
95.78
95.67
94.96
95.58
95.70
95.61
95.53
94.99
95.35
95.79
95.56
95.99
96.02
95.21
95.80
95.54
95.72
95.30
94.05
96.01
95.82
96.00
95.46
95.50
96.00
95.42
95.69
94.40
95.27
95.60
95.42
95.82
95.69
95.74
95.34
94.71
95.47
95.62
95.30
95.15
95.31
95.25
95.35
95.10
95.58
95.52
94.82
95.81
95.35
95.56
95.18
95.57
95.16
94.92
94.87
95.29
95.29
95.81
95.65
95.38
95.80
94.91
95.54
95.83
95.29
95.17
95.36
94.94
94.71
95.38
94.78
95.56
95.31
95.02
95.53
95.49
96.00
94.91
95.12
95.18
95.60
96.06
95.75
95.12
94.82
94.78
95.33
95.70
95.80
94.67
95.61
96.21
94.98
95.35
95.46
95.85
95.38
95.24
95.50
95.48
95.60
95.08
94.79
95.13
94.78
95.19
95.31
95.90
95.71
95.45
95.18
95.33
95.55
95.74
94.54
94.98
95.59
95.01
95.72
95.17
94.88
94.84
94.94
95.02
95.59
95.03
95.39
95.01
95.71
95.05
95.21
94.96
94.84
95.13
95.65
94.85
95.10
95.33
95.42
95.27
95.77
95.76
94.22
95.51
95.37
95.33
95.53
94.84
95.23
94.74
95.60
95.60
95.72
95.07
94.71
94.92
95.66
95.18
95.63
95.23
95.01
95.59
95.23
95.51
94.80
95.52
95.83
93.42
95.11
94.70
95.82
95.14
95.94
95.40
95.83
95.35
95.19
95.05
94.73
95.91
95.72
95.71
95.19
94.80
95.71
94.85
95.51
95.46
95.68
94.69
95.35
95.32
95.23
95.06
95.74
95.42
94.81
94.82
95.37
94.86
95.13
94.98
94.89
94.72
95.82
95.79
94.57
95.36
95.16
94.84
94.89
95.36
94.49
95.30
95.48
94.45
94.62
95.37
95.37
94.95
95.49
96.12
95.40
95.41
95.32
95.33
95.70
95.74
95.90
94.97
94.90
94.88
95.76
94.86
95.45
95.04
95.24
95.28
94.74
95.70
94.98
95.09
95.27
95.15
94.89
95.69
94.91
95.90
94.49
95.18
95.82
94.99
94.59
95.00
95.41
95.40
94.92
95.42
95.10
95.39
95.25
95.20
94.94
94.42
95.86
95.15
95.75
95.00
95.32
95.24
95.63
95.84
95.50
95.17
95.63
95.32
95.50
95.17
95.79
95.43
95.20
95.46
95.48
95.41
95.47
95.49
94.93
94.61
95.40
95.45
94.86
95.43
95.41
95.63
94.87
94.99
95.30
95.40
95.46
95.30
95.50
95.02
95.84
95.29
95.45
95.22
95.11
95.77
95.54
95.62
95.36
95.52
95.19
95.73
95.66
95.11
94.53
95.38
95.51
93.15
94.82
95.47
95.34
95.63
95.37
95.47
95.31
95.87
94.40
95.98
95.32
95.39
95.63
95.13
95.22
95.60
95.13
94.28
95.74
95.38
95.07
94.75
95.40
94.98
95.49
94.75
94.95
94.95
94.81
95.64
95.23
94.77
96.07
95.86
95.05
95.64
95.52
95.66
95.65
95.11
95.47
95.87
95.16
95.10
95.45
95.07
95.88
94.76
95.32
95.46
95.46
94.94
95.58
95.38
95.61
95.45
95.42
95.80
95.43
94.77
95.65
94.31
95.13
94.23
95.55
94.94
94.93
95.13
95.80
95.55
95.45
95.61
95.56
95.58
94.65
95.01
95.17
95.23
95.76
94.96
95.53
94.80
95.41
95.02
95.53
95.99
95.73
94.94
95.18
94.52
94.91
95.03
95.59
95.52
95.39
95.50
95.53
94.44
94.99
95.72
95.51
95.03
95.26
94.74
95.72
95.11
94.87
95.62
95.60
95.00
95.73
95.37
95.23
95.17
95.79
95.62
95.36
95.08
95.77
94.97
95.22
95.47
