81.76
81.04
80.00
81.29
80.17
81.42
76.89
74.26
74.23
84.30
82.37
80.94
83.01
87.11
69.48
78.84
84.00
82.64
83.07
86.19
77.82
79.81
76.29
71.34
84.84
86.00
84.01
81.42
81.87
77.16
84.53
83.18
82.83
85.08
82.72
80.99
82.50
86.94
82.87
72.83
78.51
85.25
83.98
83.95
78.20
82.49
78.66
82.87
76.33
82.65
78.01
81.74
76.34
79.87
78.86
77.92
85.98
78.03
80.76
79.19
80.21
84.45
82.81
76.25
86.10
74.24
84.07
80.92
87.73
84.04
75.85
74.63
82.72
71.18
85.30
80.63
83.57
78.28
82.68
80.03
86.17
71.92
81.02
78.98
86.82
80.52
75.56
80.87
80.42
80.80
75.95
80.19
68.15
74.40
79.71
84.04
77.96
79.87
68.45
80.15
69.78
83.38
77.39
84.80
78.75
78.19
83.27
83.23
82.61
83.94
80.30
83.95
82.16
77.88
62.84
79.04
87.27
77.00
82.69
79.18
79.53
86.41
81.72
77.08
79.52
72.01
82.42
82.64
81.81
79.68
75.81
83.44
86.16
78.04
78.65
78.70
77.30
81.79
77.30
77.70
71.84
83.81
78.41
82.67
78.38
78.65
76.38
82.18
77.51
80.29
79.51
67.20
85.23
77.88
84.03
83.45
84.36
84.66
82.45
77.13
75.21
78.50
82.26
73.37
83.27
80.46
75.33
80.40
80.50
76.25
76.20
80.62
87.73
78.66
79.71
74.59
73.12
82.51
82.13
78.74
88.23
86.89
82.88
85.64
77.98
84.88
82.60
81.76
76.71
82.85
81.13
80.80
76.36
78.61
82.87
74.41
62.98
81.73
80.29
83.35
84.30
74.69
74.56
85.41
76.43
83.66
77.96
81.95
71.70
80.79
80.71
84.99
84.57
75.18
81.46
79.44
77.67
82.11
69.51
72.14
83.84
82.00
84.45
84.78
76.56
83.90
73.59
81.08
75.31
81.38
75.46
86.92
72.78
83.92
76.40
79.53
81.61
79.49
84.98
77.49
83.21
71.07
85.57
87.67
82.82
83.43
85.76
76.81
81.43
81.99
74.16
80.48
71.42
85.29
84.37
87.22
79.06
81.95
66.05
79.70
81.54
81.26
84.02
73.28
83.47
85.34
83.52
80.61
79.97
85.71
74.71
84.31
82.05
82.46
83.37
83.91
83.62
79.93
70.94
80.56
81.43
70.79
79.95
83.30
83.73
70.95
83.96
81.53
69.68
70.84
81.38
79.37
76.12
83.62
87.55
85.73
82.15
81.00
79.93
80.99
88.33
81.12
78.54
85.80
74.49
87.89
84.18
74.48
81.22
82.53
85.05
84.08
82.10
80.26
71.60
82.17
81.87
82.05
77.10
81.65
68.50
81.99
79.05
82.88
85.23
78.11
83.09
82.56
79.84
80.42
79.23
84.39
79.37
80.27
81.25
87.09
81.05
85.94
81.24
72.68
82.94
82.37
78.31
76.60
85.20
83.09
85.24
77.79
75.11
84.15
82.26
80.90
76.84
81.33
85.85
74.40
83.36
76.44
78.05
78.98
81.00
84.14
78.89
76.78
76.76
86.55
67.92
81.44
84.35
82.44
68.22
78.42
79.58
75.84
80.81
84.16
76.99
77.60
82.34
84.05
83.98
77.49
74.87
76.18
83.26
83.54
82.77
77.30
80.83
85.78
81.66
85.69
81.05
83.86
72.47
79.38
77.62
83.59
84.72
84.24
76.93
74.99
82.70
82.41
83.60
82.80
84.23
70.07
82.23
81.93
78.71
77.32
87.25
86.84
77.60
81.50
83.01
87.14
79.97
79.36
80.14
77.64
80.24
80.02
82.59
82.72
83.69
80.87
76.70
79.28
80.10
72.34
81.08
77.61
78.35
84.31
83.55
81.02
66.46
81.68
85.87
75.85
83.87
78.97
75.44
77.39
81.20
79.93
77.65
83.56
80.59
73.11
82.38
81.89
82.52
87.19
77.99
81.71
80.82
79.65
77.02
86.33
82.42
79.53
78.19
82.75
85.29
86.04
76.77
77.91
85.18
83.98
76.77
76.51
82.30
85.28
82.99
76.27
73.04
83.25
78.55
80.68
83.05
75.68
81.27
81.06
83.85
83.45
70.86
84.54
80.17
82.80
84.14
71.38
81.41
79.06
73.39
80.84
83.46
78.38
84.27
80.04
79.38
81.39
80.19
83.64
79.39
72.85
78.72
80.45
82.55
81.06
85.35
81.78
85.45
82.95
84.88
81.44
81.17
85.75
69.46
83.69
76.42
82.93
83.34
83.18
84.34
78.85
84.62
79.86
85.51
85.31
84.27
85.31
79.95
79.16
83.17
81.34
73.15
78.53
78.81
83.89
84.04
78.27
80.20
85.80
72.08
82.51
71.30
83.69
81.30
72.52
86.38
78.46
79.14
81.20
63.67
80.36
82.29
80.58
75.28
82.84
85.17
83.29
86.88
83.71
81.92
86.71
83.71
84.31
82.42
77.88
79.76
81.38
76.37
74.97
83.73
66.41
76.32
75.46
75.16
79.79
78.25
82.84
81.23
79.61
76.14
84.50
79.17
83.68
75.93
73.78
78.60
85.66
85.60
77.51
84.67
74.58
67.75
83.65
79.75
85.50
81.08
82.92
82.94
81.89
78.11
79.63
79.40
80.64
83.72
80.07
73.85
77.98
77.76
77.91
81.49
85.95
84.17
86.36
73.61
76.80
75.60
82.69
78.55
77.34
75.36
81.34
83.63
80.87
80.88
82.85
80.47
80.31
82.81
81.09
82.28
79.92
84.63
81.59
81.38
72.08
81.25
82.09
83.60
77.25
80.30
84.93
79.49
83.91
78.77
78.56
82.90
78.05
81.24
81.75
81.04
77.52
80.31
79.41
84.22
78.47
63.44
79.03
83.51
80.69
76.87
81.74
84.57
84.67
83.15
83.28
85.21
78.30
84.86
80.19
82.10
71.90
82.31
79.10
76.89
83.70
82.00
83.13
86.68
87.00
82.12
86.06
84.06
86.66
84.88
86.20
78.85
77.25
84.17
82.08
83.06
82.27
70.27
82.87
80.33
84.81
80.02
81.95
81.39
71.95
78.53
83.97
78.71
73.18
81.74
83.88
85.33
82.55
81.39
76.30
75.23
80.18
84.46
76.34
75.95
83.84
78.58
84.79
80.85
86.43
82.51
81.02
73.83
78.30
78.59
82.34
87.06
83.54
80.75
81.39
78.33
83.38
82.67
85.59
81.34
78.93
77.18
75.02
84.16
81.35
80.78
79.05
76.33
84.02
74.31
85.47
80.59
71.36
86.16
85.46
79.93
78.42
82.18
81.11
79.85
71.38
79.81
87.62
86.39
71.21
69.67
72.14
87.26
74.14
83.93
78.53
79.22
72.61
79.82
80.81
73.56
83.28
77.27
85.01
85.47
82.85
88.31
82.06
82.94
75.11
86.82
84.75
79.96
75.83
83.72
83.38
73.77
78.50
74.02
85.25
85.01
74.49
78.70
79.83
83.15
76.58
80.51
84.63
80.95
85.51
85.58
82.07
82.58
78.14
79.47
79.10
79.85
80.30
84.10
81.33
83.78
75.16
86.08
84.85
81.37
80.90
75.76
82.50
77.54
85.43
79.92
84.20
80.35
82.02
75.50
82.64
83.87
82.35
80.81
83.16
80.73
82.07
77.57
72.61
79.83
81.41
73.61
82.69
82.14
80.21
79.44
71.48
82.50
76.97
84.17
80.94
75.92
79.02
83.48
86.96
80.93
83.22
83.84
76.16
84.47
72.78
77.65
77.28
86.62
74.72
84.60
75.44
83.17
75.74
80.56
74.63
75.60
82.74
85.52
82.74
86.08
82.06
74.36
80.98
78.82
87.07
76.30
81.55
85.71
76.63
82.83
83.03
78.68
81.60
77.70
78.79
79.74
74.71
74.63
75.32
83.81
79.89
79.39
86.87
78.08
77.29
77.73
82.90
83.13
73.37
85.14
80.42
82.37
84.33
78.73
83.28
82.99
78.26
72.83
81.14
78.74
77.71
84.71
73.22
78.24
86.30
80.19
81.23
82.06
78.02
78.54
79.89
80.94
73.94
83.12
83.14
82.56
80.49
79.12
84.95
72.52
68.71
73.70
79.52
82.86
77.51
84.58
83.01
83.81
83.72
88.17
79.67
79.92
84.29
73.09
80.69
64.62
77.91
79.24
74.33
82.86
85.95
77.04
75.17
80.64
77.12
77.51
81.94
85.20
80.89
74.96
78.94
78.79
81.41
81.04
82.90
79.27
87.27
80.56
81.07
85.43
82.47
76.98
79.22
81.43
75.63
80.13
79.42
82.61
75.29
79.25
76.61
73.81
78.56
76.71
81.90
84.09
85.17
83.27
79.77
81.40
81.13
80.08
81.90
