90.77
91.29
90.84
91.00
91.60
91.50
91.02
91.28
90.49
90.03
90.54
91.09
91.50
90.93
90.84
90.96
91.45
89.24
90.78
90.75
90.27
91.47
91.49
91.29
90.47
90.73
91.29
90.32
90.77
91.02
91.29
90.55
91.01
91.17
90.48
90.60
91.19
90.71
91.62
90.79
89.66
90.90
89.30
90.66
90.00
90.74
90.99
91.10
89.92
90.73
91.38
91.34
90.91
89.89
91.06
90.75
90.45
90.16
90.82
91.44
90.75
90.71
91.46
91.33
90.87
89.13
89.96
91.16
91.21
90.56
90.93
90.73
90.87
92.01
91.21
88.84
91.52
90.90
91.99
90.94
89.99
91.34
91.25
90.54
91.66
92.29
90.75
91.30
89.91
91.43
90.80
90.75
90.89
89.31
90.87
91.47
91.23
90.74
90.49
90.09
91.61
90.14
91.05
91.19
91.46
90.98
91.73
91.65
90.94
90.87
90.96
91.21
90.00
90.90
90.61
91.08
90.97
89.79
89.57
90.86
90.56
90.77
90.71
88.76
89.15
91.26
90.34
89.29
91.92
90.21
90.83
89.10
90.05
90.32
91.22
91.67
90.61
91.37
91.11
91.24
91.70
90.86
90.27
91.09
92.04
90.83
90.89
91.06
91.04
91.71
88.71
91.14
90.60
90.18
91.57
90.70
91.62
91.04
91.66
91.03
90.42
91.53
90.99
88.18
90.96
90.19
91.63
90.58
91.93
90.92
91.87
90.39
90.69
90.14
91.59
90.19
91.19
91.28
91.33
90.59
91.74
90.70
91.42
91.28
91.83
91.00
90.21
88.86
91.04
88.89
90.57
90.51
90.97
90.89
90.10
91.03
91.35
90.91
90.29
91.40
91.23
90.58
90.33
90.97
91.61
90.43
91.51
91.34
91.39
90.61
91.43
87.65
90.41
91.52
89.81
91.43
91.01
90.31
89.58
90.25
90.28
90.71
90.67
89.86
91.16
91.90
92.31
90.28
90.31
91.15
89.10
91.29
91.48
90.33
91.51
90.35
89.59
91.09
91.28
91.00
91.20
91.04
91.42
91.55
91.55
91.64
89.19
91.48
90.75
90.82
91.10
91.48
91.18
90.28
90.66
91.04
91.03
90.49
91.20
91.48
91.27
89.61
89.41
91.18
90.94
90.77
90.28
89.09
91.80
90.80
90.96
91.34
90.24
90.27
90.70
91.02
89.19
90.04
90.70
90.93
91.22
91.62
90.07
91.21
90.73
91.65
90.79
91.13
90.98
89.95
91.00
91.03
90.95
91.29
89.23
91.67
90.15
91.28
87.41
90.37
91.46
90.80
91.12
90.31
90.78
91.13
91.59
90.49
88.91
90.72
90.82
91.81
90.08
90.17
90.10
91.41
90.79
91.10
90.57
90.49
91.10
90.47
90.69
91.05
91.02
91.26
90.59
91.16
91.66
90.35
91.43
89.10
90.20
90.51
92.19
90.94
91.63
91.78
90.55
91.98
90.34
91.05
91.50
91.28
90.38
91.48
91.07
90.53
90.57
90.52
90.92
90.96
89.87
91.17
90.54
91.09
91.35
90.97
90.21
91.02
90.97
90.76
90.57
90.29
91.01
91.45
90.42
91.17
91.35
90.24
91.14
89.77
91.49
90.41
91.52
90.87
90.99
91.51
90.51
90.14
90.69
91.46
91.86
90.10
90.02
91.50
90.71
90.80
91.05
91.32
91.15
90.22
88.50
90.86
90.76
91.55
91.49
91.23
91.03
90.89
91.40
91.28
91.05
91.39
90.92
91.39
90.40
88.59
91.41
91.33
90.90
90.41
91.01
91.24
90.74
91.46
91.03
91.66
89.63
91.50
91.64
91.23
90.77
90.80
91.48
90.47
91.13
92.04
89.96
91.01
91.51
91.91
90.24
90.58
91.45
91.51
91.28
90.91
90.40
91.37
91.40
91.13
91.63
89.74
91.69
90.98
91.32
91.84
91.48
90.97
91.62
91.25
91.68
89.63
91.61
90.80
90.46
89.69
91.15
92.42
88.18
89.98
91.66
91.84
91.24
91.36
91.49
91.42
90.45
90.71
90.17
90.95
90.35
91.77
91.18
91.36
91.67
91.15
91.53
91.34
91.48
91.25
89.97
91.64
90.26
92.16
90.96
91.55
90.26
90.70
92.02
89.72
91.31
90.32
90.81
91.53
90.45
88.00
91.58
92.12
90.37
91.35
91.42
91.16
90.87
91.29
89.87
90.65
91.83
90.62
90.92
91.05
91.15
90.88
91.58
90.75
91.08
90.89
90.86
91.65
90.96
90.13
91.33
89.67
90.63
90.84
90.80
91.88
91.81
91.08
91.18
90.08
90.90
91.54
89.14
91.32
90.30
91.08
89.86
91.45
91.51
91.42
90.78
90.65
91.30
91.14
90.97
90.37
91.21
90.65
90.95
91.54
91.08
90.51
91.61
91.31
91.52
90.23
91.45
90.95
91.38
89.72
91.45
90.12
91.63
91.61
90.75
90.56
90.72
90.97
91.34
90.99
89.71
91.37
91.29
89.83
91.05
91.02
89.26
91.77
89.59
91.23
90.58
90.10
92.22
90.29
91.59
91.13
90.84
91.00
90.53
90.96
91.29
90.17
91.28
90.66
90.20
90.65
91.43
89.58
91.35
90.90
91.84
91.38
90.47
90.13
91.13
91.33
91.27
91.33
90.94
91.20
91.17
90.30
91.00
91.08
91.19
90.21
90.69
91.61
91.23
91.15
89.76
91.11
90.17
90.77
91.06
90.85
90.04
89.67
88.76
91.44
90.60
91.65
91.92
91.30
91.24
91.29
90.98
90.11
90.63
91.01
91.58
91.71
89.71
88.91
91.50
89.69
90.51
91.47
90.31
90.79
90.50
90.61
91.01
91.10
91.08
91.54
91.10
90.07
89.88
90.99
90.28
89.96
89.76
91.20
91.98
90.84
91.71
91.33
91.39
91.59
90.52
89.65
91.08
91.98
90.82
91.40
90.14
91.25
90.64
90.14
90.68
91.25
91.47
90.15
88.35
91.56
90.60
90.79
90.71
90.81
91.70
90.37
91.65
90.80
90.90
90.25
90.34
91.42
90.88
90.40
88.32
91.59
89.57
90.63
89.74
90.92
91.76
91.21
90.96
91.54
90.62
91.58
90.66
90.92
89.99
90.51
90.83
90.81
89.74
91.96
90.46
91.64
91.07
90.20
89.77
91.31
90.60
90.21
90.91
91.43
89.71
91.61
91.23
91.71
90.41
90.96
91.35
90.95
91.06
91.78
91.33
90.43
91.58
91.21
91.60
91.02
90.29
90.10
91.06
91.31
90.83
90.81
90.90
90.89
90.15
91.28
90.87
91.07
90.69
87.35
90.23
91.21
91.42
91.06
91.78
91.25
91.13
90.23
90.59
91.90
91.03
90.58
90.91
91.50
91.25
90.23
91.24
89.95
90.63
89.78
91.49
91.25
91.27
90.88
91.02
89.97
89.29
91.34
90.15
90.21
90.19
90.18
90.55
91.57
89.59
90.33
89.67
90.22
91.17
90.48
91.62
91.87
90.68
91.02
90.39
89.91
90.61
90.59
91.02
87.94
89.98
90.24
90.03
91.36
90.63
91.02
90.70
91.74
90.74
91.36
89.35
91.02
90.70
91.10
90.86
92.00
91.34
90.42
91.42
91.60
91.34
91.13
91.17
91.78
91.08
91.44
91.36
91.14
91.52
90.81
91.67
91.60
90.99
90.63
90.39
90.59
89.95
90.08
90.20
90.49
91.56
91.76
91.21
89.94
91.49
91.31
91.75
89.83
91.04
91.82
90.44
91.36
89.93
89.92
90.00
91.56
91.03
89.91
91.52
90.20
90.94
91.81
90.87
90.67
91.79
90.36
91.28
91.58
90.99
91.16
90.81
90.72
91.19
91.26
90.41
91.36
90.32
91.08
90.09
91.12
91.19
91.97
91.33
91.69
90.36
90.79
90.47
90.84
91.06
91.70
89.67
91.10
90.80
91.15
91.91
89.84
90.68
88.68
91.04
91.25
91.71
91.19
91.09
90.45
90.68
90.82
91.26
91.25
91.04
91.06
91.07
90.26
90.62
91.23
89.96
90.93
91.05
91.62
91.24
91.48
90.83
91.40
91.94
91.48
91.25
91.12
91.00
90.93
89.67
90.77
90.84
90.76
90.29
90.92
91.12
90.14
91.86
90.22
89.87
91.47
91.12
89.32
90.51
90.86
91.25
91.31
90.94
91.15
90.09
89.96
90.70
90.72
90.85
90.04
91.41
90.73
89.38
90.78
90.02
91.10
90.71
90.77
89.11
91.25
90.69
91.51
90.69
90.95
90.93
90.92
91.44
91.06
90.31
90.35
90.49
91.07
89.68
89.82
92.10
91.26
91.51
90.85
91.69
90.95
90.72
90.93
90.77
91.14
