97.32
96.73
97.04
96.93
96.61
96.25
97.50
97.51
96.74
97.26
96.19
95.83
97.70
97.62
97.05
97.08
97.39
97.43
97.00
97.55
97.29
97.25
97.41
97.05
96.55
96.82
97.51
96.86
97.10
97.21
96.70
97.14
97.22
97.06
97.37
97.32
97.26
96.72
96.79
96.83
97.34
97.14
96.62
95.44
97.31
96.51
97.21
97.39
97.65
97.35
96.29
97.70
97.07
97.12
97.56
97.24
96.87
95.20
96.34
96.79
96.00
97.57
96.88
97.28
96.08
97.44
95.50
97.39
97.07
96.98
97.11
97.03
97.43
95.85
96.72
97.36
96.89
96.84
96.30
97.35
97.10
97.53
97.34
95.36
96.55
96.72
97.24
97.18
97.12
97.16
96.71
96.69
96.28
96.82
97.44
97.10
97.14
96.75
97.07
97.11
96.63
97.33
97.11
96.87
97.30
96.80
96.70
97.18
97.17
96.41
96.48
96.94
97.26
97.67
97.47
96.63
96.80
96.78
96.63
96.91
96.52
97.61
97.35
97.12
97.21
96.69
96.80
96.61
97.12
97.23
96.79
97.14
97.04
96.88
97.32
97.50
96.88
96.85
97.14
96.81
97.38
97.09
96.77
96.75
97.21
96.05
97.03
97.16
97.13
96.97
97.13
97.04
96.75
96.68
96.93
96.86
97.27
97.05
96.67
96.88
97.47
96.40
96.25
97.57
97.18
97.03
96.74
97.41
97.23
97.49
97.51
96.24
97.43
96.88
97.32
97.11
97.36
97.42
96.84
97.76
96.50
96.10
97.13
97.35
96.48
95.66
97.05
96.29
96.62
97.29
96.18
96.91
97.10
97.02
97.43
97.28
96.46
96.48
97.52
93.77
97.32
96.41
97.42
97.56
97.50
96.57
97.49
96.83
97.45
97.79
96.94
96.14
96.29
97.25
97.00
97.36
97.69
96.57
97.22
97.54
97.33
97.01
96.91
96.63
96.52
97.33
97.09
97.36
97.14
97.23
97.20
97.09
97.45
97.66
97.16
97.40
97.09
96.85
96.79
96.81
97.11
97.25
97.75
97.09
96.84
97.04
96.85
97.31
96.89
96.03
97.51
97.57
97.18
96.88
96.77
97.35
96.66
96.71
97.23
97.65
97.02
97.42
97.27
97.10
97.30
97.28
97.47
97.66
97.24
94.80
97.02
96.50
96.97
97.00
97.11
97.34
95.67
96.93
95.95
96.10
97.35
97.42
97.12
96.36
96.94
96.55
96.61
97.15
96.85
97.45
97.36
97.44
96.88
96.84
97.05
96.71
95.91
97.12
96.70
97.33
95.74
97.33
97.65
97.16
95.59
97.17
96.71
97.11
97.30
97.27
97.03
96.92
97.27
97.17
97.33
96.57
97.12
97.04
97.10
96.95
97.05
96.56
97.53
96.42
96.80
96.17
97.18
97.15
97.49
96.21
96.71
97.23
96.53
97.47
97.08
97.25
97.22
96.73
97.33
96.91
97.08
96.96
96.50
96.03
96.96
97.44
96.70
97.25
97.08
96.96
96.74
97.38
96.76
96.22
97.25
96.87
96.65
96.90
97.18
96.18
97.53
97.23
96.33
95.70
97.30
96.44
97.15
96.80
96.96
94.99
96.06
97.18
97.00
96.88
96.85
96.39
97.19
97.30
96.62
96.95
97.89
97.62
96.76
96.91
95.80
97.52
96.18
97.24
96.90
97.04
96.93
97.58
97.49
97.07
95.87
97.46
96.70
97.19
97.26
97.32
97.10
96.74
96.10
97.34
97.02
97.36
96.27
96.91
96.91
96.32
97.45
96.74
97.15
96.99
97.30
96.88
97.83
96.65
96.23
96.10
96.56
96.92
97.14
97.32
96.85
97.15
97.08
97.04
97.28
97.40
97.31
96.64
97.29
96.89
96.41
97.46
97.04
97.22
96.23
96.75
96.45
96.57
95.86
96.99
97.16
96.85
96.92
97.21
97.06
96.85
96.46
97.44
97.53
95.67
96.72
97.29
97.26
97.32
97.31
96.96
97.14
97.07
97.47
96.66
96.60
97.20
97.33
96.31
97.09
97.39
97.37
96.91
97.73
95.05
97.54
97.16
97.16
97.06
96.45
96.91
97.36
97.11
97.59
96.48
96.79
97.80
97.49
97.36
96.32
96.51
96.52
97.23
96.62
97.50
95.30
96.81
97.08
96.24
97.08
97.10
97.65
96.95
97.31
96.97
97.28
97.30
97.19
97.43
97.52
97.33
96.37
97.45
96.05
97.35
96.38
96.06
95.09
97.59
97.26
97.62
97.00
97.63
97.59
96.81
97.60
97.05
97.11
97.32
97.51
97.34
97.23
96.56
96.71
96.76
97.32
97.31
97.19
97.40
97.09
96.90
96.88
96.92
95.87
96.78
97.41
97.60
97.12
97.10
97.48
96.52
97.02
96.00
95.55
97.19
97.00
97.35
97.19
97.47
97.02
97.27
97.09
96.80
97.79
97.27
96.37
97.31
96.29
97.34
96.93
96.94
97.39
97.84
97.72
96.25
96.83
97.81
97.34
97.49
97.02
96.47
97.51
97.39
97.38
97.06
95.97
97.10
97.29
96.80
97.10
97.05
96.98
97.18
96.63
96.86
97.15
97.45
96.89
97.20
97.08
97.32
96.89
96.39
97.36
97.09
96.64
97.18
97.29
96.82
97.09
97.15
97.23
96.94
96.92
97.02
96.98
97.54
97.36
97.15
96.82
97.54
97.26
96.91
96.92
97.18
96.73
97.10
96.69
97.37
96.51
97.28
97.10
97.31
96.91
97.51
96.45
97.45
96.82
96.03
97.68
97.47
96.91
96.77
97.23
96.83
96.31
96.59
96.30
95.55
96.57
97.45
97.59
96.72
97.05
96.86
97.64
97.05
97.12
96.88
96.99
96.72
97.65
95.77
97.37
97.45
96.91
97.06
96.95
97.03
97.06
96.43
97.63
97.08
97.31
96.69
97.52
96.70
96.37
96.64
95.93
96.23
96.76
97.37
96.58
95.19
96.34
97.26
96.79
96.85
97.05
96.87
96.11
97.62
96.98
97.50
97.31
97.22
96.57
96.95
96.58
97.02
97.02
97.27
96.34
97.19
97.28
97.34
96.75
96.96
97.37
97.59
97.10
96.87
96.90
97.52
97.01
97.46
97.58
97.35
97.12
97.45
97.10
96.97
97.29
96.88
96.55
96.94
97.02
96.81
97.39
96.36
97.35
96.60
96.77
96.97
97.31
96.67
96.03
96.59
96.81
96.52
96.00
97.33
96.66
97.00
97.08
97.12
97.45
97.21
96.87
97.08
96.98
97.22
97.39
97.26
97.14
97.13
97.41
97.22
96.79
97.03
97.01
97.32
97.39
95.98
96.50
96.68
97.35
96.86
96.99
97.08
96.11
97.12
96.90
97.40
96.96
96.98
97.07
96.26
96.27
96.01
97.39
96.86
96.59
96.44
96.48
97.45
97.05
97.07
96.57
96.59
96.33
96.73
96.07
96.61
95.89
96.93
97.09
96.31
96.88
97.28
97.34
95.21
96.59
96.50
96.95
97.57
96.96
97.01
96.44
96.30
97.21
97.08
97.20
97.27
97.36
97.07
96.64
96.38
96.81
96.26
97.27
97.28
96.16
96.57
97.00
97.10
97.24
96.83
96.51
96.65
94.83
97.07
96.15
97.57
97.25
96.99
96.05
97.08
97.06
97.31
96.51
96.93
96.46
96.19
97.05
97.31
96.69
97.44
96.30
97.44
96.24
97.04
96.94
96.75
97.42
97.44
97.03
95.82
97.31
97.45
97.18
97.63
97.37
97.08
96.88
97.66
96.72
97.28
97.44
96.36
97.30
96.44
93.16
97.21
96.81
95.92
94.34
96.62
97.45
97.06
96.83
96.88
97.04
97.15
97.03
97.32
97.10
97.19
96.72
95.06
96.49
97.14
97.40
97.76
97.14
97.56
96.65
96.86
97.02
97.20
95.93
96.83
97.12
97.20
97.89
97.38
96.32
97.03
97.31
97.22
96.02
97.16
97.09
97.57
96.40
96.69
95.59
96.64
97.39
95.10
96.81
97.03
97.49
97.30
96.87
97.55
97.51
96.53
97.17
97.44
97.41
97.06
97.11
95.81
97.28
97.26
97.19
97.38
97.23
96.64
97.11
96.83
96.50
96.63
96.48
97.01
97.43
97.25
96.63
97.27
97.08
96.77
96.70
97.39
96.94
96.78
95.71
96.48
96.42
96.86
97.34
96.91
97.08
97.36
97.60
96.94
97.30
97.03
97.50
97.01
97.14
95.81
96.79
97.33
97.24
97.51
96.68
96.97
96.90
96.83
97.52
97.16
95.71
97.29
97.37
97.03
97.08
97.12
97.28
97.52
96.19
97.38
97.33
96.90
97.15
97.22
96.85
95.73
96.77
96.96
