97.18
96.74
96.58
97.92
96.43
97.16
97.63
97.09
97.12
96.67
88.56
96.50
96.96
96.67
97.40
97.21
97.13
96.27
97.08
96.84
96.96
92.36
96.06
97.13
97.13
96.62
97.47
96.36
97.09
97.13
96.27
96.59
96.27
96.21
97.91
97.52
97.44
96.22
96.60
95.63
94.23
96.63
97.64
96.65
97.32
96.52
96.45
97.19
94.81
96.14
97.18
97.67
96.68
97.04
96.88
97.48
96.61
96.87
97.29
97.21
96.85
97.20
96.87
97.61
97.39
96.11
97.38
96.03
96.87
96.86
96.90
95.36
96.72
97.46
97.30
97.16
97.12
96.96
96.50
97.60
97.03
97.39
97.55
97.14
96.97
97.63
96.80
97.32
97.55
97.78
97.81
97.54
97.07
97.05
95.25
97.03
97.64
97.11
97.78
96.56
96.97
96.14
97.03
95.23
96.75
97.33
96.56
95.69
97.07
94.78
97.23
97.05
96.59
97.13
96.93
97.59
96.47
96.48
95.60
97.17
96.88
97.70
97.41
96.26
95.63
97.54
96.26
97.18
97.37
97.16
95.68
96.59
96.04
97.39
97.15
96.93
97.40
97.81
95.30
97.20
96.21
97.27
97.22
96.88
95.69
97.24
96.74
95.87
96.53
96.77
96.27
95.94
96.58
97.28
97.27
96.78
95.82
97.12
97.21
97.63
97.05
95.95
97.42
96.79
97.01
97.46
97.05
95.22
97.16
96.90
96.70
96.27
96.25
97.44
97.71
96.53
97.18
97.00
97.34
95.97
97.12
97.33
97.45
96.58
96.74
97.42
97.10
97.65
97.53
97.46
97.10
96.95
95.78
97.39
97.72
97.56
97.66
96.74
95.90
96.94
97.43
97.73
97.46
97.33
97.21
96.86
96.04
97.62
97.16
96.00
94.94
97.17
96.73
97.15
96.71
97.37
97.13
95.81
97.19
97.52
97.27
95.61
97.34
96.72
97.52
96.16
95.90
97.51
96.72
96.80
94.70
92.88
97.03
97.07
96.40
97.25
96.38
96.41
97.76
96.57
96.77
97.08
97.66
95.32
96.23
96.53
96.45
97.41
97.31
96.26
96.92
96.99
97.44
97.29
96.91
97.41
96.43
96.95
96.88
96.85
96.50
97.06
97.57
97.24
96.97
96.26
96.80
97.32
96.08
96.00
95.15
95.58
96.30
97.64
96.08
96.88
97.55
97.33
97.26
97.49
95.52
96.25
97.51
97.19
97.30
95.90
97.27
97.24
96.71
97.05
97.77
97.13
97.89
95.04
97.68
97.63
95.86
96.64
96.75
95.79
97.64
97.22
97.28
96.68
97.57
97.06
96.80
97.16
96.18
97.47
97.23
96.70
96.77
97.03
97.32
97.66
96.69
97.11
97.45
96.89
96.64
96.56
97.33
97.25
95.99
95.45
97.55
96.82
96.78
97.07
96.36
97.80
96.73
97.73
97.21
97.12
97.54
97.02
97.61
97.78
96.67
96.88
96.91
96.29
96.05
97.16
96.96
96.54
93.94
97.30
97.66
96.24
96.74
96.56
96.83
96.68
97.25
96.39
96.77
96.81
97.44
97.09
95.68
97.39
97.64
96.90
97.51
96.81
96.84
97.38
97.20
96.63
97.25
97.22
97.83
96.40
97.19
96.73
97.35
95.07
94.99
95.97
96.43
97.10
97.18
96.26
97.50
97.12
97.25
96.70
97.19
97.49
97.23
97.50
97.11
97.04
97.20
95.93
97.07
95.98
96.69
97.86
97.04
95.21
96.21
97.32
96.75
97.61
96.68
95.51
95.67
96.94
97.50
95.75
96.15
97.67
97.27
96.46
97.17
97.49
97.35
96.98
96.82
96.16
96.71
96.48
96.81
97.55
95.79
96.12
97.45
97.41
96.72
97.34
96.89
97.63
96.92
96.19
97.21
97.41
95.59
95.79
97.79
96.94
96.76
96.56
95.89
97.23
97.21
96.58
96.34
96.59
97.48
97.27
97.25
96.87
96.13
97.28
97.39
95.53
96.72
97.28
96.48
95.74
97.54
97.17
96.82
97.24
97.47
96.37
94.95
97.36
97.06
97.54
97.39
96.75
95.91
95.97
97.63
96.27
96.69
96.91
97.97
97.09
97.07
96.15
96.81
97.15
97.85
95.49
97.95
95.97
97.09
96.86
97.61
96.88
96.73
97.17
97.46
96.12
95.78
97.02
96.89
95.91
97.32
96.71
96.21
96.70
96.92
96.30
96.18
95.99
97.41
97.04
97.04
96.11
91.05
96.45
97.47
97.39
96.20
97.08
97.30
96.97
96.79
96.68
96.12
96.96
96.49
96.40
96.22
97.46
97.27
96.82
96.08
96.70
96.25
97.13
97.34
95.88
95.61
96.58
96.83
97.01
97.31
96.56
97.29
96.22
97.27
97.96
97.48
97.06
97.11
95.74
97.22
97.66
96.98
96.81
96.69
97.12
97.91
97.76
96.68
97.40
97.09
97.63
97.26
97.17
97.37
95.77
96.90
97.25
96.72
97.58
96.51
97.03
96.69
95.78
97.23
97.35
97.91
97.34
96.67
97.10
97.71
96.78
95.93
96.83
94.37
97.54
97.26
96.30
97.84
96.99
97.37
97.56
96.72
95.98
96.51
95.84
96.69
97.30
96.40
97.16
97.45
95.94
96.60
95.95
97.01
96.51
97.84
95.62
97.15
97.50
97.31
97.15
97.01
97.80
97.40
96.59
96.65
96.04
96.76
96.98
98.00
96.88
95.82
97.13
96.45
97.50
96.98
97.15
96.34
97.40
96.03
97.40
96.29
97.10
97.05
96.58
97.26
96.33
97.51
97.47
96.60
97.48
97.19
96.33
95.77
97.36
96.66
96.08
97.47
96.55
97.16
96.24
96.32
97.28
97.61
96.80
96.67
97.02
95.93
96.26
96.29
96.85
97.18
97.32
96.77
96.90
97.31
97.67
96.18
97.88
97.25
97.31
97.52
94.33
97.29
95.84
96.16
96.64
96.36
96.73
96.64
96.90
96.74
97.39
96.86
97.29
96.50
97.06
96.54
96.21
97.19
97.36
97.59
98.06
96.72
96.60
95.41
97.60
96.36
96.08
96.56
96.80
97.34
97.04
96.71
96.90
95.91
97.59
96.13
97.55
97.87
95.50
97.23
95.34
97.34
96.92
97.19
97.16
96.63
96.93
96.02
97.79
96.80
97.41
96.85
97.03
96.43
97.10
94.95
97.17
97.14
97.17
96.64
97.51
96.63
97.64
97.35
97.10
97.23
97.42
97.76
97.16
97.38
97.68
97.66
97.33
96.18
96.03
97.24
96.40
97.13
96.40
97.64
97.76
97.75
96.90
97.78
94.36
94.86
97.13
93.56
95.55
97.14
95.80
96.71
97.54
96.99
97.19
97.87
97.59
97.36
97.21
96.65
95.46
96.40
97.08
97.28
97.49
96.26
97.92
97.62
97.86
97.70
95.58
95.14
96.67
96.73
96.58
96.04
97.42
96.92
95.46
97.08
97.16
96.92
97.00
97.50
97.12
96.73
97.76
96.30
96.96
97.44
96.49
97.07
96.60
96.85
78.78
97.56
95.94
97.77
97.06
96.17
97.50
96.51
97.06
97.00
97.38
97.40
93.51
96.98
96.00
96.07
97.70
97.36
97.04
97.18
97.00
96.99
97.02
97.20
96.57
97.31
96.60
97.07
96.36
96.93
96.32
96.42
97.32
97.49
96.92
96.30
96.96
97.09
97.27
96.31
95.07
97.49
95.84
94.93
97.18
96.57
97.07
96.38
96.72
97.05
96.74
96.87
97.63
97.33
96.98
97.43
97.19
97.02
97.10
96.71
96.52
97.83
96.67
98.07
96.98
96.11
95.45
97.14
96.98
96.80
96.68
97.31
96.83
97.16
96.19
97.58
97.61
97.10
96.17
95.43
97.46
96.12
96.14
96.54
96.84
95.20
96.43
96.72
97.70
96.52
97.54
97.53
97.28
96.18
97.60
96.88
97.49
97.20
96.89
97.67
96.44
96.94
97.19
96.23
97.47
97.35
97.75
97.18
96.94
97.34
96.29
97.37
96.37
96.78
96.40
97.64
97.23
97.02
97.36
96.83
97.08
97.66
97.21
97.78
97.16
96.68
97.15
95.46
97.60
94.63
96.62
95.78
96.63
97.36
96.26
97.16
96.78
97.49
97.09
97.50
97.16
96.83
97.49
97.25
96.25
96.77
96.84
96.86
97.26
96.63
96.35
97.13
97.86
97.19
97.22
96.62
97.70
95.78
96.52
96.61
94.69
97.78
96.83
97.57
97.48
96.25
97.10
96.07
97.76
97.17
97.10
96.63
96.55
96.44
96.97
96.89
96.93
97.65
96.20
96.59
97.32
96.91
97.28
97.12
95.77
97.05
97.46
97.66
97.67
