94.89
95.14
95.89
96.63
96.33
95.24
95.55
96.19
96.40
95.32
95.49
96.34
95.64
95.94
96.38
96.63
96.30
95.95
96.76
94.74
96.23
95.07
95.29
96.46
95.78
96.58
96.07
96.52
96.27
95.94
96.28
95.71
95.46
96.07
96.53
95.98
96.13
96.56
96.40
96.51
95.67
96.36
96.30
96.52
96.40
95.36
95.36
95.13
96.06
96.15
95.38
96.68
96.27
96.00
96.81
96.45
95.90
96.25
95.75
96.11
95.98
96.56
96.80
96.10
95.43
95.85
96.03
95.81
95.97
96.38
96.69
95.70
95.27
96.11
96.31
96.25
96.40
95.76
96.33
96.49
96.67
95.36
95.82
95.20
96.27
95.92
95.92
96.22
96.09
96.39
96.26
94.66
97.04
95.94
95.98
94.30
95.89
96.58
96.60
96.39
96.14
96.25
95.64
95.48
94.85
96.17
96.14
96.01
95.69
94.20
95.83
96.51
96.26
95.89
96.44
95.31
96.69
96.54
96.46
96.46
95.86
96.17
96.07
96.13
95.89
95.60
95.62
95.22
96.28
96.16
96.36
96.08
95.97
96.32
96.23
96.47
96.90
95.79
96.63
96.33
94.83
95.59
96.10
95.20
96.20
95.90
96.42
95.77
95.68
96.54
96.00
96.47
96.56
96.54
96.38
95.13
96.53
95.91
96.39
95.93
96.14
96.64
94.34
96.78
95.39
95.76
95.99
95.43
96.11
96.34
95.67
96.40
95.71
95.39
95.62
96.07
96.14
96.13
95.50
96.77
96.10
96.39
96.55
96.18
95.95
95.89
96.02
95.92
96.16
96.28
96.59
95.43
96.33
96.18
96.04
96.65
96.09
95.67
96.16
95.41
96.11
95.99
96.47
96.18
95.82
96.55
96.09
96.28
96.12
96.04
96.26
95.95
96.02
96.61
95.67
96.07
96.58
96.09
96.59
96.61
96.30
96.13
96.75
95.81
96.04
96.10
96.43
94.95
96.07
94.36
95.93
95.92
96.32
95.74
96.01
95.57
95.87
95.66
96.30
96.13
95.84
95.94
96.83
96.30
95.19
95.90
96.32
95.82
96.59
96.23
96.53
96.02
95.30
96.03
95.52
96.16
96.12
96.03
95.94
96.20
95.73
96.77
95.90
96.72
94.98
95.75
96.21
96.07
95.36
96.29
96.32
95.91
96.16
96.13
96.65
96.27
96.02
95.11
96.50
96.04
95.75
96.61
96.05
95.56
94.94
95.89
96.31
95.00
96.22
96.35
95.31
96.36
96.45
96.57
96.10
95.37
96.54
96.27
96.40
96.46
96.11
96.19
95.75
95.99
95.31
96.08
95.54
96.36
96.05
96.13
96.56
95.77
95.06
95.97
96.38
95.42
95.61
96.26
96.02
96.02
96.27
95.67
96.00
95.88
96.63
96.28
96.36
93.63
96.60
96.13
95.52
95.72
96.39
96.56
96.08
96.45
96.84
95.37
95.77
94.91
95.09
97.02
95.80
95.79
96.26
96.48
96.16
95.89
96.16
96.49
96.17
96.69
95.97
95.81
95.89
95.97
96.38
96.45
96.13
95.24
96.57
95.82
96.07
96.11
93.42
95.90
95.94
96.54
95.77
96.43
96.16
95.79
96.03
96.77
95.71
96.18
95.97
95.58
96.03
96.36
96.24
96.52
95.79
95.66
96.03
95.55
95.67
96.22
96.52
96.50
95.82
95.34
96.33
96.30
96.29
95.78
96.16
95.65
95.93
96.17
96.48
96.18
95.79
96.54
96.20
95.71
97.03
96.83
95.36
96.48
96.09
95.81
96.19
96.29
95.85
96.00
95.89
95.50
95.86
96.60
94.90
95.74
96.64
96.26
96.45
95.93
96.11
95.91
94.40
96.18
96.22
94.94
95.89
96.57
96.20
95.85
96.16
94.92
94.16
95.95
95.31
94.74
95.60
95.70
95.92
96.51
96.18
96.46
95.73
96.54
96.71
95.90
95.36
95.74
96.44
96.21
96.31
96.67
95.49
96.40
95.77
95.34
96.53
96.58
95.60
96.79
95.90
96.61
96.23
95.90
96.55
96.61
96.48
95.73
95.75
95.78
95.87
96.65
95.04
96.02
96.37
95.75
96.53
96.69
96.25
96.14
96.00
95.98
95.89
95.87
96.32
96.50
96.31
96.05
96.26
96.66
96.68
95.60
96.10
95.61
96.14
96.85
95.52
95.21
96.01
96.31
96.63
95.89
96.19
95.44
96.40
95.93
95.89
96.44
96.42
96.64
96.21
94.16
96.11
96.08
96.51
96.39
95.52
95.05
95.20
96.63
95.73
95.39
96.37
96.23
96.25
96.16
96.10
96.16
96.58
95.46
96.44
95.97
96.14
96.57
95.62
95.70
96.13
95.62
96.15
96.15
96.53
95.57
95.68
95.12
96.11
96.42
95.95
95.51
95.56
96.44
95.76
96.06
96.48
96.39
95.93
96.53
95.44
93.76
95.74
93.65
95.75
95.79
96.27
95.84
96.16
95.27
96.55
95.53
94.09
96.68
95.81
95.61
95.49
96.27
94.42
95.70
96.35
96.41
96.33
96.26
96.49
96.05
96.35
96.23
96.33
96.40
96.37
95.38
96.57
95.91
95.89
95.56
95.72
95.76
96.09
96.02
95.78
95.83
96.61
94.77
95.79
96.29
96.24
96.36
95.73
96.06
95.88
95.85
93.94
96.42
96.15
96.16
96.56
96.39
96.03
95.86
95.84
96.33
96.09
95.93
95.74
96.96
95.92
95.81
96.27
96.40
95.65
95.09
96.02
96.75
96.52
96.40
96.29
96.06
96.30
95.88
96.31
95.56
96.45
96.29
96.49
95.92
95.69
96.17
95.81
96.37
94.00
96.05
95.72
96.21
96.35
96.12
95.63
96.10
96.76
96.02
96.40
96.26
96.44
96.73
96.41
96.29
96.23
96.56
95.33
96.10
95.47
96.25
95.87
96.61
96.30
96.02
96.30
96.11
95.25
96.51
94.80
95.75
95.48
95.92
96.00
96.26
96.34
96.54
95.57
95.34
95.91
95.61
95.69
95.56
95.70
94.79
95.88
96.24
95.86
95.88
96.13
96.22
96.53
94.45
96.24
96.89
96.06
96.39
95.17
95.79
95.74
96.29
96.21
96.48
96.46
96.22
96.65
96.44
96.28
96.27
96.01
96.03
96.12
95.90
95.51
96.05
95.32
96.56
95.86
95.95
95.30
96.00
96.15
95.07
95.91
96.34
96.52
94.98
95.83
96.00
95.38
96.56
95.41
96.03
95.67
96.29
96.05
95.62
96.75
96.79
95.82
96.12
96.33
96.54
95.68
95.92
95.08
95.35
96.45
96.55
95.70
94.05
96.57
95.06
95.99
96.17
95.77
95.66
95.67
94.88
96.53
95.83
95.38
94.52
96.73
96.50
95.96
95.61
96.12
95.90
96.36
96.01
95.94
96.31
96.34
96.11
96.25
96.48
96.23
95.42
95.88
95.34
95.99
95.41
95.61
95.79
95.65
95.73
96.03
95.83
96.68
96.43
96.32
96.51
96.07
96.46
96.12
96.36
96.60
96.50
95.65
96.24
96.18
96.49
96.18
96.42
96.42
96.29
96.02
96.66
96.19
96.05
96.42
96.27
95.83
96.43
96.07
96.05
96.50
95.64
96.33
96.30
96.51
96.32
95.80
95.55
96.51
95.79
95.47
95.85
96.54
95.35
96.18
96.74
95.92
96.21
95.93
96.13
96.22
95.70
95.64
96.03
96.02
96.58
96.55
96.61
96.73
95.59
96.74
96.42
95.43
96.15
96.63
96.74
96.25
96.82
96.02
95.83
96.46
96.16
96.30
96.26
96.59
96.16
96.15
96.17
96.19
96.38
96.60
95.34
96.15
96.54
96.64
95.99
96.35
96.37
96.54
95.64
95.85
95.39
96.46
96.16
95.58
95.66
96.20
96.25
95.76
95.45
96.06
95.95
96.25
96.21
95.08
95.34
96.17
95.69
95.80
95.43
96.62
96.76
96.30
95.77
96.28
96.10
96.42
95.88
96.53
96.34
96.53
96.84
96.34
96.72
96.18
96.32
95.63
96.60
96.07
95.64
95.84
96.20
95.81
95.33
96.10
96.43
96.35
96.43
96.33
96.36
96.07
95.30
96.91
96.05
96.42
95.15
95.82
96.20
95.65
96.19
96.06
96.05
95.79
95.84
95.82
96.05
96.06
95.40
96.28
96.47
96.37
95.94
96.30
95.93
96.19
96.20
96.63
96.61
96.41
95.51
96.16
95.76
95.36
95.96
96.64
96.29
96.09
96.15
95.54
96.56
96.10
95.01
95.89
96.20
96.66
96.30
95.90
96.36
96.42
96.13
96.46
96.04
95.62
96.46
95.79
96.10
96.58
96.75
95.97
96.47
