96.43
96.79
96.18
96.72
96.65
96.35
96.72
96.44
96.81
96.61
96.66
96.57
96.89
96.53
96.67
96.73
96.39
96.55
96.50
96.57
96.39
95.88
96.63
96.53
96.04
96.32
96.44
96.30
96.40
96.10
96.34
96.55
96.36
96.52
96.76
96.36
96.50
96.73
96.86
96.46
96.59
96.73
97.08
96.38
96.61
96.58
96.83
96.61
96.58
96.33
96.69
96.18
96.27
96.42
96.67
96.59
96.72
96.54
96.48
96.66
96.37
96.70
96.64
96.67
96.75
96.61
96.61
96.46
96.39
96.40
96.52
96.53
96.45
96.32
96.60
96.71
96.59
96.62
96.76
96.44
96.71
96.56
96.58
96.20
96.98
96.76
96.90
96.45
96.03
96.79
96.35
96.65
96.75
96.43
96.57
96.46
96.36
96.64
96.50
96.62
96.61
96.54
96.33
96.44
96.46
96.65
96.61
96.57
96.29
96.60
96.50
96.58
96.75
96.44
96.32
96.63
96.16
96.84
96.41
96.56
96.49
96.51
96.46
96.57
96.48
96.47
96.78
96.41
96.68
96.05
96.49
96.28
96.62
96.04
96.56
96.69
96.52
96.40
96.58
96.54
96.31
96.74
96.08
96.75
96.45
96.25
96.54
95.92
96.03
96.68
96.14
96.63
96.42
96.31
96.71
96.72
96.57
96.37
96.78
96.78
96.73
96.64
96.56
96.67
96.54
96.73
96.23
96.58
96.40
96.81
96.20
96.40
96.90
96.88
96.51
96.29
95.94
96.36
96.45
96.30
96.47
96.51
96.63
96.71
96.77
96.46
97.01
96.54
96.66
96.67
96.14
96.71
96.45
96.42
96.20
96.97
96.19
96.14
96.59
96.39
96.93
96.66
96.58
96.87
96.54
96.55
96.21
96.58
96.37
96.41
96.77
96.45
96.42
95.90
96.53
96.78
96.80
96.47
96.39
96.85
96.96
96.92
95.99
96.65
96.47
96.55
96.21
96.31
96.52
96.73
96.27
96.62
96.35
96.69
96.22
96.61
96.86
96.33
96.69
96.41
96.34
96.65
96.48
96.63
96.31
96.90
96.74
96.64
96.77
96.68
96.35
96.49
96.61
96.43
96.52
96.30
96.51
96.47
96.63
96.70
96.40
96.58
96.40
96.74
96.19
96.47
96.41
96.51
96.48
96.45
96.24
96.41
96.30
96.35
96.29
96.53
96.58
96.53
96.49
95.92
96.73
96.53
96.36
96.48
96.60
96.41
96.83
96.25
96.53
96.57
96.70
96.84
96.33
96.31
96.42
96.55
96.55
96.85
96.53
96.59
96.58
96.65
96.42
96.68
96.25
96.17
96.09
96.49
96.68
96.48
96.40
96.58
96.69
96.53
96.57
96.02
96.45
96.37
96.77
96.67
96.56
96.80
95.47
96.75
96.47
96.58
96.60
96.81
96.30
96.84
96.69
96.38
96.57
96.35
96.16
96.61
96.42
96.65
96.31
96.35
96.82
96.80
96.58
96.55
96.80
96.41
96.72
96.48
96.52
96.56
96.81
96.27
96.31
96.49
96.32
96.44
96.61
96.51
96.82
96.58
96.30
96.41
96.52
96.43
96.49
96.12
96.86
96.00
96.76
96.66
96.77
96.70
96.71
96.42
96.37
96.40
96.68
96.67
96.42
96.38
96.51
96.77
96.48
96.46
96.77
96.43
96.68
96.86
96.58
96.31
96.36
96.41
96.40
96.91
96.57
96.56
96.54
96.41
96.79
96.93
96.30
96.67
96.69
96.45
96.09
96.75
96.71
96.54
96.80
96.55
96.57
96.53
96.73
96.44
96.54
96.29
96.42
96.28
96.43
96.27
96.50
96.45
96.41
96.31
96.14
96.63
96.36
96.85
96.30
96.17
96.68
96.53
96.41
96.26
96.43
96.59
96.77
96.44
96.60
96.37
96.65
96.00
95.84
96.75
96.78
96.49
96.32
96.44
96.53
96.67
96.65
95.97
96.48
96.76
96.73
96.88
96.07
96.49
96.36
96.40
96.65
96.23
95.80
96.28
96.54
96.48
96.14
96.21
96.65
96.47
96.40
96.43
96.74
96.64
96.74
96.45
96.57
96.17
96.77
96.51
96.45
97.02
96.59
96.45
96.18
96.74
96.66
96.56
96.93
96.52
96.58
96.14
96.54
96.48
96.61
96.60
95.85
96.85
96.25
96.51
96.28
96.15
96.53
96.36
96.16
96.71
96.25
96.44
96.63
96.56
96.53
96.72
96.36
96.94
96.47
96.52
96.33
96.50
96.76
96.56
96.08
96.47
96.60
96.38
96.75
96.41
96.76
96.74
96.68
96.60
96.30
96.52
96.38
96.58
96.48
96.53
96.48
96.68
95.97
96.57
96.72
96.21
96.47
96.02
96.08
96.43
96.64
96.27
96.50
96.60
96.75
96.71
96.66
96.75
96.48
96.87
96.00
96.55
96.22
96.14
96.64
95.93
96.73
96.58
96.87
96.67
96.06
96.85
95.91
96.53
96.79
96.49
96.17
96.72
96.41
96.33
96.15
96.68
96.70
95.99
96.69
96.67
96.90
96.60
96.10
96.36
96.97
96.13
96.59
96.64
96.98
96.66
96.64
96.36
96.28
96.69
96.63
96.71
96.65
97.25
96.69
96.43
96.58
96.54
96.35
96.64
96.32
96.52
96.38
96.45
96.88
96.37
96.74
96.63
96.16
96.42
96.46
96.09
96.64
96.37
96.67
96.46
96.61
96.82
96.54
96.93
96.36
96.64
96.68
96.59
96.73
96.52
96.83
96.50
96.82
96.15
96.36
96.46
96.82
96.63
96.48
96.89
96.44
96.12
96.59
96.15
96.50
96.45
96.33
96.29
96.72
96.26
96.20
96.53
96.66
96.50
96.68
96.74
96.28
96.42
96.94
96.45
96.39
96.77
96.60
96.53
96.71
96.30
96.70
96.71
96.45
96.46
96.28
96.37
96.46
96.46
96.40
96.33
96.30
96.46
96.63
96.57
96.41
96.27
96.47
96.28
96.53
96.27
96.72
96.57
96.33
96.44
96.74
96.75
96.38
96.80
96.69
96.49
96.45
96.42
96.09
96.48
96.77
96.26
96.70
96.45
96.32
96.36
96.23
95.85
96.51
96.33
96.44
96.65
96.47
96.60
96.56
96.64
96.74
96.90
96.59
96.41
96.71
96.48
96.83
96.83
96.39
96.31
96.31
96.82
95.98
96.52
96.48
96.17
96.35
96.53
96.57
96.51
96.36
96.34
96.56
97.06
96.30
96.51
96.82
95.74
96.72
95.98
97.02
96.19
96.30
96.67
96.24
96.38
96.63
96.13
96.67
96.81
96.71
96.68
96.45
96.53
96.70
96.72
96.60
96.71
96.30
96.65
96.55
96.38
96.75
96.38
96.91
96.60
96.47
96.55
96.59
96.74
96.73
96.57
96.26
96.80
96.88
96.87
96.49
96.55
96.48
96.73
96.54
96.61
96.51
96.82
96.55
96.55
96.59
96.69
96.72
96.33
96.11
96.51
96.59
96.53
96.50
96.70
97.04
96.09
96.56
96.64
96.46
96.62
96.51
96.60
96.27
96.24
96.10
96.39
96.66
96.41
96.51
96.15
96.41
96.50
96.38
96.72
96.45
96.05
96.63
96.30
96.37
96.49
96.08
96.40
96.24
96.54
96.69
96.25
96.70
96.60
96.36
96.43
96.18
96.47
96.67
96.64
96.42
96.61
96.62
96.33
96.57
96.66
96.82
96.48
96.45
96.54
96.73
96.31
95.98
96.63
96.69
96.50
96.45
96.38
96.36
96.49
96.32
96.66
96.75
96.03
96.47
96.50
96.75
96.24
96.57
96.07
96.61
96.63
96.42
96.07
96.37
96.12
96.50
96.49
96.85
96.03
96.46
96.44
96.44
96.68
96.83
96.64
96.62
96.66
96.78
96.54
96.55
96.52
96.77
96.35
96.61
96.57
96.55
96.46
96.28
96.39
96.53
96.74
96.82
96.51
96.41
96.50
96.25
96.62
96.61
96.54
96.64
96.80
96.48
96.71
96.11
96.67
97.01
96.27
96.51
96.53
96.58
96.58
96.40
96.72
96.84
96.30
96.49
96.42
96.51
96.20
96.46
96.70
96.81
96.37
96.49
96.53
96.33
96.65
96.27
96.52
96.65
96.21
96.71
96.73
96.24
96.43
96.68
96.51
96.74
96.27
96.53
96.74
96.50
96.78
96.24
96.14
96.58
96.61
96.51
96.17
96.73
96.67
96.78
96.51
96.46
96.52
96.60
96.67
96.27
96.68
96.64
96.20
96.67
96.48
96.73
96.29
96.72
96.32
96.77
96.76
95.99
96.79
96.57
96.78
96.37
96.39
96.34
96.43
96.77
96.47
96.19
96.36
96.63
96.56
96.33
96.34
