92.73
93.28
92.78
94.35
93.95
93.85
94.23
93.13
93.65
92.60
94.05
93.29
92.98
93.70
93.88
94.18
94.15
93.01
94.35
93.55
93.73
93.17
92.78
93.18
93.65
93.68
93.26
93.52
93.92
93.87
92.90
94.02
93.51
93.74
94.24
94.42
94.02
92.97
92.86
94.05
93.64
93.59
93.75
93.32
93.77
93.99
93.11
93.27
93.19
94.25
93.56
93.80
93.53
93.63
93.73
93.52
93.80
94.00
92.87
92.98
93.96
93.52
93.68
93.68
93.75
93.25
92.60
93.80
92.02
93.17
93.75
93.64
93.76
93.95
92.52
93.02
93.97
93.45
93.81
94.22
91.77
94.41
93.86
93.49
93.06
93.97
93.16
93.65
94.29
93.52
93.64
94.50
92.95
93.35
93.77
94.31
93.04
92.35
93.53
93.24
92.46
93.60
93.44
94.17
94.23
94.32
92.39
94.14
94.13
94.18
93.76
92.96
93.34
93.43
93.26
93.35
94.17
94.77
94.40
93.51
92.92
93.91
93.77
94.04
93.48
94.28
93.66
93.42
93.39
92.87
93.28
93.33
93.93
94.28
93.99
93.40
94.08
94.05
94.41
93.73
93.97
93.00
94.18
93.31
93.58
93.87
93.40
93.26
94.01
93.07
94.03
94.09
93.43
93.86
92.95
94.06
93.19
93.66
93.60
93.77
94.08
94.00
93.16
94.03
93.52
94.02
94.29
93.52
92.39
94.20
92.82
93.95
92.38
93.66
94.04
93.63
93.73
93.94
92.45
93.14
93.87
93.72
92.86
93.94
92.42
92.23
92.46
93.01
94.06
93.98
93.79
93.34
93.11
93.21
93.86
92.36
94.31
92.64
94.13
93.84
93.63
94.37
93.64
93.36
93.82
93.82
93.73
94.26
92.58
93.86
93.93
93.36
94.34
94.20
92.85
93.91
93.37
93.43
91.92
92.80
93.00
92.98
94.13
93.86
94.03
93.71
93.93
93.69
94.31
93.63
93.74
94.39
93.91
94.02
93.20
94.19
92.01
94.43
93.92
94.71
94.15
92.64
93.59
92.08
91.56
94.07
94.04
92.89
94.30
93.76
94.03
93.79
93.63
94.26
92.98
94.39
94.16
93.62
93.75
93.63
93.48
91.89
94.27
93.27
93.33
93.70
94.16
94.23
94.57
92.92
92.53
93.39
92.80
92.90
93.47
93.36
93.71
93.69
93.49
94.00
93.87
93.03
93.24
93.54
93.28
93.61
93.53
94.13
93.84
94.39
93.70
93.59
93.76
93.71
93.25
94.07
93.93
93.11
94.47
93.20
93.06
93.89
93.55
94.03
92.72
94.34
93.67
93.72
93.57
93.34
93.41
93.94
93.94
93.56
93.59
93.09
94.35
93.52
92.58
92.86
93.38
93.72
93.97
92.65
93.60
94.54
93.48
93.62
92.56
94.09
94.42
94.30
94.39
92.67
92.31
93.99
93.84
93.70
93.64
93.48
93.59
93.49
93.41
93.76
93.61
93.63
94.15
93.72
93.76
93.15
94.03
92.46
93.81
93.62
92.82
93.88
92.56
94.13
93.66
94.17
92.40
93.76
94.09
93.61
94.12
93.80
94.17
93.91
93.08
94.07
93.52
94.46
93.82
93.17
93.80
94.05
93.68
94.49
93.29
93.88
93.07
94.31
93.15
93.96
93.80
93.84
93.16
92.85
91.76
92.64
94.32
93.82
93.90
92.38
93.69
93.29
93.18
93.23
91.29
93.25
93.82
93.09
93.42
93.30
91.97
92.40
93.22
94.12
93.26
93.30
93.63
93.79
92.48
93.55
94.83
93.24
93.25
93.62
94.29
94.08
93.27
94.20
93.78
93.05
92.90
93.88
94.15
93.10
94.07
93.49
92.51
92.86
93.69
94.02
94.53
93.76
93.43
92.69
93.17
94.14
93.64
92.45
93.53
93.14
93.70
94.20
91.79
92.93
93.71
94.37
93.52
93.40
94.62
93.59
94.06
92.80
93.40
93.68
93.49
93.23
94.51
94.39
94.60
93.32
92.70
94.40
93.07
93.56
93.62
93.66
94.36
93.53
92.23
92.98
92.43
92.97
92.93
94.13
94.52
93.25
93.78
92.64
91.67
92.48
91.94
92.20
94.22
93.49
92.66
92.75
94.41
94.11
92.54
93.24
93.53
92.82
94.15
94.27
93.53
93.16
93.98
93.00
93.61
93.91
92.76
93.89
93.10
93.70
93.80
94.07
92.53
93.75
93.20
91.99
93.33
93.57
93.86
93.97
93.45
92.91
93.41
93.57
94.05
94.14
93.18
93.30
93.01
93.34
93.65
94.37
93.75
93.89
93.66
94.11
93.90
92.42
93.58
93.33
94.04
94.22
91.90
93.71
94.82
93.12
92.94
93.32
92.54
93.86
93.82
91.18
93.36
93.51
93.47
92.73
93.11
93.21
93.31
91.26
94.02
93.86
93.92
92.90
93.40
92.53
93.67
93.64
93.33
92.91
94.00
94.13
93.17
93.48
91.86
93.25
93.36
93.52
92.73
93.70
92.92
94.08
93.61
94.00
93.53
94.12
93.48
93.67
93.77
93.02
93.17
93.78
93.93
93.54
93.71
93.46
93.00
93.27
93.98
92.76
92.57
94.06
92.79
91.96
92.93
92.90
93.15
93.44
93.62
93.32
94.88
92.82
94.21
93.15
93.38
93.81
92.83
93.77
93.82
93.63
93.16
93.40
94.01
94.57
93.14
94.27
92.80
92.62
92.80
93.16
94.25
92.52
93.02
93.13
93.46
93.55
94.23
93.91
92.22
92.60
93.29
93.05
93.13
92.51
93.53
94.33
93.37
93.50
93.15
93.74
92.71
92.82
93.78
93.62
92.54
92.65
93.05
92.07
94.60
93.24
92.77
93.81
94.42
93.34
93.44
94.06
93.57
94.34
94.52
92.99
93.41
93.79
93.84
92.47
93.57
93.53
94.05
93.83
94.37
93.99
93.87
93.69
94.38
91.71
92.43
93.73
93.77
93.17
94.61
93.27
93.38
92.14
94.29
92.96
93.73
93.40
93.64
92.38
93.60
94.47
94.13
94.35
93.03
93.60
93.66
93.75
93.29
93.37
93.66
94.24
93.58
94.42
92.58
93.47
92.89
93.99
92.85
92.64
93.97
93.31
93.86
93.39
93.01
93.54
94.02
93.40
93.91
92.21
94.31
93.72
93.05
92.97
94.04
94.02
94.00
93.70
93.49
93.75
94.06
94.47
93.74
93.56
92.90
94.04
94.09
94.57
93.80
94.17
93.80
93.39
93.33
94.53
93.51
93.24
94.28
93.69
93.99
93.43
93.96
93.90
93.40
93.59
94.24
93.70
93.37
94.47
92.63
94.14
93.73
92.02
94.42
94.42
93.99
92.67
93.22
93.09
93.70
93.50
92.91
92.98
93.04
93.12
92.80
93.51
92.95
93.78
94.27
94.39
94.13
93.62
93.16
93.22
93.40
94.19
93.76
94.05
94.00
93.55
94.09
94.18
93.24
93.99
94.19
93.79
93.66
92.08
92.98
93.88
93.63
93.49
93.45
94.20
94.37
93.18
94.39
92.38
93.37
94.10
93.56
93.51
93.18
93.66
92.35
94.24
93.56
93.60
93.43
93.21
94.23
93.74
94.20
93.64
93.86
93.53
93.89
93.43
93.40
94.29
93.72
94.45
94.46
93.68
93.17
93.95
93.69
94.37
93.23
93.53
94.11
92.92
94.00
94.48
92.97
94.15
92.97
93.03
92.84
94.55
92.70
93.67
93.59
93.37
93.48
93.08
93.67
92.69
93.72
93.58
93.17
93.81
93.92
93.84
94.41
94.09
93.27
94.20
93.11
93.33
92.77
94.13
92.43
93.52
93.39
93.26
93.33
93.67
93.36
93.57
93.95
93.80
93.53
93.59
93.45
93.15
93.61
94.41
93.22
93.42
93.96
93.27
93.30
93.44
93.47
93.35
93.97
93.74
93.55
93.76
93.71
94.05
94.18
93.61
93.24
94.03
94.26
94.33
94.87
93.54
93.70
93.88
94.34
93.64
93.31
93.61
94.53
93.98
92.87
94.52
94.14
92.55
93.38
92.34
92.24
94.28
93.67
94.07
93.63
92.81
94.29
93.58
93.78
93.88
93.59
94.23
93.53
93.17
93.37
93.88
93.04
93.61
93.48
92.85
94.03
93.17
93.70
93.10
93.80
93.41
93.86
94.34
92.67
94.42
93.93
94.21
94.23
93.38
93.82
93.68
91.91
93.17
93.96
91.89
93.67
93.42
93.79
94.51
93.10
93.05
93.31
93.26
93.13
94.30
93.84
92.86
94.16
93.00
93.88
92.61
94.05
94.14
94.15
93.77
93.95
93.68
94.21
94.12
93.76
94.42
93.83
93.06
93.46
93.90
