95.78
95.94
96.41
95.04
95.41
95.60
95.94
94.93
96.25
96.04
96.19
96.02
95.49
95.88
95.77
95.34
95.88
95.87
96.03
96.14
94.75
96.08
95.87
95.70
95.45
95.61
95.17
94.65
95.77
96.06
95.03
94.84
96.15
96.03
96.01
95.93
95.72
95.79
95.67
95.58
95.70
94.07
95.63
95.47
95.02
95.93
95.87
95.48
96.09
95.00
96.32
96.10
96.45
95.78
95.82
96.29
96.37
95.94
95.13
95.16
96.11
95.99
96.07
95.97
96.21
95.71
93.89
96.12
95.55
95.25
95.46
95.89
96.59
95.81
96.40
96.44
95.23
96.14
95.60
95.61
95.50
96.20
95.27
95.72
95.48
95.89
96.27
95.91
96.23
95.39
96.32
95.03
95.56
96.25
96.17
95.90
95.18
95.64
96.04
95.70
96.28
95.34
96.00
95.69
95.77
94.98
96.08
94.39
96.24
96.11
95.52
96.22
96.14
95.90
95.47
95.68
94.81
95.70
95.81
95.85
95.96
96.01
95.36
95.67
95.91
95.77
95.38
94.98
96.36
95.07
94.44
95.97
95.52
95.70
96.09
93.98
94.82
95.86
95.49
95.69
95.79
95.42
95.79
95.75
96.13
95.88
95.37
96.14
95.61
95.48
96.22
95.19
95.77
95.43
96.23
96.20
95.70
95.55
96.22
96.13
95.81
96.34
93.89
95.93
95.65
95.87
96.23
95.21
96.46
95.60
95.32
95.51
96.57
96.29
96.36
96.31
96.15
95.47
95.38
96.06
96.08
95.47
95.33
95.56
95.84
96.24
96.13
95.35
95.31
95.29
95.17
96.36
96.14
96.41
95.53
94.89
95.30
96.22
95.10
95.81
96.60
95.96
95.56
96.08
95.84
96.05
95.95
95.47
95.52
94.98
95.47
95.31
95.77
96.01
95.56
96.00
95.51
95.75
95.45
95.52
95.31
93.59
95.59
95.84
95.54
95.89
95.47
94.84
95.69
96.27
95.68
94.85
96.23
95.71
95.59
96.03
95.91
95.21
96.36
95.93
95.77
96.28
96.04
96.29
95.55
96.28
95.70
96.13
96.41
95.93
96.43
96.41
94.35
96.37
95.77
96.17
95.81
94.06
96.28
95.31
95.42
96.07
96.44
95.97
95.98
96.20
95.74
96.20
95.73
95.49
95.26
96.18
96.02
95.92
96.07
94.56
95.54
95.85
96.39
95.03
96.34
95.76
94.55
95.25
96.15
95.80
95.44
96.08
96.11
96.33
95.14
95.84
95.38
95.41
95.65
95.47
94.69
96.17
95.54
96.35
95.00
95.16
95.43
95.45
95.69
95.85
95.83
96.26
96.20
95.56
96.33
95.82
96.03
96.42
95.83
95.98
95.87
95.61
95.67
95.73
96.00
95.66
95.63
95.68
95.71
95.97
95.43
95.91
95.97
95.75
95.49
95.16
95.77
96.38
95.32
95.65
95.89
95.94
95.27
95.57
95.93
96.02
96.05
95.50
95.80
95.86
96.32
95.81
95.58
95.18
96.36
96.28
96.00
95.00
95.82
95.60
96.06
96.18
95.98
95.45
94.57
95.53
95.94
95.86
95.66
95.78
95.06
96.16
96.22
95.38
95.11
95.47
95.69
96.16
95.81
95.91
95.26
95.88
96.34
94.37
96.40
95.57
95.48
96.14
95.90
95.53
94.88
96.29
95.62
96.01
95.37
94.23
95.96
96.10
95.34
95.87
95.45
96.16
95.61
95.63
96.01
94.20
95.93
96.18
94.56
95.54
95.99
96.46
96.59
95.82
96.20
95.26
94.38
95.66
95.06
96.35
95.52
95.98
96.31
96.04
96.04
96.07
96.05
95.96
95.93
95.92
96.38
95.83
94.91
95.47
96.23
95.78
96.08
96.00
96.11
95.84
95.97
95.92
95.05
95.75
95.99
96.34
95.52
95.63
95.21
95.60
95.91
94.91
95.58
95.52
96.30
95.43
95.18
95.04
95.81
96.10
96.05
94.50
95.56
95.84
95.85
95.85
96.01
96.21
94.73
95.82
94.84
95.60
95.69
96.52
95.69
96.44
95.41
95.89
95.35
94.68
95.65
95.68
95.76
94.08
95.38
96.06
94.87
95.82
95.82
95.83
95.68
96.30
95.66
95.88
95.91
96.21
96.26
95.06
95.84
94.99
96.05
95.68
93.59
95.99
96.19
95.79
95.33
95.75
96.20
96.32
94.75
95.46
95.97
95.19
95.68
95.55
95.67
94.96
96.09
95.31
96.30
95.50
96.17
96.06
95.80
95.29
95.61
94.55
95.38
96.10
95.79
95.94
96.22
96.11
95.86
95.89
96.54
95.72
96.24
95.90
96.25
96.59
95.34
94.68
96.00
95.54
95.92
96.01
95.35
95.42
94.54
95.78
95.38
96.14
95.70
95.95
95.29
95.49
95.37
95.31
95.82
96.22
96.14
95.65
96.29
96.27
96.29
95.26
96.01
96.10
95.20
95.68
95.30
95.67
95.42
95.82
95.59
95.92
95.32
96.30
94.88
95.42
95.23
95.92
95.89
95.85
95.29
96.25
95.61
94.59
95.55
95.13
95.28
95.89
95.94
95.29
95.92
96.22
96.06
95.11
95.49
96.05
96.15
96.17
95.45
95.98
95.52
95.23
95.73
95.95
96.11
95.51
95.15
95.74
95.90
95.40
96.05
96.27
95.80
95.28
95.72
96.14
95.75
96.54
95.78
94.90
96.06
95.81
95.48
95.62
96.23
95.78
96.18
96.07
95.96
95.65
95.37
96.21
95.29
95.76
95.74
95.52
95.96
95.69
96.10
96.50
95.93
95.61
95.75
95.32
95.81
95.76
95.53
96.15
95.82
96.22
96.39
95.55
95.73
95.96
95.90
95.55
95.67
96.40
95.58
95.86
95.77
95.45
95.17
95.89
95.51
95.64
96.16
96.27
95.38
94.91
94.31
94.92
96.53
95.96
94.98
96.01
95.55
95.62
95.92
95.74
96.18
96.33
96.00
95.36
95.44
95.63
95.81
95.78
95.93
95.69
95.81
96.10
96.22
96.22
96.21
95.89
94.65
95.89
95.35
96.36
95.66
94.43
95.95
94.81
95.70
95.49
95.66
95.96
95.65
95.43
95.57
95.38
95.24
95.85
95.73
94.84
96.22
95.58
95.85
96.33
96.13
95.45
96.25
94.00
95.34
96.33
95.30
96.15
95.82
95.86
96.53
95.66
94.87
95.94
95.99
96.01
95.68
96.17
94.94
95.89
94.87
95.91
95.98
94.68
95.55
95.79
95.30
96.12
95.85
95.98
95.98
95.40
95.95
96.21
96.01
95.31
96.01
94.82
95.57
95.70
95.70
95.93
95.60
95.35
95.09
95.90
95.89
95.51
95.64
95.75
96.18
94.38
96.20
95.88
95.79
95.38
96.23
96.04
96.22
96.31
95.14
95.85
96.20
95.76
95.87
95.15
96.13
96.15
95.71
96.16
95.66
95.83
95.99
95.69
95.68
95.86
95.86
96.04
95.87
96.00
94.72
95.53
96.20
95.91
95.85
96.10
95.67
95.75
96.04
95.87
95.78
95.92
95.44
93.88
95.85
96.10
95.12
96.09
94.28
95.24
96.48
95.48
95.25
95.03
95.66
95.79
96.30
96.20
95.71
95.01
95.82
95.74
95.83
96.05
94.49
95.55
94.96
96.12
95.82
96.14
94.29
95.29
95.61
95.70
95.40
95.77
95.91
95.89
96.28
95.74
95.80
95.91
96.17
96.27
96.28
95.05
96.03
95.84
96.42
95.42
95.76
96.15
96.15
95.81
96.35
96.22
95.83
95.95
95.82
95.59
96.23
95.40
96.12
94.57
94.61
96.11
95.44
95.77
95.70
95.44
95.85
94.25
95.83
96.10
96.35
95.86
94.69
95.30
96.11
96.63
95.71
95.23
95.94
95.12
95.97
95.91
96.11
95.52
95.40
96.02
95.86
95.90
96.03
95.82
96.12
95.62
95.85
94.79
95.55
96.49
95.64
95.75
96.25
96.49
95.93
96.35
95.27
96.07
95.89
94.70
95.54
95.95
94.56
95.24
95.90
96.09
96.38
95.72
95.37
94.99
95.99
95.99
96.04
95.52
95.96
94.89
95.36
95.48
96.17
94.98
95.62
95.73
96.49
96.36
96.32
95.68
93.45
95.79
95.67
95.48
95.32
96.39
96.15
95.48
95.84
96.22
95.00
93.71
95.51
95.37
95.43
95.86
95.79
96.03
95.70
95.08
95.33
95.64
96.15
94.11
95.91
95.62
95.66
96.14
95.67
96.23
95.99
96.40
96.27
95.47
95.86
95.65
94.90
96.12
96.15
95.35
95.45
95.13
95.68
95.14
95.61
96.48
95.83
96.17
95.74
95.69
96.13
96.06
