97.45
97.61
97.33
97.42
96.97
96.25
95.10
97.19
97.84
95.38
97.59
97.53
97.62
92.69
97.95
97.38
96.93
97.64
97.94
97.65
94.88
96.59
96.75
97.67
97.17
94.08
96.86
96.36
96.45
97.81
96.71
97.80
97.79
96.82
96.22
97.58
97.06
97.55
92.84
97.54
97.41
96.19
97.32
97.85
97.25
97.37
97.90
97.30
97.97
98.03
95.88
96.98
97.70
97.26
97.65
96.33
97.52
97.53
97.74
96.05
93.76
96.62
97.59
96.50
96.08
97.33
97.64
97.87
97.64
97.54
96.63
96.83
96.21
97.28
97.50
97.12
98.07
97.53
97.10
97.59
97.31
97.12
97.22
97.33
97.77
98.12
96.10
95.14
95.83
97.54
97.37
97.90
97.62
97.12
96.92
96.76
97.67
96.41
97.33
97.45
97.42
97.07
97.43
97.63
97.20
97.44
96.86
96.97
97.70
97.16
96.81
96.98
96.77
96.33
96.80
97.31
97.76
98.19
97.30
97.25
98.04
96.66
97.58
97.41
97.58
96.15
97.13
97.66
97.57
97.00
97.29
97.83
97.07
98.02
97.92
97.63
97.14
97.09
97.48
96.55
97.62
97.70
96.75
96.51
98.24
96.84
94.57
97.21
97.38
96.70
96.87
97.44
97.51
97.37
97.42
96.45
96.92
97.59
96.69
95.62
97.34
94.25
97.39
97.19
97.59
97.22
97.42
96.64
96.56
97.80
96.95
96.66
96.78
97.37
97.63
97.74
97.13
97.77
96.54
96.23
96.55
97.48
97.57
97.04
97.72
97.66
96.97
98.04
97.42
97.60
97.77
97.61
97.62
97.01
97.02
95.99
97.69
97.01
96.42
97.75
96.55
97.71
97.68
97.09
95.78
95.18
97.11
97.88
97.61
97.68
97.76
96.63
97.38
97.68
97.38
96.69
97.50
96.92
97.42
97.28
97.80
97.20
97.60
97.69
96.75
97.73
97.74
97.83
97.49
96.57
97.10
97.39
97.61
96.47
97.67
96.93
97.55
96.64
97.23
95.94
97.40
97.42
97.65
96.71
97.09
97.99
97.75
97.35
98.13
97.67
97.78
97.25
97.50
95.74
97.59
96.37
96.67
96.71
97.93
97.10
97.18
97.74
96.05
96.08
96.85
96.89
96.95
97.78
97.45
97.23
97.44
96.18
92.40
96.95
97.57
97.38
97.76
97.23
96.84
97.76
96.77
97.28
97.26
97.27
97.81
93.54
97.05
96.36
97.53
96.86
97.65
97.27
96.95
96.63
96.31
97.89
96.90
97.68
97.57
97.45
97.09
97.33
96.92
97.59
97.79
97.06
97.38
97.59
95.88
95.23
96.51
98.02
97.64
96.63
96.91
96.39
97.58
97.43
97.45
97.80
97.72
97.19
95.63
97.71
96.91
96.92
97.75
96.66
97.85
96.79
96.35
97.49
97.72
96.55
97.61
97.26
97.88
96.96
95.95
97.46
97.05
94.02
97.24
95.89
97.40
96.50
97.98
97.72
97.37
97.50
97.31
97.17
97.84
96.40
96.44
97.54
97.57
97.05
96.60
98.13
98.05
96.80
97.57
97.35
97.45
96.46
97.14
97.82
96.09
92.41
98.04
97.81
98.07
97.50
98.07
96.96
97.85
97.06
97.56
93.97
97.61
97.40
98.01
97.53
97.94
97.53
97.64
96.97
96.70
96.20
91.30
97.45
97.61
97.94
96.15
97.47
96.86
97.33
97.65
97.34
97.52
97.37
97.60
97.15
97.75
97.86
97.05
96.40
97.62
96.84
97.69
97.47
95.68
97.22
97.20
97.25
97.66
97.96
97.22
89.28
98.08
96.97
95.99
96.83
96.07
97.90
96.93
96.11
97.40
97.52
97.28
96.90
97.88
96.40
97.39
97.69
97.27
97.55
97.70
97.69
97.77
96.80
97.43
97.71
96.48
97.76
97.25
97.16
97.82
96.86
97.69
96.92
96.39
97.19
97.30
98.01
97.36
97.54
98.09
97.53
97.09
96.26
97.57
96.79
96.26
97.29
97.14
97.44
96.62
97.75
97.23
97.33
96.84
96.57
96.54
97.02
97.82
95.74
97.91
97.68
97.87
97.02
96.41
97.95
96.78
97.05
96.10
97.37
95.70
96.68
97.71
97.49
97.32
97.23
97.80
97.74
97.36
97.80
95.72
95.24
95.81
97.74
97.12
97.14
96.01
97.07
96.44
97.67
96.41
97.14
97.41
97.62
97.82
97.38
97.91
97.66
97.20
97.72
97.33
97.24
98.12
97.68
96.58
97.45
97.40
96.58
97.77
96.54
96.28
97.49
97.21
96.25
96.54
97.91
96.45
96.57
96.49
97.44
97.14
96.60
97.23
97.32
96.12
97.43
97.49
97.34
96.64
96.01
97.16
97.61
97.16
97.77
96.22
97.40
97.75
97.40
97.17
97.10
96.84
97.38
97.54
96.86
97.99
96.61
97.75
97.73
95.66
97.85
97.07
97.59
97.64
97.68
96.03
97.45
94.76
94.14
97.23
96.02
97.73
97.08
96.84
98.01
96.85
97.97
97.31
96.62
96.79
97.37
97.00
97.60
98.01
97.84
97.55
96.91
97.76
96.35
96.63
96.46
97.54
97.98
96.92
96.86
97.23
96.84
97.29
97.52
97.06
96.44
97.81
97.45
98.07
96.47
94.79
97.40
96.75
94.72
97.98
97.25
96.26
97.32
97.41
96.98
96.71
96.97
97.74
97.61
97.66
97.06
97.67
97.79
97.28
97.09
97.83
97.11
97.77
97.58
97.47
98.01
97.56
97.14
97.23
97.34
95.65
97.60
96.44
97.60
95.72
97.06
97.08
97.87
96.21
97.86
97.67
96.67
96.89
98.08
97.38
97.21
97.52
96.90
95.25
96.47
97.16
97.03
98.04
85.52
97.08
97.08
97.57
97.53
97.00
92.03
97.18
97.47
96.98
97.03
97.42
96.45
97.86
96.63
97.73
96.52
97.88
97.73
97.53
97.00
97.09
97.98
96.09
97.91
96.67
96.77
96.86
97.05
97.80
97.13
97.43
97.08
96.95
97.20
97.65
97.39
95.90
97.15
96.31
97.62
97.59
97.61
96.47
97.22
96.37
96.83
97.05
97.14
97.44
97.94
97.60
98.03
96.69
94.58
97.85
97.51
97.45
97.34
96.71
98.09
97.30
97.56
97.77
97.15
91.01
97.43
97.53
97.43
97.78
97.79
97.84
97.41
97.66
96.84
97.83
95.10
97.60
94.91
97.05
95.61
96.71
97.05
97.30
96.65
97.58
97.74
97.33
97.04
97.01
97.67
97.48
97.15
97.37
97.41
97.40
96.97
97.82
97.34
97.24
94.70
96.95
97.23
97.54
97.63
97.95
97.91
97.28
97.54
97.74
97.42
96.34
96.63
97.30
95.69
96.97
97.47
97.66
96.80
98.08
97.36
96.18
97.14
98.01
95.46
96.85
95.53
97.70
95.86
97.07
96.60
97.87
96.36
97.92
98.00
97.57
97.43
97.16
97.02
93.44
97.42
96.54
97.42
96.89
97.61
97.20
97.04
97.97
97.55
97.07
97.54
96.73
97.40
98.00
97.43
97.76
96.41
96.05
97.55
96.50
97.17
96.45
97.48
96.46
97.36
97.24
96.23
97.68
98.09
97.56
96.18
97.11
97.45
97.40
97.42
97.58
97.42
97.26
97.25
97.59
97.34
97.74
97.75
96.75
97.31
97.10
96.98
96.95
96.54
97.35
97.02
96.94
97.77
97.19
96.70
97.55
95.88
97.35
97.18
97.70
97.26
97.08
97.79
97.83
98.10
97.06
97.29
97.30
97.67
97.55
97.20
97.36
97.44
97.06
97.00
96.80
95.82
97.40
97.69
97.47
97.29
94.12
97.67
97.13
97.86
96.44
97.80
97.29
97.36
97.41
95.53
97.62
97.93
97.50
96.57
97.20
96.78
97.31
96.95
97.45
97.77
97.95
97.57
94.80
97.31
97.53
97.17
97.59
97.58
98.11
97.44
97.70
97.58
94.12
96.37
98.06
97.31
97.71
97.95
96.54
97.69
97.27
97.75
96.51
96.92
96.59
97.15
97.73
97.24
97.90
97.17
96.45
97.95
97.84
97.03
98.03
97.38
97.73
97.41
97.61
97.37
97.04
97.72
97.71
96.67
97.96
95.15
97.57
97.54
95.78
97.28
97.32
97.91
98.07
97.58
97.41
97.64
97.54
94.97
96.98
97.08
97.60
97.25
97.70
97.48
97.41
97.61
96.76
96.28
97.06
97.60
97.66
97.11
97.78
97.50
97.77
96.41
97.49
97.61
96.47
97.61
96.94
97.19
97.33
98.05
97.59
98.03
98.00
97.47
93.91
96.78
97.87
94.53
97.86
97.41
