97.29
97.54
97.28
97.42
97.48
98.15
97.53
97.66
97.57
97.80
96.84
97.39
97.58
97.72
97.51
97.75
97.02
96.77
97.18
97.58
97.20
97.35
97.53
97.18
97.56
97.50
97.61
97.52
97.47
96.75
97.18
97.82
96.90
97.27
97.60
97.79
97.09
97.41
97.38
97.41
97.42
96.84
97.12
97.31
97.78
97.38
97.17
97.64
97.09
97.15
97.82
97.64
98.05
97.23
96.48
98.01
97.99
97.37
97.87
97.67
97.13
97.26
97.41
97.64
97.41
97.48
97.39
97.13
97.17
97.15
97.11
96.53
97.43
96.49
97.67
97.82
97.19
98.13
97.28
96.60
97.47
96.86
96.79
98.13
97.52
97.30
97.11
97.56
96.99
96.90
97.14
96.84
97.30
96.90
97.65
96.77
96.99
97.08
96.68
97.35
97.02
97.72
97.16
96.95
97.63
97.28
97.64
97.54
97.01
97.23
96.62
96.74
96.84
96.79
97.81
96.81
98.17
96.81
97.70
97.57
97.48
97.04
96.80
97.57
97.67
97.57
96.99
97.66
96.40
97.17
97.14
97.58
97.38
97.59
97.28
97.59
97.20
95.90
97.63
97.32
97.15
97.83
97.51
97.71
97.69
97.63
97.64
97.45
97.17
97.03
97.60
97.55
97.85
97.00
96.70
97.14
97.18
97.57
97.45
97.45
97.50
97.26
97.10
97.70
97.89
97.79
97.75
96.89
96.06
97.51
96.96
97.51
97.66
96.57
96.98
97.96
97.29
97.56
97.98
96.99
97.48
97.11
97.53
97.69
97.35
97.30
97.66
97.01
97.77
96.91
97.44
97.69
97.98
98.17
98.03
97.70
97.22
96.79
96.96
97.77
96.75
97.68
97.28
97.15
97.63
97.26
96.77
97.22
97.30
96.73
97.70
97.21
97.68
97.63
96.89
97.00
97.56
97.23
97.54
97.93
97.35
97.70
97.33
97.48
96.78
97.04
97.16
97.82
96.99
97.57
97.46
97.59
97.09
97.65
97.29
97.72
97.57
97.75
97.41
97.11
97.53
97.68
97.62
97.56
97.61
97.54
97.08
97.20
97.42
97.91
97.70
96.49
97.91
97.44
97.65
97.83
97.02
97.20
97.44
97.31
97.76
97.47
97.48
97.47
96.76
97.59
97.46
97.76
97.98
97.51
97.27
96.65
97.53
96.60
96.99
97.59
97.57
97.95
97.25
97.06
97.74
97.19
97.63
97.72
97.65
97.47
97.04
96.50
97.47
97.35
97.58
97.39
97.61
97.03
96.89
97.69
96.95
97.53
97.38
96.85
97.30
97.71
97.39
97.42
98.01
97.46
97.85
97.19
97.52
97.38
97.50
97.46
97.66
97.48
97.16
97.61
97.18
96.86
97.99
97.33
97.63
96.34
97.23
97.73
97.77
95.76
97.50
97.43
97.52
97.57
97.24
97.66
97.75
97.54
96.57
97.80
97.26
97.06
97.96
97.48
97.52
97.21
97.34
97.06
97.47
97.22
97.74
97.33
96.98
97.10
97.36
97.14
97.35
96.55
97.08
97.27
97.45
97.68
97.35
97.69
97.09
97.41
97.50
97.51
96.46
97.59
97.80
97.74
97.62
97.74
97.85
97.98
97.29
97.35
97.97
97.52
97.06
97.66
95.80
97.67
97.25
97.86
97.69
97.31
96.83
96.94
97.47
97.20
97.63
96.60
97.58
97.60
97.35
97.47
97.09
97.87
97.01
97.59
97.63
96.72
97.81
97.14
97.53
96.76
97.39
96.82
97.77
97.44
97.42
97.06
97.42
96.65
96.65
97.30
97.13
97.26
97.71
97.44
97.74
97.86
97.52
97.44
97.83
97.69
97.08
97.34
96.50
96.76
97.50
97.34
97.82
96.89
97.07
97.53
97.71
97.22
97.25
97.42
96.56
97.43
97.48
97.41
97.55
97.09
97.07
97.58
96.59
96.51
97.02
97.41
97.48
97.16
97.18
97.52
97.64
97.16
97.21
97.13
97.34
97.90
97.13
97.79
97.36
97.43
97.60
97.98
96.69
97.00
96.36
96.66
97.62
97.29
97.99
97.35
97.50
96.46
97.65
97.22
98.03
97.92
97.83
97.86
97.46
97.35
97.31
97.04
96.81
97.48
97.82
97.23
97.93
97.96
97.51
97.17
97.43
96.58
97.02
98.08
97.21
97.63
96.74
97.52
97.54
97.29
97.03
97.26
97.68
96.56
97.88
97.81
97.10
96.75
97.38
97.65
97.39
97.68
97.68
97.75
97.62
97.80
97.33
97.19
97.52
96.74
97.86
97.78
97.89
97.26
97.32
97.37
97.79
97.65
96.59
96.65
97.86
96.79
97.14
96.66
97.17
97.26
97.89
96.92
97.02
97.07
97.17
97.88
97.49
97.27
96.92
97.56
97.87
97.48
97.81
97.67
97.81
97.78
97.92
97.73
96.92
97.28
97.46
97.86
97.34
96.61
97.12
97.47
97.65
96.94
97.26
96.98
97.32
97.45
97.25
97.47
98.16
97.51
97.30
97.56
97.66
97.94
97.71
96.76
97.65
97.44
97.56
97.76
97.90
97.53
97.42
97.47
97.24
97.91
97.64
96.83
97.48
97.09
97.96
97.70
97.47
97.70
97.50
97.14
96.79
97.77
97.37
97.59
97.33
97.39
98.05
97.84
96.82
97.33
97.60
97.57
96.98
96.61
97.00
97.40
97.43
97.59
97.43
97.12
97.97
97.44
97.01
97.45
97.60
98.16
97.38
97.80
97.58
97.77
97.24
97.47
97.71
97.15
97.52
97.39
97.65
97.12
97.84
97.14
97.35
96.92
97.75
97.72
97.00
97.44
98.03
97.25
97.87
97.26
96.72
97.42
96.80
97.77
97.94
97.67
96.65
97.82
97.82
97.40
97.47
96.92
97.42
97.08
97.65
97.57
97.41
97.58
97.88
97.81
97.38
96.75
97.83
97.48
97.13
97.55
97.14
96.94
97.18
97.32
97.65
97.55
96.68
97.15
97.81
97.23
96.96
97.21
96.45
96.89
97.63
97.92
97.12
97.77
97.16
97.30
97.78
96.47
96.77
97.47
97.63
97.00
97.46
97.47
97.21
97.92
97.57
97.38
97.40
97.45
97.78
97.26
97.71
97.67
97.20
97.56
97.04
97.07
97.77
97.23
97.58
97.32
97.41
97.29
96.81
97.45
97.45
97.79
97.28
97.44
97.82
97.01
97.60
97.90
96.88
96.98
97.78
98.02
97.59
97.85
97.50
97.73
97.61
97.49
97.45
96.56
97.79
97.47
96.96
97.55
97.85
97.87
97.42
97.59
96.99
97.60
96.35
97.58
97.74
97.75
97.70
97.48
97.51
96.28
97.89
96.48
97.19
97.85
97.26
97.02
97.43
97.32
97.86
97.31
97.31
97.76
98.03
97.31
97.70
97.73
96.94
97.28
96.92
97.56
97.19
97.24
96.87
96.98
97.38
97.61
97.76
98.01
96.51
97.73
97.42
97.41
96.84
97.60
97.89
97.09
97.13
97.23
97.56
97.59
97.20
97.17
96.77
97.66
97.19
96.19
97.38
97.27
97.86
97.41
96.97
97.74
97.61
97.34
97.66
96.77
97.61
97.03
97.42
97.14
97.96
96.60
97.58
97.66
97.45
97.91
97.37
97.40
97.64
97.79
97.72
97.81
97.42
97.49
97.25
96.88
97.37
97.21
97.40
97.94
97.05
96.89
97.21
97.74
97.43
97.78
97.07
97.63
97.46
97.64
96.72
97.29
97.51
97.36
97.02
97.30
97.65
97.69
97.69
97.66
97.37
96.56
96.96
97.98
97.65
97.06
96.83
97.74
97.29
97.49
97.92
97.55
97.35
97.85
96.61
96.64
97.61
97.32
97.62
97.05
97.38
97.28
97.51
97.80
97.74
97.52
97.81
97.51
97.58
96.46
97.31
97.64
97.49
97.65
96.69
97.30
96.74
97.61
97.94
97.87
97.12
97.28
97.51
97.91
97.17
97.69
97.56
96.58
97.44
97.59
97.40
97.86
97.00
97.61
97.89
98.09
97.91
96.87
97.04
97.68
97.17
97.61
96.97
97.86
97.64
97.57
96.42
97.25
97.37
97.52
97.61
97.49
97.75
96.49
97.31
97.32
97.76
97.01
97.51
97.54
97.37
97.25
97.42
97.33
96.64
97.50
97.69
97.49
96.60
97.46
97.47
97.73
97.16
97.01
97.75
97.48
97.88
98.00
97.13
97.54
97.62
97.82
97.60
97.89
97.69
97.25
97.34
97.66
97.14
97.21
97.26
97.03
97.99
97.88
96.87
97.83
96.91
96.99
97.47
97.82
97.12
97.66
98.05
97.36
97.26
97.77
96.48
97.52
97.22
97.63
97.52
97.58
98.08
96.87
