93.36
94.62
92.48
93.93
94.42
94.08
93.00
93.56
93.68
91.51
91.68
92.89
93.91
94.09
92.38
93.70
93.94
93.05
93.78
93.53
92.88
94.66
93.81
93.52
92.56
94.14
93.50
93.80
90.89
89.97
95.40
92.97
94.44
94.21
93.61
94.91
92.57
93.90
94.53
93.75
94.49
94.47
92.68
94.00
92.61
94.83
94.61
92.40
94.21
92.18
93.33
94.32
94.54
93.99
93.24
94.65
93.28
93.25
94.87
93.31
94.57
91.69
94.25
92.16
94.22
92.13
92.84
93.12
93.88
94.17
93.58
94.25
93.95
94.53
95.33
93.61
94.16
95.21
94.10
94.40
90.85
93.77
94.29
93.39
93.75
94.73
94.26
94.42
94.83
90.39
94.25
94.55
91.76
94.01
94.14
93.16
92.95
93.30
94.87
94.22
94.90
93.99
93.10
93.92
92.25
93.74
94.72
93.96
93.98
94.72
92.41
93.25
93.74
93.49
93.06
93.34
92.84
91.77
94.50
93.53
94.01
94.24
90.31
94.18
94.77
91.59
90.90
93.27
94.36
93.79
95.31
92.90
94.21
95.04
95.09
93.05
93.17
93.19
93.76
93.49
93.26
94.57
92.83
94.59
93.47
93.95
94.17
94.64
94.49
94.71
95.19
92.33
94.68
93.79
94.84
94.69
94.76
93.96
93.64
94.04
94.37
94.49
94.54
94.51
93.62
93.97
91.78
92.55
94.11
90.65
93.39
93.89
92.37
90.73
92.15
90.68
93.26
92.04
93.84
93.86
92.27
93.98
93.83
92.73
94.12
93.20
91.57
93.90
94.30
94.21
94.30
93.17
94.41
93.81
93.70
94.14
94.90
93.33
93.14
93.69
94.41
94.50
94.91
93.54
93.03
94.20
93.62
88.78
93.48
94.44
94.16
94.21
93.76
91.71
92.37
94.41
94.38
91.77
93.82
92.98
93.61
93.91
91.96
91.17
92.05
93.19
93.85
92.24
93.98
92.67
93.59
94.52
93.89
93.85
94.55
94.24
93.21
93.72
92.49
93.15
94.45
92.62
92.97
94.99
94.40
94.28
92.25
94.20
93.05
92.75
94.33
94.13
92.93
87.77
93.98
93.62
94.18
94.48
91.59
94.07
94.87
93.63
94.11
94.20
93.33
92.95
93.21
92.52
94.86
94.75
92.60
91.40
93.60
93.42
93.71
94.14
94.12
93.43
94.40
92.51
94.20
93.72
94.43
91.92
93.73
93.38
94.52
92.14
93.82
93.19
93.77
93.13
93.53
91.12
93.53
90.96
93.83
87.69
92.35
93.24
94.54
93.28
93.59
94.15
94.03
93.94
92.27
90.36
93.95
93.16
92.83
94.06
94.01
93.46
92.84
92.85
94.75
91.60
93.44
94.05
92.27
94.67
93.95
94.87
93.23
93.51
93.73
94.11
93.32
93.84
93.86
92.54
94.58
93.72
93.25
92.35
93.50
93.24
92.75
94.59
93.42
93.42
94.09
94.51
93.11
92.87
94.04
94.53
94.42
93.47
93.06
93.54
93.37
93.34
94.28
94.07
93.31
94.31
91.80
95.13
89.24
93.67
93.65
94.68
94.87
92.94
94.33
93.04
89.81
94.51
95.36
92.28
94.53
92.91
92.28
93.26
94.53
94.89
94.17
94.40
93.68
92.46
93.99
94.47
95.14
93.85
93.82
93.03
94.59
92.16
94.59
93.50
92.29
92.26
93.93
94.43
94.14
94.04
95.20
93.22
93.48
92.72
94.39
93.81
94.13
93.77
93.62
92.01
91.29
95.28
94.68
93.62
94.81
94.81
94.63
93.98
94.73
93.05
94.23
94.81
93.24
94.19
93.70
94.74
94.47
94.62
94.08
94.42
93.07
93.64
93.43
92.47
93.10
93.76
94.18
92.67
94.01
93.02
93.18
94.24
93.73
93.00
94.01
94.56
95.28
93.74
94.96
92.78
94.45
92.91
93.81
94.19
90.89
94.93
94.37
92.94
92.16
94.74
93.85
94.87
94.06
92.86
94.11
93.88
92.59
95.29
93.75
93.00
93.31
93.46
93.59
93.85
94.36
94.51
94.56
93.71
92.86
93.95
93.30
93.88
94.66
93.65
93.20
92.05
92.68
93.80
93.12
94.05
92.96
95.14
93.33
93.89
92.55
93.84
93.97
93.36
93.61
93.37
92.87
93.00
91.91
92.17
94.51
95.09
92.65
94.88
93.12
92.56
93.56
94.95
94.47
92.96
93.02
90.97
95.11
94.18
93.41
87.82
91.64
94.23
91.96
93.90
93.34
94.09
93.30
93.63
91.55
93.11
93.41
94.02
94.10
93.38
92.59
94.62
93.83
94.40
94.25
93.64
94.51
94.78
92.23
94.56
94.06
94.51
94.23
92.37
94.56
93.88
94.36
94.38
95.29
93.57
93.85
92.80
94.15
92.98
93.37
92.72
93.34
91.69
93.65
94.56
94.47
91.50
93.99
93.41
91.36
92.49
93.83
94.09
94.14
95.18
95.16
93.20
94.15
92.45
92.34
93.94
93.43
94.50
93.18
94.23
93.12
92.73
93.91
95.15
93.31
94.56
93.60
94.20
91.27
93.62
93.61
94.00
92.61
94.71
92.25
92.74
93.35
94.60
93.22
92.44
93.10
89.96
93.54
93.45
91.72
89.45
94.98
92.99
93.63
94.29
93.55
92.46
95.16
93.22
93.29
94.51
94.64
92.81
93.89
94.56
93.38
93.45
93.35
92.49
90.99
93.85
92.10
90.39
92.87
94.43
93.42
94.00
93.52
93.02
93.13
93.86
94.34
94.71
91.82
92.77
93.92
91.67
94.22
93.18
92.86
90.53
93.95
94.52
94.65
93.80
95.40
92.95
93.86
94.91
93.12
92.87
91.98
91.27
93.76
94.18
94.77
91.34
91.77
94.61
93.36
93.17
93.95
94.68
91.32
92.93
94.37
92.96
93.78
93.62
93.64
93.92
93.24
92.08
94.17
94.15
89.83
91.33
94.11
91.29
94.00
93.29
93.74
93.25
91.31
93.07
92.32
93.16
94.27
94.71
95.10
93.83
93.99
95.05
91.85
92.44
93.92
95.26
94.47
92.91
93.03
93.78
92.54
94.46
91.36
94.51
93.96
91.82
94.87
93.34
91.83
94.23
94.53
94.27
91.42
93.34
93.90
93.46
91.08
91.15
95.16
95.17
93.43
93.25
94.20
94.09
94.70
94.70
92.69
92.88
92.81
92.40
94.44
95.29
94.35
93.71
93.34
92.51
90.22
91.89
94.40
91.82
92.93
93.26
94.53
93.88
93.07
94.97
93.41
93.92
91.35
93.36
94.50
92.04
93.86
92.18
94.34
94.82
93.35
94.61
94.97
94.50
92.51
93.64
93.60
93.95
93.88
94.24
92.65
93.09
93.97
92.22
94.71
94.10
91.96
93.57
94.97
92.23
93.76
91.55
93.46
94.66
92.82
93.05
91.31
93.09
93.77
93.60
93.91
94.10
94.27
94.14
94.74
94.09
94.32
93.41
93.97
94.25
92.97
93.52
93.34
94.89
94.02
92.82
93.27
93.02
92.97
93.17
92.85
94.32
92.65
89.73
93.98
93.44
92.89
92.99
94.24
94.54
93.50
92.64
94.34
93.90
92.49
93.69
94.45
94.53
95.14
94.32
93.95
94.24
93.20
94.10
94.51
91.52
93.68
93.10
94.63
92.66
93.07
92.85
93.03
93.38
95.61
93.20
93.78
93.65
94.60
92.13
92.02
92.12
94.25
95.09
94.28
93.94
94.84
93.58
90.48
92.25
94.38
93.68
92.26
92.36
92.87
93.70
91.45
93.47
93.52
95.10
93.35
91.92
92.28
93.20
93.71
89.42
93.36
94.23
94.04
93.31
94.15
93.96
94.19
92.51
94.22
94.23
94.26
94.15
90.50
91.81
93.68
89.60
93.54
94.58
93.74
93.40
91.49
94.58
92.31
94.81
94.34
91.88
92.51
94.29
94.71
93.67
93.73
94.17
93.33
93.34
93.88
94.08
93.09
93.15
93.90
93.04
92.38
93.20
94.47
93.44
94.09
93.32
92.66
92.94
93.59
94.60
94.32
94.30
93.68
95.22
93.42
93.82
90.40
94.57
94.01
93.00
94.76
92.36
94.07
91.67
94.36
92.37
95.05
93.84
88.95
90.55
93.99
94.65
91.39
90.30
94.14
94.70
92.42
94.39
93.54
93.85
94.21
93.51
94.55
93.56
94.39
93.17
92.65
94.38
90.41
91.84
93.09
95.08
92.77
94.12
93.68
94.12
89.77
92.59
94.30
94.46
94.26
94.69
94.03
94.53
94.90
93.06
92.67
94.93
94.60
93.92
92.56
93.38
93.97
93.92
94.70
92.46
94.36
93.54
93.54
94.39
