98.93
98.66
98.82
98.88
98.95
98.70
98.81
98.78
98.35
98.67
98.84
98.65
98.79
98.79
98.89
98.95
98.65
98.87
98.56
98.81
98.89
98.88
98.90
98.81
98.84
98.82
98.95
98.76
98.74
98.82
98.83
98.76
98.91
98.85
98.58
98.88
98.70
98.68
98.80
98.75
98.89
98.82
98.91
98.89
98.81
98.76
98.78
98.87
98.86
98.87
98.76
98.87
98.88
98.84
98.92
98.89
98.89
98.82
98.83
98.78
98.83
98.85
98.84
98.83
98.81
98.81
98.72
98.75
98.57
98.75
98.86
98.82
98.80
98.91
98.88
98.74
98.62
98.86
98.72
99.04
98.86
98.79
98.92
98.69
98.79
98.76
98.78
98.87
98.69
98.97
98.68
98.80
98.89
98.70
98.78
98.83
98.94
98.65
98.85
98.92
98.78
98.77
98.83
98.72
98.82
98.80
98.80
98.83
98.72
98.69
98.89
98.86
98.73
98.69
98.85
98.77
98.65
98.86
98.79
98.80
98.62
98.89
98.68
98.69
98.83
98.90
98.76
98.90
98.88
98.87
98.83
98.78
98.84
98.83
98.83
98.87
98.89
98.68
98.53
98.88
98.83
98.83
98.96
98.91
98.83
98.79
98.81
98.76
98.71
98.82
98.82
98.79
98.78
98.76
98.81
98.84
98.84
98.68
98.80
98.77
98.70
98.85
98.94
98.86
98.83
98.77
98.84
98.82
98.94
98.78
98.67
98.74
98.83
98.87
98.91
98.89
98.81
98.90
98.79
98.77
98.84
98.80
98.82
98.83
98.85
98.80
98.74
98.82
98.69
98.85
99.05
98.85
98.77
98.73
98.80
98.83
98.76
98.94
98.77
98.54
98.96
98.68
98.83
98.76
98.75
98.77
98.71
98.89
98.82
98.76
98.85
98.77
98.88
98.72
98.87
98.73
98.81
99.02
98.80
98.88
98.79
98.90
98.82
98.84
98.82
98.91
98.81
98.61
98.82
99.06
98.73
98.91
98.86
98.87
98.72
98.77
98.83
98.85
98.82
98.87
98.55
98.82
98.70
98.81
98.86
98.82
98.70
98.78
98.72
98.80
98.78
98.81
98.75
98.75
98.82
98.82
98.79
98.64
98.57
98.83
98.84
98.81
98.67
98.74
98.87
98.75
98.79
98.88
98.72
98.69
98.81
98.75
98.88
98.65
98.88
98.77
98.72
98.82
98.75
98.68
98.66
98.85
98.75
98.73
98.83
98.77
98.83
98.81
98.80
98.75
98.70
98.77
98.86
98.75
98.78
98.75
98.84
98.86
98.78
98.92
98.76
98.79
98.69
98.84
98.81
98.84
98.72
98.94
98.77
98.81
98.89
98.84
98.69
98.81
98.82
98.77
98.91
98.80
98.64
98.77
98.63
98.83
98.86
98.65
98.82
98.90
98.83
98.46
98.78
98.87
98.92
98.83
98.82
98.65
98.83
98.96
98.78
98.69
98.90
98.76
98.72
98.74
98.65
98.70
98.86
98.69
98.79
98.86
98.81
98.88
98.84
98.69
98.86
98.87
98.74
98.84
98.84
98.94
98.79
98.64
98.88
98.74
98.92
98.68
98.67
98.67
98.81
98.91
98.78
98.84
98.79
98.70
98.52
98.65
98.71
98.65
98.69
98.73
98.77
98.74
98.82
98.79
98.71
98.77
98.81
98.72
98.88
98.81
98.87
98.83
98.84
98.73
98.82
98.55
98.92
98.89
98.89
98.93
98.97
98.79
98.81
98.82
98.92
98.76
98.86
98.70
98.77
98.67
98.90
98.67
98.92
98.82
98.81
98.81
98.70
98.78
98.67
98.85
98.82
98.86
98.88
98.81
98.74
98.74
98.87
98.85
98.83
98.93
98.82
98.72
98.66
98.78
98.80
98.75
98.63
98.94
98.74
98.72
98.84
98.68
98.83
98.74
98.78
98.73
98.83
98.80
98.87
98.86
98.89
98.81
98.74
98.65
98.86
98.82
98.73
98.84
98.91
98.80
98.74
98.75
98.75
98.95
98.79
98.67
98.83
98.87
98.84
98.71
98.54
98.69
98.78
98.88
98.82
98.84
98.73
98.71
98.81
98.72
98.79
98.68
98.90
98.86
98.88
98.68
98.81
98.82
98.82
98.80
98.73
98.78
99.01
98.63
98.97
98.85
98.92
98.83
98.84
98.87
98.78
98.95
98.78
98.89
98.81
98.85
98.75
98.59
98.75
98.62
98.62
98.79
98.86
98.90
98.80
98.66
98.74
98.73
98.84
98.87
98.86
98.85
98.79
98.76
98.54
98.84
98.78
98.82
98.82
98.84
98.77
98.95
98.67
98.62
98.85
98.83
98.71
98.86
98.78
98.79
98.81
98.93
98.70
98.83
98.88
98.88
98.77
98.87
98.87
98.79
98.76
98.77
98.80
98.74
98.83
98.84
98.82
98.73
98.79
98.58
98.88
98.90
98.84
98.92
98.83
98.68
98.77
98.72
98.79
98.86
98.73
98.91
98.87
98.91
98.86
98.60
98.90
98.62
98.86
98.79
98.76
98.83
98.64
98.79
98.93
98.84
98.90
98.85
98.75
98.77
98.82
98.76
98.86
98.66
98.76
98.92
98.86
98.74
98.78
98.78
98.79
98.62
98.74
98.72
98.86
98.84
98.85
98.78
98.71
98.79
98.75
98.89
98.75
98.85
98.77
98.85
98.75
98.76
98.71
98.82
98.75
98.66
98.79
98.60
98.81
98.75
98.76
98.73
98.87
98.78
98.81
98.79
98.84
98.84
98.61
98.64
98.70
98.81
98.85
98.83
98.85
98.59
98.85
98.79
98.74
98.84
98.85
98.83
98.74
98.93
98.81
98.79
98.63
98.81
98.77
98.84
98.59
98.54
98.91
98.82
98.62
98.91
98.83
98.69
98.75
98.80
98.63
98.76
98.72
98.84
98.88
98.86
98.63
98.75
98.70
98.81
98.73
98.71
98.71
98.85
98.79
98.83
98.80
98.83
98.92
98.89
98.85
98.82
98.96
98.91
98.81
98.83
98.86
98.91
98.87
98.76
98.71
98.83
98.68
98.77
98.83
98.78
98.82
98.96
98.78
98.66
98.69
98.70
98.82
98.88
98.68
98.83
98.59
98.81
98.72
98.92
98.83
98.74
98.72
98.93
98.85
98.73
98.80
98.89
98.79
98.77
98.81
98.59
98.89
98.70
98.74
98.62
98.60
98.77
98.89
98.88
98.82
98.81
98.68
98.80
98.66
98.85
98.85
98.85
98.84
98.77
98.80
98.94
98.78
98.57
98.96
98.78
98.79
98.75
98.73
98.74
98.89
98.81
98.93
98.73
98.64
98.61
98.65
98.70
98.91
98.98
98.68
98.93
98.65
98.84
98.76
98.80
98.92
98.76
98.91
98.75
98.99
98.86
98.99
98.85
98.69
98.97
98.87
98.92
98.79
98.75
98.89
98.99
98.64
98.78
98.75
98.83
98.71
98.71
98.73
98.95
98.78
98.65
98.87
98.54
98.65
98.81
98.79
98.92
98.90
98.98
98.72
98.78
98.74
98.78
98.77
98.82
98.82
98.67
98.83
98.89
98.68
98.54
98.71
98.86
98.96
98.75
98.97
98.70
98.75
98.92
98.95
98.61
98.96
98.94
98.71
98.72
98.79
98.85
98.74
98.82
98.86
98.67
98.55
98.82
98.91
98.67
98.70
98.77
98.62
98.85
98.68
98.69
98.78
98.73
98.94
98.90
98.84
98.66
98.79
98.73
98.69
98.84
98.83
98.86
98.86
98.82
98.88
98.76
98.82
98.96
98.67
98.79
98.76
98.83
98.81
98.87
98.78
98.87
98.77
98.80
98.57
98.84
98.54
98.81
98.70
98.82
98.61
98.84
98.79
98.90
98.83
98.82
98.75
98.81
98.95
98.65
98.68
98.95
98.85
98.68
98.76
98.88
98.68
98.83
98.91
98.73
98.85
98.89
98.72
98.72
98.80
98.70
98.73
98.79
98.83
98.79
98.94
98.86
98.74
98.81
98.78
98.90
98.94
98.92
98.77
98.78
98.83
98.79
98.84
98.74
98.83
98.88
98.72
98.60
98.88
98.75
98.67
98.90
98.79
98.85
98.70
98.83
98.85
98.86
98.84
98.93
98.81
98.83
98.83
98.77
98.72
98.70
98.88
98.85
98.69
98.97
98.70
98.80
98.72
98.83
98.75
98.89
98.81
98.76
98.83
98.81
98.86
98.74
98.84
98.77
98.79
98.70
98.85
98.74
98.90
98.98
98.84
98.78
98.75
98.69
98.90
98.91
98.67
98.63
98.87
98.85
98.85
98.85
99.00
98.85
98.72
98.77
98.72
98.66
98.82
98.79
98.87
98.74
98.84
98.86
98.85
98.75
98.83
98.84
98.76
98.76
