95.95
95.78
95.39
95.64
96.42
96.43
95.59
96.08
95.49
96.34
96.19
95.72
95.71
96.19
93.50
96.26
96.49
96.27
95.03
95.87
96.08
96.16
96.65
96.17
96.04
96.11
95.80
94.27
95.31
96.33
94.99
96.41
96.51
96.08
96.21
96.24
96.08
96.10
96.41
95.33
96.58
96.27
96.70
95.97
96.38
96.14
95.56
96.39
96.27
95.18
96.41
96.77
95.54
96.30
94.21
95.08
95.78
96.45
95.54
96.02
95.21
96.56
96.13
92.58
96.24
95.08
96.44
95.17
95.13
95.78
95.56
94.76
96.60
96.49
95.49
96.03
96.34
95.81
96.33
96.33
96.48
95.86
95.68
96.02
94.48
95.90
95.85
96.52
96.23
95.14
95.59
94.58
96.08
95.99
96.53
96.33
95.95
96.04
96.30
95.88
95.72
96.32
96.08
96.66
95.66
96.74
96.22
95.84
96.04
96.68
95.44
95.07
95.53
95.63
96.70
95.93
95.71
96.33
95.49
96.24
94.85
95.60
96.43
96.37
95.92
96.13
96.24
96.43
95.59
94.99
96.32
96.43
96.58
95.92
95.92
95.80
94.64
96.74
96.01
96.02
96.14
95.63
94.46
94.94
95.94
96.43
95.55
95.78
96.10
95.82
94.99
95.75
96.04
94.62
95.71
95.54
96.65
96.11
95.66
95.98
96.32
94.58
96.27
96.25
95.78
96.29
96.03
95.98
96.32
95.48
96.74
95.80
96.17
95.84
95.78
95.55
94.29
95.68
96.46
95.76
94.96
96.79
96.50
96.18
96.13
95.06
96.19
95.99
95.73
95.85
96.14
96.14
95.35
96.03
95.35
96.56
96.22
95.66
96.02
95.27
96.44
95.25
96.38
95.82
95.57
95.38
95.76
96.07
95.34
95.12
94.64
96.11
95.21
95.72
96.14
96.57
96.02
96.21
95.73
95.81
96.22
96.05
96.04
96.19
96.33
94.46
95.93
92.37
95.24
96.53
96.36
95.79
96.10
96.02
95.71
96.06
96.84
95.31
96.00
96.91
96.81
95.85
95.81
96.39
96.33
95.93
95.03
95.94
95.93
95.66
96.69
96.56
96.23
95.91
96.39
96.23
95.54
96.40
96.04
96.00
94.70
95.57
95.71
95.64
96.05
95.91
95.62
93.20
95.22
96.65
95.74
94.96
95.52
95.80
96.10
96.19
95.53
95.82
95.43
95.43
96.11
95.91
95.84
95.35
94.93
94.22
96.62
95.94
95.58
96.51
96.10
96.27
96.23
96.07
96.44
96.31
95.94
94.93
95.01
96.02
96.04
95.67
96.35
95.68
96.56
96.02
96.32
95.85
95.88
96.34
94.84
94.91
96.41
95.28
96.20
96.38
95.50
95.48
95.84
96.10
94.46
96.66
96.44
95.00
96.41
96.32
96.31
96.40
96.06
96.05
94.98
95.53
97.16
94.75
92.01
95.53
95.90
95.73
96.00
96.12
95.57
95.65
95.97
92.86
96.72
95.67
95.13
96.59
95.90
96.33
95.82
95.80
95.18
96.22
96.37
95.59
95.72
95.91
96.49
95.55
95.94
95.30
94.91
96.28
95.57
93.42
95.72
95.01
95.74
93.53
95.00
95.43
95.17
95.46
95.00
96.44
96.40
96.19
95.77
95.91
95.35
95.79
96.14
95.86
95.44
95.19
96.83
95.18
95.78
96.16
95.67
96.10
95.15
95.40
96.53
95.62
96.02
96.17
96.19
96.56
96.67
96.20
95.57
96.33
95.32
95.63
95.89
96.15
95.77
95.05
95.57
95.87
95.66
95.80
96.53
95.83
95.41
96.13
96.39
95.59
96.06
96.24
95.54
96.25
95.44
94.17
95.83
96.24
95.39
95.95
95.99
96.13
96.20
95.89
96.31
96.11
96.83
96.89
95.91
95.25
95.86
96.54
95.93
96.15
96.48
96.17
95.97
96.07
93.71
95.70
95.00
95.89
96.10
96.23
96.66
95.91
95.27
95.76
94.28
95.76
96.03
95.41
94.91
96.36
95.86
94.74
96.24
96.48
95.01
96.32
96.10
96.09
95.99
96.61
95.71
97.01
96.50
96.37
95.92
96.21
95.74
96.38
95.53
95.85
96.45
96.10
95.23
95.68
96.12
94.45
96.28
96.21
95.43
95.72
96.35
94.79
96.16
96.57
95.96
96.18
96.39
96.27
95.05
95.56
95.87
96.58
96.48
96.00
95.45
96.50
96.14
96.04
95.82
95.90
95.89
96.27
95.34
95.32
96.10
96.19
95.86
96.15
96.21
94.97
95.79
96.62
95.85
95.33
94.68
94.22
96.26
96.05
96.05
95.98
96.46
95.87
95.44
96.30
96.51
96.85
96.00
95.46
95.42
95.99
96.23
95.29
94.18
96.25
96.26
95.91
96.36
96.10
95.69
95.37
95.97
95.91
96.55
96.03
94.96
96.32
96.39
94.57
96.38
96.03
95.18
95.20
96.34
92.64
95.57
95.18
96.39
95.58
96.18
95.15
94.81
95.75
95.34
95.70
95.86
94.47
95.54
96.36
95.85
95.68
95.78
95.76
96.25
95.59
93.20
95.79
96.81
95.88
95.74
96.17
95.38
96.22
95.70
96.00
94.50
96.51
96.02
96.64
96.24
96.27
95.91
96.51
96.07
95.78
96.43
95.41
95.41
93.53
96.82
94.79
96.14
96.86
96.30
95.52
95.53
95.28
95.56
95.62
96.35
95.36
96.29
95.04
96.40
96.64
95.44
95.54
96.30
95.16
96.26
96.07
96.03
95.46
95.75
95.60
95.61
96.70
96.41
95.97
96.14
96.37
96.50
95.42
94.77
96.33
96.02
95.55
95.89
96.36
96.27
96.61
96.28
94.83
94.73
96.20
96.37
96.34
95.86
95.90
95.58
96.55
95.78
95.16
95.33
96.43
96.05
95.54
95.15
95.89
95.78
96.26
95.52
96.50
95.99
95.52
95.59
96.39
96.22
95.58
96.41
96.27
94.34
96.46
96.91
95.75
95.50
95.56
94.88
95.64
96.18
95.80
95.52
95.97
96.44
96.47
95.25
95.10
95.01
96.61
96.12
96.41
96.65
96.59
95.84
96.37
94.37
96.20
95.85
96.38
95.93
95.54
96.30
96.09
95.39
95.22
95.92
96.23
95.40
96.14
96.53
96.01
94.91
95.92
96.31
95.24
96.40
96.57
95.81
96.08
95.81
96.17
95.57
96.09
94.93
96.54
95.61
96.01
96.27
96.29
96.28
95.67
96.33
96.07
96.28
96.07
96.53
96.30
95.06
96.23
93.63
96.18
94.35
95.92
96.40
93.76
95.91
95.65
95.94
94.44
95.07
96.15
94.22
96.06
95.20
96.29
95.01
96.13
95.39
95.87
95.39
95.98
96.20
96.58
94.73
96.22
95.02
95.21
96.48
95.81
96.23
95.97
96.10
96.04
96.24
96.22
95.88
93.81
95.64
95.05
96.66
96.01
95.19
94.37
95.70
95.73
94.46
96.51
96.49
94.98
95.08
94.61
96.00
95.53
96.62
94.65
95.78
95.84
96.62
94.49
96.68
96.05
96.04
96.53
94.90
96.06
96.31
96.05
96.06
95.31
95.26
95.74
95.82
95.49
95.62
96.10
95.55
96.30
96.52
94.78
96.05
96.54
96.43
95.99
95.81
96.00
95.56
96.43
96.44
95.14
96.38
96.93
96.19
96.00
94.85
96.09
95.20
96.69
96.23
96.10
96.54
95.33
96.47
96.48
96.74
96.62
96.17
96.29
96.67
95.52
96.07
96.00
95.42
95.70
93.77
96.49
96.73
94.84
96.14
96.36
96.28
95.14
96.35
95.52
96.47
96.38
95.64
95.95
96.24
96.41
95.73
95.92
96.18
95.13
96.29
96.63
95.53
95.71
95.44
96.51
96.54
95.96
96.16
96.38
95.79
96.46
94.75
95.52
93.53
94.35
95.93
95.28
96.37
95.26
95.49
95.39
96.48
93.95
96.55
95.91
96.29
96.36
95.50
95.68
95.85
96.05
96.05
94.56
95.34
96.22
95.07
95.53
96.19
96.12
96.20
96.31
96.40
96.04
94.75
95.58
95.53
96.15
95.59
95.88
95.89
96.19
95.19
96.18
95.43
95.67
95.68
96.45
96.38
94.33
94.90
95.82
96.11
95.68
95.58
95.44
95.90
94.97
95.44
96.30
95.81
94.79
96.41
96.42
96.04
95.73
95.28
96.16
95.62
95.37
96.31
93.03
95.24
95.53
95.28
95.68
96.31
95.46
95.47
95.17
96.10
95.16
95.02
96.98
95.75
95.93
95.87
94.90
96.00
95.94
95.14
96.31
95.92
94.32
96.06
95.19
95.31
95.65
96.11
93.03
94.50
96.41
95.88
96.66
