74.77
62.70
46.40
75.69
61.47
72.75
62.49
70.29
71.46
52.02
60.24
69.73
65.03
69.53
72.11
76.14
71.71
76.62
64.13
63.22
62.71
37.61
70.28
64.62
33.48
75.14
70.38
42.78
55.68
65.68
43.17
64.66
70.18
55.97
69.95
69.70
65.10
71.81
65.66
64.83
47.19
59.60
77.76
58.60
32.25
61.51
72.83
58.53
51.53
61.53
35.53
52.60
67.18
68.71
70.52
66.73
57.65
52.57
81.15
70.25
61.85
68.38
62.23
35.20
69.70
65.26
56.20
65.39
69.91
63.56
51.91
71.31
35.42
55.30
66.29
66.16
43.08
75.30
62.39
54.70
74.37
70.98
74.98
76.71
76.27
66.66
62.42
63.94
61.03
57.88
43.95
67.01
68.59
64.01
73.10
69.92
47.20
51.04
68.79
64.71
64.42
46.10
72.39
49.49
70.22
60.13
52.37
57.76
65.73
50.56
61.57
74.92
64.87
47.79
68.43
42.86
58.01
71.80
63.44
64.54
62.29
49.06
77.41
61.97
63.39
63.29
64.63
54.82
81.55
61.52
33.42
66.28
66.04
68.41
74.02
69.91
67.52
55.63
55.93
77.44
57.18
61.26
55.36
56.98
70.17
62.73
66.54
55.97
73.36
68.20
69.55
37.43
56.46
57.67
77.75
64.68
62.03
75.21
45.95
62.29
44.47
80.40
59.43
55.60
57.90
61.50
69.85
63.84
64.76
63.00
44.37
54.90
79.04
65.47
65.50
62.42
78.92
28.09
59.59
71.43
57.06
55.96
70.43
74.26
68.77
65.73
55.53
69.11
42.35
77.52
64.28
58.53
38.44
69.42
75.30
59.02
71.19
49.54
53.91
59.76
60.25
55.64
71.12
71.33
74.81
68.64
50.38
39.93
67.74
56.65
42.55
63.09
49.72
63.54
59.29
65.71
50.89
56.58
65.82
45.61
64.73
50.02
50.83
55.25
69.53
62.65
70.62
60.18
59.55
64.06
60.34
64.31
67.20
64.11
67.40
68.39
54.93
64.04
79.61
56.83
62.57
60.36
57.02
45.42
69.62
62.38
73.52
64.81
58.11
67.50
74.59
64.26
41.94
53.57
77.12
57.11
47.66
51.60
65.08
67.65
59.99
51.07
72.05
56.42
68.87
75.23
71.84
39.54
54.34
62.12
65.94
75.22
69.08
32.79
52.25
59.68
64.15
45.79
55.53
80.38
52.57
75.22
55.23
60.09
63.67
56.34
44.69
64.88
61.44
47.78
60.95
73.17
65.91
37.30
61.38
61.53
74.94
63.49
57.33
55.03
61.68
68.52
74.09
45.55
69.49
74.39
69.74
63.33
73.14
61.63
66.49
59.26
74.93
57.20
64.25
66.76
49.57
70.82
68.10
62.62
65.92
44.82
75.52
64.70
54.08
74.29
60.97
64.61
69.08
64.63
58.01
61.00
66.62
66.06
64.61
59.03
56.00
67.76
50.88
61.28
72.88
74.48
63.80
68.21
57.13
40.84
62.32
70.73
62.39
52.12
62.91
48.34
63.59
60.41
41.69
75.96
57.81
63.95
67.98
66.21
67.56
74.43
57.16
76.92
70.70
74.79
61.77
47.42
56.54
58.65
73.57
48.04
70.63
64.65
65.86
71.26
76.94
63.15
57.65
67.44
56.70
46.74
63.30
54.33
73.49
62.33
71.49
56.47
71.69
59.89
73.03
70.72
58.79
71.68
52.38
64.56
80.39
75.52
66.49
55.30
70.52
70.60
56.28
71.91
66.38
56.15
64.29
52.15
44.20
64.82
66.99
72.59
44.45
78.89
67.75
62.29
56.50
67.17
78.85
48.80
64.84
66.32
65.61
67.72
63.59
68.59
53.15
72.01
75.14
58.67
51.17
68.20
71.70
60.27
67.13
71.56
62.65
71.27
61.95
64.16
43.64
62.12
74.25
53.32
60.03
66.30
53.22
59.25
37.30
67.09
61.82
72.29
68.72
64.37
56.88
71.91
43.11
58.73
49.16
68.55
51.08
49.88
58.60
69.31
61.76
72.57
72.30
52.96
66.89
62.77
69.18
54.55
69.46
55.34
62.71
60.60
65.49
70.92
68.25
56.47
63.30
54.77
61.32
65.89
65.63
64.91
71.65
53.09
65.49
60.02
43.51
57.96
63.55
44.48
75.02
49.86
77.91
70.70
61.14
48.14
80.01
75.96
44.22
66.38
55.14
77.46
22.94
67.47
56.28
60.71
75.92
66.05
80.92
53.90
63.15
59.56
63.24
62.37
69.60
57.21
68.28
77.80
64.06
66.14
80.41
58.17
66.75
67.55
34.21
66.09
61.02
66.89
71.70
68.90
63.16
42.59
71.36
60.59
63.92
59.38
48.80
64.70
64.07
72.87
35.76
49.48
34.30
60.35
65.42
59.70
64.31
57.74
65.24
63.04
73.27
59.04
58.21
80.44
67.28
65.99
47.16
52.15
47.11
47.90
63.18
72.84
47.48
57.89
72.08
59.68
59.68
70.70
74.32
42.23
72.63
67.27
49.94
77.07
68.25
59.69
68.27
63.21
51.08
66.92
58.90
65.76
73.93
71.63
78.47
68.82
51.92
72.80
54.89
63.05
53.57
48.83
60.02
49.43
63.35
61.61
56.36
70.82
61.68
63.08
55.35
77.22
54.37
68.85
65.39
63.20
65.28
69.81
64.87
55.57
72.64
31.03
40.27
62.91
68.56
57.51
69.70
48.17
48.07
56.67
53.38
74.05
71.44
64.82
72.19
77.14
62.69
60.84
43.85
68.43
79.41
47.26
43.15
53.21
58.23
57.77
60.71
62.12
50.90
44.59
64.91
61.77
70.23
66.84
51.23
73.65
66.14
75.77
68.35
57.04
54.56
49.84
57.03
60.19
49.90
51.66
56.82
55.92
63.74
46.42
72.72
68.33
73.27
64.45
61.90
65.02
70.33
50.48
46.88
69.18
73.42
69.42
63.54
69.71
43.32
58.99
61.48
63.12
56.31
61.67
67.47
64.12
72.37
40.21
52.99
63.00
73.21
69.42
50.40
76.13
77.05
63.77
63.43
35.71
72.93
71.31
70.75
68.24
48.95
64.60
46.69
58.77
64.94
62.51
68.77
61.95
74.82
74.34
77.09
71.11
57.69
58.58
76.22
55.71
67.13
68.95
52.47
67.23
65.04
67.63
61.45
57.96
68.62
58.46
67.33
53.20
62.13
70.84
76.67
65.78
69.35
67.33
76.53
61.20
62.54
64.36
66.86
60.84
71.12
70.21
62.82
66.21
52.75
73.84
51.97
38.88
45.83
77.36
65.81
68.68
73.41
67.30
45.31
73.79
63.27
69.75
57.94
61.54
62.69
61.89
58.73
73.33
73.63
73.25
75.42
55.07
65.04
64.86
70.98
50.87
66.88
68.50
72.52
69.45
71.31
68.40
46.33
72.85
68.91
61.76
65.41
47.58
65.03
42.29
53.57
61.49
55.41
51.51
58.56
57.23
61.57
67.69
69.76
53.01
73.55
42.14
52.54
78.40
69.20
57.45
46.42
69.41
52.65
51.80
45.80
51.23
67.63
77.88
62.21
70.30
55.56
60.60
60.93
63.95
80.63
61.25
62.50
71.13
57.55
71.32
48.59
72.23
79.72
67.62
48.63
69.17
63.36
69.65
66.07
79.56
63.09
54.04
67.28
43.57
69.69
69.26
44.92
53.20
74.33
58.11
66.53
61.22
55.90
70.73
70.18
66.32
58.66
62.11
54.12
60.80
69.73
79.02
54.40
33.93
59.96
72.36
73.53
70.38
67.35
73.61
77.08
59.19
72.99
68.38
65.40
68.09
45.03
63.94
58.28
64.37
53.66
74.47
72.41
65.14
68.80
59.89
68.08
67.39
58.53
62.76
65.13
57.22
63.91
65.69
64.93
59.19
51.69
51.69
70.64
54.40
69.48
51.67
56.33
51.92
54.50
75.45
75.26
50.11
65.68
70.02
75.77
72.10
62.67
69.96
57.55
62.35
68.75
65.11
49.39
67.36
79.41
63.81
59.97
65.87
69.77
64.07
73.40
67.84
70.55
71.95
60.37
57.68
62.04
61.58
61.43
54.70
65.28
63.37
67.81
46.71
70.30
67.28
64.33
62.17
61.59
68.40
56.11
77.02
52.56
55.86
65.14
65.55
40.46
49.59
36.76
64.58
74.85
57.17
62.10
56.88
64.11
63.92
51.59
52.00
65.84
52.99
28.51
62.09
61.69
69.50
71.98
62.81
54.54
50.91
42.36
39.09
57.08
67.73
76.84
36.98
56.44
59.45
74.92
80.87
66.47
43.58
71.05
50.21
55.94
64.29
44.22
69.59
55.05
55.84
66.07
67.33
64.93
65.83
58.29
54.52
58.04
72.40
73.08
57.17
49.91
68.14
