92.20
91.43
92.71
91.63
91.14
91.48
92.51
89.93
91.29
92.45
92.19
91.68
92.47
91.96
91.56
92.46
92.79
91.99
92.52
91.45
90.84
92.21
90.56
92.91
92.15
92.32
92.50
92.32
91.89
91.41
91.31
92.31
92.50
93.32
91.36
90.83
92.21
92.03
91.85
92.65
93.26
92.85
92.26
92.70
92.46
91.70
92.13
92.45
91.63
92.16
92.40
92.26
90.66
91.80
92.14
90.75
92.04
92.35
90.98
91.92
92.23
92.45
92.22
91.67
92.28
91.91
91.39
92.25
91.59
91.54
92.79
92.36
92.24
92.16
91.96
92.24
92.76
92.37
92.03
92.49
91.59
92.05
92.64
91.70
92.14
92.35
92.51
91.64
92.07
91.18
91.33
91.24
92.33
92.69
92.12
92.91
90.80
92.41
92.85
92.95
92.30
92.26
93.09
92.29
92.49
92.59
93.04
91.80
92.16
92.23
92.47
92.22
92.74
92.16
91.71
92.48
92.66
92.81
92.01
92.62
91.91
92.79
91.28
92.71
92.08
92.78
92.01
90.43
92.71
92.44
92.85
90.65
92.42
90.08
91.27
92.32
92.40
92.23
91.90
92.81
91.93
92.16
92.04
92.83
91.99
92.14
91.82
91.35
92.30
92.30
89.62
92.21
90.33
90.87
91.96
92.39
91.72
92.30
91.53
91.03
91.65
91.61
91.65
91.83
92.24
92.13
91.02
92.37
92.18
91.63
92.07
92.49
91.79
92.31
91.66
93.00
92.37
91.22
92.20
91.70
92.06
92.78
91.44
91.72
92.44
92.36
91.46
92.80
93.18
92.05
93.11
91.47
92.57
92.69
90.72
92.53
91.22
92.69
92.75
92.62
91.69
91.22
91.98
90.89
92.47
91.12
90.08
92.21
91.57
92.08
91.79
91.15
91.97
92.12
90.94
92.81
92.00
92.16
92.34
92.25
92.65
91.88
91.87
91.97
92.13
91.64
91.84
92.03
91.80
91.54
92.41
92.46
92.45
91.76
92.51
92.21
91.65
92.56
92.44
91.52
92.06
93.08
92.43
91.97
92.72
91.67
89.29
91.57
92.36
91.69
92.53
91.81
92.18
90.78
92.35
92.88
92.08
91.96
92.11
91.74
92.69
91.85
92.74
92.81
92.77
91.93
92.82
92.43
92.72
91.42
92.01
92.06
90.34
92.15
91.85
92.81
91.79
92.57
92.23
91.61
91.49
92.71
92.29
91.88
92.02
91.88
92.82
92.33
92.77
92.30
91.63
90.51
91.62
92.12
91.59
92.63
91.71
92.85
92.40
91.45
92.60
92.23
92.91
92.37
91.99
91.43
92.74
92.27
92.36
92.36
91.84
92.48
92.65
91.86
92.25
92.49
92.44
92.28
92.20
91.65
92.24
92.27
91.91
91.92
92.52
92.75
91.17
91.74
93.15
92.21
90.91
91.43
92.95
91.76
92.63
92.72
92.36
92.71
92.80
92.58
91.95
91.68
91.81
92.82
92.12
91.22
92.26
92.53
92.53
89.82
93.16
91.95
92.09
91.79
91.13
92.05
91.89
92.64
91.35
92.43
90.67
91.77
92.58
92.05
92.54
91.96
92.31
92.79
92.59
92.43
92.56
92.36
92.27
92.33
92.20
92.25
91.86
91.89
91.69
91.95
91.26
91.72
92.62
91.54
91.61
92.22
92.48
91.75
92.70
92.33
91.60
92.46
91.98
91.26
91.95
91.94
90.10
91.55
91.46
92.15
93.32
89.71
92.13
91.10
92.15
92.40
92.21
92.42
91.00
91.95
91.28
91.32
92.08
92.16
92.44
92.83
92.32
92.38
90.43
92.44
92.60
92.38
90.04
91.45
92.42
93.13
91.74
92.57
91.92
91.20
91.89
91.52
92.34
92.12
92.78
92.25
92.21
92.50
90.17
92.60
91.27
91.75
91.71
90.17
91.88
92.59
90.98
92.27
92.11
91.44
92.19
92.46
92.06
92.67
91.79
92.67
92.92
92.07
92.31
92.70
92.93
92.26
92.69
92.93
92.26
91.88
91.96
91.79
92.51
91.33
91.66
92.18
91.64
92.60
92.94
92.12
92.17
92.46
90.39
91.64
91.48
92.70
92.56
92.29
92.16
92.42
92.90
92.67
90.69
92.07
91.63
91.42
92.03
91.74
92.57
91.89
92.58
91.39
92.83
91.98
91.36
92.87
91.80
92.48
92.21
92.92
92.31
91.27
91.99
91.87
93.00
92.15
92.57
92.08
92.41
91.75
92.43
92.16
90.89
91.20
91.73
91.71
92.19
92.51
92.41
92.18
91.62
92.55
92.76
91.61
92.37
92.24
91.62
92.45
91.89
92.24
91.07
91.70
92.50
91.11
91.66
92.72
90.84
92.38
92.25
91.60
92.19
91.69
92.37
90.86
91.25
92.51
92.08
92.71
92.23
92.29
92.04
91.93
92.01
91.94
91.92
91.91
91.54
90.89
92.13
92.56
91.85
91.60
92.49
90.38
88.30
92.12
91.81
91.28
92.19
92.11
90.41
91.97
92.99
92.84
92.39
92.07
90.89
93.09
91.10
92.02
92.67
91.09
91.61
92.39
91.92
92.19
92.29
92.28
92.31
91.53
92.32
92.37
92.56
91.88
92.47
91.53
92.06
92.66
91.20
92.55
92.28
91.85
92.97
92.34
91.81
92.74
92.49
91.56
92.28
92.32
92.74
92.93
91.83
92.17
92.56
92.32
92.75
91.37
92.39
92.67
92.52
91.31
92.18
92.03
91.74
91.82
90.57
90.97
92.77
92.45
91.41
92.30
91.95
92.33
92.22
92.17
90.95
91.84
92.82
92.77
92.63
92.62
92.49
91.86
90.46
92.54
92.23
92.58
92.20
90.89
92.41
92.11
91.35
91.37
92.09
91.89
92.25
92.44
92.58
92.52
92.09
92.15
92.31
92.05
91.95
92.31
92.79
92.59
91.67
92.27
92.35
92.22
91.35
91.52
92.67
91.75
92.85
91.56
92.60
90.09
92.92
91.61
91.60
92.25
91.88
91.96
92.25
92.20
92.46
92.21
92.33
92.09
92.51
90.81
92.65
91.77
91.41
92.04
92.21
91.86
92.01
92.31
92.53
92.85
91.63
91.87
91.90
92.59
91.45
92.04
92.21
92.81
91.32
91.87
92.10
92.59
92.29
92.94
92.86
92.40
92.54
92.05
92.05
92.43
91.68
90.90
92.19
92.43
91.52
91.21
92.79
93.16
91.67
91.95
92.43
92.54
92.33
92.71
92.40
91.80
89.53
92.61
91.06
92.71
92.76
92.48
92.55
91.63
92.50
92.66
91.79
92.76
92.38
91.99
92.39
92.08
92.44
92.05
92.42
91.44
91.12
92.55
92.32
91.99
90.03
92.58
92.15
92.61
92.06
92.49
91.92
91.64
92.45
91.28
92.10
91.60
91.40
92.31
92.69
92.10
91.50
92.15
91.93
92.23
93.40
91.98
92.13
92.79
91.72
92.83
89.63
92.38
91.83
92.31
92.32
92.55
92.88
92.07
92.67
92.01
92.16
92.36
91.92
92.22
92.98
92.70
92.43
92.12
92.33
92.31
92.48
90.96
92.31
91.43
92.08
91.99
91.86
91.67
91.27
92.28
92.51
92.23
92.64
92.25
92.33
92.60
92.87
92.85
91.24
92.45
92.31
92.75
91.05
91.54
92.85
90.96
92.58
91.41
91.84
92.76
92.00
92.53
91.38
92.61
92.75
91.20
92.26
92.16
93.06
91.63
91.91
92.33
92.78
91.84
92.72
91.82
91.79
92.27
91.73
92.56
91.91
91.07
92.61
92.11
92.19
91.62
90.80
92.15
92.43
91.65
92.37
91.95
92.38
91.59
91.76
92.36
92.72
91.86
92.04
91.98
90.93
91.66
92.67
92.43
92.20
92.47
91.97
92.34
92.01
91.72
92.54
93.01
92.78
92.62
91.53
92.32
91.73
92.48
92.22
90.99
92.04
92.22
91.55
91.97
91.96
92.65
91.67
92.54
92.27
92.13
91.43
91.93
91.93
91.81
92.72
92.18
91.94
92.79
92.16
91.13
92.50
90.88
91.06
93.10
92.38
91.21
91.91
92.59
92.44
92.42
92.53
91.41
92.88
91.03
91.21
91.16
91.68
92.11
92.22
91.96
91.34
91.38
91.77
92.38
92.31
91.77
92.03
92.83
91.19
92.67
91.63
92.17
91.80
91.14
92.01
92.28
92.38
91.27
91.93
92.06
91.45
92.37
92.19
92.75
91.45
92.38
91.66
91.60
91.34
92.12
92.55
91.69
92.56
92.26
92.90
91.79
92.11
93.27
91.88
91.95
92.14
90.90
91.88
92.84
91.02
91.89
93.09
90.22
93.25
92.64
91.98
91.26
92.64
92.82
