97.45
97.30
96.99
96.82
96.94
95.73
97.48
98.10
98.17
97.49
96.21
96.53
97.67
97.64
97.59
97.37
97.94
97.53
98.00
97.41
97.45
97.32
97.11
96.85
97.91
97.23
97.36
97.79
97.23
96.95
97.80
97.75
97.66
97.75
97.81
96.42
98.06
97.89
97.61
97.39
98.06
97.23
97.91
97.51
97.57
97.25
97.53
98.09
96.87
97.99
97.73
97.68
98.03
97.73
97.63
96.41
97.41
97.90
97.99
97.95
96.99
98.03
97.98
97.83
97.55
97.67
97.41
97.59
98.11
95.73
97.92
97.41
97.57
97.63
97.78
97.96
97.89
96.95
97.56
97.15
97.47
97.70
97.90
97.45
97.25
97.39
96.99
97.42
97.66
97.71
97.16
96.98
97.14
97.49
97.05
96.51
97.74
97.45
97.94
97.84
97.45
97.73
97.72
97.46
97.93
97.18
97.09
97.94
96.36
97.87
97.89
97.78
97.21
97.38
94.71
96.92
98.01
97.29
97.59
97.15
97.03
97.40
97.62
98.01
97.32
97.55
97.38
97.92
96.28
97.42
97.88
96.14
97.73
97.82
95.90
97.83
97.26
96.43
97.87
97.04
97.21
97.06
95.11
97.79
97.73
98.18
97.29
95.61
95.71
96.87
97.53
97.54
97.56
97.43
97.65
98.18
97.15
97.58
98.07
97.00
97.17
97.18
96.97
96.04
96.28
97.63
97.65
97.71
98.02
97.09
96.79
97.36
97.66
97.23
97.61
97.97
96.96
97.13
97.14
95.67
97.55
97.64
95.41
96.86
97.67
97.31
97.76
97.55
98.18
97.38
97.78
97.40
95.55
97.74
97.96
97.51
97.66
97.65
97.21
97.68
97.34
97.18
97.23
96.59
98.03
97.24
97.21
96.96
97.59
97.94
97.42
97.59
97.05
97.32
97.76
97.08
97.14
97.03
97.59
97.82
97.10
98.05
96.98
96.87
97.17
97.54
98.17
97.61
97.43
97.47
97.81
97.62
96.57
97.23
97.26
97.16
95.63
95.35
97.60
97.52
97.24
97.81
97.84
97.82
97.48
97.84
97.57
96.46
97.58
98.31
97.03
98.21
97.92
97.74
97.78
97.66
96.17
97.44
97.90
97.98
97.08
97.88
97.11
97.94
96.87
97.15
97.80
98.09
97.68
96.76
97.35
97.79
97.27
97.83
97.47
97.19
97.06
97.03
97.29
97.22
97.13
97.94
97.97
97.98
97.33
97.39
96.70
96.70
96.68
97.77
97.50
97.71
97.59
97.31
97.70
97.52
97.69
98.24
97.40
96.38
95.66
97.31
96.32
96.57
97.49
96.79
97.89
97.93
98.16
97.37
97.58
94.30
97.82
97.44
97.91
96.52
96.65
97.70
97.35
96.97
97.84
97.77
97.25
97.60
96.67
97.35
96.25
97.62
96.83
97.57
98.13
97.20
97.29
96.89
97.15
97.59
97.65
96.45
97.30
98.28
97.80
94.74
97.73
98.15
98.20
97.64
96.60
98.18
97.19
96.05
97.37
97.26
97.46
96.82
97.22
97.93
97.00
97.33
96.79
97.68
97.65
97.24
97.05
97.59
97.69
96.29
93.09
97.09
97.17
98.02
97.87
97.52
97.85
97.40
96.73
98.15
97.95
97.87
97.70
97.52
96.28
96.88
97.07
97.33
96.21
97.16
97.29
97.52
96.82
98.02
96.86
98.06
98.00
97.34
97.75
97.49
97.65
98.25
97.51
96.88
97.80
97.69
97.95
96.38
97.91
97.22
97.61
97.33
97.68
98.14
97.13
97.40
96.91
97.95
97.40
96.26
96.25
98.20
97.68
97.53
97.13
97.39
96.61
97.17
97.40
97.31
96.90
97.74
96.73
97.06
98.01
98.01
97.95
97.85
97.49
97.50
98.02
97.32
96.60
97.74
97.53
97.29
97.05
97.40
98.18
97.07
97.58
97.90
97.93
97.72
97.33
98.07
97.37
96.37
97.97
97.55
96.71
96.68
97.91
97.16
97.80
97.36
97.30
97.90
97.02
97.82
97.43
97.43
97.61
97.43
97.53
96.84
97.42
96.24
97.41
97.40
97.01
97.00
95.98
97.63
97.18
97.25
97.03
97.45
97.36
95.23
97.69
98.06
96.87
97.95
97.75
97.24
97.46
98.00
97.68
96.29
97.91
97.97
97.93
97.28
96.91
97.21
97.77
97.09
97.50
97.50
97.97
98.19
95.25
97.18
95.66
96.27
97.70
97.92
97.18
97.88
96.76
93.12
97.99
97.70
97.51
97.62
97.77
97.59
98.15
98.11
97.39
98.02
96.28
97.55
97.46
97.56
96.33
97.44
97.43
97.32
96.02
97.84
96.84
97.51
97.73
96.88
97.73
97.42
98.23
97.54
97.19
97.48
97.46
97.86
98.00
97.91
96.65
96.53
97.03
98.13
97.90
97.18
97.45
97.69
97.39
96.18
97.95
97.25
97.74
96.34
96.98
90.43
96.53
97.72
97.50
96.71
97.93
97.79
97.87
98.09
96.72
96.83
97.83
97.79
98.00
98.05
96.89
97.52
97.77
97.12
97.91
94.00
97.71
95.67
97.29
97.86
97.32
97.59
97.39
97.85
97.03
97.41
97.90
97.45
98.19
97.53
97.82
97.35
97.61
97.59
96.51
96.96
97.79
97.32
97.27
97.81
97.90
97.57
97.95
95.90
97.72
97.61
97.50
97.90
96.85
97.48
98.07
97.19
96.44
97.89
96.85
97.08
98.01
97.98
98.11
97.35
97.54
97.83
96.57
97.15
97.82
98.04
97.68
96.90
96.97
97.50
97.68
96.37
96.98
97.79
98.28
97.86
98.00
97.85
93.41
96.87
97.02
97.05
97.87
97.48
98.08
96.70
97.55
97.06
97.77
97.68
98.16
97.95
97.43
97.48
94.90
96.91
97.72
97.51
97.48
97.57
98.15
97.40
97.65
97.86
97.96
96.97
96.17
96.55
97.16
96.22
97.51
97.48
97.34
97.75
96.56
97.51
95.75
97.17
97.43
96.74
97.36
97.80
97.77
97.04
97.02
97.80
97.42
97.89
92.87
97.71
96.41
98.17
97.67
97.75
97.86
97.55
98.17
97.12
98.16
97.43
98.07
97.91
97.79
97.20
98.06
97.96
97.01
97.32
97.77
97.95
97.74
96.83
97.32
97.37
97.44
96.07
97.32
97.95
97.27
97.88
97.77
97.66
97.70
97.74
97.58
97.89
97.69
97.95
95.26
97.78
97.92
97.78
97.89
98.03
98.00
97.56
97.21
97.37
97.76
97.27
97.10
97.90
97.55
97.31
97.35
97.22
95.40
96.74
97.68
98.08
98.21
97.72
96.84
97.78
97.06
97.66
96.82
96.45
97.32
97.76
96.92
97.85
97.61
97.69
96.13
97.77
96.90
97.62
97.74
97.56
96.38
97.80
97.82
97.78
96.80
97.12
97.76
97.29
97.82
97.81
97.81
97.91
97.98
97.90
97.35
97.93
97.78
97.79
97.69
97.32
97.51
97.87
97.71
96.37
98.01
97.66
96.68
98.11
97.81
97.40
97.76
97.88
97.59
97.73
97.62
96.67
97.80
97.23
97.60
96.08
96.44
96.56
98.15
97.70
97.55
97.72
96.85
97.19
97.54
97.45
97.79
98.02
97.59
97.28
98.05
97.80
98.07
98.14
97.45
95.82
97.81
97.23
96.99
97.78
97.62
97.96
97.20
97.67
96.87
97.72
97.71
96.12
96.88
97.72
97.37
96.83
97.60
98.12
97.79
97.97
97.21
96.09
97.80
97.45
97.08
97.07
97.50
97.38
97.21
97.49
97.86
97.70
97.38
97.63
95.61
97.33
97.35
97.22
97.83
97.45
97.95
97.25
97.47
97.67
97.27
98.30
97.22
97.85
97.57
97.71
96.27
97.94
97.44
97.94
97.94
98.08
97.89
97.11
97.61
97.72
98.11
97.70
97.59
97.37
97.25
97.17
97.21
96.94
97.27
97.55
97.07
97.81
98.00
97.45
98.10
96.04
97.54
97.34
97.74
97.96
97.79
97.91
98.08
97.48
96.89
97.14
97.44
96.83
97.19
97.47
97.62
97.01
97.11
96.88
97.74
97.05
96.65
98.07
97.81
97.56
98.04
95.79
97.12
97.75
97.23
97.71
97.76
97.66
97.01
96.85
97.77
94.72
97.36
96.23
96.95
97.46
98.06
97.96
97.95
97.60
97.14
98.04
97.50
97.71
97.34
97.12
97.89
97.74
97.42
97.47
97.75
97.43
96.82
98.04
97.15
97.76
96.53
97.84
97.80
97.86
97.09
98.16
97.74
96.04
93.63
95.81
97.95
97.61
97.88
97.82
96.05
96.57
97.64
97.60
97.06
97.51
97.66
97.79
