98.65
98.75
98.32
98.31
98.60
98.52
98.55
98.52
98.60
98.48
98.67
98.55
98.66
98.64
98.55
98.62
98.49
98.66
98.62
98.44
98.29
98.41
98.31
98.49
98.57
98.55
98.44
98.48
98.55
98.71
98.38
98.64
98.57
98.68
98.63
98.61
98.68
98.60
98.68
98.61
98.64
98.59
98.62
98.54
98.57
98.68
98.70
98.50
98.72
98.66
98.57
98.47
98.62
98.37
98.55
98.56
98.56
98.37
98.67
98.59
98.64
98.68
98.71
98.54
98.71
98.64
98.63
98.52
98.62
98.61
98.61
98.81
98.37
98.57
98.61
98.61
98.62
98.51
98.67
98.60
98.30
98.47
98.30
98.62
98.63
98.67
98.47
98.53
98.64
98.60
98.46
98.57
98.59
98.53
98.67
98.49
98.62
98.64
98.42
98.62
98.56
98.54
98.42
98.50
98.62
98.52
98.55
98.63
98.39
98.63
98.59
98.56
98.57
98.68
98.61
98.54
98.68
98.59
98.66
98.37
98.55
98.42
98.53
98.60
98.53
98.49
98.66
98.45
98.65
98.55
98.63
98.60
98.57
98.48
98.35
98.43
98.53
98.39
98.54
98.38
98.49
98.32
98.63
98.55
98.46
98.52
98.39
98.67
98.74
98.66
98.47
98.62
98.59
98.58
98.46
98.57
98.65
98.61
98.71
98.62
98.55
98.63
98.62
98.46
98.81
98.57
98.47
98.64
98.47
98.55
98.62
98.53
98.63
98.50
98.43
98.25
98.48
98.64
98.77
98.47
98.48
98.69
98.44
98.39
98.68
98.56
98.65
98.74
98.68
98.54
98.70
98.53
98.42
98.43
98.64
98.41
98.75
98.55
98.57
98.27
98.59
98.51
98.54
98.55
98.68
98.52
98.67
98.43
98.58
98.59
98.59
98.57
98.55
98.48
98.37
98.52
98.61
98.62
98.56
98.65
98.40
98.61
98.69
98.67
98.63
98.71
98.60
98.48
98.54
98.55
98.40
98.68
98.39
98.63
98.60
98.38
98.64
98.37
98.68
98.76
98.37
98.50
98.53
98.68
98.54
98.58
98.28
98.54
98.57
98.53
98.58
98.65
98.52
98.49
98.34
98.46
98.41
98.54
98.49
98.60
98.32
98.59
98.57
98.60
98.63
98.77
98.68
98.63
98.68
98.56
98.58
98.42
98.54
98.57
98.46
98.63
98.51
98.49
98.37
98.63
98.72
98.57
98.70
98.58
98.42
98.70
98.67
98.61
98.51
98.52
98.53
98.30
98.61
98.69
98.40
98.38
98.64
98.54
98.58
98.42
98.31
98.65
98.43
98.58
98.56
98.66
98.59
98.58
98.45
98.61
98.33
98.54
98.45
98.67
98.39
98.46
98.62
98.46
98.69
98.58
98.52
98.72
98.73
98.50
98.53
98.57
98.48
98.60
98.77
98.42
98.46
98.33
98.45
98.57
98.57
98.49
98.48
98.58
98.67
98.63
98.47
98.44
98.57
98.47
98.77
98.66
98.42
98.65
98.49
98.51
98.50
98.67
98.64
98.49
98.41
98.68
98.59
98.63
98.61
98.55
98.65
98.41
98.44
98.58
98.51
98.52
98.49
98.55
98.74
98.61
98.67
98.43
98.78
98.67
98.65
98.68
98.70
98.49
98.56
98.71
98.72
98.67
98.64
98.53
98.68
98.59
98.43
98.62
98.62
98.29
98.71
98.56
98.43
98.69
98.49
98.66
98.59
98.54
98.58
98.55
98.61
98.63
98.50
98.53
98.63
98.61
98.61
98.49
98.46
98.46
98.50
98.62
98.29
98.71
98.51
98.61
98.67
98.58
98.74
98.67
98.50
98.68
98.77
98.56
98.55
98.62
98.53
98.53
98.58
98.54
98.70
98.50
98.45
98.46
98.45
98.71
98.54
98.44
98.51
98.68
98.54
98.74
98.62
98.44
98.43
98.66
98.59
98.53
98.73
98.36
98.39
98.58
98.45
98.46
98.56
98.31
98.50
98.41
98.55
98.70
98.64
98.46
98.60
98.56
98.32
98.40
98.62
98.76
98.45
98.68
98.47
98.58
98.52
98.45
98.57
98.45
98.46
98.75
98.71
98.69
98.55
98.71
98.49
98.59
98.54
98.68
98.61
98.49
98.58
98.58
98.70
98.53
98.59
98.44
98.59
98.72
98.47
98.58
98.58
98.60
98.71
98.64
98.55
98.54
98.66
98.46
98.35
98.42
98.58
98.54
98.63
98.35
98.76
98.54
98.58
98.51
98.55
98.66
98.52
98.52
98.72
98.55
98.51
98.56
98.51
98.72
98.62
98.54
98.61
98.71
98.74
98.60
98.62
98.59
98.48
98.55
98.50
98.54
98.48
98.56
98.64
98.52
98.59
98.63
98.57
98.61
98.70
98.63
98.58
98.62
98.50
98.60
98.64
98.64
98.57
98.60
98.63
98.49
98.63
98.64
98.63
98.59
98.48
98.43
98.41
98.66
98.65
98.60
98.47
98.57
98.51
98.64
98.52
98.43
98.62
98.44
98.46
98.57
98.55
98.65
98.56
98.75
98.53
98.61
98.66
98.59
98.51
98.69
98.38
98.54
98.74
98.41
98.53
98.45
98.54
98.61
98.58
98.45
98.52
98.45
98.74
98.67
98.48
98.45
98.60
98.46
98.53
98.51
98.66
98.59
98.49
98.48
98.70
98.59
98.56
98.51
98.32
98.31
98.62
98.61
98.62
98.50
98.57
98.70
98.55
98.62
98.51
98.71
98.61
98.57
98.59
98.63
98.62
98.55
98.51
98.59
98.57
98.60
98.53
98.72
98.45
98.50
98.61
98.48
98.65
98.55
98.63
98.26
98.56
98.60
98.68
98.68
98.31
98.72
98.52
98.46
98.77
98.51
98.52
98.47
98.68
98.50
98.65
98.48
98.64
98.50
98.64
98.58
98.63
98.40
98.74
98.58
98.50
98.65
98.42
98.68
98.53
98.51
98.67
98.72
98.56
98.46
98.38
98.32
98.60
98.38
98.71
98.48
98.65
98.73
98.56
98.24
98.71
98.68
98.63
98.53
98.66
98.39
98.66
98.59
98.63
98.44
98.51
98.54
98.70
98.59
98.59
98.60
98.62
98.70
98.57
98.43
98.56
98.48
98.63
98.63
98.22
98.56
98.65
98.52
98.58
98.62
98.49
98.50
98.49
98.80
98.61
98.43
98.64
98.70
98.61
98.58
98.50
98.56
98.56
98.58
98.46
98.44
98.72
98.53
98.47
98.61
98.56
98.62
98.66
98.53
98.64
98.69
98.59
98.43
98.56
98.63
98.59
98.60
98.66
98.43
98.54
98.62
98.61
98.39
98.53
98.28
98.47
98.45
98.69
98.72
98.55
98.62
98.60
98.60
98.48
98.44
98.31
98.71
98.48
98.58
98.62
98.69
98.65
98.52
98.50
98.58
98.64
98.70
98.63
98.63
98.52
98.70
98.62
98.75
98.63
98.44
98.56
98.50
98.55
98.49
98.65
98.38
98.38
98.40
98.34
98.59
98.61
98.61
98.61
98.52
98.45
98.50
98.70
98.54
98.72
98.49
98.54
98.56
98.62
98.63
98.62
98.47
98.71
98.51
98.59
98.71
98.58
98.55
98.53
98.58
98.54
98.59
98.55
98.56
98.26
98.63
98.42
98.52
98.81
98.49
98.45
98.14
98.62
98.51
98.65
98.49
98.59
98.71
98.58
98.58
98.61
98.47
98.56
98.52
98.57
98.46
98.61
98.63
98.50
98.58
98.60
98.47
98.33
98.42
98.68
98.64
98.46
98.55
98.39
98.57
98.48
98.66
98.41
98.63
98.50
98.57
98.70
98.55
98.52
98.62
98.46
98.53
98.69
98.47
98.54
98.60
98.74
98.54
98.64
98.67
98.52
98.42
98.64
98.38
98.56
98.51
98.60
98.69
98.64
98.58
98.63
98.51
98.48
98.55
98.64
98.46
98.55
98.59
98.57
98.52
98.35
98.26
98.34
98.50
98.65
98.73
98.67
98.55
98.63
98.53
98.67
98.42
98.56
98.61
98.66
98.44
98.63
98.55
98.58
98.65
98.68
98.51
98.36
98.56
98.65
98.67
98.68
98.64
98.67
98.63
98.47
98.56
98.58
98.52
98.64
98.33
98.65
98.51
98.69
98.60
98.43
98.30
98.64
98.69
98.54
98.64
98.62
98.40
98.59
98.66
98.67
98.60
98.48
98.62
98.60
98.56
98.39
98.40
98.52
98.61
98.74
98.61
98.50
98.49
98.78
98.49
98.65
98.59
98.57
98.46
98.53
98.53
98.65
98.66
98.55
98.51
98.33
98.54
98.40
98.64
98.61
98.47
98.57
98.69
98.68
98.51
98.69
98.63
98.58
98.37
98.64
98.84
98.71
98.62
