96.55
96.04
96.40
96.93
96.72
96.28
96.30
96.16
96.84
96.38
96.42
96.88
96.24
96.47
96.69
96.32
96.01
96.37
96.56
96.78
96.88
96.61
96.08
96.06
96.67
96.21
96.59
96.70
94.20
96.21
96.62
96.42
96.79
96.10
96.56
96.43
96.31
96.42
96.72
96.75
96.52
96.56
96.12
95.52
96.35
96.28
96.22
96.73
96.45
96.44
96.58
96.51
97.07
96.25
96.14
96.66
96.12
95.85
96.07
96.05
96.01
96.82
96.54
96.19
96.87
95.86
96.24
96.53
96.61
96.51
96.53
96.40
96.59
96.36
96.23
94.77
96.06
96.94
95.55
95.78
96.60
96.50
95.65
96.39
96.66
96.87
95.97
94.92
96.52
96.84
95.99
96.20
96.38
96.49
96.14
96.41
96.46
96.08
95.42
96.60
96.34
95.77
96.59
96.44
96.09
96.17
96.83
96.22
96.65
96.46
96.60
96.30
95.75
96.42
96.81
96.50
96.47
96.50
96.22
96.24
96.46
95.51
95.97
96.65
96.50
96.34
95.76
97.05
95.83
96.33
96.27
96.21
96.43
95.57
96.44
96.32
96.25
96.63
96.07
96.18
96.47
96.50
96.06
95.88
96.09
96.47
96.76
96.44
94.93
95.45
96.60
96.58
96.56
96.52
96.45
96.66
96.86
96.53
96.40
96.20
96.71
95.31
95.97
96.07
96.74
96.62
96.36
96.56
96.87
96.16
95.55
96.78
96.31
96.75
95.67
96.28
96.11
96.29
96.00
96.04
96.56
96.40
96.56
96.61
96.65
96.18
96.53
96.45
96.53
96.60
96.75
96.34
96.86
96.67
95.95
96.57
96.50
96.18
96.76
96.83
96.58
95.54
96.04
96.41
96.52
96.14
96.60
96.69
96.79
96.62
95.64
96.77
96.52
96.52
96.49
95.69
96.83
96.65
96.65
96.02
96.41
96.71
96.56
95.95
96.24
96.53
96.39
96.46
96.26
96.72
96.80
96.69
95.83
95.09
96.16
96.60
96.95
95.75
96.20
96.67
96.28
96.66
95.81
96.48
96.21
96.92
96.88
96.54
96.47
95.58
95.78
96.78
95.94
96.28
96.87
97.01
96.49
96.21
96.54
95.51
96.23
96.36
96.39
96.23
95.78
96.48
96.76
96.61
96.44
96.72
96.23
96.06
95.48
96.81
95.57
95.81
96.36
95.71
96.29
95.98
96.56
96.67
96.75
95.94
96.63
96.87
95.18
96.67
95.57
96.53
95.63
96.01
96.34
96.46
96.91
95.61
96.29
96.84
96.17
96.29
96.18
96.72
95.60
96.68
96.64
96.99
96.55
96.42
96.73
96.09
96.83
96.29
97.02
94.69
96.72
95.37
96.54
96.58
96.57
96.44
96.25
96.61
96.40
96.43
95.91
96.36
96.63
96.56
96.09
96.43
96.42
96.01
96.86
96.22
96.19
96.29
96.54
96.12
96.56
96.93
96.21
96.28
96.43
95.76
96.88
96.38
96.30
96.63
96.52
96.64
96.50
95.79
95.80
97.23
96.55
96.15
95.59
96.51
96.59
96.81
96.52
96.60
96.56
96.88
96.13
96.44
95.97
96.60
96.69
96.60
95.80
96.01
96.39
96.82
96.67
96.65
96.51
96.95
95.89
96.97
96.70
96.22
96.80
96.29
95.58
96.54
96.84
96.25
96.41
96.20
96.71
95.62
96.49
96.23
96.67
96.81
96.44
96.26
96.60
96.22
96.59
96.06
96.38
96.40
96.91
96.29
96.50
95.69
96.60
95.30
96.78
96.25
96.39
96.35
95.76
95.93
96.78
96.32
96.45
96.52
96.26
96.23
95.43
96.75
96.78
96.62
96.08
96.38
96.74
96.80
96.73
95.80
96.01
96.75
96.57
96.28
95.77
96.65
95.93
96.46
96.68
96.42
96.53
96.37
95.57
96.16
96.71
96.40
95.89
95.64
94.81
96.30
96.18
96.57
96.47
96.37
96.28
96.77
96.47
96.73
95.89
95.46
96.79
94.85
96.42
96.35
95.65
96.55
96.23
96.44
96.38
96.21
96.16
96.31
96.06
96.50
96.75
95.80
97.03
96.75
96.65
96.07
96.42
96.49
96.38
97.21
96.35
95.87
96.54
96.58
96.48
96.49
94.88
96.69
96.69
95.42
96.45
95.27
96.07
96.23
96.56
96.05
96.07
96.68
96.26
96.66
96.12
96.09
96.83
96.28
96.89
96.22
95.48
96.50
96.66
95.93
96.36
96.73
96.14
96.51
96.33
96.15
96.49
94.59
96.07
95.96
96.35
96.50
96.60
96.64
96.19
96.25
96.06
95.74
96.13
96.27
96.01
96.38
95.85
96.04
96.50
96.15
96.60
96.47
96.53
96.86
95.72
96.91
96.90
96.64
96.47
96.74
96.40
96.43
96.31
96.31
96.74
96.46
96.37
95.84
96.78
96.30
96.67
95.83
96.45
96.75
96.98
96.46
96.88
96.19
96.43
96.54
96.24
96.06
96.07
96.13
96.64
96.53
96.39
96.49
96.41
96.54
96.47
96.14
96.41
96.40
96.29
96.33
96.48
96.25
96.70
96.48
96.57
96.43
96.81
96.67
96.30
96.64
96.58
96.34
96.65
96.48
96.42
96.67
95.70
96.67
96.61
95.72
96.33
96.20
96.39
96.47
96.68
94.85
96.80
96.45
96.89
96.41
95.11
96.78
96.12
96.18
96.38
96.53
96.34
96.14
96.47
96.82
96.89
96.67
96.34
95.60
96.08
96.24
95.45
95.70
96.52
95.83
96.52
96.14
96.27
96.51
96.39
96.05
96.54
96.63
96.81
96.39
96.96
96.36
96.57
95.79
96.87
95.97
96.53
96.42
96.13
95.96
95.59
97.04
96.51
96.13
96.05
96.96
95.71
96.27
96.68
96.90
96.64
96.10
96.05
96.60
96.79
96.90
96.63
96.94
96.64
96.69
96.79
95.45
96.41
96.52
96.42
96.80
96.50
96.48
96.28
96.77
96.58
96.24
96.40
96.31
96.69
96.47
96.66
96.40
96.51
96.67
96.07
96.68
96.46
96.29
96.21
96.47
96.78
96.40
96.90
96.46
96.30
96.26
96.59
96.66
96.84
96.15
96.52
96.77
96.67
96.39
96.36
96.60
96.17
96.22
95.76
96.05
96.40
96.60
96.26
96.83
97.07
96.03
94.93
96.66
96.08
96.49
96.72
96.31
96.82
96.45
96.39
96.58
96.23
96.45
95.90
96.26
96.29
96.14
96.63
96.35
96.22
96.27
96.65
96.55
96.64
96.79
96.27
96.56
96.45
96.13
96.91
96.51
96.43
96.60
96.80
95.85
96.01
96.54
96.72
96.61
96.28
96.54
96.47
96.49
96.26
96.70
96.24
97.31
96.24
96.43
96.13
96.85
96.56
96.40
96.01
96.31
95.70
95.99
96.38
95.81
96.72
96.27
96.35
96.53
96.66
96.40
96.28
96.93
95.78
96.07
95.28
96.57
96.59
96.61
96.39
96.60
96.31
96.52
96.26
96.49
96.04
96.26
96.60
96.35
96.01
96.58
96.35
96.51
96.75
96.87
97.03
96.00
96.11
96.45
96.71
96.39
95.97
96.91
96.39
96.80
96.93
96.13
96.49
95.88
96.74
96.43
96.70
96.26
96.28
96.81
96.60
97.00
96.26
96.47
96.88
96.01
96.39
96.71
96.77
96.42
96.16
96.69
96.53
96.40
95.63
96.48
96.93
96.20
96.79
96.14
96.47
96.52
96.44
96.51
96.01
96.41
96.94
96.25
96.74
96.32
96.35
95.62
96.29
96.53
96.23
95.63
96.85
96.33
95.96
95.45
95.79
96.28
95.98
96.80
96.58
96.60
96.09
96.32
96.33
96.49
95.96
96.83
94.33
95.82
96.35
96.31
96.14
96.52
96.06
96.62
95.63
95.95
96.26
96.42
95.73
95.94
95.81
96.58
96.26
96.07
96.02
96.70
96.66
96.60
96.59
96.85
97.01
96.20
96.81
96.21
96.53
96.83
96.31
96.39
96.91
96.60
96.45
96.60
95.20
96.77
96.29
95.17
95.62
96.33
96.21
96.33
96.17
96.52
96.70
96.40
96.51
96.42
96.34
96.04
96.27
96.42
96.91
96.37
96.40
96.62
96.46
96.19
96.15
96.74
96.36
96.75
96.37
96.80
96.74
96.51
96.81
96.20
96.95
96.38
96.08
96.48
96.39
95.77
96.53
96.09
96.62
96.81
96.61
96.05
96.59
96.10
96.10
96.31
96.17
95.78
96.22
96.23
96.04
96.43
96.31
96.33
96.39
96.33
96.46
96.39
96.45
96.67
96.17
96.36
96.61
96.46
96.52
96.83
96.62
96.31
95.20
96.03
