98.69
98.48
98.56
98.60
98.75
98.60
98.75
98.75
98.49
98.80
98.64
98.70
98.63
98.58
98.49
98.59
98.64
98.66
98.74
98.70
98.71
98.56
98.74
98.79
98.68
98.55
98.54
98.59
98.50
98.70
98.40
98.63
98.66
98.75
98.58
98.46
98.59
98.78
98.61
98.55
98.51
98.82
98.64
98.58
98.62
98.59
98.57
98.49
98.57
98.72
98.77
98.71
98.63
98.72
98.62
98.66
98.52
98.68
98.56
98.61
98.67
98.67
98.58
98.60
98.34
98.45
98.52
98.52
98.75
98.53
98.56
98.59
98.74
98.59
98.62
98.68
98.65
98.65
98.62
98.55
98.65
98.64
98.74
98.65
98.65
98.65
98.73
98.73
98.48
98.58
98.64
98.76
98.66
98.49
98.75
98.57
98.56
98.81
98.59
98.67
98.83
98.62
98.60
98.70
98.65
98.69
98.61
98.63
98.56
98.77
98.69
98.74
98.66
98.74
98.57
98.62
98.55
98.30
98.56
98.74
98.68
98.58
98.53
98.49
98.61
98.57
98.59
98.56
98.65
98.75
98.57
98.67
98.60
98.63
98.61
98.64
98.48
98.58
98.55
98.63
98.71
98.59
98.75
98.55
98.66
98.69
98.66
98.70
98.55
98.57
98.61
98.63
98.58
98.51
98.61
98.72
98.67
98.59
98.60
98.58
98.66
98.75
98.42
98.59
98.54
98.47
98.76
98.62
98.84
98.40
98.60
98.71
98.57
98.45
98.64
98.48
98.57
98.46
98.57
98.61
98.62
98.67
98.62
98.66
98.53
98.83
98.43
98.67
98.48
98.66
98.56
98.74
98.51
98.45
98.84
98.50
98.54
98.58
98.64
98.82
98.74
98.56
98.44
98.68
98.67
98.67
98.66
98.78
98.63
98.37
98.65
98.58
98.55
98.71
98.32
98.61
98.59
98.55
98.62
98.64
98.50
98.54
98.59
98.51
98.74
98.66
98.75
98.60
98.64
98.69
98.78
98.66
98.91
98.70
98.63
98.65
98.55
98.70
98.41
98.53
98.58
98.73
98.49
98.46
98.69
98.78
98.55
98.50
98.48
98.63
98.49
98.76
98.67
98.51
98.67
98.74
98.71
98.77
98.72
98.47
98.67
98.38
98.63
98.54
98.53
98.75
98.61
98.73
98.60
98.67
98.58
98.53
98.59
98.62
98.52
98.65
98.71
98.75
98.60
98.73
98.60
98.46
98.54
98.65
98.37
98.48
98.59
98.69
98.56
98.50
98.61
98.62
98.78
98.61
98.61
98.56
98.68
98.79
98.59
98.67
98.75
98.67
98.75
98.64
98.66
98.65
98.70
98.73
98.60
98.51
98.60
98.46
98.69
98.81
98.64
98.61
98.64
98.41
98.52
98.71
98.70
98.77
98.56
98.71
98.74
98.69
98.68
98.56
98.71
98.79
98.77
98.52
98.52
98.57
98.67
98.54
98.68
98.65
98.60
98.64
98.66
98.77
98.42
98.56
98.45
98.65
98.75
98.58
98.61
98.53
98.66
98.73
98.75
98.47
98.70
98.38
98.72
98.71
98.68
98.60
98.57
98.71
98.67
98.55
98.58
98.66
98.73
98.61
98.60
98.44
98.48
98.57
98.60
98.64
98.64
98.63
98.50
98.71
98.53
98.66
98.53
98.54
98.68
98.54
98.63
98.64
98.69
98.53
98.26
98.70
98.61
98.71
98.75
98.66
98.62
98.59
98.57
98.66
98.70
98.45
98.66
98.62
98.60
98.73
98.64
98.54
98.54
98.52
98.48
98.61
98.64
98.57
98.65
98.49
98.55
98.64
98.76
98.68
98.46
98.59
98.55
98.46
98.64
98.63
98.63
98.65
98.64
98.50
98.61
98.68
98.54
98.79
98.77
98.59
98.66
98.52
98.68
98.52
98.50
98.48
98.76
98.60
98.52
98.68
98.65
98.66
98.65
98.58
98.50
98.57
98.71
98.57
98.72
98.47
98.60
98.67
98.61
98.71
98.57
98.70
98.70
98.53
98.47
98.63
98.74
98.45
98.66
98.46
98.57
98.66
98.82
98.52
98.63
98.57
98.61
98.49
98.62
98.55
98.62
98.64
98.66
98.74
98.70
98.58
98.71
98.65
98.58
98.77
98.67
98.69
98.64
98.68
98.43
98.57
98.52
98.67
98.62
98.51
98.62
98.60
98.66
98.60
98.76
98.56
98.64
98.55
98.48
98.65
98.57
98.53
98.37
98.68
98.62
98.60
98.72
98.59
98.32
98.59
98.65
98.36
98.72
98.75
98.75
98.72
98.53
98.63
98.58
98.71
98.65
98.65
98.70
98.72
98.56
98.54
98.59
98.62
98.72
98.70
98.62
98.67
98.67
98.42
98.66
98.76
98.66
98.58
98.63
98.62
98.65
98.55
98.70
98.57
98.64
98.52
98.75
98.73
98.50
98.65
98.47
98.67
98.57
98.64
98.78
98.67
98.69
98.64
98.65
98.54
98.52
98.70
98.70
98.53
98.74
98.67
98.55
98.53
98.53
98.60
98.39
98.74
98.38
98.71
98.51
98.74
98.67
98.71
98.66
98.56
98.59
98.71
98.69
98.64
98.72
98.55
98.57
98.65
98.66
98.65
98.62
98.58
98.70
98.57
98.73
98.59
98.70
98.70
98.67
98.63
98.60
98.68
98.63
98.59
98.68
98.68
98.53
98.47
98.49
98.63
98.65
98.60
98.71
98.59
98.67
98.43
98.71
98.63
98.70
98.47
98.62
98.69
98.66
98.51
98.60
98.52
98.68
98.48
98.66
98.48
98.62
98.74
98.72
98.57
98.54
98.52
98.67
98.52
98.72
98.62
98.52
98.64
98.68
98.64
98.61
98.85
98.57
98.67
98.55
98.55
98.38
98.61
98.68
98.41
98.66
98.74
98.73
98.64
98.67
98.50
98.65
98.71
98.71
98.50
98.54
98.61
98.67
98.74
98.61
98.56
98.46
98.77
98.76
98.57
98.42
98.68
98.58
98.59
98.76
98.74
98.52
98.62
98.70
98.61
98.57
98.77
98.47
98.41
98.39
98.62
98.62
98.75
98.58
98.61
98.59
98.65
98.54
98.78
98.64
98.70
98.42
98.65
98.52
98.76
98.55
98.52
98.38
98.71
98.53
98.46
98.76
98.34
98.60
98.50
98.68
98.47
98.55
98.65
98.72
98.67
98.67
98.62
98.58
98.45
98.57
98.62
98.75
98.63
98.57
98.69
98.60
98.55
98.54
98.53
98.53
98.67
98.65
98.64
98.48
98.53
98.71
98.65
98.69
98.52
98.55
98.69
98.61
98.57
98.75
98.61
98.74
98.36
98.60
98.60
98.46
98.60
98.62
98.75
98.79
98.65
98.63
98.37
98.45
98.73
98.53
98.39
98.50
98.53
98.66
98.68
98.59
98.51
98.74
98.36
98.53
98.64
98.50
98.65
98.56
98.69
98.76
98.60
98.42
98.64
98.51
98.52
98.57
98.70
98.65
98.64
98.65
98.77
98.44
98.58
98.64
98.49
98.62
98.58
98.69
98.70
98.65
98.75
98.61
98.62
98.53
98.68
98.60
98.64
98.58
98.69
98.69
98.52
98.59
98.53
98.32
98.49
98.55
98.59
98.30
98.65
98.68
98.60
98.56
98.62
98.77
98.59
98.78
98.66
98.34
98.52
98.72
98.69
98.61
98.57
98.47
98.64
98.74
98.46
98.69
98.55
98.58
98.74
98.67
98.77
98.41
98.63
98.66
98.72
98.61
98.69
98.48
98.46
98.55
98.74
98.62
98.83
98.61
98.69
98.55
98.55
98.57
98.57
98.62
98.63
98.49
98.68
98.35
98.62
98.61
98.61
98.47
98.71
98.67
98.64
98.58
98.47
98.53
98.63
98.52
98.56
98.48
98.66
98.53
98.44
98.58
98.68
98.58
98.71
98.62
98.63
98.75
98.63
98.60
98.34
98.64
98.63
98.58
98.60
98.56
98.68
98.54
98.55
98.56
98.70
98.67
98.58
98.65
98.56
98.58
98.58
98.67
98.51
98.55
98.73
98.72
98.57
98.72
98.51
98.68
98.63
98.67
98.71
98.67
98.68
98.56
98.48
98.64
98.55
98.75
98.62
98.80
98.50
98.72
98.70
98.43
98.65
98.54
98.65
98.65
98.71
98.69
98.57
98.56
98.62
98.57
98.65
98.69
98.73
98.69
98.62
98.71
98.63
98.70
98.42
98.65
98.58
98.59
98.60
98.62
98.64
98.73
98.41
98.65
98.75
98.56
98.73
98.59
98.62
98.69
98.75
98.71
98.70
98.68
98.67
98.68
98.73
98.58
98.60
98.53
98.51
98.58
98.55
98.65
98.58
98.67
98.60
98.57
98.62
98.74
98.57
98.70
98.61
