96.98
96.69
97.05
97.24
97.36
97.17
97.33
96.87
97.03
96.51
97.06
96.85
97.06
97.22
96.90
97.01
96.96
97.31
97.16
97.07
97.10
97.41
97.11
96.85
97.32
97.06
97.18
96.98
97.09
97.33
96.68
97.19
97.29
96.97
97.26
97.19
97.02
97.04
97.18
97.24
97.09
97.09
97.28
97.23
97.17
97.05
97.30
97.05
96.85
97.48
96.43
97.17
97.24
96.94
97.28
97.29
97.40
96.46
97.29
97.27
97.24
96.96
97.33
97.14
96.57
97.15
97.08
97.15
97.22
97.08
97.06
97.19
96.76
97.45
97.34
97.15
97.44
97.44
96.77
97.19
97.14
96.87
97.02
97.06
96.91
96.92
97.07
97.15
96.94
97.14
97.01
97.16
97.01
97.05
96.71
97.24
97.31
97.22
97.01
97.44
97.21
97.18
97.25
96.95
97.08
97.40
97.25
97.35
97.09
97.21
97.14
96.94
96.90
97.14
96.57
96.78
97.25
97.15
97.13
97.07
96.88
97.10
96.79
96.92
97.24
96.88
97.24
97.08
97.24
97.38
97.67
97.05
96.55
96.68
96.83
97.21
97.36
97.11
97.20
97.17
96.89
96.93
97.26
96.96
97.32
96.80
97.16
97.29
96.94
97.12
97.28
96.90
97.19
97.37
97.19
96.84
97.20
96.72
97.23
96.30
97.47
96.16
97.51
97.20
97.41
97.29
97.15
96.92
97.37
96.76
96.98
96.25
97.07
97.40
97.25
96.65
96.92
97.10
96.97
96.64
96.87
97.08
97.39
97.35
97.14
96.93
97.21
97.23
97.09
97.16
97.04
97.05
97.12
97.36
96.71
97.16
97.24
96.88
97.27
97.41
97.17
97.21
97.23
96.89
97.03
97.40
97.06
97.29
96.27
97.16
97.24
97.06
97.39
97.14
97.46
96.90
96.88
97.02
97.11
97.05
96.85
97.00
96.99
97.16
97.37
97.20
97.54
96.49
97.30
96.18
97.25
97.41
97.33
97.23
97.24
97.48
97.05
97.18
97.23
96.88
97.03
96.96
97.09
97.21
97.34
96.69
97.18
97.03
96.93
96.59
97.33
97.06
97.37
97.50
97.17
97.13
97.43
97.25
97.12
97.15
97.26
97.35
97.17
97.38
97.39
97.01
97.09
96.78
97.22
97.38
96.87
96.98
97.06
96.74
97.17
97.29
97.06
96.92
97.21
97.31
97.01
97.34
97.45
97.31
97.01
97.12
97.07
96.86
97.30
97.16
97.33
97.01
96.67
97.35
96.75
96.94
97.22
97.37
97.19
96.99
97.24
97.18
97.18
97.32
96.83
96.92
97.11
97.36
96.92
97.24
96.98
96.48
96.89
96.54
96.77
97.21
96.99
97.14
97.46
96.94
96.95
97.10
97.51
96.69
96.96
97.17
97.27
97.31
96.98
97.26
97.12
96.50
97.36
96.95
96.99
96.90
97.45
97.44
97.19
97.01
97.12
97.39
97.36
97.22
96.66
97.28
96.47
97.02
97.03
97.25
96.92
97.14
97.29
97.28
96.79
96.94
96.91
97.37
97.45
96.77
96.99
96.26
97.01
97.21
97.44
96.30
97.49
96.72
97.16
97.34
97.28
96.89
97.13
97.02
96.21
97.26
97.18
97.10
96.60
97.12
97.01
97.29
97.25
97.20
97.34
97.29
97.02
97.00
97.16
96.82
97.32
97.39
97.31
97.28
96.48
97.27
97.47
96.56
97.36
97.04
97.49
96.72
97.42
96.98
96.96
97.00
97.08
97.08
97.14
97.64
96.98
97.57
97.03
97.09
97.14
97.32
97.19
97.03
96.89
97.28
97.31
97.12
97.28
96.95
96.89
96.29
96.91
97.16
97.06
97.21
96.61
96.91
96.79
97.11
97.44
97.25
97.11
97.32
96.95
96.75
97.36
97.37
96.81
96.99
97.36
96.82
97.08
96.08
96.93
97.03
97.12
97.39
97.24
97.62
96.77
96.88
97.03
97.22
97.05
97.24
97.29
97.00
97.23
96.68
97.13
96.84
97.37
96.97
97.19
97.26
97.31
97.31
97.18
96.69
96.83
97.33
96.54
96.60
96.90
96.17
97.11
96.98
97.04
96.64
96.96
96.45
97.01
97.08
96.38
96.92
97.00
96.50
97.39
97.42
96.97
97.09
97.37
97.51
97.13
97.18
97.28
97.35
97.21
96.09
96.83
96.84
97.26
97.07
97.29
97.23
96.89
97.65
97.24
97.16
96.90
97.24
96.99
97.04
96.75
97.30
96.70
96.76
97.32
97.47
97.48
96.66
96.66
96.96
96.88
97.08
97.13
97.24
97.28
97.18
97.41
96.99
97.04
96.85
97.07
97.20
96.99
97.06
97.08
97.43
97.02
96.85
97.03
97.28
97.24
96.76
96.94
96.60
97.25
97.05
96.91
96.75
97.30
96.97
96.95
97.00
96.43
97.19
97.59
96.71
96.96
97.31
97.16
97.32
96.94
96.94
97.38
97.04
96.68
97.03
97.10
97.08
97.17
97.31
97.27
97.17
96.71
97.11
97.00
97.37
97.57
97.13
97.24
96.89
96.84
97.12
96.84
97.22
97.14
96.50
96.63
97.60
97.16
97.20
96.07
97.24
96.99
97.14
96.79
96.84
97.17
96.77
97.17
97.13
97.24
97.27
97.25
97.31
97.22
96.67
97.20
96.65
97.37
97.33
97.00
97.25
97.06
97.23
96.95
97.23
97.34
96.97
97.34
97.26
96.87
97.07
96.87
96.34
97.21
96.84
97.40
97.43
96.84
97.16
97.06
97.37
97.00
97.19
97.28
96.64
97.25
97.16
97.25
97.06
97.13
95.86
97.45
97.01
97.22
97.27
96.97
97.04
97.30
97.07
97.30
96.97
96.79
97.30
97.37
97.53
97.06
96.56
97.36
96.86
97.16
97.39
97.08
97.29
97.33
97.18
96.81
97.28
97.12
96.88
96.52
97.14
96.83
96.80
97.28
97.38
96.82
97.02
97.28
96.95
97.11
96.92
96.92
96.70
97.14
97.26
97.33
97.24
96.77
96.92
97.18
97.09
96.40
97.37
96.79
97.37
97.07
96.70
96.85
97.12
97.51
97.20
97.00
97.39
97.07
97.01
97.17
97.12
96.90
97.09
97.14
97.11
97.35
97.40
97.65
97.21
96.93
96.81
97.11
97.15
96.97
97.28
96.79
97.21
97.47
97.45
97.28
95.79
97.10
97.23
96.99
97.28
96.80
96.68
97.54
96.61
96.54
97.15
97.27
97.38
97.48
96.93
97.28
96.94
97.32
97.00
96.85
96.76
97.22
96.87
97.29
96.96
97.24
97.20
97.33
96.90
97.12
96.91
97.09
97.00
97.18
96.93
95.53
97.04
97.39
97.05
96.70
97.24
97.30
97.34
97.14
97.16
97.27
96.73
97.03
97.23
97.29
97.01
97.01
96.90
96.97
97.09
96.90
97.13
97.41
96.85
97.10
97.32
97.24
97.19
96.88
96.95
96.98
96.90
96.54
96.86
97.15
96.97
97.06
97.07
97.25
97.40
97.22
96.71
96.93
97.43
97.61
97.29
96.81
97.05
96.88
97.14
97.30
97.27
97.15
97.14
97.48
96.68
96.98
97.45
97.09
97.23
97.30
97.36
97.36
97.21
96.58
97.38
97.00
97.33
97.41
96.84
97.35
97.05
97.11
97.20
97.22
96.46
97.45
96.80
97.34
97.28
97.36
97.37
96.99
97.23
97.42
97.32
97.34
97.30
96.92
97.42
97.29
97.56
96.75
97.23
97.17
97.17
96.60
97.18
97.28
96.94
96.45
97.11
97.09
97.23
97.57
96.62
97.03
96.87
96.74
96.98
97.46
96.78
96.70
97.24
97.01
97.22
97.30
96.78
96.93
97.22
97.13
97.60
96.96
97.18
97.22
97.50
96.90
97.07
97.30
97.34
97.42
97.48
97.42
97.53
97.29
97.17
97.02
97.06
96.44
96.70
96.69
96.79
97.40
97.37
97.10
97.22
97.28
97.17
97.07
96.83
97.07
97.13
97.12
97.16
97.12
97.41
96.87
97.06
97.08
97.31
97.22
97.22
96.77
97.24
97.22
97.31
97.39
97.51
97.15
97.23
97.13
97.51
96.98
97.35
97.47
97.23
97.20
96.90
96.92
97.27
96.84
97.16
96.73
97.21
97.63
97.22
97.42
97.04
97.23
97.09
97.17
97.15
97.00
97.36
97.24
97.00
97.27
96.77
97.28
97.12
97.65
97.08
97.30
96.75
97.01
97.12
97.11
96.94
97.11
97.16
97.27
97.46
97.03
96.78
97.23
97.05
97.14
96.44
97.45
96.77
96.94
97.10
97.19
97.22
96.74
96.93
97.09
96.75
97.16
97.18
