94.67
94.65
94.64
94.44
95.21
95.05
94.54
94.53
94.94
94.75
95.03
94.61
94.39
94.19
94.22
94.91
94.75
95.02
94.84
95.29
94.67
94.87
94.94
94.60
94.81
94.67
94.97
95.02
94.74
94.42
95.04
94.81
94.94
94.82
94.85
94.92
94.71
94.61
94.95
94.73
94.96
94.50
95.00
95.10
94.57
95.13
94.75
94.77
94.83
94.75
94.29
95.10
94.57
94.84
94.88
94.62
94.79
95.02
94.67
94.77
95.06
95.11
94.76
94.76
94.31
94.51
94.64
94.42
95.25
95.19
95.21
94.89
94.27
95.31
95.03
95.08
95.18
94.95
93.97
94.80
94.92
94.91
94.70
95.22
95.02
94.89
94.94
94.81
94.83
95.20
95.00
94.71
94.45
94.86
94.86
94.81
94.68
95.23
94.82
94.81
94.77
94.99
94.71
94.67
95.07
93.96
94.50
94.75
95.30
95.14
94.57
94.43
95.05
94.71
94.80
94.91
94.49
94.94
93.87
94.34
95.07
94.50
94.83
95.23
95.44
94.26
94.46
95.18
94.86
95.38
94.78
94.99
94.87
95.12
94.48
94.80
94.17
94.65
94.62
94.77
94.85
94.48
95.30
95.23
95.08
94.96
94.86
94.97
95.09
94.63
94.75
94.95
95.10
95.02
94.96
94.71
94.97
95.06
94.58
94.11
95.33
94.87
94.27
94.39
94.91
94.62
94.83
94.81
94.79
93.53
94.94
94.49
94.71
94.96
94.50
95.16
94.91
94.62
94.91
95.07
94.88
94.68
95.17
94.36
94.76
94.27
95.01
94.98
94.88
95.07
94.93
94.82
94.28
94.36
95.06
94.84
94.78
94.65
94.98
95.07
95.09
94.83
95.06
94.98
95.08
94.84
94.85
95.01
94.56
95.13
94.94
94.59
94.58
94.66
95.00
94.83
95.14
94.73
94.02
94.65
94.69
94.69
95.33
95.10
95.09
95.18
95.07
94.56
94.75
94.83
94.87
94.81
94.47
94.65
94.62
94.68
94.76
94.97
94.93
94.75
94.67
94.98
95.07
94.61
95.00
94.88
95.03
94.77
94.75
94.69
94.73
95.05
94.76
94.78
94.71
93.88
94.70
94.95
94.60
94.74
95.02
94.76
94.92
94.95
94.31
94.63
94.38
94.63
95.31
94.46
94.69
94.99
95.04
95.00
94.61
94.63
94.33
94.88
94.40
94.99
94.93
94.83
95.07
93.90
95.09
94.85
94.68
94.50
95.20
94.94
95.00
94.66
94.84
94.50
95.10
94.85
94.84
94.77
94.57
95.14
94.88
95.21
94.88
94.72
94.52
94.75
94.88
95.39
95.06
94.96
95.12
94.78
94.98
95.25
94.16
94.90
94.75
94.44
94.39
94.55
95.27
94.65
94.44
95.03
94.43
94.51
94.70
94.81
94.59
95.28
94.77
94.71
94.72
94.67
94.90
94.53
94.59
95.07
94.73
95.05
94.57
94.73
94.91
94.92
94.20
94.63
95.13
94.84
95.02
94.68
94.70
95.37
94.91
94.76
94.77
94.85
94.81
95.10
94.58
95.20
94.58
94.88
94.57
94.50
95.21
94.49
94.34
95.07
95.29
95.12
94.79
94.64
94.96
94.94
94.80
94.87
94.82
94.82
95.02
95.19
94.94
95.17
94.83
94.80
95.01
94.78
94.44
94.55
94.76
95.17
94.76
94.08
95.25
94.67
95.27
94.92
95.11
94.47
94.63
94.61
94.99
95.23
94.69
94.56
94.82
94.70
95.00
94.52
94.71
94.44
94.67
94.69
94.70
94.88
94.97
94.44
94.93
94.95
94.68
95.00
94.36
94.81
94.55
94.55
94.47
94.69
95.22
95.15
95.46
95.00
95.09
94.76
95.21
94.50
94.57
94.95
94.73
95.08
94.94
94.98
94.39
94.55
94.97
95.19
94.97
94.72
94.72
94.69
94.98
94.71
95.04
94.51
94.99
94.80
94.83
94.77
94.45
94.27
94.35
94.64
94.66
95.20
94.76
94.79
95.09
94.92
94.26
94.72
94.19
94.56
94.84
94.81
95.03
95.02
95.28
94.31
95.03
94.74
94.90
94.30
94.92
94.63
94.67
94.31
94.91
94.24
94.86
95.29
94.72
94.53
94.84
95.02
94.67
94.78
95.42
94.89
95.16
94.89
94.80
94.48
94.76
94.94
94.94
95.16
94.92
95.09
94.83
94.36
94.46
95.23
94.88
94.61
95.36
94.93
95.06
94.86
95.04
94.84
95.08
94.38
94.54
95.19
94.62
94.29
94.46
94.65
94.98
94.54
94.11
94.52
94.86
95.03
94.92
94.59
94.74
94.59
94.41
94.88
94.97
94.72
94.72
94.61
95.01
95.09
94.49
94.54
94.36
94.68
94.90
94.42
95.43
95.36
94.79
95.17
94.46
94.29
95.04
94.76
94.55
94.33
94.86
94.80
94.70
94.66
94.80
94.42
95.16
94.75
95.21
94.85
94.88
94.93
94.68
94.57
94.31
95.25
94.91
95.05
95.19
94.77
94.98
94.95
94.08
94.91
94.19
94.82
94.83
94.54
94.56
94.74
94.62
94.71
95.13
94.70
94.83
94.86
94.97
95.10
94.93
94.75
94.73
95.29
95.11
94.81
94.80
94.98
94.89
94.85
94.91
94.45
94.80
94.51
95.24
95.41
95.09
94.94
95.10
94.29
94.85
94.89
94.91
94.59
94.00
95.26
94.85
94.32
94.98
94.90
95.24
94.94
94.60
95.06
95.05
94.62
94.52
94.76
95.27
94.80
94.56
94.80
95.10
95.06
94.54
94.98
95.21
94.83
95.06
94.59
93.86
94.66
95.19
95.10
95.11
94.67
94.55
94.76
94.62
95.10
94.53
94.66
94.76
94.52
95.06
95.38
94.80
94.86
95.21
94.82
95.25
95.11
94.76
94.80
95.07
94.73
94.32
94.85
94.70
94.71
95.18
94.59
94.80
94.61
94.10
94.97
94.55
94.53
94.75
94.49
94.77
94.27
94.72
94.89
95.16
94.26
94.79
95.08
94.86
94.77
94.48
95.28
95.33
95.03
95.22
95.00
94.91
94.86
95.23
94.79
95.23
94.65
94.98
94.96
95.13
94.92
94.76
94.64
94.81
94.62
94.86
94.95
95.39
94.80
94.49
94.57
94.54
94.73
95.20
95.18
95.01
94.78
94.37
94.99
95.16
94.91
95.21
94.76
94.89
95.01
94.79
95.36
94.91
94.59
95.34
95.03
94.98
94.91
94.46
95.19
94.87
95.25
94.40
94.51
95.04
95.15
94.25
95.00
94.87
95.05
95.03
94.87
94.78
94.47
94.82
95.04
94.15
95.30
94.43
94.99
95.07
94.83
95.15
94.74
94.86
95.27
94.56
94.67
95.02
94.90
95.06
95.37
94.74
95.08
94.30
95.21
95.15
95.05
94.97
95.21
94.57
94.59
94.85
95.05
94.58
95.13
95.34
95.25
94.90
94.81
94.36
95.06
94.78
94.67
94.93
94.67
95.19
95.32
94.64
95.21
94.76
95.00
95.15
94.72
95.35
94.66
94.88
94.99
95.11
94.68
95.14
94.73
95.06
94.47
94.80
94.63
95.16
94.97
94.95
95.09
94.87
94.68
95.24
95.11
95.14
94.79
94.96
94.73
94.75
94.05
93.51
94.90
94.86
95.19
94.72
95.19
94.86
94.89
95.05
94.61
95.10
94.93
94.81
94.32
95.26
94.95
94.97
94.62
94.72
94.33
94.71
94.56
94.72
95.00
95.02
94.83
94.25
94.81
95.03
94.85
94.46
94.57
93.89
94.44
94.44
95.00
94.97
95.12
94.87
94.45
95.21
94.74
94.74
95.04
94.89
94.94
94.36
95.01
94.22
94.47
94.83
94.90
94.96
94.58
95.02
94.96
94.78
95.35
95.09
95.25
94.73
94.90
94.99
95.00
95.23
95.26
94.39
95.05
95.06
94.36
94.54
94.89
94.94
93.88
94.95
94.86
94.74
94.98
94.77
94.43
94.73
94.71
94.87
94.90
95.19
94.86
95.03
95.03
94.65
94.88
95.26
94.24
95.01
94.77
94.49
94.76
95.16
94.74
95.19
94.69
94.78
94.54
94.57
94.74
94.81
94.58
94.90
94.72
94.70
95.27
94.92
94.32
94.91
94.65
94.94
94.86
94.30
94.93
94.78
94.71
94.78
94.90
94.81
95.13
94.91
94.77
94.18
95.05
94.99
94.93
94.36
94.85
94.94
94.89
94.83
95.24
94.99
94.89
94.76
94.30
95.07
95.12
94.87
94.73
94.74
94.82
94.70
94.48
94.98
94.73
94.49
95.07
95.03
94.93
94.89
94.87
94.89
94.74
94.87
94.77
94.74
94.96
