92.30
91.36
91.91
91.38
93.08
92.95
92.35
93.08
92.27
92.43
94.23
89.39
93.59
94.27
92.88
92.14
93.23
93.66
93.65
91.91
92.75
91.99
93.22
91.95
91.64
92.39
92.79
90.39
89.01
92.55
93.26
92.45
91.89
92.71
92.39
93.42
91.24
93.60
92.01
92.39
91.97
91.97
92.66
93.15
92.87
92.29
93.82
91.64
93.78
91.88
90.97
93.24
93.27
93.95
93.77
92.54
93.58
91.25
92.65
91.57
91.67
91.95
93.29
91.29
92.23
92.94
93.09
90.69
92.89
92.16
92.07
92.25
92.07
93.57
92.68
92.94
94.25
91.17
93.44
93.75
92.62
92.13
92.37
92.55
93.26
92.77
90.28
93.20
92.80
91.68
92.43
92.28
92.84
91.59
91.49
91.89
90.93
93.43
92.93
92.95
92.42
90.48
92.22
92.50
92.76
92.63
92.19
93.08
93.10
93.52
92.21
91.75
92.11
94.13
93.23
92.78
93.67
93.01
91.88
92.98
93.00
91.19
92.01
91.72
93.91
91.18
93.30
92.84
92.81
92.19
93.03
92.46
92.60
91.94
92.93
91.53
92.24
92.48
92.51
92.55
91.67
93.59
93.05
92.23
93.08
92.93
93.17
92.61
91.58
93.33
92.24
91.69
92.68
92.71
92.85
92.58
92.29
93.38
92.37
92.84
91.10
93.20
93.61
92.79
92.84
93.83
93.61
90.99
92.11
92.72
93.27
92.31
93.47
89.79
93.56
93.14
93.00
93.03
91.28
93.05
91.59
92.33
92.99
92.64
93.01
93.18
93.36
91.15
91.94
93.61
92.72
92.98
92.57
93.37
92.38
93.19
93.51
93.49
91.49
92.30
92.43
92.85
91.94
93.50
92.07
92.60
91.85
93.03
93.48
91.67
92.08
93.82
92.51
92.49
93.28
91.67
92.66
89.88
93.11
93.36
92.84
92.65
92.45
91.70
92.56
91.24
91.64
93.44
93.28
92.34
91.28
93.17
92.72
92.70
91.57
93.00
91.75
92.38
92.67
91.87
93.03
93.25
92.45
93.97
91.48
91.55
91.81
89.18
92.75
94.13
92.60
93.19
92.17
91.92
92.02
93.54
92.06
92.55
92.68
92.76
93.69
92.03
91.62
93.41
94.12
93.10
89.61
92.60
92.16
88.84
91.98
93.10
92.44
92.45
91.98
93.14
92.88
90.41
93.28
93.48
94.20
90.20
90.90
93.25
93.09
93.08
92.79
92.12
91.88
93.44
93.99
93.37
92.80
94.15
93.38
92.76
93.44
92.26
92.12
91.80
93.85
92.76
92.51
92.83
92.43
93.12
93.09
93.42
92.45
92.10
92.74
93.28
93.14
92.17
93.49
91.65
93.18
92.95
92.01
91.98
93.50
93.44
94.15
91.79
90.45
93.23
93.41
93.02
92.13
92.63
92.61
92.76
93.07
89.57
93.61
92.33
91.98
92.64
92.03
89.34
92.81
92.16
92.52
93.84
92.41
93.67
93.25
93.07
93.33
94.36
92.17
92.58
93.03
93.74
91.72
92.89
92.23
93.33
93.19
91.97
93.22
92.68
93.21
90.20
91.71
92.14
92.72
92.54
91.67
91.77
93.10
93.12
93.22
93.69
91.84
93.57
92.98
93.12
92.98
92.58
93.09
91.98
93.03
92.54
91.09
91.43
93.19
91.71
93.24
93.70
92.52
91.40
93.04
91.60
93.76
92.26
92.83
92.85
92.54
93.28
91.46
93.88
91.96
93.10
91.51
92.86
93.15
93.04
93.38
93.82
91.79
93.30
93.39
92.83
92.90
92.37
92.99
92.62
92.66
92.22
93.76
92.67
93.52
92.03
90.43
92.24
92.88
92.96
93.57
92.77
93.09
93.00
90.08
92.09
90.95
93.02
92.62
92.55
92.15
92.75
93.80
93.51
92.29
93.63
91.59
93.45
92.27
92.06
92.69
93.42
91.65
91.41
91.46
94.32
89.98
93.12
92.66
91.45
92.84
92.53
92.85
92.84
93.19
91.55
92.37
92.33
93.04
92.45
91.29
91.57
91.95
92.16
93.01
93.20
90.22
93.44
92.65
93.01
93.40
89.46
91.44
91.35
93.93
93.94
93.28
92.94
93.10
92.43
91.78
93.17
93.48
92.00
91.26
92.69
93.61
92.29
92.92
93.13
93.08
90.25
93.05
92.03
92.01
90.77
92.27
93.16
92.91
93.85
93.87
92.48
94.01
91.88
92.28
92.66
93.29
92.15
92.93
92.77
91.57
92.13
93.00
93.20
92.40
92.09
92.74
89.33
94.12
92.88
91.14
93.35
92.73
92.68
92.82
92.64
91.87
90.71
93.95
92.53
92.90
93.70
90.76
93.85
92.82
92.77
90.79
92.88
91.58
93.39
93.06
91.86
93.61
91.56
93.33
92.04
93.80
92.28
93.43
93.56
92.50
93.21
92.84
93.82
91.01
90.99
91.84
92.28
92.12
92.40
87.98
93.34
90.83
90.55
93.09
93.37
92.73
91.51
93.61
92.40
91.66
93.66
92.62
92.86
92.96
93.35
94.24
92.49
92.18
93.67
94.22
89.80
91.77
90.66
89.67
92.84
91.91
92.88
94.11
93.00
93.76
92.37
92.82
91.43
94.10
91.43
93.05
91.39
90.41
91.60
93.30
92.34
92.10
91.30
91.98
90.73
93.31
92.97
93.50
94.39
93.22
90.88
91.71
93.26
92.16
92.75
93.14
93.57
92.87
91.74
93.27
92.76
92.44
90.37
92.53
92.61
90.96
92.83
93.01
93.58
90.87
93.30
93.26
93.51
93.07
92.57
92.74
92.61
92.89
93.18
93.33
91.34
93.49
93.20
92.79
93.00
91.93
93.59
93.53
91.37
91.38
92.83
93.37
92.51
92.42
93.21
92.90
93.58
93.31
90.31
93.00
93.67
91.68
91.91
93.64
92.49
93.10
94.01
92.65
93.52
92.93
93.61
93.33
89.53
92.71
93.32
91.80
93.49
91.06
92.70
92.36
92.97
91.10
93.64
91.79
93.30
90.55
93.07
93.04
90.90
92.19
92.95
93.04
92.45
93.12
93.62
93.07
92.09
93.14
93.05
92.24
91.42
92.53
92.39
93.01
92.15
91.83
91.74
92.72
93.42
93.54
92.61
93.11
92.45
93.65
93.70
92.19
92.38
93.14
92.12
93.35
93.78
91.48
92.68
92.52
93.61
92.49
92.03
93.45
93.06
94.25
93.68
93.14
92.49
92.01
92.05
92.64
93.14
91.25
93.23
93.89
92.54
93.08
92.48
92.45
92.38
93.37
93.02
93.20
92.95
90.57
92.46
92.49
93.52
91.28
93.06
94.11
93.43
93.49
92.37
93.06
92.86
93.10
93.46
91.50
92.75
92.92
92.38
92.65
93.53
92.97
93.14
91.79
91.62
93.30
93.05
92.82
92.56
93.29
92.58
92.10
93.24
93.76
93.70
92.56
92.34
93.25
91.97
92.82
93.52
92.63
89.58
91.44
92.42
92.38
91.75
91.90
92.65
93.13
93.07
92.85
93.35
92.90
93.41
92.29
92.55
91.18
92.07
93.25
93.50
92.62
92.41
92.74
91.38
93.20
93.67
88.22
92.16
93.86
90.57
92.30
92.01
92.65
92.53
92.14
92.91
92.02
91.78
91.35
91.81
91.56
93.45
93.68
93.72
92.98
92.68
92.54
93.43
93.23
92.88
91.74
92.89
93.02
92.98
93.93
91.03
90.88
93.78
92.16
92.24
93.35
93.01
93.38
91.50
93.44
90.71
93.18
93.71
92.72
93.43
91.44
91.19
92.49
93.57
92.98
93.47
93.72
92.72
92.85
92.24
89.36
93.30
92.21
92.74
93.41
93.11
93.02
93.09
93.30
92.83
92.88
91.61
93.49
92.72
90.24
93.82
92.55
93.25
92.28
92.46
92.32
92.52
92.65
92.76
94.06
92.43
91.42
93.21
92.20
92.57
91.64
93.21
92.83
91.46
93.48
93.20
91.94
92.20
93.56
92.46
92.69
91.07
92.55
93.13
93.68
91.44
93.44
92.98
92.07
92.52
92.59
93.30
93.51
91.96
92.20
92.96
93.26
92.04
91.64
93.75
91.55
91.03
92.89
92.47
90.91
92.33
92.33
92.44
93.53
92.77
93.53
92.56
93.68
91.25
92.89
93.47
92.37
92.39
93.65
91.65
93.01
92.99
93.55
91.71
91.81
92.02
93.01
92.48
93.68
93.07
94.13
93.46
92.42
93.69
92.77
91.37
89.49
92.53
92.83
90.26
93.04
93.33
93.36
91.54
93.29
93.34
92.36
92.85
92.78
93.62
91.94
92.09
92.99
91.92
92.85
92.51
93.12
92.87
93.17
93.26
93.27
92.64
