93.12
97.70
96.90
97.40
96.61
95.46
94.99
96.71
97.28
94.76
96.45
97.10
96.61
96.51
97.52
97.63
97.34
97.52
97.51
97.73
97.17
89.10
97.71
97.54
96.14
97.86
96.17
95.77
96.10
96.75
97.36
96.78
96.88
98.22
96.40
93.72
97.76
98.20
97.44
97.85
96.46
97.80
96.48
98.37
96.54
97.59
97.07
95.09
98.20
96.46
90.97
97.66
95.90
95.23
97.20
98.28
97.41
96.70
97.85
96.12
97.12
98.07
97.94
96.92
96.33
95.34
97.83
96.49
97.04
97.98
97.90
97.30
96.51
97.81
97.86
97.61
95.39
97.98
97.54
97.44
95.64
97.27
96.67
96.78
97.43
97.12
84.75
97.24
97.82
97.45
97.80
97.26
97.76
97.58
96.87
97.66
96.74
97.60
96.59
96.70
97.78
97.72
97.15
96.35
88.23
90.56
95.89
95.88
97.99
97.61
95.65
96.74
97.95
97.19
96.34
97.57
98.34
98.23
96.20
94.41
96.62
97.97
97.68
97.04
97.36
92.87
97.89
94.05
96.17
97.63
96.94
98.25
97.88
96.96
97.97
97.37
96.86
98.16
97.57
95.44
97.99
98.12
97.52
98.01
96.68
97.94
97.82
97.70
95.89
97.50
95.48
97.78
97.55
94.99
97.78
97.11
97.77
94.18
97.59
98.01
97.40
97.36
94.71
97.37
97.54
98.13
93.75
93.59
95.59
97.63
95.71
91.94
97.25
97.46
98.03
98.26
97.88
97.39
96.17
94.28
92.66
97.53
83.10
97.67
96.25
93.17
97.50
94.38
98.09
97.77
93.76
96.05
97.72
96.68
94.23
93.42
98.03
98.10
98.06
97.99
96.86
97.72
98.06
93.33
96.97
97.33
97.12
94.36
98.17
97.03
97.95
97.42
97.39
91.95
96.66
97.61
98.15
98.02
97.67
98.15
95.89
97.98
96.13
97.72
96.88
97.18
96.35
98.06
95.69
97.63
95.27
97.92
89.07
96.94
97.78
96.49
97.67
96.35
96.94
97.96
92.87
97.92
97.47
97.60
97.30
96.14
94.31
95.00
97.85
96.68
97.14
97.34
96.22
97.53
97.50
97.90
98.07
97.39
94.17
96.19
97.17
97.75
94.06
97.98
93.55
96.88
97.71
94.05
97.20
97.40
97.67
97.87
97.68
97.13
94.71
96.21
96.36
96.92
97.24
98.17
97.35
93.40
96.26
97.39
97.67
95.81
97.33
97.41
93.51
96.82
95.77
96.28
91.06
95.87
97.74
97.60
98.12
97.26
97.63
96.49
96.65
95.40
97.63
97.92
97.38
97.42
97.60
95.86
96.76
97.81
96.03
96.89
97.73
97.50
96.45
96.29
97.32
96.23
96.43
97.51
95.72
96.37
97.43
94.42
96.05
97.12
97.05
97.26
95.46
97.02
97.61
97.54
97.53
94.94
95.94
96.26
97.25
97.45
96.93
95.15
97.47
96.83
97.06
95.65
97.28
96.74
94.53
95.35
97.88
96.65
95.75
96.67
98.11
85.35
96.70
97.78
96.80
92.98
92.82
96.98
91.99
96.89
97.51
95.67
96.09
97.54
97.35
98.31
97.08
96.55
95.97
97.60
97.63
93.56
94.42
97.78
96.43
97.58
97.71
97.17
97.31
97.06
97.02
97.95
97.21
96.14
93.92
97.55
98.03
95.75
97.37
97.99
89.85
96.23
97.79
97.46
95.96
97.77
97.47
97.84
96.16
96.85
97.10
97.70
95.03
97.55
95.57
97.26
97.75
94.43
96.33
97.44
96.24
96.86
95.10
97.92
96.22
96.95
97.00
96.56
97.31
97.80
96.07
91.74
97.12
96.52
96.54
98.28
96.61
96.75
96.96
96.98
97.58
96.62
97.27
87.16
97.19
96.85
97.38
97.79
96.44
97.41
93.53
97.64
93.98
97.40
94.38
96.17
96.44
96.59
97.40
97.39
97.68
97.05
96.83
97.52
98.01
96.98
95.21
97.09
97.52
96.81
96.83
95.51
94.21
96.97
96.39
96.63
95.59
96.23
97.12
97.06
95.45
96.61
97.71
97.98
96.52
95.12
93.67
97.09
97.17
96.81
97.77
97.72
92.71
97.17
94.21
90.99
97.67
92.20
96.48
89.97
97.59
95.18
97.99
91.35
96.81
97.48
95.52
97.58
94.50
96.68
97.43
95.51
96.69
94.39
98.08
92.59
97.24
97.80
96.84
97.37
97.33
96.48
98.08
97.38
97.02
97.57
96.56
94.81
95.55
97.79
95.70
97.42
96.25
95.92
97.43
96.36
97.41
97.42
97.97
98.00
97.40
97.21
97.09
97.06
97.27
98.07
97.27
97.77
95.95
97.36
96.75
97.31
98.34
95.44
97.82
95.66
97.37
97.05
96.57
96.06
96.85
96.33
97.16
96.78
97.54
96.90
97.34
97.61
97.16
98.05
96.95
97.66
97.15
97.13
95.27
95.36
97.09
96.25
96.85
97.55
95.58
95.61
96.25
97.16
98.36
95.14
98.18
95.66
97.41
96.46
97.70
97.70
96.19
96.77
92.61
90.83
97.86
94.57
97.35
96.74
97.29
97.00
96.83
91.86
96.61
94.57
97.87
97.67
96.85
96.76
93.93
97.34
97.35
97.82
92.33
97.29
96.99
91.53
93.16
97.89
96.84
97.50
97.64
97.98
95.98
97.89
95.54
96.98
97.58
95.58
97.20
97.75
97.98
97.30
97.71
97.89
96.06
95.06
97.73
96.61
95.88
97.08
94.17
96.68
97.62
96.09
96.87
95.26
97.03
96.76
97.37
97.90
97.56
89.70
96.78
95.37
95.99
96.92
96.89
95.97
98.10
97.70
97.84
95.33
96.08
96.66
97.44
96.94
96.27
96.58
96.74
96.24
96.77
97.30
96.68
97.94
97.86
97.08
94.66
96.79
97.82
97.75
96.66
95.27
95.85
94.89
93.55
97.39
95.10
96.78
93.36
97.92
96.88
97.55
96.62
98.11
96.97
96.15
98.26
94.88
97.58
97.59
97.80
96.31
96.74
94.86
95.87
97.11
94.95
96.33
97.77
96.85
97.66
97.28
97.85
96.25
97.47
96.61
97.80
96.49
97.46
96.11
97.32
97.45
96.49
92.96
96.92
97.51
86.70
96.36
90.52
93.29
98.08
96.62
96.73
97.95
98.34
96.71
97.12
97.71
97.58
98.10
96.92
97.95
94.54
97.30
96.82
97.03
98.00
97.08
97.72
96.78
95.26
95.57
97.71
97.76
97.69
97.06
96.87
96.08
92.99
97.12
97.87
96.19
97.78
96.79
97.85
95.11
97.04
95.75
95.44
96.45
95.21
98.06
92.27
96.88
93.76
94.93
95.35
96.99
97.32
97.25
96.38
97.62
96.60
97.71
97.27
96.80
96.43
97.59
97.75
95.80
97.56
97.69
97.36
98.38
97.48
97.56
94.87
96.99
97.13
96.46
97.14
97.46
98.01
97.13
97.92
97.39
97.90
97.88
96.21
96.31
96.54
97.48
93.72
97.50
97.78
97.64
98.14
96.45
97.93
97.68
97.85
97.10
94.13
97.90
95.88
97.16
97.92
96.04
97.46
97.92
97.39
97.69
97.78
97.45
94.60
98.17
94.47
97.10
93.47
97.28
97.05
97.46
97.88
98.03
97.32
97.62
96.48
95.39
97.24
95.64
97.45
91.02
96.07
97.73
97.72
91.00
97.61
97.01
94.91
94.92
96.61
94.41
96.58
98.14
96.24
96.92
96.87
97.84
96.98
97.56
96.41
95.60
98.17
95.08
97.30
96.81
96.54
97.37
97.81
95.10
97.67
97.60
94.99
96.39
94.32
93.31
96.40
96.41
94.76
97.87
97.83
97.41
96.69
97.30
97.19
98.22
97.70
96.17
95.22
87.54
94.11
95.13
97.62
97.62
96.79
98.02
93.56
95.63
97.71
98.07
97.68
97.55
96.81
98.16
98.03
94.65
95.90
95.13
95.70
97.85
97.78
97.76
93.90
95.93
96.78
97.25
98.13
97.20
97.69
97.65
98.06
98.04
95.39
94.26
89.92
96.90
97.65
98.08
96.46
97.91
97.34
97.84
97.96
96.60
96.58
95.44
97.37
97.10
94.70
97.32
96.72
91.01
96.00
97.30
95.23
97.93
96.22
96.68
97.58
95.85
97.26
95.28
97.31
97.67
97.59
97.16
96.77
97.88
97.93
98.08
95.36
97.03
97.44
97.30
96.66
95.42
97.04
97.25
96.26
97.83
97.34
98.01
92.80
96.30
98.25
96.98
92.45
95.05
97.89
96.01
97.16
95.25
97.61
97.63
96.22
95.08
96.89
96.80
93.40
96.64
97.27
97.71
92.77
95.89
86.87
97.00
