98.00
98.43
97.57
98.33
97.93
97.23
98.24
98.12
98.15
97.95
97.79
98.09
97.47
97.80
98.10
97.87
98.37
98.31
98.29
98.44
98.35
98.31
98.45
97.77
98.17
98.24
98.41
97.95
98.34
98.20
96.63
97.95
98.51
98.54
98.37
97.94
98.21
97.95
98.52
98.19
98.24
98.27
98.14
98.43
98.10
97.92
98.14
98.01
98.28
98.09
98.51
97.77
97.28
98.58
97.93
97.86
98.14
97.95
98.25
98.51
98.03
98.27
98.00
98.46
98.59
98.08
98.45
97.86
98.38
98.28
98.06
98.21
98.30
98.06
97.97
97.98
90.49
98.30
98.02
98.51
97.90
98.08
97.97
98.11
97.20
98.00
97.89
98.19
98.15
97.96
98.44
98.20
97.90
98.10
97.54
97.79
98.18
97.39
98.14
98.35
98.30
97.06
97.92
98.23
97.93
98.00
98.17
98.26
97.33
98.06
98.01
97.84
98.68
97.22
98.19
98.06
97.63
97.91
98.06
98.01
98.18
97.98
98.08
98.45
98.04
98.23
98.17
97.93
97.95
98.15
97.45
98.24
98.28
98.23
97.89
98.27
98.12
97.60
97.60
98.06
98.36
98.51
97.25
98.04
97.98
97.97
98.33
97.76
98.29
97.69
98.30
98.04
98.31
97.47
98.31
98.27
96.75
98.10
98.17
98.14
98.31
98.42
97.94
97.62
97.89
98.04
98.29
98.34
98.49
98.18
97.95
98.20
98.20
97.76
98.07
97.97
98.48
98.14
98.46
98.15
98.23
98.29
97.89
98.17
98.18
98.36
98.04
98.10
97.99
98.04
97.99
97.03
98.26
98.05
97.72
97.72
97.63
97.88
98.22
98.01
98.30
98.11
97.90
98.10
97.66
98.26
98.07
97.73
98.08
98.23
98.28
98.02
98.06
98.31
98.01
98.17
98.20
97.87
98.38
98.00
98.19
98.04
97.89
98.07
98.23
97.97
97.70
98.30
98.02
98.31
97.92
98.20
98.34
98.07
98.01
97.99
98.03
98.26
97.84
97.97
98.00
97.88
98.18
98.04
98.08
98.25
98.13
98.14
98.53
98.27
98.29
97.89
98.09
97.84
98.19
98.05
98.33
97.50
98.41
98.40
97.52
98.07
98.35
97.47
98.21
98.04
98.43
98.24
98.37
98.25
98.33
98.22
98.52
98.45
98.43
98.32
97.94
97.51
98.41
98.17
98.39
98.06
98.21
98.60
97.71
97.91
97.66
97.23
98.42
98.36
97.96
98.29
98.34
97.49
97.69
98.27
97.81
98.25
98.22
97.93
97.83
98.32
98.03
98.38
97.90
97.86
97.90
97.95
97.58
97.67
98.60
98.03
97.86
98.09
98.09
98.14
98.35
97.95
97.84
96.50
97.29
98.38
98.01
97.77
98.03
97.62
98.27
98.02
97.91
98.33
98.10
97.88
98.07
98.13
97.87
98.55
98.10
98.20
98.05
98.10
97.48
98.18
98.16
98.35
97.60
98.23
98.06
97.85
97.71
98.28
97.74
98.13
98.12
97.62
97.94
97.66
98.17
98.25
98.34
97.99
98.29
97.61
98.28
98.09
97.71
98.13
97.96
97.94
98.41
98.47
98.04
97.85
98.07
98.27
98.36
97.96
98.23
98.11
98.23
97.93
98.01
98.51
98.15
98.39
98.19
98.03
97.99
98.36
97.61
98.14
98.22
98.25
97.51
98.11
98.15
97.54
98.43
97.32
98.40
98.11
97.45
98.00
98.09
97.03
97.57
97.78
98.19
97.44
98.23
98.33
98.41
98.70
98.47
97.98
98.25
97.15
98.21
97.48
98.07
98.27
97.98
97.59
97.74
97.53
97.36
98.46
97.96
97.65
98.18
98.18
98.36
98.62
98.09
98.47
97.89
98.08
98.17
98.12
97.42
98.59
98.28
97.91
97.85
97.90
97.95
98.10
97.81
98.23
98.43
98.16
97.43
97.97
98.33
98.37
97.79
98.07
98.44
98.26
98.49
98.15
97.59
98.51
98.40
98.31
98.19
98.24
98.12
98.33
97.81
98.23
98.58
98.40
98.01
97.65
98.49
98.51
98.45
98.43
98.54
98.50
97.79
97.60
98.55
98.19
97.66
97.85
98.02
97.96
98.07
98.13
98.54
97.28
98.00
98.13
98.05
98.53
97.82
98.34
98.19
97.63
98.34
98.10
97.99
98.09
98.34
98.34
98.15
98.29
98.52
98.14
98.38
98.10
97.01
98.22
98.18
98.33
98.24
97.25
98.12
98.66
98.47
97.20
98.35
97.94
97.66
97.91
98.30
98.18
97.98
98.18
98.11
97.89
97.97
98.32
97.81
98.05
97.85
97.84
98.24
97.68
98.40
98.50
97.89
98.29
97.77
98.28
98.41
98.25
98.22
97.85
97.95
98.33
97.93
98.13
98.03
98.33
97.36
98.41
98.34
98.40
98.43
98.01
98.28
98.12
98.05
98.17
97.49
97.84
97.95
98.20
98.09
98.22
98.35
98.13
98.12
97.72
98.34
98.17
97.81
97.97
97.81
98.08
98.37
98.31
97.62
98.05
97.72
97.79
98.06
98.16
98.46
98.32
98.14
97.98
98.19
98.09
97.67
98.10
98.30
98.38
97.83
98.27
97.62
97.18
97.53
98.24
98.32
97.74
98.20
98.04
98.21
98.00
97.15
98.35
98.12
98.28
97.80
98.55
98.26
97.96
97.82
98.30
98.04
98.05
98.46
97.99
98.01
98.21
98.05
97.80
98.26
98.39
97.72
98.32
98.40
98.26
98.02
97.78
98.23
98.34
97.93
97.88
97.96
97.48
97.79
97.85
97.06
97.88
98.20
98.38
98.37
98.20
97.74
98.15
98.53
98.44
98.14
97.75
98.12
98.36
98.34
98.27
97.74
97.79
98.42
98.38
98.01
98.30
98.00
98.48
98.22
98.25
97.83
97.54
98.07
98.01
98.33
98.44
97.98
98.50
98.01
98.08
98.35
98.18
96.30
98.28
97.80
98.36
98.33
97.99
98.18
98.05
98.05
98.39
96.42
98.05
97.94
98.21
98.31
95.61
98.23
97.99
98.11
98.39
98.27
98.04
97.66
97.76
98.27
98.26
97.90
98.35
98.40
97.73
98.53
97.83
98.29
98.02
97.40
98.33
98.31
98.11
97.84
98.30
98.25
97.96
98.34
98.24
98.38
97.85
98.19
98.29
97.37
98.50
97.90
98.27
97.96
97.50
97.94
98.41
98.37
98.13
97.49
98.09
98.40
96.82
97.39
98.17
98.56
97.76
98.34
97.15
98.19
97.92
97.46
98.51
98.45
98.17
97.82
98.17
98.13
98.21
98.47
98.31
98.12
98.24
98.22
98.06
97.98
98.56
98.31
98.03
98.20
97.95
98.42
98.46
97.54
98.26
98.35
98.40
98.09
98.32
98.48
97.95
98.45
98.31
97.64
98.11
98.43
98.06
97.87
97.94
98.49
98.28
98.18
97.76
98.16
97.70
97.19
98.46
98.43
98.30
98.28
98.14
98.26
98.11
98.13
98.23
98.11
98.01
98.14
96.82
97.80
97.84
98.56
98.39
98.40
97.57
98.20
97.47
98.36
94.35
98.15
98.23
98.23
98.06
97.88
98.22
98.39
98.04
97.91
97.96
98.09
97.82
98.02
98.49
98.35
98.45
98.18
98.49
97.70
98.34
98.07
97.81
98.48
98.31
98.01
98.35
98.29
98.34
97.90
98.41
98.10
98.40
98.58
98.14
98.20
97.71
98.12
97.53
98.06
97.56
98.14
98.06
97.84
98.26
98.27
98.44
98.18
97.87
98.42
98.01
98.49
98.21
97.71
98.50
98.30
98.35
98.19
97.90
98.47
98.09
97.97
98.10
98.09
98.36
98.17
98.16
98.50
98.01
98.32
97.85
98.43
96.67
98.29
98.22
97.18
98.18
97.93
98.02
97.70
98.10
96.93
98.18
98.15
98.23
97.13
98.38
98.17
97.28
97.50
98.27
97.60
98.03
98.41
97.79
97.37
98.18
98.00
98.12
98.39
98.04
97.83
98.29
98.37
98.43
97.92
98.13
98.39
97.96
97.11
98.35
98.30
97.92
97.79
98.03
98.28
98.35
98.20
97.91
98.33
98.17
97.93
98.14
98.48
98.29
97.88
97.95
98.16
97.75
97.35
97.76
98.38
97.90
98.42
98.15
98.22
98.15
98.16
97.34
98.11
97.77
98.21
97.97
98.28
98.51
98.27
98.14
98.13
98.44
97.44
98.17
98.04
98.46
97.88
98.04
98.33
97.97
98.12
97.83
98.16
97.90
98.11
97.72
98.35
98.15
97.93
97.86
98.45
98.27
98.48
98.32
98.00
98.41
98.24
98.63
97.76
98.23
97.75
98.19
