84.07
85.83
87.37
77.04
86.69
83.06
80.26
86.91
89.34
85.68
87.42
85.67
86.52
86.56
89.03
87.59
85.80
86.40
83.99
83.86
88.64
89.40
87.35
83.70
85.68
87.26
85.27
84.86
87.71
84.16
85.53
85.48
84.61
82.81
84.24
85.21
84.79
82.62
86.87
87.81
83.59
87.81
87.04
79.58
82.79
86.92
79.15
87.15
83.00
88.38
88.02
86.47
88.54
79.24
86.53
89.97
83.68
87.57
82.92
86.89
85.25
86.36
85.24
84.33
87.30
87.67
83.93
86.06
87.11
86.79
79.87
88.41
86.24
82.07
84.58
88.24
86.84
80.76
87.76
87.42
81.58
88.35
86.52
88.24
84.93
86.09
86.26
84.61
86.74
84.36
87.23
88.13
88.74
87.62
89.50
84.34
80.39
82.94
85.65
88.48
85.92
87.98
86.32
83.32
89.85
85.75
82.66
87.02
85.25
82.61
87.35
88.22
86.09
84.27
87.43
83.63
87.48
88.51
88.76
88.86
81.07
87.85
83.29
88.21
87.39
88.63
83.85
82.02
79.80
88.88
84.80
83.57
78.30
85.00
86.89
85.83
83.92
82.69
85.18
84.99
88.60
82.19
86.92
86.41
82.90
87.89
84.13
81.28
81.89
82.87
84.50
85.42
88.11
87.57
84.63
86.25
88.09
82.10
85.07
87.32
85.05
83.54
85.82
84.51
88.01
88.68
84.52
86.62
84.05
87.11
80.25
84.55
85.84
85.73
85.25
84.28
87.36
85.06
86.74
86.91
87.19
87.80
86.69
84.30
85.28
84.72
86.75
85.90
86.27
85.90
84.41
89.70
83.62
84.37
84.15
82.21
90.24
85.97
88.25
84.08
85.65
80.61
86.25
85.17
87.78
85.94
84.16
89.37
85.84
84.43
87.18
84.20
86.55
83.73
79.20
86.13
88.08
89.23
84.17
88.14
84.74
87.92
85.62
87.27
83.45
82.03
85.68
84.54
83.62
86.34
86.24
88.30
88.52
87.18
74.90
83.89
89.08
80.27
89.85
86.00
80.94
86.58
87.14
85.72
85.71
82.11
88.27
83.33
87.30
81.02
85.03
84.43
84.46
82.95
79.70
87.41
87.24
85.91
83.15
89.06
86.23
86.20
86.69
82.26
83.22
85.95
85.92
78.75
80.27
87.17
79.37
86.81
83.72
89.58
87.31
87.52
81.76
85.20
82.55
87.66
79.92
84.79
82.35
85.72
86.50
84.65
78.84
86.12
83.77
84.40
84.88
84.40
80.91
87.73
89.23
86.09
87.01
86.20
87.67
85.52
81.30
80.56
79.09
87.18
81.98
82.87
84.98
88.87
88.22
83.16
85.58
85.40
86.03
89.29
87.27
82.87
88.46
85.80
87.90
84.27
86.18
86.56
84.65
87.26
86.46
79.38
85.23
86.89
78.90
86.47
84.38
83.31
85.71
82.57
85.42
84.21
86.56
81.29
86.49
86.71
78.66
84.69
85.84
84.61
77.04
82.19
78.74
83.70
78.73
77.45
85.51
87.70
83.41
79.43
83.81
84.19
86.19
83.88
82.75
87.13
86.18
86.42
75.80
88.85
89.05
81.41
84.30
88.59
86.27
85.83
84.24
82.81
85.76
83.68
85.80
84.89
88.21
87.15
88.71
82.35
87.32
82.81
85.51
82.94
85.47
85.81
84.78
83.04
78.66
88.68
79.31
89.11
86.73
83.27
85.10
85.84
88.74
88.29
88.41
83.57
88.42
77.69
86.60
86.37
88.66
87.95
79.49
81.87
85.70
83.51
84.48
85.79
85.79
88.05
86.81
86.34
85.76
84.51
87.24
85.18
80.63
80.81
74.42
87.80
86.39
85.37
82.99
85.35
87.45
83.54
83.10
86.37
84.88
80.81
85.26
87.90
84.95
83.59
86.14
85.98
83.30
87.88
87.29
86.30
88.10
83.30
87.05
84.09
82.86
85.23
88.42
86.13
86.89
86.89
84.68
87.84
85.43
87.15
85.91
86.78
85.12
85.31
79.00
86.98
81.67
86.31
89.27
80.46
88.07
81.36
88.42
84.94
87.94
85.29
85.97
83.86
82.57
89.68
80.38
82.66
89.91
83.74
86.29
87.01
81.97
86.04
83.44
84.96
82.58
81.39
87.45
87.34
86.16
83.75
81.28
85.60
85.72
85.22
84.81
86.69
86.80
83.92
87.71
88.41
84.17
87.34
82.47
84.86
85.74
85.88
83.53
86.54
86.83
80.70
86.67
84.53
82.45
87.04
82.44
88.29
79.91
87.66
81.34
86.41
80.79
84.06
83.29
77.22
78.35
88.88
85.83
87.03
86.40
81.64
82.86
81.61
87.61
87.65
84.47
89.68
83.37
88.56
89.84
83.14
83.03
85.12
79.75
79.30
84.50
81.99
88.72
88.16
88.63
84.12
87.00
86.10
87.05
89.95
85.95
85.02
85.47
86.08
87.77
81.72
84.60
89.14
86.58
88.22
87.55
83.59
84.95
85.07
85.94
88.15
82.99
88.78
82.10
85.54
78.53
87.56
83.93
82.78
85.36
85.67
85.13
83.33
84.72
83.67
79.58
83.87
83.16
85.75
84.79
86.09
86.04
85.79
88.63
86.79
85.05
87.41
86.89
83.68
86.39
90.14
79.43
84.45
86.76
85.30
86.26
82.26
84.59
87.25
87.48
84.14
85.50
81.85
87.03
84.76
80.51
84.12
85.17
85.06
82.99
81.82
81.92
83.87
76.59
86.90
86.13
88.81
86.94
88.03
85.73
89.78
88.97
81.39
85.49
87.88
88.68
88.35
83.70
87.88
86.47
82.44
87.01
83.79
82.87
89.36
87.87
85.26
84.51
84.89
86.38
83.48
86.79
87.50
85.49
86.14
82.09
83.71
87.69
83.12
84.00
86.23
85.06
87.71
83.99
77.08
86.46
87.21
88.81
84.31
88.92
88.27
81.42
82.19
87.36
81.58
81.17
83.26
86.90
81.16
84.81
85.20
81.12
88.26
81.71
85.32
82.63
87.17
85.23
89.02
88.27
87.00
80.92
83.87
88.68
80.20
84.68
86.31
89.05
86.67
85.50
85.09
86.26
84.82
85.15
86.83
89.42
89.75
85.29
89.31
82.96
85.82
88.28
85.34
84.16
88.03
87.85
82.36
84.68
82.16
86.51
85.43
85.14
78.62
84.15
87.22
85.07
86.22
88.51
87.59
88.51
85.24
88.80
88.11
82.31
87.46
81.21
81.80
85.60
87.16
87.20
86.98
79.51
81.99
83.84
86.15
80.18
85.39
87.49
80.40
85.39
85.61
87.45
87.47
82.79
84.45
88.86
83.06
88.54
87.64
84.88
89.06
86.03
86.13
83.87
89.44
87.41
86.46
88.86
85.14
85.97
81.81
87.78
82.07
85.73
77.24
88.47
86.88
83.66
88.29
79.94
87.94
83.74
86.09
86.56
82.82
90.55
79.08
88.45
86.14
87.41
86.44
88.34
78.72
88.24
86.17
82.09
82.15
86.33
83.54
85.20
82.18
83.44
88.22
87.51
88.25
88.34
82.27
84.79
80.22
86.80
86.11
78.81
88.55
81.76
82.85
86.16
85.57
83.85
87.32
80.78
80.10
85.62
85.03
89.08
76.12
85.19
88.29
87.13
77.96
85.27
88.66
82.78
87.40
86.69
85.31
84.97
85.58
84.68
82.08
82.75
80.40
86.88
84.75
83.25
87.44
87.26
88.28
89.13
86.46
88.46
86.79
83.56
83.71
85.15
76.49
84.01
82.67
81.81
88.06
88.31
87.05
88.00
87.64
88.13
87.84
83.99
82.83
85.40
87.60
84.16
80.10
83.33
87.40
85.78
87.39
85.42
82.23
80.47
87.01
87.47
83.59
87.43
86.91
81.27
83.82
85.27
84.78
82.28
89.30
82.34
83.35
88.04
82.06
89.05
83.24
86.97
83.21
75.74
84.17
76.45
88.71
86.04
79.96
82.05
84.31
86.94
86.85
85.32
82.47
83.18
85.39
85.48
86.45
87.62
88.44
85.83
86.60
87.15
84.15
85.18
84.02
86.64
84.39
89.11
88.08
83.35
85.99
85.95
83.90
77.52
85.54
88.90
85.77
82.93
87.78
78.97
88.83
87.33
80.38
88.28
83.62
81.74
87.67
79.01
84.12
83.71
89.68
88.61
83.44
79.57
87.58
87.91
84.79
87.17
81.73
87.74
86.39
87.78
85.93
81.73
83.13
81.88
89.42
86.76
85.27
81.41
86.41
85.02
79.79
79.46
83.52
85.29
83.93
85.53
81.53
87.57
82.82
88.43
87.53
88.20
81.52
80.22
85.65
86.58
86.88
88.79
89.13
83.72
80.86
82.72
84.00
88.81
88.21
88.21
87.75
85.92
83.65
