97.22
96.97
97.68
97.48
97.39
97.53
96.98
97.40
96.96
97.94
97.15
97.64
97.72
96.17
97.30
97.43
97.42
96.73
97.50
97.39
97.69
97.44
96.98
97.44
97.24
97.33
97.24
97.42
97.06
97.22
97.11
96.87
97.13
97.57
97.04
97.59
96.49
97.42
97.06
97.12
97.33
97.73
96.66
97.52
97.48
96.79
96.95
97.40
96.94
97.40
97.65
97.52
96.63
96.75
97.41
97.46
97.29
97.59
96.95
97.10
97.12
97.45
97.24
96.81
96.58
97.59
97.18
97.78
97.12
97.31
97.57
96.65
97.06
97.52
97.68
97.02
96.30
97.26
97.43
97.12
96.82
96.80
96.13
97.41
96.81
97.48
96.51
97.39
96.93
97.63
97.36
96.69
97.03
97.33
97.50
96.77
97.72
97.14
97.37
97.25
97.45
97.12
97.14
97.56
97.37
97.08
97.33
97.44
97.47
97.23
97.07
97.69
97.22
97.63
97.51
97.66
97.60
97.14
97.19
96.96
97.72
96.31
96.34
97.15
97.56
97.12
98.01
97.46
97.52
96.82
97.50
97.24
97.62
97.36
97.47
97.32
96.99
97.46
96.43
97.13
97.35
97.45
97.40
96.72
97.36
97.41
97.13
97.29
97.27
97.37
96.88
97.75
97.16
96.79
96.52
97.48
96.87
97.27
96.98
97.31
97.64
97.26
97.70
97.43
96.45
96.96
97.55
97.55
97.33
96.45
97.29
97.30
97.29
97.24
97.52
97.60
97.56
97.73
97.41
97.71
97.30
97.12
97.46
97.52
97.23
96.98
97.14
96.69
97.67
97.31
97.20
97.02
97.46
97.00
97.50
97.44
97.56
97.20
97.23
97.31
96.81
96.73
96.91
97.25
96.92
97.19
96.69
97.51
97.39
96.64
95.83
97.48
97.31
97.29
97.18
97.27
97.58
97.31
97.24
96.88
97.13
96.54
97.70
97.85
97.46
96.92
97.55
96.84
97.50
97.55
96.73
97.40
96.02
96.85
97.27
98.06
96.98
97.18
97.68
97.11
96.82
97.16
97.46
97.53
97.07
95.39
96.50
97.21
97.31
97.17
96.98
96.95
96.45
97.54
96.70
97.47
97.23
97.34
97.22
97.44
97.27
97.30
97.42
97.41
96.70
97.75
96.12
96.41
97.23
97.62
96.82
96.81
97.63
96.90
97.19
97.40
96.97
97.16
97.53
97.05
97.80
97.05
97.21
97.44
97.69
96.60
97.70
97.25
97.29
96.99
97.56
97.50
95.91
96.43
96.78
97.12
97.42
97.27
97.11
96.93
97.53
97.46
97.70
97.59
96.20
97.69
97.59
96.93
97.71
97.55
97.62
97.43
97.43
97.42
97.47
96.97
97.48
97.70
97.22
97.37
96.98
97.66
97.54
96.94
96.91
96.91
97.48
96.87
97.27
97.46
95.22
97.09
96.33
96.90
97.38
97.27
97.19
96.77
97.48
97.47
97.10
97.61
97.45
97.20
97.71
97.25
97.41
96.93
97.86
97.16
97.48
96.93
97.19
97.08
96.23
97.47
97.41
97.42
96.27
96.53
97.45
96.92
97.52
97.42
97.36
97.14
96.30
97.02
96.86
96.11
97.73
97.38
97.66
97.29
96.78
96.27
97.46
97.59
96.23
96.90
97.67
97.81
97.64
97.38
97.64
96.64
96.96
96.82
97.30
97.58
97.79
97.28
97.20
97.19
96.71
97.43
96.92
97.56
97.17
97.43
97.42
96.51
97.66
97.68
97.51
97.05
97.39
97.46
97.45
96.50
97.73
96.97
97.45
97.80
97.62
97.22
97.32
97.64
97.29
96.94
96.21
97.79
97.10
96.98
97.16
97.60
97.33
97.43
97.72
97.42
97.25
97.41
97.75
96.78
96.95
97.56
97.59
96.70
97.27
97.22
96.35
97.33
97.46
96.46
97.31
96.66
97.18
96.58
96.81
96.99
97.50
97.56
97.30
97.12
97.30
97.45
96.99
97.21
97.18
97.29
97.73
97.02
96.98
97.14
96.94
97.43
97.66
96.86
97.48
96.92
97.06
96.91
95.75
97.30
97.02
97.42
97.47
97.01
97.68
96.50
97.49
97.01
96.67
96.88
97.73
97.04
97.40
97.51
96.82
97.57
96.97
97.48
97.24
97.50
97.23
97.32
95.91
94.41
97.37
97.24
97.14
97.46
97.08
97.61
97.51
97.01
97.30
97.32
97.48
96.93
97.32
97.36
97.62
97.13
97.03
97.07
94.25
97.38
96.53
96.99
97.66
97.35
97.21
97.47
97.56
97.07
97.58
97.03
97.20
97.56
97.05
97.42
97.54
97.42
96.43
96.43
96.73
97.42
97.32
97.52
97.39
97.77
97.18
97.49
96.98
97.40
97.41
96.70
97.10
96.71
97.10
97.69
97.52
97.52
97.40
97.58
97.24
96.73
97.53
97.26
97.37
97.54
97.35
97.07
97.32
97.37
96.99
96.46
97.19
97.35
95.83
97.18
97.27
97.50
97.52
96.99
96.67
96.56
97.56
97.39
97.35
96.91
95.82
97.31
97.42
97.54
97.12
96.55
97.42
97.44
97.63
97.48
97.29
97.19
97.29
96.80
97.78
96.74
96.98
97.35
97.46
96.94
97.25
97.59
97.19
97.57
97.38
97.15
96.44
97.63
97.13
97.07
97.08
97.40
96.96
97.11
96.95
96.50
97.74
97.38
96.95
97.53
97.48
97.39
96.96
97.58
97.11
97.42
97.61
96.69
97.79
97.15
97.20
97.06
97.27
95.68
96.98
97.03
96.97
97.87
97.54
96.40
97.38
96.90
97.08
96.89
97.35
96.77
95.88
97.06
97.69
96.89
97.65
96.91
97.54
97.43
96.02
97.26
97.80
97.66
96.59
96.46
97.13
97.74
96.24
95.70
97.17
97.62
96.70
97.46
97.02
97.59
96.70
97.65
97.61
97.19
96.87
97.10
97.59
97.18
97.69
97.59
95.93
97.49
95.71
97.42
97.42
96.88
97.42
97.41
97.40
97.59
97.31
97.08
97.38
97.05
97.26
96.75
97.48
97.31
97.49
97.24
97.26
96.80
96.96
96.76
96.96
97.49
97.82
96.51
97.19
97.52
97.37
97.28
97.12
97.56
96.78
97.16
97.10
97.16
95.90
97.60
97.61
96.85
96.97
97.56
97.74
97.56
97.37
96.95
97.09
97.39
97.90
97.44
97.36
97.55
96.97
97.21
97.20
96.79
97.21
97.68
96.81
97.06
97.50
97.12
97.34
97.71
96.16
97.34
96.59
97.36
97.01
97.25
97.29
97.47
97.33
97.18
97.00
97.86
97.48
97.36
97.50
96.72
96.75
96.70
97.62
97.47
96.85
97.19
96.89
97.46
97.34
97.28
97.54
97.69
97.43
97.09
97.23
96.51
97.07
97.49
97.31
97.52
95.93
96.79
97.21
97.85
97.52
97.19
96.28
97.27
97.15
95.80
97.49
97.80
95.98
97.35
97.28
97.57
97.03
97.17
96.57
97.31
97.38
96.84
97.41
97.07
97.05
97.62
96.07
97.00
97.94
97.27
96.42
97.00
97.43
97.51
96.97
97.33
97.74
97.35
97.77
97.41
97.03
97.63
97.25
97.16
96.98
97.61
97.11
96.94
97.43
96.22
97.63
97.56
97.39
97.54
97.43
97.47
97.29
97.51
97.70
96.79
96.97
96.43
96.19
97.28
97.35
97.54
97.48
97.69
97.68
97.07
97.20
97.43
97.10
97.87
96.16
97.07
97.28
96.45
97.43
96.91
97.28
97.40
97.36
97.37
97.37
97.84
96.83
97.37
97.39
97.28
97.49
97.14
97.29
97.42
97.53
96.64
97.46
97.29
97.49
97.32
96.88
96.61
97.05
97.39
96.81
97.22
96.92
97.24
97.44
97.52
97.21
97.25
97.10
96.98
97.46
97.44
96.79
97.31
96.93
96.99
97.32
97.30
97.19
96.41
97.86
97.66
97.74
97.08
96.70
97.19
97.36
97.15
97.17
95.53
97.23
96.80
97.26
97.35
97.59
97.00
97.17
97.66
96.59
97.21
97.40
97.71
97.63
96.60
97.55
96.71
97.17
96.56
97.33
97.09
97.09
97.19
97.44
97.03
97.33
96.96
96.98
97.35
96.50
96.99
97.49
97.32
97.06
97.42
97.32
97.74
97.78
96.86
96.63
97.09
97.58
97.04
96.79
97.09
96.60
97.11
97.49
96.82
97.32
97.10
96.52
97.33
97.19
97.37
97.03
97.50
97.17
96.74
96.55
97.22
97.16
97.62
96.84
97.02
97.48
97.17
97.26
97.24
97.57
97.40
97.34
96.84
97.36
97.26
97.50
96.68
97.49
97.30
97.42
97.76
96.98
97.89
