94.60
95.40
93.19
94.46
92.78
94.35
93.04
94.39
93.54
91.94
94.17
93.97
94.77
92.48
94.49
94.07
93.62
93.65
94.51
94.30
90.57
94.72
94.96
90.53
93.92
95.50
91.41
94.01
94.19
91.11
93.04
94.85
94.20
93.27
93.39
93.11
92.85
92.01
92.38
92.05
94.09
94.22
93.73
94.59
92.61
93.21
90.92
93.94
92.52
92.24
91.96
92.98
94.36
89.69
93.53
93.93
90.81
94.08
94.99
93.15
95.49
94.26
93.88
94.13
91.85
93.72
87.02
94.76
96.24
91.61
94.49
94.27
93.71
92.39
93.70
91.52
91.84
94.39
92.22
93.49
92.91
95.69
93.74
93.57
88.35
94.35
93.97
93.45
91.12
95.20
95.53
93.20
94.31
93.22
92.15
93.19
92.74
94.10
93.92
93.91
93.17
93.99
94.38
94.09
93.82
92.12
94.90
94.57
93.81
95.04
94.58
94.71
92.68
92.66
94.07
94.16
94.18
94.15
93.84
94.62
93.87
94.12
92.97
95.40
95.19
93.62
94.42
91.63
94.60
93.89
94.30
92.77
93.01
93.61
93.57
94.01
94.69
92.01
90.28
93.52
94.69
92.28
94.35
93.19
95.02
91.98
93.59
93.38
92.93
92.40
93.13
92.85
94.41
95.14
92.73
92.63
94.06
95.19
93.66
93.35
93.66
94.12
93.68
93.47
94.10
95.47
92.23
93.40
93.89
94.01
91.52
92.85
91.35
91.59
92.27
93.56
93.50
94.11
94.62
94.84
91.53
95.19
93.93
93.70
94.27
93.80
94.67
94.31
94.00
93.62
92.00
91.11
93.56
92.98
93.24
94.43
94.69
92.71
91.82
90.54
93.91
94.38
91.57
94.40
95.18
94.00
94.72
89.84
92.41
92.38
92.25
93.28
92.76
92.58
94.92
93.64
94.28
93.39
91.21
95.17
92.57
92.51
93.85
94.78
94.67
93.83
94.29
92.56
91.52
92.87
93.69
94.55
95.49
93.40
91.98
93.88
92.27
90.64
94.17
94.64
88.31
92.48
94.58
94.56
93.09
93.94
93.11
93.63
91.89
93.59
94.20
94.78
95.12
88.67
94.65
93.07
94.03
95.07
93.63
92.96
92.43
94.71
92.62
93.13
95.08
94.08
92.04
95.00
94.47
93.03
94.21
93.54
92.05
90.67
91.26
93.74
94.80
92.73
94.39
93.58
94.45
93.64
93.30
93.22
94.90
93.40
94.72
94.44
95.13
92.40
95.44
93.66
94.07
93.75
94.83
93.75
94.15
89.46
95.08
93.73
91.05
93.65
94.62
91.84
92.12
94.89
94.68
94.40
94.78
92.41
94.98
94.21
91.46
93.30
93.87
90.59
93.80
92.72
91.46
90.97
95.65
94.58
94.23
94.74
92.36
93.51
93.96
95.18
94.64
92.53
94.41
94.82
92.23
93.78
92.57
94.65
91.45
93.71
91.67
94.49
94.32
94.99
94.10
94.48
95.13
93.81
92.84
89.22
94.33
92.83
93.99
92.14
94.68
94.45
93.93
93.74
92.16
91.91
94.49
91.46
91.03
91.52
94.56
94.57
92.95
93.59
94.60
94.30
93.99
95.44
93.15
92.38
93.56
93.93
94.43
90.87
93.09
89.70
92.07
93.39
92.02
91.85
93.13
92.81
94.63
95.92
94.16
94.60
93.05
93.44
91.02
95.14
93.09
93.50
93.88
93.87
92.44
93.49
95.24
93.43
93.18
94.20
94.07
93.54
94.35
94.25
92.71
94.97
93.29
95.37
90.38
93.56
94.64
93.21
92.34
94.44
94.26
93.61
95.17
94.14
93.30
93.35
95.39
95.41
94.61
95.34
92.85
92.76
93.42
90.79
93.25
94.20
92.51
93.94
92.71
94.89
93.78
95.83
94.59
94.88
93.24
91.47
93.96
94.68
89.33
93.84
94.38
95.50
93.86
88.35
92.71
94.89
95.57
93.46
94.65
93.16
95.32
93.73
91.52
94.32
95.25
93.84
93.11
94.06
93.99
93.53
91.01
93.65
92.91
94.54
94.02
92.83
93.48
94.04
91.65
95.13
94.12
93.96
93.36
95.12
92.87
94.29
94.46
92.86
93.88
92.83
93.18
87.94
91.69
94.47
91.24
93.40
89.95
93.67
93.31
93.88
93.21
92.04
92.79
94.73
94.37
93.26
94.63
94.88
93.66
93.20
92.95
93.29
94.13
95.36
95.47
95.15
94.81
94.47
92.22
94.07
93.63
93.15
92.61
94.22
94.83
93.19
95.11
94.57
94.42
94.18
94.50
93.54
85.67
94.83
94.04
94.34
94.16
92.57
94.65
93.48
93.60
94.55
94.74
95.23
95.23
93.27
94.83
91.30
94.34
95.05
94.02
93.46
94.14
94.78
93.64
94.65
90.04
95.08
94.64
94.34
89.83
92.17
92.83
94.21
94.33
95.63
91.72
90.73
87.91
92.74
92.85
93.12
93.88
92.03
94.83
92.66
92.11
91.60
93.44
92.31
94.67
92.87
92.04
93.68
94.02
92.13
94.03
94.83
93.70
89.09
92.37
92.79
94.27
93.22
91.78
93.31
92.98
94.21
93.70
94.24
93.19
95.44
92.01
94.33
92.12
93.90
93.42
95.07
93.38
93.73
92.34
91.10
94.39
93.57
94.25
91.95
94.30
93.86
94.24
94.74
93.77
93.59
91.19
94.87
94.28
94.28
93.61
92.59
92.37
95.22
91.60
94.93
94.57
91.36
94.25
93.51
91.46
92.00
94.77
95.01
86.50
95.23
94.28
95.21
95.45
94.90
94.69
94.06
93.25
91.31
94.04
91.65
95.67
95.36
94.76
92.90
93.86
92.23
95.48
93.94
94.70
92.80
94.01
94.89
92.36
93.47
94.21
91.32
95.22
93.81
94.80
93.42
94.08
94.12
93.32
94.85
90.54
95.00
92.49
90.72
93.07
93.60
93.99
93.99
90.86
91.69
92.60
93.11
93.27
94.11
94.11
94.90
91.58
93.64
95.48
94.26
94.62
90.96
94.02
94.68
90.63
94.29
95.22
94.22
88.96
94.63
93.86
95.02
90.72
94.76
93.18
90.07
94.16
95.13
91.50
95.07
93.32
94.31
91.07
94.84
93.16
94.64
94.86
89.80
94.24
93.80
91.07
91.83
94.06
92.62
94.18
95.20
94.16
95.36
94.13
94.93
91.23
94.40
94.27
93.45
95.12
94.76
94.59
93.54
94.50
93.10
91.72
91.74
91.94
93.06
93.41
93.72
93.09
91.48
92.57
94.41
95.39
94.40
95.29
94.32
94.62
91.61
93.89
94.82
93.10
93.52
94.67
94.07
93.01
94.47
94.05
93.48
94.21
92.89
93.51
93.66
94.34
91.61
94.24
90.70
94.68
95.29
94.18
91.29
94.85
94.76
92.04
94.41
95.06
92.12
94.15
94.52
93.94
90.78
95.35
95.07
92.85
94.18
91.86
92.80
94.71
94.94
93.71
94.06
95.70
94.31
94.50
92.91
92.25
94.22
89.37
94.58
92.38
94.66
94.63
91.10
94.66
93.67
94.56
93.45
93.83
94.44
95.30
93.77
93.51
94.92
94.81
94.63
95.19
94.00
93.00
93.59
93.44
94.32
93.24
95.12
91.31
92.82
94.22
93.99
93.13
95.35
93.09
94.73
94.99
93.63
93.12
94.08
93.42
92.61
92.06
93.50
92.92
94.87
93.88
91.26
94.33
94.78
92.64
93.14
91.64
94.96
93.97
93.20
91.85
93.50
94.11
95.51
93.11
94.33
91.46
93.83
93.11
94.28
94.40
90.56
93.55
91.73
95.27
95.43
95.23
93.11
92.51
94.50
92.18
92.65
89.19
92.22
92.17
93.37
91.45
91.89
94.51
92.60
91.22
91.11
93.68
91.76
92.83
93.98
86.83
94.76
90.50
95.03
94.30
92.95
94.05
94.32
93.17
95.05
95.19
93.68
94.21
90.84
94.90
91.01
94.08
94.39
93.77
95.12
95.23
93.85
92.71
94.83
91.66
93.16
92.83
94.21
94.06
89.99
94.20
93.28
93.76
94.67
93.08
94.05
94.35
92.38
94.82
93.20
94.25
91.58
93.00
95.15
94.79
95.29
94.00
93.87
92.76
94.48
92.94
93.98
94.21
93.79
94.46
94.15
92.28
95.01
93.98
93.86
93.83
93.05
94.97
94.72
93.19
95.43
94.29
94.26
93.95
93.68
91.37
95.06
95.08
93.75
91.22
95.07
91.68
89.72
90.02
93.98
94.51
92.36
93.65
93.58
93.51
93.10
93.12
88.06
93.44
92.76
94.28
94.15
91.14
93.93
94.81
93.05
93.70
92.28
94.33
93.32
94.49
92.92
94.26
93.97
