92.60
92.48
92.71
92.26
92.21
92.58
91.56
91.64
92.56
92.87
92.36
92.60
92.75
92.87
92.84
92.93
92.36
92.76
92.66
92.42
92.38
92.68
91.54
92.16
91.99
92.73
92.51
92.75
92.77
93.24
92.13
93.43
93.01
92.60
92.47
92.27
92.75
92.51
91.81
92.36
92.60
92.36
92.86
92.28
91.93
92.14
93.43
91.39
90.62
92.60
92.73
93.35
93.26
92.84
92.66
92.59
91.38
92.43
91.62
92.91
91.52
91.86
91.65
91.72
92.44
92.44
92.69
91.39
93.10
92.42
92.97
93.03
92.92
92.88
93.22
92.92
92.07
92.99
93.18
92.96
92.29
93.13
92.66
92.45
92.87
92.51
92.89
92.64
92.33
92.35
92.45
93.66
92.55
92.81
92.23
92.68
93.07
92.59
92.58
93.15
92.29
93.27
93.35
93.22
92.71
92.13
92.93
91.83
92.67
92.20
92.72
92.47
93.03
92.88
92.77
92.18
92.77
93.27
92.75
93.02
93.02
92.99
92.78
92.41
93.09
92.94
93.03
92.45
93.00
90.64
91.91
92.83
93.35
92.43
93.30
92.68
92.80
93.28
92.33
92.52
92.16
92.75
91.70
92.87
93.09
92.32
92.28
92.28
92.30
92.18
91.61
92.95
92.79
93.11
93.28
91.89
92.34
92.78
92.37
92.91
92.24
92.58
93.02
92.04
93.35
93.30
91.73
92.83
93.14
93.36
92.03
92.31
93.02
93.18
93.04
92.74
92.17
91.94
91.85
91.95
92.15
92.39
92.61
92.71
92.15
93.28
92.02
92.03
92.89
92.64
93.66
92.30
92.70
91.48
92.19
93.24
93.14
92.76
92.20
93.07
92.38
92.40
92.84
93.07
92.15
92.55
92.45
91.87
91.91
92.49
92.84
91.77
93.25
92.59
92.21
93.21
92.05
92.40
93.41
92.79
91.86
92.51
92.80
92.16
92.89
92.88
91.80
93.01
92.34
92.15
92.73
92.92
93.29
92.85
92.60
92.05
92.79
92.35
91.90
93.03
92.71
92.09
93.18
92.97
92.65
91.72
93.30
92.62
92.14
93.04
92.76
92.39
92.00
93.46
92.77
91.45
92.34
92.89
91.85
91.45
92.44
91.97
92.41
93.25
93.04
92.58
93.02
92.63
92.78
91.08
92.38
92.51
92.29
92.93
92.23
92.12
91.91
92.39
92.93
92.59
92.93
91.91
92.44
91.48
92.64
93.24
93.27
92.97
92.80
92.09
92.57
92.30
92.49
91.86
92.16
92.80
93.29
92.99
92.03
93.06
91.97
92.50
92.69
92.14
92.65
92.69
92.54
92.35
91.98
92.60
93.04
93.16
92.97
92.45
92.87
92.24
92.60
92.83
92.15
91.64
92.17
92.47
92.25
92.44
93.04
92.95
93.09
92.48
93.05
91.68
92.36
92.38
92.12
91.95
92.86
92.57
92.82
93.11
93.06
93.24
93.46
91.52
92.04
93.20
93.24
93.29
93.32
92.21
91.67
93.27
92.69
90.48
92.64
92.72
93.12
92.08
90.68
92.80
92.67
90.88
92.70
92.36
91.18
92.72
92.95
92.41
93.22
91.96
92.89
92.71
92.62
92.17
92.32
91.50
92.51
92.81
92.75
92.69
92.57
92.10
91.96
92.56
92.72
92.86
93.29
91.58
93.45
91.68
92.47
92.56
93.32
92.88
93.08
92.32
93.07
92.95
92.39
93.09
91.13
93.06
92.63
92.07
92.06
93.08
92.42
93.23
93.07
91.86
92.59
92.04
92.69
92.02
93.49
92.59
93.08
92.94
92.56
92.87
93.11
92.08
91.97
93.32
92.84
92.30
92.07
92.40
92.49
92.77
92.73
93.06
92.49
93.51
92.13
92.51
92.39
92.83
92.66
93.00
91.95
92.63
92.49
92.35
92.13
92.74
92.50
92.40
93.01
93.04
92.55
92.93
92.34
92.24
92.99
92.45
92.54
92.28
92.30
91.49
92.48
92.22
92.11
92.38
93.51
91.79
92.77
92.68
92.97
92.52
92.91
92.55
92.37
92.70
92.36
92.70
92.16
91.61
92.91
92.55
92.30
92.25
92.87
92.59
92.95
92.12
93.03
92.26
92.96
91.99
92.18
92.89
92.50
92.73
91.76
91.73
92.98
91.80
93.18
91.92
92.33
92.54
92.55
92.33
92.18
92.12
92.29
93.03
92.63
92.61
92.08
91.55
92.45
91.29
92.84
91.98
92.93
92.31
92.78
92.95
91.27
93.26
92.05
92.78
93.09
93.02
92.88
91.18
92.70
92.79
92.20
92.75
92.55
93.15
92.21
92.45
93.56
91.85
93.24
92.29
91.44
93.25
90.81
92.55
92.20
92.79
92.30
92.80
92.73
93.55
91.85
93.07
92.62
93.06
92.24
92.82
92.66
93.00
92.11
91.42
92.61
91.82
92.96
92.26
92.76
91.86
93.24
92.63
92.56
92.67
92.63
92.36
92.89
92.27
92.53
92.16
92.33
92.76
93.21
92.51
91.36
91.79
91.48
91.98
93.20
92.99
92.39
92.85
93.25
92.54
93.10
92.44
93.67
92.64
92.29
93.13
92.18
93.13
92.92
92.78
92.68
91.71
92.72
92.49
93.14
92.53
92.10
92.95
92.95
91.49
92.53
92.50
92.24
92.96
92.71
93.04
92.27
92.14
91.51
93.04
92.30
91.48
91.58
93.02
92.48
92.38
92.88
92.78
93.18
92.06
92.73
92.82
92.65
92.28
92.89
92.60
92.37
92.90
92.05
92.08
92.63
93.43
92.83
92.61
92.76
92.76
90.83
92.98
92.17
92.78
92.83
93.13
92.62
92.49
92.71
91.30
93.05
92.67
92.23
92.64
93.30
92.56
93.21
93.22
92.59
92.78
93.03
92.84
92.22
92.77
91.48
92.68
92.92
92.28
92.37
93.16
92.65
91.26
92.45
92.64
92.72
92.60
92.57
92.34
91.63
92.27
92.63
93.42
93.10
93.28
91.01
93.09
92.68
93.29
92.10
92.80
93.01
92.79
93.07
92.44
92.93
92.59
92.83
90.59
92.06
92.85
92.58
92.69
93.13
93.35
92.09
93.30
92.19
92.72
93.16
92.82
92.30
92.29
92.47
93.15
92.26
93.07
91.34
92.46
92.39
93.25
91.46
92.30
92.95
92.56
92.81
92.57
92.33
91.51
92.68
92.91
92.92
92.50
92.33
91.91
92.80
91.99
91.80
93.27
92.94
92.54
91.60
92.46
91.13
92.36
92.69
93.30
92.46
92.10
92.51
92.85
91.51
92.66
92.45
92.49
92.78
93.19
92.80
92.01
92.40
92.63
92.51
92.85
93.14
91.43
93.55
93.20
92.20
90.86
92.59
91.82
93.11
92.08
92.97
92.91
92.59
91.85
92.94
93.04
93.37
93.13
92.58
91.84
92.63
92.76
93.05
92.07
92.88
92.64
91.37
91.81
92.58
92.39
92.34
92.75
93.28
93.65
93.22
92.97
92.08
93.05
92.97
92.89
92.27
92.72
91.93
92.99
92.74
93.09
92.12
92.26
92.83
90.87
92.39
92.71
91.89
93.55
92.97
92.11
92.81
92.49
92.37
92.88
92.81
92.09
90.80
92.94
93.48
91.50
92.62
92.57
91.70
92.42
92.21
92.15
93.05
91.92
92.95
92.09
92.61
92.59
92.15
92.39
92.00
92.65
91.51
92.60
93.34
92.23
92.41
91.78
93.16
91.89
91.79
92.34
92.18
92.32
93.73
92.33
93.44
93.07
92.58
91.97
92.37
92.11
92.76
92.64
93.22
92.88
92.35
93.35
92.87
92.31
92.31
93.08
93.39
92.80
93.03
93.20
92.99
91.84
92.68
92.78
93.05
92.67
93.16
93.37
92.01
91.76
93.27
92.72
92.90
92.65
92.65
92.65
91.72
92.00
92.51
92.84
92.05
92.95
93.09
91.93
92.26
92.41
92.81
91.58
92.72
92.16
92.72
92.81
93.35
92.07
92.56
93.03
93.45
92.28
92.74
92.50
92.51
91.94
92.23
93.20
91.76
93.03
91.82
92.17
91.58
92.71
92.36
93.40
92.97
92.95
92.34
92.47
92.08
92.41
92.45
93.14
93.19
93.52
93.07
92.84
92.60
91.30
91.34
91.94
92.71
91.45
93.23
93.25
92.86
92.65
93.18
93.01
93.11
92.95
91.51
92.45
92.82
92.10
92.09
92.66
92.94
93.37
93.19
93.30
92.39
92.77
92.64
92.08
93.19
92.44
92.61
92.26
92.74
93.46
92.04
91.97
91.91
93.06
92.86
92.54
91.90
92.66
93.27
92.85
92.38
93.14
92.84
92.34
92.97
92.12
92.72
93.00
91.18
93.29
