94.55
93.65
94.60
96.38
94.89
93.79
93.46
95.15
94.25
93.14
94.60
92.93
94.32
95.17
91.09
94.99
94.83
90.83
95.38
93.64
94.62
94.83
94.36
94.78
94.65
95.16
94.78
94.10
92.05
95.27
95.79
94.61
92.42
93.69
94.53
95.43
95.23
90.94
93.59
92.63
93.04
95.72
93.08
95.23
94.47
93.61
91.47
93.98
92.74
94.51
95.07
93.82
93.99
93.79
95.71
95.00
94.20
93.76
95.96
93.16
93.73
92.48
94.93
95.17
95.81
94.78
93.49
91.95
93.18
94.42
95.16
94.14
91.13
95.62
95.30
92.15
94.37
92.26
94.82
94.59
95.22
94.06
93.00
95.59
94.92
92.89
94.24
93.60
94.28
94.07
93.47
93.96
95.22
94.52
94.83
94.94
93.84
95.04
94.64
93.34
94.45
93.40
93.18
94.09
94.48
94.19
94.02
95.10
92.88
94.64
94.40
94.23
93.45
94.24
93.56
95.05
93.24
93.38
94.36
93.91
93.31
94.16
91.62
93.47
94.16
93.23
95.39
94.19
93.85
95.14
94.09
93.55
92.92
94.24
94.38
94.56
93.94
95.40
94.72
93.91
94.78
94.62
90.57
94.30
94.05
94.99
95.24
93.96
91.88
94.59
93.15
95.30
94.83
95.36
94.36
92.55
88.68
93.03
93.49
94.36
94.42
94.46
93.48
93.65
95.64
90.52
93.10
92.94
94.54
95.78
94.40
94.90
95.72
93.70
93.16
93.70
94.07
91.93
93.14
95.22
91.93
91.55
93.65
94.39
92.50
94.34
93.95
93.93
94.67
92.59
93.98
94.31
96.28
94.00
94.79
93.02
94.48
91.57
94.98
94.18
91.66
93.72
94.69
95.05
89.74
94.43
93.13
93.40
94.36
95.14
95.93
94.22
94.55
94.25
93.66
93.27
95.19
94.70
95.45
94.69
94.23
94.91
95.63
92.54
95.68
93.73
95.36
94.27
94.34
95.02
95.42
95.46
93.22
94.92
94.92
95.33
94.68
93.66
95.08
92.34
93.82
95.44
89.02
92.80
93.28
95.52
95.57
94.89
90.38
94.12
94.77
91.78
92.90
91.97
91.50
92.71
92.71
95.08
91.13
94.53
94.07
94.12
91.35
93.86
94.07
92.83
95.73
93.33
94.03
93.85
95.00
95.58
94.75
93.44
94.78
95.18
89.94
92.91
93.88
94.14
94.39
94.37
94.23
95.22
93.76
91.64
94.62
93.72
93.25
94.57
91.13
85.31
92.12
93.93
94.52
93.66
92.59
90.83
94.36
94.37
95.78
93.94
94.84
94.15
94.68
93.89
94.28
94.10
95.43
95.70
94.57
94.22
93.95
94.27
94.36
94.32
95.40
93.91
91.96
95.73
93.81
94.57
94.64
92.15
94.21
94.22
93.94
94.23
95.17
93.33
93.53
93.51
94.10
90.47
92.98
95.09
94.69
94.62
93.43
95.17
95.05
95.69
93.96
95.39
93.90
95.65
93.86
94.70
94.18
94.54
93.41
93.20
94.02
94.28
95.35
94.00
92.43
94.95
94.38
93.73
94.98
93.47
93.11
94.99
95.31
93.32
93.07
94.32
92.36
91.39
92.27
95.49
95.44
95.22
93.54
92.84
95.08
92.08
91.53
93.77
93.96
94.22
94.34
93.80
94.73
93.30
92.17
93.13
94.09
95.23
93.53
93.31
94.37
94.04
93.10
93.05
94.25
93.93
91.67
94.21
95.70
93.11
94.71
93.91
95.11
94.12
93.00
93.52
95.66
93.97
95.44
91.89
95.26
93.89
95.73
96.06
95.71
95.54
93.93
94.99
94.53
95.00
93.04
95.04
94.68
94.60
95.38
95.39
95.00
93.51
96.09
94.02
95.52
93.59
94.50
94.02
94.49
96.06
95.36
90.03
93.26
94.33
94.21
93.69
93.40
94.70
94.29
92.86
94.30
94.98
94.68
93.58
95.29
89.92
94.91
93.41
93.70
94.87
93.82
94.45
94.73
96.20
94.54
94.50
92.40
94.00
95.50
93.59
95.18
92.91
93.79
92.69
93.94
91.98
93.73
95.00
92.78
93.06
94.54
93.09
94.54
95.73
95.59
93.85
92.25
92.91
92.39
93.26
95.36
95.61
90.74
94.26
90.90
93.78
93.08
93.07
94.66
95.40
91.52
93.23
95.74
95.17
90.84
93.26
92.15
95.72
95.31
94.41
93.78
94.02
93.46
93.85
94.34
94.97
93.73
92.09
94.12
95.47
94.73
94.58
90.41
92.33
94.57
93.36
93.90
92.83
94.11
95.28
93.96
93.99
93.70
93.64
95.42
90.43
94.58
94.30
94.58
95.54
96.05
94.93
94.61
94.30
95.01
94.26
93.55
93.70
94.79
94.72
94.15
94.73
93.12
94.74
95.10
94.81
94.38
92.77
94.09
94.94
94.85
94.81
95.85
92.36
95.36
92.31
94.92
93.40
94.00
95.44
93.49
95.46
92.24
92.11
94.44
94.36
93.38
95.26
94.81
94.41
91.42
93.07
92.71
94.15
93.48
94.04
94.03
92.83
94.79
95.19
93.88
92.36
92.10
92.03
95.92
94.59
94.53
93.48
95.52
91.70
93.48
92.77
93.65
92.39
94.93
94.10
95.37
94.34
95.12
92.32
94.10
94.89
94.80
89.72
94.51
94.07
93.58
93.99
94.01
94.43
93.65
94.10
92.73
94.06
89.64
94.61
94.88
92.89
94.17
92.54
95.20
93.82
94.32
95.07
94.99
94.58
94.62
94.52
92.54
94.20
94.16
95.07
94.04
94.33
91.31
94.86
93.51
93.97
94.69
95.22
93.93
94.56
92.37
92.35
94.10
95.31
94.84
93.98
94.12
95.10
91.34
94.59
95.23
92.97
94.06
93.80
93.70
94.85
93.21
95.23
94.52
94.88
95.43
94.66
93.46
94.61
91.25
92.66
94.01
93.05
93.42
87.61
90.82
94.86
94.99
94.64
94.23
96.40
88.61
95.15
92.30
92.32
93.09
95.75
94.78
95.39
94.93
93.91
94.36
95.32
92.35
93.33
95.01
94.75
92.59
95.58
91.33
95.01
94.91
94.74
94.06
91.97
94.31
95.78
93.48
94.29
94.70
92.34
94.64
95.73
92.81
94.26
95.78
92.76
92.71
92.20
94.90
95.73
95.10
94.06
93.76
94.48
94.72
95.01
94.00
93.92
93.99
94.45
93.88
94.16
94.83
93.82
91.52
93.25
94.37
93.21
94.57
94.72
94.35
95.10
94.57
91.03
93.67
93.22
93.34
93.44
94.71
94.96
94.51
94.91
88.76
94.58
92.11
94.18
94.31
94.22
89.45
93.88
92.95
93.72
93.28
94.67
93.04
94.10
94.93
92.21
93.99
94.38
91.12
91.78
91.49
94.67
95.00
92.37
94.02
94.79
94.94
95.99
94.74
92.66
94.34
95.45
94.70
95.18
95.02
93.58
93.55
95.02
93.71
92.69
92.19
95.07
94.32
94.23
93.63
95.63
93.93
93.78
92.68
93.98
95.32
93.78
93.44
93.46
95.49
94.56
94.72
94.61
92.39
94.46
94.45
94.49
95.29
94.98
93.44
94.74
93.27
94.61
93.80
94.35
94.09
94.54
94.71
95.57
95.67
94.13
93.08
95.20
92.89
94.71
94.20
93.88
94.24
93.58
94.58
93.19
94.70
92.40
95.40
95.26
94.90
94.94
95.17
91.58
89.29
93.68
93.92
93.83
92.67
94.34
95.04
95.52
94.56
93.06
92.63
94.23
95.03
94.37
94.23
94.79
92.87
92.78
94.94
92.44
92.89
93.10
94.42
95.32
94.54
94.32
96.11
93.52
95.34
92.38
94.86
95.20
94.00
94.92
94.14
95.97
94.98
95.40
93.98
91.63
94.08
92.95
93.95
93.08
93.38
94.61
95.35
95.59
94.21
91.46
94.81
92.94
94.13
92.92
93.59
93.60
91.69
94.90
95.28
92.25
94.70
95.50
94.76
95.05
92.38
93.84
94.42
94.84
95.10
94.07
94.35
95.89
94.83
94.85
91.23
93.07
94.40
94.41
90.27
94.12
93.76
95.46
93.76
93.62
94.66
94.01
93.69
93.49
92.35
94.92
94.61
94.60
94.85
95.86
93.17
94.81
95.23
95.80
95.73
94.19
95.50
94.91
94.46
95.45
95.15
95.05
93.77
94.99
92.25
95.12
93.98
93.41
89.19
94.60
93.46
93.83
94.78
93.67
89.23
94.48
95.13
95.70
93.27
91.47
94.89
95.25
91.90
94.33
95.34
94.56
94.31
94.35
95.63
95.63
94.13
94.26
94.92
94.44
95.19
94.64
95.54
89.45
92.03
94.05
93.44
94.31
94.87
92.19
