96.85
96.74
97.14
97.14
96.82
96.79
96.90
97.05
96.78
97.04
97.16
97.02
97.41
96.81
96.31
97.25
97.33
97.18
97.12
96.66
97.18
96.87
96.49
97.49
97.08
96.76
96.96
97.37
97.28
97.41
97.11
96.48
97.04
96.71
96.55
97.01
96.29
97.17
97.32
97.00
96.92
96.39
96.48
96.53
97.16
97.29
97.30
96.77
97.01
96.90
96.89
96.94
97.27
96.64
96.82
97.04
96.87
97.11
97.08
95.98
97.19
97.48
97.29
97.23
97.03
96.46
97.26
96.81
96.79
96.63
97.01
97.20
96.83
97.41
96.82
97.06
96.97
96.60
97.17
96.80
96.78
96.97
97.11
96.80
97.24
97.13
96.53
96.73
97.15
97.50
97.13
97.11
97.11
97.31
96.88
96.67
97.00
96.91
96.55
97.28
96.49
96.38
96.97
97.12
97.16
96.72
96.77
96.75
97.30
97.23
96.99
97.21
97.28
96.75
97.26
97.12
96.80
96.94
97.22
96.89
96.76
96.89
97.02
96.70
96.86
97.29
97.08
97.40
96.24
96.74
96.57
97.14
97.58
97.02
97.19
96.85
96.65
97.09
97.55
97.27
96.93
96.68
97.13
97.04
96.67
97.04
96.56
97.03
97.37
96.87
96.72
97.01
97.15
97.12
96.86
96.84
96.93
97.33
96.79
97.36
96.93
97.27
96.92
97.13
96.69
96.59
96.53
96.64
97.04
97.18
97.06
96.83
97.42
97.49
97.26
96.56
97.00
96.53
97.00
97.20
96.92
96.92
96.66
96.68
97.31
96.97
96.77
97.19
96.77
97.17
96.04
96.37
97.24
96.89
97.36
96.98
96.86
97.24
97.04
97.05
97.10
97.24
97.04
96.77
97.20
96.41
96.75
97.29
96.85
96.90
97.10
97.03
96.62
96.58
97.14
97.47
96.65
95.90
96.95
96.91
96.78
96.97
96.63
96.72
96.95
97.26
97.41
96.71
96.87
96.56
96.92
96.68
96.83
96.76
97.47
97.12
97.29
97.00
96.29
96.79
96.88
96.70
96.87
96.39
97.01
97.58
96.98
97.03
97.37
96.92
96.81
97.14
97.19
97.16
96.72
96.91
96.53
97.07
96.73
97.06
97.21
97.13
97.50
96.91
96.92
96.46
97.38
97.13
97.12
96.53
96.89
96.86
96.98
96.97
97.20
96.50
97.07
97.16
97.02
96.71
97.02
97.03
96.64
97.44
97.04
96.65
97.23
96.77
97.56
96.52
96.43
96.78
97.23
96.99
95.97
97.04
96.74
97.19
97.27
96.88
96.91
97.17
96.99
96.49
96.35
97.13
97.07
96.57
96.78
96.96
96.80
96.95
97.33
97.37
96.79
96.81
96.53
96.60
96.79
96.46
96.92
97.15
97.24
97.02
96.39
95.89
96.78
96.83
96.85
96.63
97.29
96.44
96.60
96.97
96.28
97.00
97.04
97.11
97.23
96.88
97.28
96.68
96.95
97.10
96.83
96.66
97.51
96.68
97.16
97.22
97.05
96.93
97.01
96.99
96.75
96.98
97.03
96.56
97.12
96.41
96.78
97.39
96.92
97.07
96.86
97.33
96.37
96.83
96.92
96.93
97.24
97.01
96.79
96.93
96.83
97.32
96.96
96.86
97.25
97.15
96.90
97.37
97.16
96.83
97.29
96.96
97.01
96.61
96.98
97.56
97.19
96.87
96.37
97.31
96.46
96.96
97.01
96.75
96.90
95.71
96.99
96.56
96.87
97.04
96.51
96.99
96.56
95.93
97.08
97.10
96.70
96.48
97.22
96.87
97.17
96.65
97.25
97.01
96.82
96.99
96.84
97.05
96.83
97.00
96.98
97.05
96.79
97.68
97.57
97.01
96.61
96.78
97.09
97.08
96.97
97.38
96.57
96.60
96.90
96.66
97.01
96.99
97.07
97.49
97.07
97.16
96.61
96.55
97.09
96.81
96.86
97.08
96.38
97.18
96.89
97.19
96.50
97.12
97.07
96.81
96.35
96.62
97.03
96.87
96.68
96.32
96.66
97.28
97.33
97.18
96.91
96.86
97.10
97.20
97.08
97.18
97.15
96.77
96.81
96.63
96.94
97.25
97.18
96.92
96.76
96.97
97.20
96.92
96.99
97.07
97.40
97.25
97.39
97.39
97.14
96.97
96.82
96.87
97.00
96.90
95.43
97.08
96.63
95.85
97.17
96.75
97.07
96.78
96.91
97.45
97.23
96.99
96.80
96.88
96.98
97.19
96.20
97.11
97.08
97.13
96.88
96.92
96.32
96.73
96.43
96.85
96.73
97.20
97.04
97.05
97.19
97.21
97.10
96.98
96.89
96.78
97.11
96.81
96.90
97.15
96.87
96.87
97.15
96.90
96.94
96.65
97.25
97.07
96.60
96.94
96.82
97.02
97.02
96.39
96.53
96.19
97.29
96.54
97.34
96.98
97.16
96.86
97.51
97.00
97.27
97.04
97.11
97.19
96.98
97.16
96.85
96.99
97.08
97.44
97.13
97.32
96.88
96.63
96.75
97.29
96.98
96.89
96.29
96.73
97.28
96.86
96.52
97.28
95.24
96.89
97.29
96.93
97.25
96.95
97.06
96.93
97.17
97.21
96.19
97.40
96.13
97.19
96.39
96.74
96.96
95.20
97.22
97.49
96.67
97.55
96.55
96.90
97.15
97.18
96.43
96.59
96.87
95.99
97.19
97.22
96.65
97.13
96.99
96.23
96.96
96.49
97.01
96.75
96.83
96.98
96.76
97.44
96.92
96.93
97.36
97.04
96.91
96.72
97.18
97.10
96.93
96.47
97.24
96.59
96.43
96.97
96.47
97.31
96.40
97.26
97.08
96.69
97.14
97.20
96.84
97.25
96.76
97.18
96.76
97.01
97.07
96.56
96.88
96.78
96.94
97.02
96.51
96.51
97.03
97.27
96.68
96.58
97.17
97.08
97.06
97.14
96.54
97.19
96.62
96.97
97.02
96.71
96.89
97.10
97.35
96.68
96.42
96.60
96.78
97.22
97.33
96.81
96.79
96.68
96.93
97.01
97.04
96.80
96.45
96.90
96.84
97.00
97.21
95.12
97.18
96.80
96.95
97.07
96.73
97.25
96.83
96.75
97.35
96.51
97.53
96.77
97.13
96.59
96.86
96.53
97.06
97.36
96.60
97.04
96.94
93.64
96.91
96.85
96.75
96.76
97.07
96.70
96.99
96.93
97.22
97.14
96.45
97.08
97.03
97.01
96.93
97.02
97.10
97.19
96.03
96.99
96.97
96.90
97.03
97.45
96.97
96.32
96.99
96.87
97.08
96.96
96.79
97.01
97.19
96.02
96.88
97.21
97.35
97.16
97.34
96.82
97.42
96.99
96.81
97.35
96.78
96.61
96.70
97.01
96.91
96.71
96.99
96.45
97.02
96.80
96.59
97.00
97.33
96.36
97.11
96.41
96.96
97.21
97.08
97.00
96.85
97.10
96.71
96.71
96.75
96.70
97.23
96.95
97.15
96.39
97.06
96.97
97.33
96.83
96.95
96.10
97.15
96.99
97.38
97.28
96.14
97.38
96.66
96.80
97.11
96.88
97.10
96.98
97.30
96.55
97.40
96.65
97.23
96.89
96.86
96.82
97.39
96.93
97.03
96.87
96.75
97.31
97.37
96.82
96.56
97.33
96.53
96.59
96.91
96.99
97.20
97.01
96.83
96.70
96.88
96.45
96.82
97.32
97.06
96.90
96.39
96.91
97.03
97.18
97.24
96.65
96.47
96.96
96.90
96.70
97.02
96.96
97.03
96.85
97.07
96.67
96.56
96.89
96.55
97.06
96.80
96.63
97.23
96.78
96.90
96.45
97.09
96.90
96.87
96.82
96.77
97.02
97.08
97.23
97.07
96.40
96.88
96.50
96.94
96.70
97.55
96.16
96.23
96.82
97.23
96.94
97.12
97.02
96.19
97.10
96.78
96.52
97.25
97.02
97.12
96.84
97.07
97.05
96.93
96.13
97.07
96.68
96.88
95.62
96.86
96.50
96.78
97.24
97.32
97.21
97.03
97.28
96.97
97.13
97.07
96.99
97.07
96.71
97.37
97.28
96.85
96.39
96.25
97.27
97.31
97.34
97.09
97.03
96.89
97.16
97.03
96.85
96.98
96.70
96.59
97.18
96.76
97.21
96.79
96.51
96.69
96.56
97.10
96.95
96.82
96.92
96.64
96.84
96.99
96.77
97.15
96.72
97.02
96.72
96.73
96.87
97.03
96.62
96.63
96.80
96.70
97.03
97.37
96.82
97.07
97.15
97.09
96.88
97.34
97.16
96.80
97.60
96.76
96.83
96.78
96.69
97.15
96.56
97.14
96.82
97.37
96.27
96.97
97.22
96.61
96.72
97.13
96.74
96.33
97.19
