84.29
89.74
90.71
90.37
90.07
90.21
89.23
90.90
88.93
87.43
87.94
91.30
90.88
90.97
90.01
90.69
82.79
90.97
86.69
89.55
86.84
91.17
87.67
89.57
88.53
90.87
91.87
89.92
83.34
89.43
89.96
89.63
91.71
89.91
90.34
86.78
87.29
90.36
87.06
89.06
88.04
88.72
90.91
89.88
89.46
91.25
90.35
90.99
88.03
89.23
88.65
90.32
87.97
91.14
87.32
90.51
90.90
90.26
88.59
88.96
89.51
90.22
90.14
89.70
88.17
89.59
90.28
89.71
89.74
89.15
91.09
88.58
91.08
90.13
86.62
90.07
88.29
89.63
91.11
86.91
87.81
90.11
90.59
88.94
89.36
89.23
90.77
88.26
83.21
88.56
90.52
88.95
88.75
87.26
88.54
89.64
89.63
90.52
90.40
89.37
84.25
89.69
90.84
89.35
86.86
87.73
89.83
88.69
90.83
83.93
88.29
88.47
91.07
89.76
90.17
90.59
89.13
86.29
91.14
88.92
87.01
87.93
89.81
90.32
90.11
88.75
90.29
87.37
88.61
90.80
90.89
88.60
88.16
89.92
87.15
88.54
90.07
88.92
89.11
90.77
89.76
88.86
91.16
88.34
89.89
91.01
89.15
89.17
91.17
89.67
91.03
91.58
88.69
88.26
89.31
90.79
90.76
90.55
90.36
88.02
89.25
91.09
89.45
89.47
88.81
91.02
86.00
88.04
89.15
89.20
91.10
86.51
88.76
90.97
88.65
89.63
90.47
89.03
87.87
90.36
89.97
89.42
89.99
89.87
89.99
88.02
91.67
89.43
91.83
90.98
91.43
89.17
89.47
90.86
83.58
87.42
90.36
90.48
90.27
90.30
90.10
90.16
88.62
87.98
89.26
87.68
89.57
89.34
88.28
91.14
89.18
89.74
90.11
90.24
89.01
90.69
89.37
90.53
90.05
87.77
85.41
90.29
89.84
86.15
91.00
89.69
90.64
88.98
91.32
90.42
90.02
89.15
91.25
89.45
87.32
89.98
89.27
90.42
90.48
91.10
90.59
87.65
88.51
90.46
89.83
90.56
89.22
90.48
89.53
87.36
87.22
88.03
88.41
90.10
89.11
88.93
88.45
89.30
88.84
86.96
91.62
90.43
84.93
90.68
87.18
86.56
86.75
91.45
90.19
85.24
91.56
89.55
90.51
87.86
90.04
86.07
88.97
89.76
88.99
90.98
88.83
87.67
89.46
85.77
90.56
90.21
89.96
88.44
87.46
91.24
89.71
87.71
90.78
90.41
89.14
88.91
88.15
89.16
82.04
87.42
89.32
90.33
89.70
88.71
87.11
86.19
89.34
90.62
88.31
91.05
86.82
87.72
90.42
90.26
90.43
88.86
87.56
90.47
87.88
88.82
86.93
90.41
90.09
90.28
90.21
89.58
86.09
88.89
88.31
90.67
89.55
91.45
91.14
88.00
91.86
90.35
89.79
88.30
90.68
88.22
88.33
87.65
86.83
89.71
90.36
91.13
90.22
89.39
89.17
86.50
88.60
89.98
88.57
88.27
86.18
89.69
91.93
89.48
90.26
90.39
92.15
88.01
91.53
88.92
90.32
88.08
90.26
89.27
89.85
90.69
90.40
88.21
87.76
89.43
89.75
90.11
85.11
89.81
88.45
91.03
90.34
88.56
87.59
90.45
89.98
88.74
90.30
88.58
90.51
91.15
91.03
91.76
90.76
90.75
90.72
88.59
89.84
87.92
91.18
90.96
90.67
81.30
88.88
85.26
87.77
90.46
88.67
91.00
90.21
89.60
90.44
89.86
86.08
88.35
88.29
89.51
89.43
86.92
89.31
90.63
88.13
88.05
91.95
91.73
90.20
89.64
89.62
91.09
90.20
89.75
88.07
89.88
88.26
90.37
87.00
88.05
88.66
89.82
88.95
88.65
91.00
86.32
90.94
90.00
92.15
89.63
91.69
88.98
89.38
89.28
89.98
89.10
89.12
88.86
83.73
89.17
89.19
88.78
85.55
87.26
90.89
88.36
90.62
91.03
89.86
91.07
85.76
87.53
91.34
89.89
89.07
88.43
88.58
89.70
89.57
87.98
88.36
86.77
83.76
88.01
90.38
89.74
89.47
91.61
89.59
89.44
86.27
88.97
90.53
90.24
89.26
89.47
90.44
88.23
87.68
90.55
90.14
89.22
87.14
91.18
91.21
89.56
89.92
88.26
88.43
90.83
90.40
91.61
88.68
87.56
89.65
89.95
89.86
90.67
87.60
83.52
90.84
88.80
90.39
89.74
90.57
88.13
91.57
87.17
90.88
85.84
88.97
88.57
89.58
90.65
90.04
89.48
91.12
90.96
90.14
88.54
89.89
89.42
91.09
90.30
91.29
87.91
91.04
88.05
89.58
89.43
90.63
88.93
89.10
88.79
91.78
88.83
90.88
89.03
90.23
90.37
90.13
88.58
85.14
86.18
88.17
86.89
91.37
87.83
89.74
91.19
88.65
91.68
90.33
90.62
86.66
91.49
86.74
87.10
90.76
89.53
88.70
89.22
90.67
89.91
90.04
90.43
89.00
90.63
90.33
88.95
88.33
88.73
88.15
89.99
90.28
91.19
89.83
88.24
90.24
92.05
91.59
89.71
88.94
90.36
86.64
89.82
91.49
91.25
90.44
91.43
87.67
87.95
87.69
88.94
90.29
89.52
90.64
88.73
92.18
90.53
90.87
91.69
88.46
90.43
89.64
89.56
91.20
88.62
90.09
90.55
90.24
86.56
88.62
88.70
89.61
90.19
89.64
89.58
89.48
91.67
89.91
90.64
88.66
88.63
89.00
87.36
88.45
85.91
86.30
88.36
88.08
88.72
90.01
91.10
90.93
88.25
89.52
86.45
87.34
88.11
88.99
88.66
92.07
89.75
86.36
88.45
88.37
88.92
89.05
91.59
89.36
90.20
89.80
87.87
87.24
89.68
88.52
87.03
87.16
89.61
87.47
90.00
85.23
85.24
89.66
88.95
88.14
89.70
89.39
91.06
86.53
91.04
91.17
88.04
84.89
90.38
87.72
88.91
89.97
90.80
89.79
90.01
89.09
87.86
90.94
89.38
91.18
88.09
85.97
91.96
88.92
89.62
90.59
90.05
89.16
90.72
90.78
89.20
90.89
90.40
89.94
88.19
90.21
88.78
90.78
89.52
91.08
90.02
90.96
87.52
90.74
89.36
90.08
89.93
87.46
89.22
90.54
90.07
88.93
91.10
91.49
85.30
89.18
90.31
91.26
89.50
89.69
89.40
91.60
89.98
90.92
90.34
91.40
91.08
88.39
88.17
89.59
88.66
87.10
90.93
87.80
89.57
89.21
88.47
90.32
89.53
87.30
88.82
90.19
90.38
85.84
89.70
89.29
89.42
90.65
90.70
90.40
88.60
90.34
90.03
88.68
86.90
90.93
90.78
89.69
89.96
87.77
87.45
90.41
88.83
89.51
90.92
90.14
91.33
89.18
88.85
90.96
90.51
90.14
90.44
90.65
90.24
88.97
86.13
89.36
91.49
88.75
89.32
91.03
88.83
89.76
88.98
90.56
89.67
87.80
87.39
88.42
86.28
91.00
90.05
89.76
89.80
87.17
89.04
88.29
90.69
91.15
87.83
88.82
89.98
89.56
89.63
90.16
90.78
89.55
89.99
89.97
90.27
89.99
91.06
85.57
91.97
89.24
88.93
88.33
88.82
89.92
88.90
88.41
87.22
90.25
90.17
91.31
90.67
89.72
87.83
88.09
86.99
89.95
88.19
88.74
88.59
89.54
88.22
89.84
88.96
91.24
88.96
87.23
90.95
87.77
91.64
89.57
87.15
91.26
88.37
85.37
89.90
87.94
90.51
89.83
87.92
90.96
88.71
88.52
90.42
92.05
90.37
90.58
90.60
90.29
90.98
90.78
89.74
89.10
88.36
90.84
92.10
90.53
89.82
89.89
86.64
89.25
88.55
90.20
88.05
90.32
79.09
89.93
90.33
89.13
90.39
91.34
90.28
89.80
89.95
87.46
88.74
87.28
90.97
91.13
87.97
86.88
91.35
87.03
90.34
89.20
88.63
85.26
90.32
89.36
89.74
86.99
90.87
89.83
88.78
90.74
89.97
91.06
88.08
89.50
91.53
85.33
90.77
89.51
87.73
89.52
88.16
89.98
90.03
89.38
90.63
85.79
86.09
91.62
84.45
88.24
90.24
87.96
89.35
90.30
87.77
88.59
88.91
90.10
86.92
91.24
88.65
89.14
87.03
88.44
89.00
86.02
87.83
87.45
90.46
89.13
89.55
89.06
89.11
89.05
91.10
88.22
87.30
89.02
89.81
90.20
84.78
89.87
90.50
90.62
90.69
90.28
91.10
90.26
90.33
90.33
88.85
90.43
88.68
90.48
88.75
87.43
89.79
