90.44
84.66
74.66
67.07
92.06
81.42
80.82
81.26
82.75
87.94
75.71
85.76
87.39
91.32
87.93
78.00
91.23
91.27
86.03
89.14
87.96
87.35
66.35
87.69
93.10
85.68
88.17
91.22
72.88
70.78
92.34
81.18
86.43
86.39
85.23
94.48
76.43
78.15
91.17
85.26
87.50
88.00
83.15
90.46
89.50
84.34
86.39
87.18
74.84
78.29
91.92
74.39
90.02
88.52
92.26
86.45
87.53
88.78
91.18
88.99
90.51
92.17
87.50
84.03
87.31
86.92
82.35
91.26
88.94
84.45
83.28
88.26
82.33
89.85
89.21
86.65
85.01
86.77
88.15
89.45
85.49
88.22
82.26
70.94
79.73
81.26
83.84
85.66
89.41
89.82
76.68
89.39
92.54
89.08
91.24
82.80
85.03
88.44
78.08
84.41
89.40
83.84
85.29
84.81
84.39
84.67
87.93
90.05
87.44
90.34
72.73
89.76
82.60
92.64
93.10
83.06
85.62
86.60
77.14
86.04
84.20
92.18
82.69
84.92
86.70
86.43
82.02
91.19
93.54
81.00
81.26
85.69
63.07
87.93
91.29
89.87
57.51
87.57
83.20
92.53
82.56
89.91
87.66
89.66
85.86
85.79
92.93
83.93
82.18
88.66
95.13
72.55
92.87
74.95
92.19
80.80
82.57
88.21
85.45
90.72
85.47
85.52
84.54
87.93
79.75
89.21
91.65
86.27
91.51
91.68
87.03
92.51
81.38
87.50
86.21
85.62
81.92
83.76
83.51
84.25
87.50
84.77
85.64
93.12
87.64
88.13
82.87
87.38
83.87
86.77
88.06
92.39
85.92
90.68
91.80
88.19
74.82
91.41
87.51
85.43
86.75
90.00
84.69
77.80
92.16
88.86
89.10
84.57
80.69
76.73
78.82
84.88
92.50
92.01
87.83
88.96
88.94
78.63
76.77
88.45
82.50
91.56
76.94
82.85
88.31
89.69
91.14
85.64
75.01
74.54
90.59
85.50
91.96
91.19
86.76
87.11
84.56
87.18
91.83
88.85
76.19
80.47
75.33
86.56
84.01
92.24
92.76
89.72
93.48
87.75
89.19
91.65
84.52
81.94
83.68
84.82
91.14
67.49
78.94
91.50
94.14
78.02
93.03
84.18
84.67
82.59
92.61
90.03
92.00
86.98
76.50
84.97
90.90
78.53
89.15
93.28
90.45
90.57
91.82
92.60
80.42
87.40
91.38
78.39
59.15
92.78
85.06
90.82
89.64
88.36
89.35
76.84
82.94
81.09
84.35
94.43
88.48
90.04
80.16
89.65
89.32
91.56
65.02
88.11
90.47
75.93
73.55
81.26
75.23
83.44
89.00
86.53
66.96
84.79
91.21
94.50
90.70
91.99
89.95
82.21
82.84
93.48
88.49
86.31
88.06
69.78
89.33
90.86
87.87
88.04
90.35
90.82
84.41
75.19
90.06
85.84
85.15
86.65
83.14
92.32
91.65
85.96
84.99
83.98
87.35
80.77
89.28
87.32
77.69
90.70
88.96
92.03
87.02
90.64
89.39
82.28
80.88
87.33
81.70
91.73
70.10
84.61
92.35
84.77
83.38
86.05
85.16
85.73
87.90
87.93
89.71
90.95
76.31
87.42
93.87
93.56
89.55
86.63
94.16
92.11
85.86
91.02
84.53
84.61
85.20
79.12
88.11
90.57
90.12
83.73
84.23
90.45
92.79
92.83
84.38
88.23
88.21
88.86
82.35
87.10
89.96
91.25
87.34
88.10
89.16
89.84
86.04
88.84
90.25
88.77
85.75
77.15
91.80
78.64
93.31
91.40
83.02
81.16
82.81
93.52
87.19
93.22
83.49
89.07
94.29
76.91
86.76
91.88
68.78
89.27
88.50
90.06
81.95
83.26
66.32
86.36
91.22
89.17
73.14
78.14
84.10
84.41
74.54
89.95
88.25
86.30
87.00
93.95
89.66
72.30
77.52
92.35
88.76
73.72
90.37
89.43
86.88
66.86
87.22
81.81
90.85
87.85
92.88
90.35
86.60
84.80
89.10
91.79
90.15
82.68
89.23
90.61
92.02
86.29
90.38
93.13
89.08
90.78
79.52
85.14
84.70
85.49
88.42
79.77
90.46
88.83
85.28
86.39
85.75
85.15
87.59
89.88
85.80
89.96
84.98
90.37
93.24
82.82
90.25
80.92
66.27
83.38
87.65
55.66
81.11
83.65
73.21
89.37
76.28
90.70
91.67
94.21
84.10
86.85
90.14
91.95
87.54
86.21
84.94
84.84
82.73
91.56
89.56
88.18
89.59
82.30
92.00
69.49
81.74
83.40
92.29
89.79
91.87
81.45
81.79
85.57
83.40
84.12
85.25
90.32
75.28
87.95
85.32
89.27
92.49
75.42
71.52
77.33
82.68
82.03
85.78
89.11
82.58
89.52
89.61
70.28
89.24
95.15
69.15
92.20
92.22
81.83
83.02
84.65
91.26
83.08
87.19
85.18
81.15
82.24
82.08
80.18
92.67
79.62
74.09
79.46
89.56
85.82
88.50
90.11
79.99
86.72
88.49
84.03
88.12
87.95
83.78
92.14
84.60
92.69
90.26
80.05
91.92
91.11
85.64
91.88
82.76
88.41
90.88
89.31
85.97
89.08
89.35
84.68
87.35
84.59
87.37
85.95
92.78
89.43
83.80
85.93
93.81
90.54
89.18
89.10
74.28
86.02
87.24
87.75
91.53
79.91
78.81
83.12
92.77
90.77
92.48
71.84
83.45
90.66
92.49
89.09
82.98
93.64
87.10
89.59
85.61
93.42
88.38
83.33
89.40
88.61
88.89
81.65
84.35
87.99
87.17
92.71
89.71
87.40
88.27
84.04
71.73
86.77
89.62
92.68
92.74
90.47
80.98
89.73
91.94
74.26
83.60
85.16
89.49
93.68
76.31
90.59
77.11
88.18
90.35
86.88
92.73
91.39
84.03
91.79
87.38
80.75
91.58
90.24
93.17
85.79
86.19
88.46
88.13
89.85
84.25
88.08
90.31
91.68
87.01
82.04
93.28
91.01
81.84
79.55
86.20
73.78
86.52
80.48
81.50
89.35
89.39
64.52
74.96
84.83
89.43
92.68
89.90
90.58
82.23
86.91
80.62
94.17
87.79
93.66
93.34
87.41
90.41
90.51
90.51
84.45
92.92
86.84
79.60
84.55
86.84
84.13
83.52
86.53
77.80
73.79
80.63
86.11
87.32
77.78
88.90
76.88
87.18
87.84
83.02
91.09
91.29
66.29
93.82
90.73
85.31
94.24
85.82
89.43
82.68
91.59
87.91
83.66
89.63
85.10
84.76
88.14
88.11
87.79
86.71
91.25
77.68
90.37
84.52
83.95
65.86
91.73
88.54
86.34
75.75
77.20
90.41
87.04
89.37
92.39
80.62
86.78
85.65
89.76
87.53
78.90
82.19
88.12
93.52
89.00
91.28
92.99
80.99
88.73
66.21
90.30
90.70
82.34
77.34
78.89
88.38
70.75
85.56
66.23
82.60
81.27
90.35
89.91
84.74
92.94
92.45
90.38
76.62
87.22
87.01
87.39
90.14
91.85
91.96
85.82
88.62
87.23
83.91
88.97
88.53
90.08
82.47
91.01
78.15
89.94
87.89
85.34
93.26
88.46
86.23
83.40
89.54
89.76
86.64
79.23
37.96
85.97
94.12
80.05
86.26
79.28
93.20
88.29
83.53
85.42
80.09
89.98
89.11
86.25
71.42
85.98
80.92
87.81
86.20
91.34
86.78
92.31
85.53
92.92
84.42
87.30
91.83
82.84
74.61
92.74
91.75
91.59
88.52
89.82
91.16
87.83
91.49
81.31
86.25
92.77
90.99
93.86
92.04
86.98
82.53
91.04
86.63
90.46
92.01
92.36
86.28
84.81
89.68
91.64
88.34
84.02
92.41
92.25
86.81
81.49
93.76
90.20
92.79
93.26
82.91
91.34
89.95
93.27
91.80
88.52
90.33
92.55
90.01
72.34
89.98
85.20
79.53
91.98
93.27
83.36
66.12
88.41
91.89
91.36
90.42
89.45
91.73
87.37
86.17
77.04
84.07
92.33
84.16
91.47
85.02
84.22
85.17
85.54
88.96
81.88
78.53
82.25
88.29
87.64
87.19
91.34
92.58
89.93
90.88
92.51
90.72
85.72
80.55
84.85
85.15
85.43
88.46
92.57
91.68
88.11
90.55
76.86
90.30
90.54
90.20
92.45
93.49
88.67
90.22
83.17
90.33
89.07
90.32
85.36
90.76
94.00
73.08
84.30
89.36
91.24
88.77
79.00
92.20
77.62
87.03
89.42
92.95
86.05
81.78
88.32
86.76
91.96
86.21
74.34
89.24
91.67
87.42
92.17
89.46
70.40
81.02
77.04
89.48
92.38
