96.16
95.73
95.94
95.95
95.12
95.74
96.47
95.91
95.58
95.92
95.88
95.47
95.98
95.71
95.48
95.68
95.54
95.92
95.98
96.11
95.79
95.96
95.53
95.30
95.75
95.87
95.63
95.70
95.59
95.91
96.29
95.81
95.54
95.92
95.77
96.18
96.08
96.17
95.72
95.74
95.89
95.70
95.96
95.90
95.37
95.92
95.94
95.41
96.02
95.77
96.24
95.91
95.48
95.72
95.67
95.89
94.92
94.84
95.92
95.77
95.68
95.90
95.91
96.17
95.45
95.02
95.85
96.25
96.07
95.56
96.06
95.88
95.66
95.89
95.90
95.40
95.33
95.52
95.65
95.11
95.49
95.36
95.11
95.61
95.28
95.96
96.18
96.10
95.78
95.32
95.60
96.08
96.08
96.38
95.92
95.53
95.26
95.83
95.60
95.83
95.98
95.79
95.77
95.85
95.51
95.60
96.01
95.56
95.61
96.09
95.88
95.88
95.66
96.15
96.14
95.84
95.63
95.58
95.88
95.92
96.20
95.31
95.82
95.73
95.84
96.01
96.15
95.92
95.88
96.16
95.36
95.73
95.87
95.49
95.78
96.22
95.18
95.51
95.79
95.35
96.37
95.52
95.96
95.95
96.16
95.27
95.77
95.97
95.85
95.67
96.16
96.04
95.35
96.05
95.80
96.18
95.47
95.71
95.50
94.49
95.71
95.31
95.61
95.83
95.16
95.57
95.42
95.78
95.83
96.28
96.09
96.58
95.95
95.87
95.88
96.28
94.89
96.51
95.58
95.75
96.13
95.83
95.71
95.58
95.86
95.47
96.12
95.34
95.80
95.99
95.72
96.04
95.27
95.83
95.38
94.24
95.51
96.23
95.75
95.67
96.38
95.60
95.45
95.93
95.44
95.72
95.51
95.89
96.37
95.59
95.74
95.47
95.62
95.74
95.95
94.85
94.95
96.13
95.54
94.71
95.90
95.83
95.98
95.64
96.01
95.92
96.11
95.74
95.61
96.24
95.52
95.81
95.84
95.77
95.84
96.12
95.88
96.32
96.27
96.06
95.97
95.88
95.41
95.47
95.98
96.28
95.93
95.47
96.01
96.19
95.84
95.51
95.81
95.83
95.86
95.58
95.81
95.98
95.05
95.99
96.26
95.85
95.90
95.50
95.29
96.04
95.73
96.03
95.23
95.08
95.39
95.87
95.50
95.96
95.83
95.64
95.77
95.92
95.69
96.05
95.51
95.18
96.28
95.92
95.87
96.13
95.75
96.18
95.53
95.76
95.59
95.93
95.60
96.09
95.40
94.88
95.73
95.92
95.93
96.13
95.46
95.39
96.10
95.76
95.51
95.73
95.90
95.72
95.31
95.52
95.64
96.02
95.65
96.19
95.30
96.17
95.84
94.95
95.35
95.33
95.64
95.97
95.81
95.97
95.66
95.45
96.14
95.82
96.21
94.96
95.92
95.90
96.01
95.46
95.76
95.13
95.12
95.48
95.89
94.94
94.52
95.44
95.50
95.95
96.09
95.89
96.26
95.39
95.92
96.11
95.53
95.34
95.50
95.36
95.71
96.16
94.89
96.06
96.26
96.19
95.35
95.29
95.70
96.17
95.40
95.65
95.53
95.62
95.91
96.33
95.92
95.14
94.95
95.17
96.20
95.87
95.63
95.79
95.22
96.09
95.35
96.31
95.97
95.09
95.89
95.59
96.32
95.19
95.48
96.08
95.70
95.77
96.12
95.28
96.11
96.29
95.90
95.92
95.62
95.50
95.56
96.23
95.89
95.96
95.80
95.55
95.84
95.73
95.62
95.05
95.70
96.23
96.02
95.14
95.75
95.83
96.06
96.20
96.04
96.29
96.26
95.97
95.57
95.66
95.92
95.77
95.75
95.42
95.32
95.13
96.15
95.70
95.20
95.31
96.12
95.99
96.16
95.54
95.77
95.75
95.40
95.75
95.86
96.23
95.37
95.28
95.43
96.08
95.98
96.13
96.09
95.47
95.73
96.05
95.54
95.73
95.21
95.97
95.50
96.08
95.11
95.87
95.53
96.10
96.05
95.38
95.81
95.75
95.52
95.80
95.60
95.71
95.65
95.86
95.84
95.13
95.48
94.92
96.17
96.28
96.11
94.96
95.55
96.05
96.24
95.63
95.48
96.11
95.84
95.83
95.82
95.96
95.99
95.86
95.45
95.89
95.53
95.76
95.48
95.92
96.31
96.05
95.77
95.19
95.77
96.14
95.27
96.46
95.21
96.24
95.35
95.85
95.94
95.92
95.04
96.11
95.56
96.28
96.04
96.00
95.22
95.75
95.75
95.17
95.91
95.98
95.68
96.01
95.96
95.64
96.02
95.52
95.45
95.29
95.72
96.38
94.36
95.57
96.16
95.91
95.50
95.70
95.84
95.80
95.77
95.88
95.55
96.22
95.66
95.51
95.13
95.92
95.88
95.77
95.32
95.21
95.83
95.19
96.05
95.34
95.44
96.10
95.57
95.75
96.18
96.12
95.64
95.72
95.96
95.51
96.18
95.95
95.30
95.03
95.97
95.47
95.52
96.03
95.62
95.12
95.21
95.18
96.13
95.79
94.76
96.19
95.97
95.84
95.58
94.53
96.08
95.89
95.94
95.82
95.66
95.45
95.55
95.82
95.53
95.80
95.00
95.99
95.51
96.15
96.29
95.78
95.90
95.71
95.43
95.56
95.88
96.08
95.68
95.94
95.79
95.71
95.05
95.76
96.48
95.39
95.78
96.14
94.85
95.42
95.60
95.09
95.31
95.79
96.00
95.60
95.95
95.89
93.67
96.14
96.11
95.70
96.00
96.00
96.11
96.03
95.46
95.97
95.09
94.05
95.70
95.12
95.85
95.59
95.86
95.65
95.89
95.49
95.74
95.51
95.67
95.76
96.30
95.74
95.90
95.80
94.00
95.81
95.75
96.13
95.83
96.27
95.94
95.58
95.44
96.15
96.18
95.51
95.59
95.75
96.04
95.30
95.83
95.45
95.70
96.13
95.76
96.21
95.27
95.13
95.61
95.69
95.43
96.30
95.57
94.78
95.78
95.55
95.91
95.74
95.53
95.08
96.15
95.83
95.51
95.88
95.38
95.63
96.03
95.56
95.93
95.86
95.65
95.39
95.54
95.79
95.93
95.67
95.44
95.81
95.94
96.01
95.92
95.61
96.22
96.29
95.89
95.99
95.15
95.89
95.37
95.97
96.01
94.84
95.58
96.01
95.91
95.25
95.75
95.37
96.15
95.94
95.57
94.81
95.60
95.16
95.26
95.29
95.94
95.89
95.94
95.73
95.84
95.46
95.65
95.74
95.73
96.00
96.03
95.51
96.01
95.30
96.13
96.43
96.37
95.85
95.75
95.62
95.62
95.77
95.77
96.20
95.98
96.15
95.96
95.11
95.49
95.56
96.01
95.72
96.23
95.62
95.36
95.61
95.45
95.92
96.38
95.20
95.94
95.74
95.74
95.87
96.40
96.21
96.01
95.35
96.14
95.54
95.91
95.65
95.61
96.08
96.05
95.86
95.40
95.83
96.02
96.07
95.47
95.39
95.26
95.69
95.80
95.61
96.03
94.70
95.80
95.41
95.68
95.67
95.66
96.23
95.15
95.79
95.52
95.84
96.07
96.28
95.30
95.69
96.25
96.00
95.89
95.62
95.79
95.72
96.19
94.57
96.12
96.11
95.77
96.24
95.16
95.79
95.88
95.38
95.59
95.78
95.79
95.02
95.97
95.34
95.72
96.09
95.99
95.88
95.70
95.74
95.69
95.88
96.28
95.81
95.72
95.79
96.01
95.85
96.38
94.53
94.88
95.83
95.76
95.48
96.04
96.04
95.17
95.74
95.45
95.58
96.28
95.24
95.84
96.17
95.81
95.30
95.71
95.64
95.46
95.66
95.57
95.95
95.95
95.67
95.81
95.11
94.85
96.32
94.67
96.12
95.70
95.03
95.34
95.71
95.25
96.58
96.42
96.14
96.26
95.88
96.28
95.85
95.85
95.67
95.57
95.20
95.44
95.89
95.84
95.68
95.54
96.13
95.21
95.81
95.69
95.09
95.99
95.62
95.48
96.33
95.40
95.33
95.52
95.73
95.62
95.91
96.01
95.87
95.94
95.54
96.13
96.42
95.75
96.10
95.83
95.76
95.12
96.01
96.26
96.36
95.76
96.20
95.93
95.76
94.94
96.10
94.49
95.71
96.23
95.32
95.47
96.03
95.56
95.71
96.16
96.00
95.87
96.09
95.23
96.27
95.78
96.24
95.60
95.85
96.01
96.30
96.07
96.25
95.29
95.89
95.93
96.05
95.01
96.03
95.56
95.37
95.82
96.14
95.96
95.30
95.97
95.00
95.87
95.72
95.96
95.83
96.04
95.18
95.63
96.03
95.47
95.31
95.84
96.03
96.21
95.49
95.29
95.12
