97.79
97.52
97.66
97.81
97.59
97.73
97.61
97.54
97.69
97.70
97.70
97.53
97.94
97.34
97.71
97.74
97.40
97.62
97.63
97.72
97.37
97.71
97.68
97.85
97.51
97.54
97.79
97.57
97.54
97.73
97.60
97.51
97.73
97.69
97.86
97.72
97.42
97.82
97.69
97.20
97.66
97.58
97.73
97.48
97.70
97.65
97.55
97.67
97.26
97.58
97.55
97.49
97.72
97.59
97.49
97.71
97.54
97.51
97.76
97.58
97.44
97.66
97.60
97.59
97.60
97.57
97.42
97.64
97.68
97.71
97.58
97.81
97.60
97.64
97.64
97.73
97.63
97.64
97.57
97.57
97.79
97.59
97.66
97.72
97.80
97.64
97.75
97.84
97.67
97.77
97.38
97.62
97.73
97.80
97.61
97.80
97.58
97.83
97.73
97.51
97.69
97.79
97.62
97.86
97.43
97.51
97.81
97.84
97.80
97.82
97.69
97.46
97.59
97.65
97.66
97.74
97.47
97.58
97.82
97.67
97.66
97.84
97.80
97.71
97.67
97.65
97.43
97.42
97.45
97.54
97.70
97.84
97.70
97.72
97.70
97.55
97.52
97.65
97.65
97.75
97.65
97.48
97.76
97.74
97.75
97.70
97.40
97.54
97.82
97.50
97.64
97.89
97.72
97.41
97.77
97.75
97.70
97.39
97.75
97.46
97.62
97.48
97.74
97.93
97.83
97.37
97.62
97.78
97.50
97.67
97.50
97.71
97.48
97.84
97.43
97.78
97.46
97.52
97.91
97.88
97.74
97.59
97.72
97.71
97.65
97.44
97.77
97.68
97.43
97.52
97.41
97.79
97.78
97.53
97.58
97.87
97.53
97.47
97.60
97.71
97.69
97.75
97.49
97.81
97.59
97.57
97.69
97.48
97.53
97.75
97.64
97.89
97.44
97.72
97.56
97.40
97.39
97.56
97.62
97.72
97.77
97.44
97.73
97.44
97.71
97.52
97.81
97.60
97.46
97.66
97.81
97.70
97.58
97.81
97.33
97.56
97.61
97.40
97.63
97.53
97.69
97.72
97.76
97.55
97.66
97.59
97.82
97.65
97.48
97.68
97.47
97.74
97.56
97.54
97.59
97.76
97.70
97.62
97.76
97.40
97.56
97.55
97.64
97.66
97.72
97.37
97.55
97.71
97.83
97.56
97.43
97.54
97.57
97.61
97.69
97.79
97.62
97.74
97.46
97.61
97.59
97.59
97.75
97.58
97.66
97.81
97.74
97.62
97.46
97.46
97.70
97.73
97.94
97.53
97.51
97.38
97.69
97.60
97.29
97.43
97.53
97.67
97.64
97.70
97.91
97.63
97.74
97.35
97.84
97.80
97.73
97.44
97.59
97.56
97.67
97.78
97.57
97.60
97.66
97.64
97.64
97.73
97.75
97.64
97.46
97.47
97.47
97.52
97.83
97.76
97.44
97.58
97.62
97.78
97.77
97.69
97.50
97.58
97.69
97.87
97.84
97.75
97.73
97.35
97.76
97.64
97.75
97.83
97.40
97.64
97.70
97.74
97.66
97.71
97.49
97.62
97.66
97.49
97.62
97.61
97.80
97.68
97.55
97.68
97.79
97.85
97.75
97.76
97.70
97.51
97.77
97.66
97.10
97.83
97.58
97.68
97.44
97.95
97.57
97.82
97.73
97.67
97.51
97.61
97.81
97.81
97.67
97.66
97.74
97.80
97.72
97.72
97.52
97.69
97.55
97.45
97.74
97.67
97.52
97.26
97.63
97.75
97.61
97.75
97.62
97.70
97.80
97.63
97.78
97.48
97.53
97.72
97.29
97.68
97.59
97.59
97.65
97.62
97.62
97.47
97.80
97.53
97.83
97.72
97.68
97.84
97.80
97.60
97.71
97.50
97.70
97.41
97.58
97.72
97.70
97.52
97.66
97.35
97.36
97.75
97.48
97.62
97.46
97.61
97.72
97.62
97.76
97.66
97.66
97.82
97.76
97.72
97.82
97.25
97.46
97.61
97.73
97.67
97.58
97.39
97.38
97.57
97.67
97.49
97.73
97.82
97.87
97.63
97.31
97.66
97.69
97.71
97.65
97.64
97.65
97.44
97.78
97.76
97.73
97.78
97.86
97.61
97.70
97.63
97.65
97.51
97.74
97.54
97.79
97.68
97.70
97.68
97.88
97.89
97.58
97.64
97.86
97.56
97.76
97.68
97.53
97.56
97.66
97.77
97.66
97.81
97.46
97.86
97.58
97.57
97.91
97.60
97.72
97.71
97.58
97.58
97.59
97.79
97.38
97.49
97.54
97.57
97.05
97.54
97.64
97.45
97.49
97.57
97.69
97.60
97.54
97.55
97.87
97.55
97.69
97.77
97.68
97.32
97.64
97.51
97.63
97.68
97.39
97.68
97.63
97.58
97.51
97.88
97.57
97.87
97.55
97.55
97.80
97.85
97.65
97.44
97.79
97.64
97.68
97.80
97.63
97.49
97.72
97.75
97.72
97.48
97.56
97.66
97.59
97.62
97.55
97.73
97.60
97.62
97.70
97.73
97.75
97.44
97.37
97.78
97.59
97.48
97.64
97.28
97.66
97.53
97.63
97.66
97.68
97.77
97.71
97.65
97.59
97.41
97.56
97.87
97.70
97.65
97.60
97.58
97.72
97.63
97.38
97.82
97.56
97.76
97.37
97.68
97.62
97.70
97.74
97.69
97.60
97.64
97.75
97.84
97.58
97.61
97.49
97.85
97.83
97.52
97.56
97.61
97.63
97.59
97.75
97.87
97.58
97.69
97.50
97.59
97.78
97.26
97.76
97.78
97.38
97.45
97.51
97.72
97.59
97.59
97.63
97.61
97.64
97.72
97.73
97.77
97.39
97.46
97.75
97.86
97.54
97.82
97.24
97.48
97.47
97.76
97.46
97.33
97.48
97.57
97.48
97.70
97.75
97.63
97.63
97.22
97.62
97.66
97.49
97.87
97.63
97.59
97.61
97.65
97.82
97.63
97.63
97.73
97.64
97.72
97.72
97.76
97.52
97.58
97.76
97.79
97.62
97.28
97.84
97.65
97.55
97.87
97.73
97.45
97.76
97.54
97.53
97.38
97.74
97.67
97.72
97.88
97.58
97.82
97.65
97.41
97.77
97.68
97.70
97.80
97.43
97.79
97.42
97.63
97.65
97.85
97.52
97.69
97.52
97.59
97.86
97.66
97.64
97.82
97.89
97.67
97.84
97.68
97.52
97.78
97.45
97.11
97.61
97.64
97.68
97.69
97.71
97.68
97.78
97.49
97.71
97.43
97.61
97.70
97.48
97.64
97.22
97.65
97.63
97.68
97.55
97.69
97.55
97.87
97.68
97.73
97.57
97.61
97.85
97.56
97.51
97.56
97.87
97.48
97.68
97.76
97.67
97.75
97.51
97.55
97.66
97.65
97.67
97.83
97.84
97.82
97.61
97.73
97.57
97.58
97.70
97.58
97.57
97.44
97.70
97.61
97.50
97.58
97.55
97.72
97.40
97.42
97.64
97.68
97.47
97.62
97.58
97.64
97.51
97.67
97.59
97.53
97.54
97.32
97.52
97.42
97.51
97.61
97.73
97.69
97.59
97.53
97.84
97.81
97.48
97.64
97.51
97.15
97.56
97.55
97.82
97.58
97.82
97.83
97.62
97.64
97.61
97.82
97.42
97.51
97.67
97.80
97.55
97.50
97.78
97.83
97.72
97.81
97.65
97.47
97.76
97.83
97.72
97.46
97.59
97.43
97.81
97.64
97.56
97.70
97.48
97.61
97.34
97.57
97.75
97.44
97.74
97.88
97.86
97.78
97.58
97.61
97.55
97.79
97.64
97.68
97.47
97.64
97.65
97.72
97.79
97.41
97.39
97.77
97.73
97.54
97.59
97.66
97.36
97.67
97.43
97.86
97.67
97.62
97.61
97.66
97.60
97.61
97.82
97.75
97.46
97.60
97.76
97.75
97.54
97.65
97.86
97.60
97.32
97.64
97.64
97.33
97.67
97.79
97.62
97.63
97.69
97.69
97.61
97.29
97.70
97.74
97.78
97.78
97.75
97.84
97.85
97.56
97.48
97.66
97.58
97.73
97.83
97.72
97.85
97.50
97.37
97.65
97.79
97.52
97.66
97.66
97.56
97.43
97.54
97.55
97.71
97.53
97.58
97.89
97.87
97.65
97.70
97.46
97.58
97.59
97.59
97.76
97.56
97.80
97.59
97.85
97.55
97.59
97.65
97.74
97.14
97.61
97.48
97.53
97.62
97.76
97.53
97.60
97.72
97.52
97.68
97.61
97.85
97.73
97.67
97.64
97.26
97.67
97.60
97.76
97.52
97.75
97.80
97.59
97.74
97.81
97.89
97.63
97.55
97.74
97.47
97.67
97.50
97.81
97.78
97.58
97.46
97.62
97.75
97.52
97.42
97.17
