97.89
97.63
97.90
97.91
97.94
97.70
97.58
97.78
97.70
97.88
97.90
97.70
97.83
97.68
97.69
97.71
97.82
97.86
97.90
97.57
97.83
97.90
97.65
97.69
97.84
97.78
97.60
97.89
97.76
97.82
97.81
97.87
97.59
97.91
97.59
97.77
97.84
97.88
97.92
97.71
97.97
97.98
97.66
97.89
97.84
97.84
97.75
97.82
97.76
97.84
97.76
97.84
97.77
97.92
97.80
97.57
97.82
97.86
97.72
97.50
97.83
97.73
97.96
97.68
97.70
97.58
98.00
97.87
97.53
97.72
97.60
97.77
97.59
97.79
98.05
97.69
97.64
97.58
97.89
97.97
97.69
97.59
97.55
97.77
97.66
97.75
97.45
97.77
97.70
97.75
97.67
97.68
97.82
97.77
97.87
97.73
97.77
97.63
97.78
97.78
97.78
97.82
97.68
97.85
97.54
97.84
97.70
97.62
97.72
97.60
97.72
97.72
97.70
97.43
97.86
97.79
97.77
97.97
97.54
97.85
97.70
97.77
97.66
97.84
97.97
97.70
97.89
97.72
97.89
97.88
97.83
97.72
97.82
97.72
97.68
97.85
97.82
97.59
97.77
97.74
97.76
98.00
97.77
97.81
97.78
97.71
97.94
97.85
97.85
97.75
97.74
97.79
97.84
97.81
97.83
97.94
97.83
97.80
97.78
97.58
97.69
97.62
97.79
97.81
97.65
97.62
98.01
97.82
97.83
97.93
97.69
97.89
97.68
97.50
97.71
97.76
97.73
97.61
97.77
97.81
97.82
97.79
97.67
97.79
97.80
97.68
97.68
97.68
97.74
97.65
97.79
97.79
97.83
97.87
97.76
97.67
97.84
97.68
97.87
97.65
97.57
97.88
97.82
98.01
97.85
97.85
97.94
98.07
97.74
97.69
97.84
97.87
97.86
97.80
97.81
97.87
97.71
97.79
97.87
97.88
97.76
97.89
97.79
97.83
97.96
97.59
97.80
97.66
97.86
98.03
97.74
97.93
97.88
97.67
97.73
97.75
97.72
97.99
97.90
97.62
97.69
97.85
97.89
97.60
97.76
97.90
97.87
97.75
97.85
97.80
97.63
97.94
97.94
97.73
97.81
97.54
98.05
97.61
97.85
97.83
97.84
97.90
97.85
97.68
97.82
97.38
97.88
97.77
97.77
97.75
97.65
97.73
97.78
97.61
97.79
97.68
97.98
97.79
97.74
97.58
97.57
97.88
97.70
97.53
97.45
97.78
97.76
97.84
97.75
97.85
97.98
97.99
97.68
97.61
97.44
97.90
97.76
97.97
97.94
97.94
97.84
97.45
97.94
97.69
97.98
97.94
97.96
97.91
97.51
97.80
97.74
97.88
97.89
97.78
97.79
97.48
97.63
97.47
98.02
97.75
97.97
97.78
97.73
97.77
97.73
97.69
97.83
97.89
97.80
97.72
97.90
97.61
97.61
97.92
98.00
97.74
97.57
97.94
97.68
97.77
97.75
97.74
97.77
97.99
97.71
97.87
97.88
97.87
97.89
97.80
97.65
97.87
97.77
97.91
97.63
97.71
97.92
97.85
97.86
97.58
97.84
97.75
97.72
97.56
97.90
98.06
98.02
97.79
97.68
97.95
97.75
97.96
97.87
97.65
97.89
97.95
97.64
97.76
97.90
97.78
97.70
97.97
97.82
97.81
97.67
97.78
97.67
97.78
97.70
97.66
97.79
97.59
97.67
98.03
97.74
97.76
97.83
97.70
97.87
97.93
97.83
97.88
97.97
97.78
97.84
97.69
97.91
97.82
97.92
97.73
97.89
97.53
97.76
97.71
97.92
97.91
97.72
97.58
97.81
97.85
97.53
97.65
97.68
97.60
97.67
97.76
97.75
97.73
97.84
97.71
97.82
97.92
97.89
97.92
98.00
97.65
97.61
98.02
97.70
97.88
97.84
97.65
97.59
97.50
97.72
97.86
97.77
97.67
97.78
97.62
97.85
98.07
97.84
97.42
97.91
97.75
97.67
97.64
97.96
97.82
97.77
97.85
97.60
97.99
97.67
97.62
97.97
97.84
97.98
97.82
97.86
97.82
97.79
97.71
97.87
97.85
97.64
97.82
97.93
97.64
97.85
97.66
97.62
97.71
97.42
97.70
97.78
97.56
97.81
97.74
97.96
97.82
97.82
97.73
98.04
97.97
97.79
97.98
97.84
97.76
97.64
97.71
97.94
97.93
97.66
97.70
98.01
97.71
97.77
98.00
97.71
97.88
97.72
97.56
97.71
97.91
97.88
97.86
97.69
97.80
97.86
97.85
97.75
97.68
97.71
97.81
97.79
97.90
97.77
97.84
97.79
97.66
97.91
97.74
97.67
97.75
97.92
97.74
97.62
97.77
97.96
97.68
97.80
97.76
97.70
97.68
97.63
97.64
97.83
97.62
97.72
97.69
97.96
97.94
97.51
97.79
97.89
98.05
97.82
97.91
97.85
97.60
97.90
97.90
97.78
97.75
97.83
97.79
98.00
97.60
97.80
97.66
97.72
97.86
97.62
97.85
97.82
97.85
97.88
97.77
97.76
97.57
97.70
97.88
97.95
97.94
97.76
97.84
97.76
97.78
97.54
97.74
97.96
97.82
97.73
97.73
97.74
97.99
97.79
97.74
97.63
97.62
97.81
97.69
97.81
97.86
97.79
97.86
97.99
97.64
98.02
97.76
97.90
97.77
97.68
97.89
97.92
97.79
97.94
97.69
97.62
97.71
97.64
98.01
97.79
97.77
97.88
97.92
97.93
97.95
97.69
97.69
97.65
97.69
97.87
97.61
97.83
97.83
97.88
97.92
97.58
97.40
97.91
97.65
97.70
97.71
97.78
97.80
97.87
97.89
97.99
97.81
97.72
97.88
97.68
97.69
97.78
97.92
97.65
97.76
97.58
97.68
97.69
97.67
97.84
97.83
97.77
97.71
97.75
97.93
97.74
97.85
97.82
97.77
97.86
97.86
97.77
97.53
97.69
97.58
97.91
97.82
97.71
97.72
97.61
97.81
97.70
97.85
97.34
97.89
97.79
97.68
97.92
97.92
97.78
98.01
97.77
97.95
97.81
97.72
97.88
97.94
97.75
97.54
97.62
97.72
97.86
97.69
97.80
97.90
97.62
97.75
97.75
97.67
97.55
97.81
97.86
97.79
97.91
97.79
97.84
97.46
97.84
97.86
97.83
97.83
97.87
97.86
97.62
97.68
97.97
97.79
97.64
97.82
97.86
97.60
97.77
97.63
97.91
97.92
97.68
97.79
97.75
97.96
97.42
97.65
97.55
97.75
97.67
97.77
97.74
97.94
97.70
97.86
97.87
97.89
97.84
97.78
97.77
97.82
97.59
97.77
97.74
97.76
97.70
97.74
97.82
97.54
97.79
97.77
97.81
97.66
97.91
97.81
97.98
97.94
97.85
97.75
97.55
97.85
97.84
98.05
97.79
97.91
97.87
97.96
97.82
97.79
98.03
97.96
97.81
97.97
97.95
97.69
97.99
97.88
97.82
97.75
97.75
97.70
97.74
97.85
97.51
97.84
97.61
97.79
97.78
97.68
97.89
97.98
97.91
97.88
97.87
97.62
97.67
97.48
97.80
97.75
97.81
97.79
97.64
97.98
97.71
97.78
97.85
97.81
97.67
97.83
97.68
97.86
97.98
97.69
97.78
97.68
98.00
97.71
97.45
97.87
97.97
97.87
97.62
97.80
98.09
97.95
97.87
97.78
97.79
97.90
97.89
97.84
97.72
97.74
97.67
97.63
97.97
97.83
97.66
97.75
97.89
97.73
97.85
97.58
98.00
98.11
97.60
97.75
97.74
97.84
97.81
97.72
97.67
97.76
97.77
97.78
97.69
97.69
97.58
97.76
97.61
97.82
97.86
97.96
97.86
97.86
97.70
97.80
97.88
97.81
97.83
97.89
97.90
97.62
97.84
97.90
97.91
97.91
97.96
97.93
97.76
97.79
97.88
97.85
97.72
97.90
97.86
97.89
97.57
97.92
97.84
98.04
97.89
97.77
98.04
97.62
97.64
97.92
97.87
97.97
97.79
97.80
97.85
97.62
97.73
97.76
97.74
97.85
97.95
97.80
97.64
97.62
97.96
97.80
97.77
97.59
97.85
97.96
97.77
97.50
97.89
97.77
97.67
97.85
97.79
97.80
97.83
97.91
97.63
97.82
97.76
97.70
98.01
97.64
97.93
97.75
98.06
97.91
97.77
97.76
97.88
97.95
97.49
97.93
97.66
97.94
97.90
97.95
97.75
97.68
97.52
97.83
97.61
97.71
97.69
97.88
97.82
97.84
97.80
97.71
97.84
97.77
97.61
97.64
97.69
97.81
97.79
97.77
97.85
97.79
97.73
97.87
97.68
97.95
97.96
97.87
97.96
97.89
97.86
97.93
97.82
97.74
