95.95
95.92
95.35
96.16
95.30
96.37
94.82
95.94
95.65
95.19
95.45
96.45
96.69
95.54
95.26
96.18
96.41
96.20
94.73
95.47
96.91
93.78
96.05
95.09
96.41
96.18
96.15
96.44
95.53
95.87
95.67
96.18
96.42
95.74
94.94
95.79
95.55
95.95
96.29
96.23
95.92
96.58
95.78
95.41
95.63
95.38
94.54
96.48
94.78
95.85
95.98
96.38
96.47
95.37
96.89
95.96
95.14
94.25
93.56
96.47
95.40
93.93
95.92
96.35
96.36
94.72
95.36
96.74
96.83
95.62
94.15
96.76
95.75
97.18
92.30
96.74
94.97
93.89
96.28
93.63
94.99
96.48
96.28
96.08
95.16
95.72
95.68
95.58
96.18
94.88
96.39
96.10
96.06
95.76
96.43
96.07
95.85
96.82
94.88
95.76
95.45
93.82
95.06
96.44
96.39
95.90
96.15
95.56
96.00
94.64
94.68
96.62
96.31
96.65
95.70
96.28
94.36
96.36
96.10
96.27
95.82
94.83
95.66
95.60
95.89
96.31
96.96
96.18
96.30
96.65
95.83
95.68
96.55
96.01
94.50
95.59
95.22
96.40
95.23
96.58
95.27
96.93
96.25
96.26
96.39
94.55
94.60
95.76
95.79
94.30
96.56
95.92
95.66
95.25
96.43
96.31
96.53
96.57
95.09
95.69
94.20
96.13
96.68
96.16
96.44
95.74
95.41
95.40
96.40
95.11
95.89
96.58
96.03
95.17
96.76
93.91
94.97
96.26
96.31
96.89
96.75
95.69
95.64
94.72
96.11
94.77
96.07
96.25
95.75
94.99
95.60
94.56
95.76
95.50
95.61
96.05
95.35
96.36
96.37
95.28
95.81
95.52
96.62
96.31
96.38
95.52
94.49
96.54
95.28
95.36
96.41
96.36
94.99
96.06
95.20
96.44
96.06
96.31
96.68
95.81
96.41
95.89
95.09
96.41
95.75
96.27
95.59
94.08
96.12
96.28
96.28
95.04
95.94
95.13
96.10
95.74
95.09
96.39
95.29
96.53
96.56
95.50
96.04
95.31
95.72
96.79
93.82
95.29
94.40
96.60
94.96
95.59
94.35
95.52
95.97
95.84
96.10
94.67
95.09
95.04
93.84
92.37
95.22
94.96
96.54
96.24
95.98
96.07
96.49
94.30
95.77
96.86
95.80
96.23
95.99
96.67
96.33
94.44
96.22
96.06
96.16
96.30
96.56
96.51
95.79
95.84
95.67
94.56
96.46
96.57
96.63
96.51
95.39
95.95
95.78
96.90
95.87
95.20
94.65
96.62
96.44
96.52
95.82
96.61
94.56
96.28
96.19
95.76
95.63
95.90
96.70
96.30
96.31
95.61
95.57
95.77
96.40
95.22
95.45
95.94
96.14
96.34
96.21
95.91
95.67
95.92
96.56
95.53
95.78
96.18
95.04
96.69
96.65
96.29
95.57
95.30
95.49
96.30
95.19
95.99
96.41
94.60
95.95
95.68
96.11
95.72
93.73
96.40
96.31
95.00
96.58
95.52
96.30
93.10
94.60
96.15
96.24
95.50
95.93
96.33
95.84
95.09
96.70
96.64
96.22
95.39
96.73
96.11
95.83
95.28
94.55
95.98
95.64
96.15
95.43
95.88
95.38
95.80
95.78
95.19
96.42
96.35
96.47
95.52
95.85
95.20
94.59
94.96
96.42
95.50
95.50
95.90
95.48
95.74
95.19
96.52
95.82
96.50
96.38
96.54
95.73
95.27
95.54
96.65
96.70
95.26
96.61
95.79
96.98
94.76
95.71
96.19
96.57
95.85
94.77
96.45
96.51
96.26
96.17
96.73
96.01
95.63
94.27
96.31
94.84
94.32
95.90
96.27
95.32
97.03
95.94
96.19
94.91
96.44
96.10
94.58
95.22
96.45
96.50
94.28
96.21
93.63
96.11
95.71
97.09
95.59
95.20
96.68
96.77
96.21
96.82
95.35
96.05
96.28
95.96
96.13
95.01
95.88
95.53
95.66
96.28
96.02
93.51
95.64
95.71
96.91
96.51
94.69
92.81
96.54
95.95
96.19
96.08
94.37
95.29
95.37
95.89
96.24
96.23
95.13
95.40
96.89
96.00
96.09
95.77
96.13
94.73
96.29
95.26
92.85
95.57
96.23
95.95
96.80
95.49
93.73
95.69
94.32
96.23
94.72
94.97
96.65
95.86
95.42
95.96
96.00
96.23
95.59
92.48
96.23
96.16
94.74
95.92
95.22
95.84
95.15
95.84
95.99
96.23
94.09
94.90
96.10
96.04
96.16
94.76
96.50
96.52
95.72
95.23
95.76
96.05
96.27
96.98
95.95
95.53
94.40
96.25
96.33
96.23
96.22
96.44
96.78
92.56
96.61
95.60
96.40
96.68
95.42
95.84
96.97
95.04
94.96
95.89
96.50
95.48
96.57
95.71
95.79
96.61
94.39
95.65
94.69
95.74
95.31
95.88
95.15
96.44
95.83
96.40
95.27
96.36
96.29
95.70
94.29
95.55
95.88
95.95
94.90
95.84
96.24
95.36
95.60
95.81
95.37
95.68
95.42
95.83
95.71
94.63
95.76
93.68
97.09
95.81
96.56
96.67
95.14
95.30
95.78
96.61
95.57
95.88
94.52
96.81
96.47
96.06
96.62
94.60
95.77
95.39
95.96
96.12
96.64
95.69
96.62
96.25
96.60
96.30
96.07
95.91
96.44
96.62
95.75
95.82
95.39
95.77
96.44
95.88
96.56
95.41
93.60
95.81
94.84
96.21
96.22
96.04
96.21
96.07
96.43
94.60
96.14
94.52
96.30
95.31
95.56
96.77
94.26
94.89
96.00
95.04
96.00
95.48
96.33
95.82
95.06
95.91
95.49
96.00
95.49
96.41
95.45
96.81
95.19
95.97
95.15
96.55
94.68
95.35
96.19
96.19
95.73
94.80
96.70
95.56
94.38
96.48
96.71
95.20
96.68
95.35
94.98
95.88
95.40
92.85
95.80
96.47
96.01
96.10
96.27
96.68
96.15
96.00
95.91
96.00
96.19
96.13
96.67
92.36
95.42
96.04
94.61
96.39
96.48
96.23
96.33
96.84
96.12
95.73
96.60
95.36
96.57
96.02
96.65
96.33
96.15
96.37
95.61
95.81
95.01
96.60
94.93
96.12
96.38
95.78
95.57
95.90
94.23
95.03
96.74
96.21
96.48
96.34
94.60
95.25
93.91
95.75
95.30
95.90
96.54
96.52
94.32
94.82
96.02
95.06
95.15
96.06
95.80
96.77
96.78
96.35
95.91
94.33
94.78
95.65
96.14
93.65
96.98
95.19
95.85
95.94
94.71
95.64
95.93
95.67
95.67
93.62
95.67
94.53
95.57
96.28
95.99
95.61
95.93
96.06
95.32
96.51
96.00
95.55
95.98
96.55
96.37
96.10
95.52
96.68
96.25
95.85
95.66
95.67
96.41
96.28
95.28
95.04
96.33
95.93
96.31
95.63
96.57
95.11
94.21
95.58
96.69
95.77
96.70
96.12
95.09
96.01
94.52
96.41
96.77
95.98
95.86
95.81
96.61
96.20
96.67
96.56
96.46
95.35
95.39
96.44
94.67
96.28
96.15
95.98
95.37
97.14
95.33
96.96
96.34
95.88
94.86
95.35
95.74
95.27
96.08
95.12
95.77
95.99
96.43
94.77
96.57
95.93
94.46
96.50
95.46
96.64
95.58
95.39
96.74
96.88
95.53
95.62
95.40
96.48
96.32
96.45
94.61
96.04
94.34
95.80
94.31
95.49
96.34
96.44
96.29
95.19
95.92
96.49
94.49
94.70
94.50
95.67
96.79
95.00
95.43
95.45
96.22
96.16
96.73
95.82
95.71
96.03
96.86
96.91
95.80
95.64
95.46
96.23
95.40
95.30
95.69
95.63
96.13
96.39
96.13
95.40
96.57
94.71
96.20
96.59
96.14
96.42
95.59
95.86
96.66
94.40
96.46
95.37
96.04
95.46
96.40
97.04
96.51
95.56
95.73
94.58
95.48
96.55
95.64
95.53
95.31
95.14
95.17
93.93
93.70
96.10
91.90
96.09
95.97
96.59
95.72
94.33
95.55
94.82
96.08
96.11
96.14
96.12
94.85
96.17
95.96
95.30
96.46
95.70
96.03
95.82
95.32
96.01
93.45
94.88
95.97
95.24
96.26
95.79
96.13
96.58
95.79
96.16
95.80
96.52
95.93
95.55
96.53
96.02
96.33
96.14
96.29
95.80
95.74
95.89
95.81
94.05
95.79
96.79
95.75
96.41
96.35
96.44
95.26
95.90
95.55
96.45
95.62
95.50
93.92
94.60
95.61
96.45
95.51
93.92
96.65
96.16
93.63
95.65
95.90
96.08
95.49
96.56
96.08
95.75
94.46
