97.41
97.83
97.78
97.83
97.89
97.52
97.89
97.68
97.57
97.67
97.76
97.59
97.40
97.58
97.67
97.91
97.71
97.57
97.90
97.59
97.55
97.77
97.54
97.90
97.77
97.82
97.65
97.72
97.82
97.90
97.57
97.71
97.78
97.72
97.69
97.73
97.68
97.65
97.67
97.70
97.68
97.81
97.81
97.67
97.78
97.82
97.44
97.80
97.70
97.80
97.46
97.78
97.67
97.59
97.76
97.78
97.54
97.80
97.71
97.82
97.85
97.95
97.68
97.67
97.70
97.83
97.80
97.71
97.52
97.77
97.68
97.61
97.82
97.84
97.65
97.51
97.82
97.87
97.77
97.71
97.70
97.38
97.84
97.68
97.77
97.71
97.65
97.68
97.84
97.82
97.75
97.61
97.78
97.89
97.77
97.71
97.77
97.53
97.82
97.63
97.74
97.75
97.68
97.75
97.63
97.71
97.70
97.59
97.69
97.85
97.74
97.65
97.67
97.77
97.90
97.63
97.69
97.61
97.72
97.93
97.76
97.58
97.59
97.71
97.46
97.65
97.75
97.69
97.89
97.74
97.45
97.79
97.75
97.61
97.54
97.71
97.84
97.71
97.72
97.79
97.63
97.60
97.69
97.68
97.73
97.67
97.59
97.72
97.62
97.67
97.82
97.73
97.64
97.63
97.70
97.79
97.72
97.61
97.59
97.70
97.58
97.60
97.84
97.63
97.81
97.73
97.69
97.77
97.56
97.72
97.83
97.82
97.77
97.63
97.80
97.73
97.67
97.80
97.76
97.72
97.76
97.96
97.77
97.69
97.70
97.77
97.76
97.75
97.79
97.58
97.69
97.66
97.87
97.75
97.52
97.70
97.62
97.64
97.71
97.70
97.80
97.83
97.73
97.63
97.67
97.57
97.74
97.71
97.70
97.58
97.70
97.72
97.72
97.67
97.55
97.89
97.67
97.76
97.61
97.83
97.77
97.80
97.62
97.68
97.79
97.76
97.71
97.80
97.63
97.78
97.50
97.39
97.83
97.61
97.56
97.95
97.73
97.64
97.54
97.81
97.82
97.66
97.81
97.77
97.78
97.67
97.78
97.77
97.74
97.75
97.63
97.75
97.76
97.77
97.79
97.62
97.77
97.75
97.65
97.74
97.85
97.76
97.58
97.54
97.57
97.52
97.77
97.77
97.47
97.81
97.75
97.77
97.65
97.83
97.37
97.61
97.59
97.76
97.66
97.69
97.69
97.77
97.67
97.78
97.68
97.65
97.78
97.80
97.70
97.53
97.73
97.70
97.85
97.74
97.82
97.75
97.74
97.39
97.66
97.78
97.90
97.70
97.81
97.56
97.56
97.59
97.60
97.63
97.84
97.75
97.66
97.71
97.85
97.72
97.59
97.72
97.70
97.81
97.75
97.77
97.67
97.50
97.52
97.62
97.71
97.76
97.82
97.63
97.91
97.58
97.56
97.68
97.79
97.66
97.66
97.80
97.75
97.55
97.83
97.69
97.72
97.71
97.85
97.69
97.82
97.65
97.46
97.77
97.63
97.71
97.69
97.85
97.67
97.78
97.76
97.80
97.85
97.90
97.65
97.76
97.74
97.72
97.61
97.82
97.74
97.85
97.92
97.68
97.72
97.69
97.70
97.62
97.68
97.63
97.71
97.95
97.57
97.85
97.53
97.64
97.66
97.87
97.74
97.79
97.54
97.67
97.54
97.79
97.70
97.66
97.86
97.74
97.77
97.73
97.59
97.74
97.92
97.77
97.69
97.78
97.70
97.78
97.80
97.84
97.71
97.87
97.63
97.63
97.85
97.71
97.65
97.63
97.75
97.55
97.77
97.76
97.66
97.73
97.82
97.56
97.81
97.65
97.77
97.68
97.56
97.75
97.69
97.65
97.65
97.78
97.90
97.77
97.89
97.70
97.76
97.80
97.72
97.81
97.63
97.85
97.87
97.78
97.76
97.56
97.77
97.61
97.73
97.69
97.65
97.88
97.64
97.52
97.68
97.71
97.61
97.83
97.89
97.69
97.87
97.88
97.75
97.71
97.82
97.81
97.48
97.76
97.66
97.72
97.61
97.77
97.69
97.84
97.68
97.81
97.74
97.76
97.87
97.85
97.60
97.65
97.71
97.82
97.72
97.77
97.78
97.66
97.64
97.81
97.84
97.58
97.67
97.69
97.70
97.68
97.67
97.96
97.68
97.82
97.75
97.80
97.90
97.79
97.70
97.67
97.70
97.80
97.70
97.73
97.60
97.57
97.73
97.53
97.79
97.74
97.74
97.76
97.71
97.70
97.70
97.62
97.70
97.64
97.85
97.58
97.85
97.55
97.69
97.71
97.63
97.66
97.72
97.82
97.83
97.73
97.73
97.81
97.68
97.85
97.88
97.66
97.92
97.54
97.73
97.64
97.66
97.76
97.61
97.63
97.70
97.69
97.99
97.68
97.72
97.54
97.74
97.86
97.78
97.69
97.63
97.80
97.72
97.73
97.70
97.67
97.66
97.74
97.69
97.69
97.64
97.61
97.65
97.76
97.78
97.78
97.81
97.86
97.53
97.58
97.69
97.55
97.78
97.76
97.57
97.48
97.86
97.81
97.80
97.59
97.72
97.88
97.70
97.66
97.70
97.82
97.68
97.74
97.97
97.62
97.87
97.88
97.86
97.64
97.65
97.62
97.75
97.71
97.79
97.83
97.81
97.69
97.68
97.66
97.58
97.67
97.79
97.64
97.67
97.76
97.89
97.79
97.52
97.57
97.73
97.88
97.63
97.67
97.89
97.81
97.74
97.64
97.76
97.86
97.74
97.73
97.89
97.65
97.84
97.59
97.81
97.65
97.73
97.80
97.65
97.52
97.58
97.64
97.67
97.84
97.67
97.67
97.67
97.70
97.56
97.66
97.70
97.78
97.40
97.76
97.76
97.80
97.79
97.89
97.73
97.72
97.68
97.64
97.69
97.71
97.74
97.67
97.77
97.81
97.81
97.67
97.82
97.80
97.77
97.82
97.77
97.77
97.83
97.87
97.67
97.72
97.54
97.68
97.62
97.76
97.61
97.64
97.58
97.70
97.85
97.69
97.76
97.69
97.75
97.68
97.65
97.82
97.68
97.75
97.78
97.63
97.78
97.57
97.57
97.60
97.71
97.80
97.58
97.55
97.51
97.70
97.71
97.57
97.72
97.72
97.53
97.76
97.88
97.63
97.55
97.50
97.79
97.78
97.90
97.75
97.64
97.78
97.63
97.78
97.54
97.76
97.78
97.71
97.74
97.51
97.60
97.71
97.76
97.40
97.67
97.86
97.66
97.72
97.71
97.65
97.66
97.83
97.72
97.81
97.57
97.79
97.70
97.82
97.63
97.71
97.92
97.70
97.81
97.67
97.79
97.88
97.58
97.65
97.67
97.54
97.69
97.67
97.53
97.72
97.76
97.87
97.56
97.75
97.53
97.64
97.66
97.79
97.80
97.63
97.76
97.86
97.67
97.67
97.81
97.97
97.69
97.76
97.70
97.59
97.73
97.55
97.78
97.58
97.69
97.67
97.75
97.81
97.51
97.79
97.73
97.86
97.78
97.83
97.73
97.72
97.73
97.68
97.76
97.59
97.76
97.76
97.71
97.96
97.55
97.66
97.86
97.84
97.76
97.71
97.62
97.77
97.82
97.71
97.76
97.73
97.69
97.80
97.70
97.73
97.87
97.86
97.80
97.64
97.67
97.66
97.76
97.62
97.68
97.68
97.61
97.73
97.78
97.60
97.60
97.65
97.63
97.75
97.72
97.72
97.88
97.83
97.67
97.79
97.86
97.99
97.80
97.61
97.79
97.82
97.75
97.75
97.64
97.56
97.71
97.59
97.68
97.60
97.74
97.76
97.79
97.67
97.68
97.91
97.42
97.67
97.82
97.83
97.80
97.78
97.86
97.71
97.60
97.78
97.69
97.82
97.75
97.66
97.66
97.81
97.76
97.62
97.68
97.96
97.88
97.69
97.81
97.78
97.54
97.69
97.73
97.67
97.75
97.79
97.86
97.85
97.55
97.73
97.68
97.71
97.57
97.79
97.74
97.69
97.72
97.46
97.54
97.62
97.83
97.65
97.65
97.65
97.87
97.77
97.86
97.61
97.63
97.83
97.82
97.83
97.63
97.75
97.64
97.86
97.89
97.72
97.78
97.75
97.69
97.76
97.73
97.68
97.52
97.69
97.70
97.55
97.76
97.82
97.78
97.70
97.82
97.84
97.55
97.73
97.61
97.78
97.86
97.38
97.66
97.78
97.73
97.81
97.77
97.80
97.61
97.73
97.80
97.77
97.73
97.75
97.87
97.78
97.72
97.69
97.76
97.70
97.81
97.68
97.91
97.56
97.67
97.80
97.68
97.53
97.54
97.70
97.65
97.70
97.55
97.70
97.24
97.85
97.70
97.71
97.50
97.64
97.61
97.73
