96.90
97.33
97.44
97.56
97.07
96.17
97.67
97.90
97.61
97.72
97.66
97.76
97.43
97.64
97.77
97.67
98.11
97.68
97.43
97.00
98.14
97.78
97.48
97.26
97.77
97.77
97.90
97.65
97.61
97.10
97.74
97.59
97.47
97.55
97.81
97.78
97.39
96.67
97.60
97.11
97.74
97.70
97.71
97.66
97.90
97.72
97.47
98.02
97.69
97.54
97.49
97.61
97.31
97.26
97.88
97.23
97.81
97.10
97.72
97.10
97.77
97.62
97.74
97.45
97.76
98.08
97.66
97.69
97.73
97.46
98.07
97.73
97.82
97.65
97.65
97.38
97.33
97.67
96.83
97.28
97.44
97.61
97.73
96.82
97.14
97.74
97.65
97.23
97.42
97.80
97.15
97.74
97.33
97.75
97.60
97.68
97.31
98.03
97.65
97.49
97.68
97.08
97.58
97.60
97.49
97.65
97.43
97.75
97.33
97.62
97.75
97.94
97.82
98.23
97.53
97.48
97.79
97.51
97.42
96.88
97.57
97.61
96.73
97.82
97.83
97.91
97.52
97.55
97.46
97.95
97.76
96.49
97.69
97.69
98.03
97.46
97.61
97.40
97.18
97.93
97.44
96.94
97.64
97.66
97.62
97.33
97.57
97.72
97.35
97.59
97.90
97.99
97.51
97.45
97.91
97.67
97.53
97.63
97.19
97.53
97.15
97.61
97.87
97.93
97.56
97.68
98.03
97.69
96.70
97.79
97.10
97.99
97.04
97.52
97.67
97.62
97.57
97.61
97.31
97.33
97.38
97.49
97.25
97.80
97.63
97.65
97.45
98.04
97.28
97.48
98.00
97.91
97.02
98.05
97.98
97.57
97.60
96.14
96.09
97.46
98.07
97.97
97.46
97.68
97.73
97.84
97.41
97.53
98.00
97.43
97.88
97.90
97.49
97.47
97.81
97.43
97.78
97.69
98.08
97.79
97.75
97.98
97.64
96.38
97.23
97.47
96.89
97.62
98.06
97.97
97.72
97.80
97.38
97.87
97.86
98.21
97.57
97.37
98.00
97.27
97.81
97.33
97.94
97.49
97.57
97.33
97.36
97.50
97.50
96.90
97.43
98.01
97.63
97.62
97.42
97.74
97.57
97.47
97.66
96.93
97.51
98.03
97.77
97.49
97.40
97.82
97.48
97.15
97.54
97.50
97.50
97.96
97.43
97.81
97.90
97.55
98.10
97.84
97.48
97.62
97.30
97.85
97.32
97.39
97.39
97.45
97.37
97.88
97.78
98.03
98.10
97.84
98.06
96.38
97.44
97.46
97.59
96.45
97.44
97.71
97.73
97.98
97.69
97.71
97.93
97.75
97.78
97.57
97.84
97.05
97.26
97.69
97.56
97.69
97.49
97.87
97.99
97.79
97.47
97.91
97.78
97.12
98.09
97.90
97.69
97.79
97.62
96.71
97.78
97.58
97.78
97.92
97.70
97.61
97.10
97.10
98.05
97.54
97.60
97.60
97.83
97.94
98.06
97.20
97.74
97.67
97.44
97.63
98.09
97.62
97.42
97.23
97.57
97.69
97.58
98.02
97.62
97.69
98.13
97.26
97.71
97.65
97.97
97.30
97.45
97.64
97.68
97.49
97.47
97.61
97.52
97.72
97.83
97.54
97.67
97.61
98.08
97.70
97.30
97.32
97.59
98.02
97.96
97.49
97.61
97.58
97.93
97.11
97.69
97.70
97.85
97.75
97.52
96.62
96.52
97.81
97.23
97.42
97.80
97.99
96.13
97.57
97.49
97.46
97.70
97.37
98.14
97.52
97.65
97.17
97.98
97.34
97.96
97.04
97.49
97.36
97.88
97.67
97.58
97.70
97.61
97.65
98.15
97.78
97.51
97.65
97.56
97.66
97.89
98.12
97.98
97.28
97.70
97.68
97.45
97.97
97.65
97.78
97.71
97.92
98.09
97.86
97.82
97.73
97.85
97.75
97.50
97.94
97.25
97.43
97.98
98.05
97.87
97.47
98.05
97.90
97.32
97.63
97.86
97.84
97.53
97.48
97.33
98.04
97.73
96.86
97.38
97.58
97.65
97.29
97.83
98.22
97.77
97.49
97.48
97.26
97.39
97.99
98.18
98.05
97.72
97.49
96.88
97.72
97.93
97.80
97.23
97.85
97.72
97.85
97.62
97.90
97.52
97.73
97.83
96.94
97.53
97.70
97.55
97.87
97.41
97.64
97.48
97.38
97.36
97.29
97.61
97.55
97.98
97.91
97.40
97.71
97.51
97.78
97.75
97.81
97.15
97.68
98.06
97.81
97.95
97.07
97.91
96.57
98.01
97.31
98.01
97.77
97.66
97.43
97.42
97.66
97.58
97.27
97.45
97.84
97.20
97.57
97.70
97.54
97.74
98.01
97.44
97.79
97.56
97.84
96.18
97.75
97.79
97.82
97.75
97.75
97.45
97.22
97.72
97.19
97.66
97.95
97.34
97.57
97.45
97.36
97.68
97.96
97.84
97.01
97.26
97.92
97.31
96.75
98.20
97.92
97.53
97.73
97.94
97.87
97.82
97.55
97.73
97.47
97.10
97.76
97.64
97.98
97.77
97.82
97.62
97.60
97.93
98.02
97.66
97.58
97.90
97.55
97.63
97.59
98.13
97.57
97.61
97.89
97.51
98.10
97.56
97.36
97.74
97.60
97.14
97.44
97.47
96.75
97.92
98.06
97.60
97.44
97.56
97.76
97.36
97.19
97.59
97.69
97.71
97.62
98.11
97.69
97.59
97.47
97.62
97.36
97.70
97.86
96.56
98.06
97.63
97.28
97.06
97.55
96.89
97.16
97.80
97.63
97.61
97.11
96.63
97.44
97.32
97.66
96.93
98.08
97.61
97.35
97.78
97.64
98.18
97.97
97.78
97.20
97.82
97.33
97.31
97.78
97.83
97.61
97.30
97.91
97.03
97.35
98.18
97.83
97.97
97.91
97.26
97.58
96.92
98.00
97.78
97.30
97.62
97.93
97.78
97.22
97.54
97.83
97.70
98.08
97.57
97.23
97.85
97.58
98.20
97.76
97.40
97.38
97.81
97.52
97.43
96.64
97.43
97.62
97.61
97.29
97.65
97.81
97.38
97.24
97.65
97.74
97.11
97.98
97.84
96.89
97.30
97.53
97.32
97.46
97.31
97.49
97.75
97.77
97.35
97.56
96.94
97.43
97.30
97.98
97.56
97.41
97.27
97.28
97.00
97.31
96.95
96.51
97.61
96.75
97.73
97.81
97.66
97.68
97.02
97.45
97.06
97.47
97.75
97.57
97.57
97.72
96.89
97.20
97.23
97.66
97.85
97.35
97.59
97.48
97.55
97.58
97.92
97.80
97.76
97.52
98.08
97.15
97.54
97.29
97.63
96.83
98.11
97.51
96.89
96.93
97.92
97.68
97.67
98.02
97.89
97.49
97.96
97.93
97.45
97.70
97.31
97.15
97.75
97.37
97.98
97.15
97.51
97.82
97.85
97.86
97.61
97.55
97.70
97.65
97.78
98.00
96.88
97.88
97.75
98.16
97.81
97.40
97.73
97.92
97.44
97.27
97.41
97.93
97.25
97.63
96.59
97.21
97.97
98.15
96.89
98.01
96.94
97.69
97.49
97.67
97.40
97.48
97.92
96.87
97.07
97.30
97.92
98.01
97.71
97.52
97.82
97.95
97.78
97.24
98.02
97.56
96.78
97.94
97.75
97.70
97.62
97.26
97.71
97.09
97.94
97.45
97.31
96.76
97.64
97.48
97.17
98.03
97.69
97.38
97.92
97.41
97.57
97.85
97.79
96.68
97.48
96.96
97.56
97.87
97.98
97.43
97.62
97.18
97.11
97.25
98.02
97.69
97.10
97.61
97.64
97.91
97.66
97.51
98.07
97.83
97.77
97.82
97.50
97.66
96.82
97.63
97.91
97.58
97.19
97.02
98.03
97.06
97.57
97.87
97.99
97.87
97.47
97.73
97.99
97.70
97.11
97.84
97.34
97.47
97.90
97.17
96.80
97.80
98.01
97.50
98.09
97.69
97.66
97.12
96.80
98.12
97.41
97.36
97.50
98.11
97.62
97.19
97.23
97.61
97.81
97.57
97.66
97.75
98.01
97.66
97.51
97.76
97.66
97.66
97.61
97.62
97.24
97.71
97.55
97.81
97.66
97.78
97.32
97.52
96.22
96.60
97.55
97.73
96.41
97.60
97.94
97.70
97.66
97.95
97.88
96.16
97.95
97.54
97.89
97.83
97.90
97.74
97.66
97.87
97.68
97.74
97.52
97.03
97.18
97.36
97.70
96.49
97.79
97.84
97.65
97.78
98.01
97.78
97.46
97.85
97.02
97.02
97.56
97.76
97.68
97.52
97.70
97.38
97.37
97.61
97.93
97.81
97.17
97.52
97.83
97.80
97.53
97.87
97.77
97.75
