95.40
94.64
95.06
95.49
94.85
95.20
95.10
95.88
94.70
94.55
95.13
94.14
95.50
95.39
95.25
95.11
95.34
95.68
95.84
94.87
95.38
94.78
94.85
95.02
95.15
95.56
95.01
95.17
95.56
95.61
95.58
94.90
95.44
94.32
94.71
95.42
94.58
95.47
95.45
94.29
94.79
94.09
95.32
95.48
95.34
94.51
95.30
94.83
95.69
95.02
94.47
95.40
95.26
94.17
95.29
94.31
95.16
95.45
94.98
95.36
94.87
94.48
95.20
94.97
94.95
94.90
94.94
94.78
95.11
95.43
94.99
94.82
95.71
95.17
95.01
94.62
93.87
95.10
95.27
95.22
93.92
95.31
94.81
95.18
95.40
94.35
94.27
95.54
95.02
94.41
95.63
95.31
95.33
94.92
94.98
95.38
94.49
95.25
95.22
95.51
95.52
95.52
94.59
95.44
94.78
94.48
94.75
95.12
95.17
95.21
94.90
94.79
94.40
95.14
95.31
95.00
94.74
94.75
95.68
95.73
95.43
95.35
95.32
94.83
95.28
95.19
94.94
95.35
94.76
95.33
95.57
94.54
95.74
95.17
95.53
95.24
94.23
95.35
95.41
93.56
95.04
94.80
95.34
94.67
94.33
94.87
94.59
95.17
94.74
94.40
95.57
95.04
94.81
95.29
95.51
95.77
94.16
95.00
94.83
95.11
94.90
94.92
94.76
94.86
94.84
94.76
95.15
94.28
93.41
95.18
94.69
95.42
94.91
94.87
94.66
95.03
94.44
94.64
94.49
94.57
95.80
94.84
95.36
92.90
95.46
93.86
95.48
94.15
95.31
94.79
94.01
95.29
95.59
95.88
95.71
94.60
95.21
94.81
95.09
94.78
94.89
95.97
95.33
95.47
95.35
94.75
94.48
95.21
95.25
95.29
95.83
96.02
95.15
95.71
94.98
95.04
95.06
95.45
94.81
95.88
94.93
94.69
95.59
94.98
94.73
95.11
95.05
95.40
95.17
95.32
94.87
94.89
95.01
93.89
95.30
95.29
95.34
94.55
94.22
95.37
94.76
94.79
94.91
95.14
94.42
94.75
94.35
95.74
94.88
95.34
95.62
95.19
94.95
94.92
94.91
95.41
94.76
95.66
94.77
93.46
95.37
95.90
95.58
94.67
95.22
93.96
94.50
95.13
95.16
95.20
95.18
95.23
93.22
95.49
95.28
94.32
94.83
94.63
92.73
95.43
95.00
94.81
95.65
95.26
94.57
95.05
94.21
95.08
95.79
95.02
95.48
94.70
95.11
95.44
95.29
94.36
95.20
94.82
93.67
95.31
95.16
95.30
93.88
94.55
95.04
95.00
95.62
94.59
94.63
95.08
94.88
95.10
94.45
94.75
95.64
94.60
95.71
94.60
94.94
94.94
94.78
94.48
95.38
95.25
94.44
94.88
94.69
95.32
95.30
94.55
94.52
94.99
95.04
95.49
95.67
95.15
94.39
95.44
90.47
94.94
95.51
94.88
95.71
94.77
95.79
95.22
94.68
94.87
94.84
94.30
94.60
95.44
93.73
95.48
94.99
94.38
94.99
93.64
94.53
95.41
94.72
95.66
94.97
94.95
94.39
94.79
94.50
95.32
94.85
94.57
94.67
95.40
94.57
94.27
94.50
94.98
95.11
95.17
95.45
95.11
95.03
95.44
95.90
94.61
94.69
94.41
94.81
95.60
94.20
95.58
94.65
95.21
95.08
94.26
94.60
95.51
95.39
95.37
95.28
95.34
93.97
95.13
94.82
95.41
95.56
94.84
95.11
95.58
95.28
95.49
95.89
94.75
94.06
94.77
94.27
95.30
95.14
93.87
94.40
95.07
95.06
95.75
95.28
95.39
94.62
95.65
94.52
95.37
94.53
94.87
95.54
94.23
95.18
95.52
95.53
94.93
95.29
95.09
94.24
94.73
94.77
94.25
95.20
94.96
94.19
95.39
95.66
94.91
94.01
95.39
95.23
94.67
95.21
95.37
94.58
95.18
94.57
95.48
95.40
94.53
94.82
95.52
95.37
95.13
95.33
94.29
95.59
95.20
95.34
95.33
95.35
95.29
94.94
95.08
94.84
95.90
94.61
95.59
95.23
95.23
95.18
95.29
95.19
95.30
94.56
95.46
94.78
95.43
94.33
94.59
95.22
94.71
94.98
95.10
94.99
95.20
94.59
94.73
94.99
95.46
95.16
94.38
95.08
95.04
95.21
94.00
94.32
94.92
94.73
94.08
95.23
94.83
94.96
94.08
95.45
94.69
95.68
95.10
95.55
94.09
95.11
95.48
94.75
94.89
94.15
95.31
95.07
95.38
95.01
95.13
94.37
95.61
94.82
95.38
94.42
95.59
95.35
94.86
95.46
95.19
94.49
95.76
95.65
94.64
95.51
95.55
94.87
95.60
95.72
95.69
95.04
95.27
95.01
95.79
95.56
95.03
95.64
94.73
95.06
94.96
95.19
94.83
94.55
94.36
95.15
93.80
95.19
95.17
95.14
94.88
95.15
95.26
95.54
96.16
94.84
95.19
95.25
95.52
95.67
95.23
94.89
95.41
95.54
95.47
95.45
95.46
94.45
95.96
94.73
95.24
95.52
94.50
93.63
94.77
95.66
95.17
94.48
95.59
94.97
95.18
94.86
95.01
95.27
95.37
95.29
95.15
94.70
95.73
95.66
95.52
94.77
95.12
94.55
95.67
94.89
95.06
94.52
95.42
95.37
94.67
95.07
95.43
95.22
94.27
95.22
94.86
95.51
94.02
94.95
94.79
95.81
94.39
94.29
95.34
95.05
94.27
95.10
95.58
96.00
94.99
95.34
95.29
94.98
94.88
94.15
95.51
95.06
95.13
95.05
94.69
95.02
93.87
94.58
94.90
95.08
94.79
94.89
93.98
95.30
95.28
94.84
95.03
93.75
94.94
95.76
95.76
95.04
95.06
95.57
94.82
95.14
95.01
95.09
95.56
94.42
95.15
95.06
95.10
94.77
93.97
95.59
94.84
95.89
94.78
95.21
95.21
95.44
95.19
94.81
94.56
95.12
94.86
95.40
95.57
95.54
95.08
92.92
95.50
94.98
95.08
95.45
95.53
94.81
94.66
95.58
95.11
94.95
95.26
93.50
94.87
93.92
95.31
94.85
95.38
95.24
94.32
95.50
95.03
95.24
93.93
95.10
95.80
95.19
95.26
95.17
94.61
95.48
95.48
95.07
94.60
93.15
94.08
95.18
94.99
95.46
95.04
95.66
94.81
95.52
95.57
95.49
95.18
95.17
95.19
94.89
95.80
95.13
95.15
95.48
95.49
94.77
95.27
94.84
95.03
95.51
94.53
95.63
94.71
94.63
94.87
95.79
94.23
94.65
94.41
94.29
94.73
94.36
95.60
95.25
95.77
94.91
94.98
95.43
94.83
95.11
95.17
94.56
94.09
95.21
94.64
95.36
94.71
95.08
94.58
94.06
94.58
95.24
95.41
95.53
93.69
94.77
95.03
95.16
95.29
95.40
95.31
94.65
95.03
93.09
95.88
94.03
95.49
94.23
95.21
94.52
95.23
95.47
95.21
93.94
94.86
95.28
94.84
95.62
94.61
94.73
95.05
92.48
95.14
94.56
95.12
95.09
94.90
92.75
95.13
95.19
95.43
95.04
95.43
95.23
95.43
95.22
95.31
94.86
94.97
94.99
95.29
95.46
95.41
95.09
94.75
94.49
95.07
95.51
95.01
95.25
95.45
94.93
94.64
95.05
94.47
94.74
95.47
94.97
95.60
95.29
95.22
95.03
95.23
95.52
94.93
94.84
94.31
94.75
94.97
94.15
94.51
95.02
95.32
95.69
94.98
94.76
94.29
95.47
95.12
94.59
95.06
95.19
95.07
95.61
95.66
95.37
95.02
95.42
95.60
94.66
95.27
94.77
94.40
95.35
95.35
93.18
95.16
95.15
94.88
95.47
95.23
95.00
94.62
95.72
94.75
94.75
95.73
94.26
95.42
94.61
95.29
95.49
95.49
95.95
94.13
95.17
94.02
95.51
95.18
94.57
95.02
95.27
95.22
94.59
94.68
94.80
95.47
95.38
93.94
95.56
95.17
95.00
95.34
95.68
95.71
95.56
95.40
94.68
94.91
94.89
94.81
94.56
94.73
95.68
95.84
95.23
95.33
95.16
95.20
95.52
94.93
94.65
95.14
93.58
95.31
95.68
95.02
94.68
95.57
95.11
95.25
95.18
95.29
94.69
95.61
95.38
93.80
94.80
95.26
94.39
95.57
95.44
95.12
94.02
95.07
95.57
95.32
94.84
95.18
94.99
95.73
95.13
94.12
95.50
95.14
94.86
95.62
94.98
95.27
95.84
95.30
95.43
95.15
94.24
94.70
95.29
94.98
95.03
95.00
95.69
94.87
95.28
94.68
95.44
95.28
