93.27
92.34
92.32
92.10
92.26
94.35
91.78
93.66
91.33
93.46
91.95
92.81
92.79
92.62
93.71
91.95
90.49
94.03
93.12
93.04
92.74
90.16
93.71
92.49
93.23
92.55
93.33
93.26
92.13
92.96
92.80
93.12
91.31
91.74
88.78
92.90
93.52
92.56
92.89
90.12
93.18
92.81
89.99
92.52
92.30
92.83
92.50
93.11
93.05
91.21
93.53
91.27
90.08
92.37
92.26
92.88
92.62
91.62
93.40
90.94
89.13
93.56
94.24
92.86
93.23
91.85
92.17
92.94
92.91
90.21
93.41
92.52
91.77
93.06
91.40
92.97
92.11
89.71
93.21
92.54
92.09
92.52
92.06
93.43
93.31
93.15
92.11
91.50
93.04
92.88
92.55
91.20
93.48
92.04
91.16
93.65
92.89
92.94
92.78
93.00
92.33
91.76
92.46
93.70
93.12
93.63
93.17
93.60
93.52
92.21
92.67
93.18
93.39
93.97
92.80
93.43
93.17
91.97
93.82
93.22
93.41
88.47
91.30
93.46
92.38
90.99
93.54
92.60
92.88
92.03
93.80
90.93
92.35
93.28
92.99
92.99
92.67
90.43
92.50
91.23
93.60
91.95
92.47
93.99
91.72
93.12
92.13
90.91
93.13
93.05
93.40
94.04
93.57
91.37
93.49
92.16
94.29
91.27
93.67
92.30
93.78
91.82
93.91
91.68
90.20
92.71
92.60
93.76
92.31
93.27
92.12
93.31
93.07
93.25
89.78
92.53
92.96
92.40
93.27
90.67
92.79
92.39
93.89
93.40
92.68
93.90
92.59
92.92
92.18
94.33
93.05
91.93
91.49
93.45
92.27
93.83
92.46
92.57
91.52
90.04
92.48
92.19
93.45
91.22
92.10
87.91
92.51
94.46
93.94
92.37
90.66
92.51
90.67
93.44
93.52
93.54
94.00
92.72
93.20
93.69
93.48
93.43
90.47
91.66
94.24
91.79
94.33
93.81
91.14
90.14
92.03
93.46
93.07
91.82
93.65
93.21
92.38
89.86
90.98
92.45
92.15
92.95
93.08
93.40
93.20
93.21
91.99
91.95
93.78
94.11
93.55
91.95
93.32
94.18
91.93
91.86
91.55
93.64
92.72
92.97
93.53
92.33
93.31
92.55
93.43
93.55
93.38
91.60
92.91
91.30
92.94
93.04
93.15
91.60
93.40
93.64
93.20
92.67
92.44
92.17
93.90
93.28
92.87
91.36
91.03
91.97
92.91
93.55
92.51
89.13
92.13
92.68
91.29
92.72
92.90
93.17
93.03
92.08
91.77
93.17
93.51
92.41
92.89
93.62
93.16
90.33
93.30
91.45
93.72
89.74
91.63
91.11
94.19
92.79
92.14
93.87
92.98
91.82
93.77
91.21
93.59
91.99
92.09
90.24
91.84
93.61
92.51
92.13
92.72
93.20
92.85
94.01
92.72
93.05
93.49
94.00
93.81
91.65
93.61
94.49
88.57
92.98
93.28
94.21
91.57
93.66
92.31
93.07
93.46
91.31
92.95
92.30
91.59
91.48
93.17
92.09
92.37
93.18
92.77
90.48
92.36
92.01
91.17
92.95
89.95
92.87
92.66
93.44
94.19
93.19
91.71
93.41
94.10
93.98
92.75
94.10
93.31
93.53
94.17
90.07
92.69
91.54
92.67
92.96
92.45
93.51
92.50
92.09
93.39
93.14
93.02
93.54
93.50
91.01
93.55
93.40
93.48
92.88
92.27
93.74
92.18
91.58
92.02
91.84
93.46
93.56
92.52
93.17
92.10
92.12
93.54
92.22
92.41
91.87
92.39
92.92
90.86
92.54
94.03
93.63
92.05
93.07
91.05
90.95
92.02
93.28
91.78
92.29
93.11
92.97
92.00
92.28
93.98
91.83
92.80
91.14
91.52
92.65
93.49
92.69
91.21
92.72
92.38
94.38
92.63
92.83
91.69
92.15
94.77
92.61
91.56
92.96
93.19
93.94
92.36
93.23
93.08
92.26
92.43
92.54
92.86
93.16
92.90
92.83
92.09
92.42
92.06
90.96
93.29
93.63
92.90
93.36
90.99
93.23
94.45
92.56
92.75
93.50
92.21
94.03
93.88
90.36
92.35
91.56
92.83
93.40
91.65
92.67
92.62
93.30
92.43
93.97
91.88
92.83
90.87
91.70
93.22
92.56
90.64
88.28
93.98
91.84
92.11
93.58
91.28
93.29
93.92
92.72
93.37
93.88
91.84
94.41
91.33
93.16
92.52
90.86
92.80
93.39
92.28
93.16
93.35
93.73
93.83
91.66
92.74
92.73
92.16
91.37
91.58
92.07
92.55
93.67
90.97
91.52
91.89
91.32
91.63
94.40
92.24
93.83
93.65
91.56
93.26
93.13
91.05
89.64
93.69
93.61
91.36
91.48
93.69
92.83
92.39
93.24
93.49
92.22
91.94
90.31
92.73
93.44
93.15
92.99
92.22
93.84
93.37
92.59
93.86
92.66
90.46
91.88
92.76
91.75
90.55
93.28
93.42
93.16
92.28
92.39
90.55
91.98
92.87
92.31
93.80
93.43
91.57
92.08
93.42
93.10
93.07
91.73
93.42
91.96
92.02
94.18
93.32
93.73
91.37
91.71
92.27
93.50
92.51
88.49
93.59
94.14
93.96
91.69
92.37
93.20
92.73
92.29
91.90
92.40
91.86
91.68
92.47
87.87
92.67
93.01
92.73
91.52
92.52
93.62
92.82
92.71
93.90
92.07
93.26
92.57
91.16
92.56
91.87
93.10
91.94
92.94
93.22
92.08
92.94
93.26
92.11
93.21
92.40
92.91
93.42
93.61
92.69
88.12
94.09
94.31
94.13
89.30
93.63
92.24
91.50
93.25
90.73
92.13
93.41
90.53
92.26
92.19
92.15
92.49
93.29
93.08
92.61
92.34
92.65
94.23
91.82
93.54
93.88
90.63
93.52
92.22
92.48
89.83
91.51
92.72
92.21
92.63
92.24
92.83
92.85
92.95
93.08
93.24
93.74
92.91
93.19
92.44
93.31
93.80
93.62
92.31
93.16
92.84
93.53
92.76
92.57
93.02
94.17
92.82
91.04
93.13
92.99
93.34
91.40
93.60
89.95
92.64
93.00
92.49
93.16
90.17
93.83
92.41
92.33
93.52
93.54
93.04
92.71
90.86
92.33
91.34
92.24
91.72
93.08
93.22
92.95
92.83
93.01
91.86
93.23
91.16
91.77
92.38
92.51
93.04
94.08
93.99
93.21
91.92
90.08
93.91
92.88
92.05
90.07
93.02
93.11
93.21
93.87
93.43
93.46
93.35
93.21
93.47
91.62
93.80
93.32
90.99
93.52
92.79
93.07
94.45
92.85
92.68
93.34
93.50
93.83
93.47
92.45
93.19
93.71
93.60
93.56
92.72
93.30
92.93
93.72
93.07
93.88
93.74
92.05
92.89
92.08
93.08
91.59
91.17
93.79
91.41
91.17
89.31
92.51
93.11
92.53
91.30
91.45
92.86
92.37
89.34
92.86
93.41
93.11
91.82
92.27
92.79
90.06
93.39
93.40
93.60
93.01
93.14
91.60
93.29
91.09
91.88
92.38
91.75
90.07
92.72
93.74
93.12
93.72
92.96
91.38
93.92
92.55
90.70
92.10
92.90
93.63
94.10
92.37
92.83
93.69
94.06
92.51
92.43
92.18
93.49
93.41
92.41
91.07
91.94
91.74
92.62
92.60
93.54
92.97
93.71
92.08
94.04
91.88
93.76
91.24
92.42
93.48
93.71
92.74
92.60
92.37
93.64
93.23
92.70
93.42
92.49
91.98
91.53
94.66
92.57
93.20
93.15
92.48
91.80
94.55
90.51
93.46
91.91
88.10
93.06
93.78
93.17
93.29
93.32
93.12
93.09
92.82
93.03
91.40
93.15
92.58
93.30
92.28
93.88
93.31
92.71
92.38
90.91
91.51
94.13
92.24
93.86
91.20
90.94
92.55
93.49
93.97
92.14
93.47
92.06
89.53
93.48
90.79
92.79
92.95
92.98
91.81
92.98
92.74
91.02
93.07
93.78
94.20
92.79
92.18
90.15
92.54
93.45
92.53
92.80
92.68
92.65
92.96
92.75
93.22
91.68
93.62
93.23
92.94
94.07
92.45
94.02
92.58
91.67
93.45
92.98
93.26
93.06
93.85
93.92
93.00
93.59
93.01
91.02
91.23
92.87
92.71
93.37
92.25
93.38
92.12
92.79
93.38
92.30
93.02
92.49
92.03
91.45
92.80
93.70
93.56
91.03
92.08
92.21
91.77
93.46
91.87
92.24
93.30
93.17
92.63
93.82
92.89
92.63
93.96
94.66
93.56
93.55
94.46
91.78
92.63
93.36
91.38
92.77
93.31
92.96
93.55
93.68
93.76
91.48
