89.25
82.42
91.20
78.94
92.08
96.01
73.68
55.80
92.48
80.72
76.95
81.94
87.18
94.15
88.92
87.44
86.26
97.00
64.50
82.76
93.17
93.01
97.66
85.53
27.38
67.79
89.21
92.52
95.46
62.47
94.73
66.82
92.38
97.78
93.12
87.05
84.90
52.97
93.11
42.79
95.12
39.64
94.33
90.40
86.90
83.87
89.00
96.12
96.68
92.54
92.71
96.12
93.56
96.18
93.73
87.50
92.88
92.42
97.24
90.02
94.64
86.16
81.06
95.16
90.93
29.28
87.19
96.54
84.99
93.38
94.47
94.09
88.76
93.67
97.09
56.96
90.82
91.51
96.30
97.09
76.87
94.47
96.04
93.09
91.25
82.93
95.18
88.82
84.68
77.77
94.34
90.04
96.09
87.11
80.59
85.24
86.28
97.73
85.45
73.82
68.93
87.74
72.31
78.42
81.97
86.21
81.51
96.43
88.24
92.23
84.08
89.20
86.96
93.98
96.52
81.72
95.03
95.08
80.94
68.30
83.42
79.06
90.07
85.35
80.85
92.85
93.48
89.45
84.55
94.04
72.26
96.65
49.45
91.73
87.10
76.21
95.97
94.34
87.50
91.78
91.13
38.70
96.53
94.51
90.08
83.25
93.70
86.25
89.14
98.19
92.00
92.30
85.01
94.27
86.52
58.12
36.36
93.09
95.29
96.75
94.01
90.98
82.12
65.64
97.10
57.13
63.25
94.65
80.78
91.00
96.29
86.23
84.19
92.66
90.41
66.16
91.79
97.64
94.61
96.68
90.52
45.81
94.62
92.95
91.87
94.08
38.38
95.20
96.16
94.78
31.89
96.99
81.93
92.27
96.00
75.09
31.01
95.17
96.47
27.38
94.47
50.70
90.65
77.63
45.21
94.65
95.03
95.58
86.99
65.73
73.01
92.12
94.48
90.42
93.72
88.27
92.65
65.56
92.74
66.55
91.74
90.31
96.55
70.30
96.23
94.59
94.45
95.36
71.93
87.38
94.88
92.79
96.97
87.85
92.39
76.66
85.46
92.56
57.93
94.87
81.54
97.16
93.97
97.92
95.65
72.75
97.81
94.73
89.84
96.18
75.61
97.26
95.81
92.54
93.01
94.68
76.89
83.91
96.62
82.04
95.34
91.54
95.08
76.90
93.85
88.81
30.91
84.87
26.83
94.37
98.01
94.37
97.72
71.77
24.73
95.51
95.83
96.31
71.87
84.55
97.90
94.79
84.54
94.85
78.73
89.68
39.66
91.70
59.13
92.36
60.18
96.66
97.13
83.64
97.51
96.46
75.97
94.77
93.48
90.51
87.80
96.09
61.08
78.58
96.10
95.91
93.84
95.15
75.06
95.21
82.44
66.95
79.37
65.49
69.96
70.60
28.62
92.67
92.13
70.17
38.21
86.96
76.65
84.19
71.39
96.89
86.87
79.92
86.73
93.95
87.81
66.42
58.46
79.09
26.93
75.96
89.03
88.63
87.92
33.21
93.39
87.64
82.26
96.20
94.83
84.01
86.70
94.32
78.08
96.61
95.20
94.83
93.81
87.25
93.58
50.55
95.99
94.51
50.29
52.23
92.75
95.88
95.75
53.29
94.95
50.85
96.27
91.12
92.15
79.83
93.09
78.09
76.17
89.61
85.43
63.10
97.03
74.52
94.83
85.62
94.14
79.64
97.85
95.60
93.84
95.12
94.61
95.43
37.64
82.99
51.53
65.41
93.43
92.02
88.56
97.12
71.20
90.00
57.24
63.45
94.75
93.83
79.09
90.71
94.58
81.37
81.90
95.78
97.13
93.86
95.85
96.61
58.13
37.98
95.84
97.01
86.20
90.67
86.92
94.50
96.15
86.85
90.03
82.48
57.77
96.96
81.94
83.85
86.12
96.05
94.76
95.12
48.33
89.05
95.57
90.59
85.22
37.30
61.65
96.66
33.39
91.25
87.46
89.45
88.13
83.27
76.98
74.20
72.06
88.87
97.75
96.87
97.27
91.84
98.15
94.14
97.40
96.23
95.47
96.85
94.38
90.46
97.41
93.04
96.38
96.73
50.85
74.00
88.94
84.26
61.73
78.67
86.36
96.53
95.18
42.14
81.73
96.10
93.61
95.74
94.15
96.50
93.97
95.29
55.94
85.00
74.51
80.12
97.57
95.83
91.97
85.53
82.01
94.37
94.29
97.78
90.88
87.17
93.91
50.14
96.97
54.34
87.76
85.62
92.58
97.79
89.48
94.96
76.72
69.70
90.50
84.16
95.97
59.86
83.68
90.67
92.99
95.11
96.20
97.51
87.18
96.40
95.54
90.99
94.39
91.28
89.40
85.12
83.93
38.84
97.59
86.52
92.79
86.47
96.86
91.69
91.75
92.40
90.64
71.93
90.76
50.95
93.11
88.69
71.67
87.12
92.40
89.33
64.02
96.28
94.92
72.11
85.33
84.77
83.15
96.63
93.47
93.00
95.92
76.57
90.81
95.00
89.72
94.65
64.47
92.66
95.70
35.17
85.28
97.29
96.76
96.73
92.44
95.17
92.73
94.94
84.07
93.22
94.28
95.00
89.84
88.11
59.92
97.52
89.29
89.53
84.77
68.25
93.78
93.29
95.94
96.46
80.60
88.19
95.35
91.12
94.48
95.98
95.79
97.14
96.75
76.68
91.97
88.67
29.69
25.10
96.48
94.71
96.93
88.86
93.56
96.01
84.75
94.41
86.47
75.65
85.55
79.01
97.04
65.96
72.34
67.83
97.05
74.06
81.35
88.85
91.75
65.49
50.91
84.06
92.46
88.83
95.91
96.16
96.53
87.77
98.06
89.89
64.56
94.92
76.97
51.57
95.90
61.24
95.55
58.94
97.85
77.26
91.62
45.42
74.43
97.60
61.97
91.05
84.54
87.96
95.39
70.33
84.16
88.90
90.36
96.28
94.61
73.61
91.97
85.74
87.76
87.32
97.29
95.83
85.08
96.45
95.37
96.30
94.94
87.50
89.35
85.98
91.23
93.65
84.55
90.32
86.09
92.25
93.51
34.27
37.13
94.32
68.78
43.15
98.14
96.92
81.03
95.77
89.22
29.92
94.15
67.29
95.49
63.59
96.06
94.26
90.34
83.55
95.70
85.33
97.26
83.16
70.87
85.20
91.53
93.94
96.58
92.91
85.82
24.26
57.06
86.96
95.74
96.52
52.35
54.61
87.41
52.65
97.27
94.79
96.41
93.63
93.25
94.45
93.44
85.31
78.83
89.09
90.27
96.52
94.22
92.49
94.89
88.63
64.20
92.13
97.19
96.35
94.09
82.64
93.05
80.88
91.86
87.71
82.76
95.95
77.40
95.51
97.27
91.21
97.47
86.35
92.56
96.49
96.09
88.09
78.52
97.33
59.06
92.01
93.68
96.61
21.62
89.53
95.58
95.79
91.52
74.53
32.73
96.45
81.84
96.18
94.01
94.87
95.52
93.68
77.34
92.85
84.79
94.74
90.29
93.97
85.30
94.30
75.14
94.88
66.79
60.42
93.75
82.50
69.38
95.83
96.54
80.95
88.61
84.90
96.58
94.58
83.50
88.46
52.60
86.65
88.33
96.79
95.80
93.52
93.81
94.90
94.38
95.33
89.71
94.93
86.64
94.44
97.10
89.88
88.95
71.92
86.19
95.83
96.72
97.00
93.04
96.39
51.51
90.93
89.29
95.28
96.48
88.66
95.36
94.39
96.72
97.28
93.88
54.14
90.92
95.53
84.14
95.99
61.36
95.78
95.73
97.67
95.07
94.66
74.80
97.21
90.15
92.75
87.12
93.46
82.87
89.32
94.26
96.83
76.06
92.35
96.37
82.63
96.21
91.84
95.80
90.13
82.80
87.29
96.35
58.44
96.01
71.54
74.04
95.62
95.09
60.05
88.98
90.04
94.19
95.88
96.53
92.05
97.13
64.72
95.68
94.75
94.81
32.68
96.39
84.91
94.97
84.46
94.94
84.45
44.88
96.00
95.67
84.08
93.70
94.42
90.77
96.17
96.95
94.96
95.67
90.97
89.68
96.21
87.67
94.90
93.19
91.81
90.35
94.52
93.61
77.21
91.33
66.97
76.46
74.40
85.17
59.76
96.03
90.54
94.35
70.35
84.67
96.92
49.93
94.22
92.67
87.95
96.95
75.79
70.17
88.10
75.81
93.50
84.02
67.06
95.84
83.01
89.55
89.66
71.59
91.28
92.09
93.18
93.60
72.83
70.43
93.89
78.51
82.01
89.85
97.06
70.56
44.75
95.38
89.47
90.72
77.88
94.23
75.71
97.06
64.21
88.95
90.23
83.44
97.73
93.57
97.29
80.07
89.75
87.83
63.15
97.78
93.11
71.21
95.05
83.74
94.75
93.85
97.59
85.91
92.40
93.80
91.20
93.40
74.86
93.16
95.42
86.26
94.26
93.88
68.62
