94.47
93.56
93.75
92.11
93.64
94.66
93.15
91.00
94.00
93.28
93.00
93.75
93.19
93.83
93.19
93.75
93.56
94.51
93.45
93.76
92.69
93.73
93.09
94.14
93.88
93.91
94.05
93.84
90.85
94.16
92.68
93.55
92.87
94.08
93.75
94.02
93.08
93.23
92.65
92.55
92.89
91.44
93.85
89.46
92.01
93.81
93.53
92.46
92.92
93.52
94.03
94.16
92.59
93.67
93.32
92.29
93.85
93.28
92.64
93.74
93.48
94.53
93.75
91.43
94.53
93.76
94.35
95.14
92.79
92.92
93.84
94.23
93.99
94.21
93.46
93.86
92.25
93.70
93.90
92.56
93.02
94.72
92.18
93.23
92.88
93.31
93.52
94.17
94.12
91.67
93.95
93.55
93.76
93.42
93.97
91.94
93.28
93.35
94.12
92.37
94.05
92.77
92.74
92.91
93.18
92.53
94.06
94.03
93.98
92.26
94.16
94.91
92.72
92.26
92.77
93.10
93.76
92.27
93.65
93.85
94.13
91.82
94.10
93.20
94.50
94.80
93.47
93.62
92.77
92.73
93.51
93.99
93.79
93.32
93.56
92.13
92.76
92.74
93.96
93.83
93.89
93.54
94.10
93.68
93.08
92.37
93.20
92.91
93.09
93.03
94.02
93.69
93.03
93.70
94.08
93.01
93.64
94.23
94.73
91.44
92.25
94.54
90.10
94.08
93.31
92.92
93.26
93.65
94.34
92.97
93.37
94.22
93.47
93.89
92.95
91.76
92.36
92.73
92.12
92.85
91.43
93.56
94.11
94.04
93.85
93.49
93.73
92.43
94.20
93.21
94.79
94.72
93.64
92.10
94.02
93.79
93.37
94.05
94.03
93.47
93.49
93.49
93.97
93.91
92.03
94.25
92.71
94.33
93.56
93.20
94.52
94.12
92.09
93.26
93.11
93.84
93.62
93.04
92.31
94.09
94.51
93.27
93.49
91.85
94.15
93.83
93.68
92.62
93.33
93.51
93.66
92.97
92.33
93.43
92.23
93.90
94.27
93.51
93.83
94.24
93.59
92.73
94.13
92.42
94.73
94.22
93.67
94.16
94.54
93.90
93.20
93.56
92.20
93.44
90.74
94.69
92.30
92.83
93.96
92.63
94.24
92.43
93.80
92.11
94.02
94.34
93.98
92.97
92.75
92.68
93.41
91.32
93.10
93.01
94.00
93.45
92.37
92.90
93.05
91.62
93.72
94.23
93.69
93.27
93.86
94.55
93.50
93.76
94.46
93.31
93.93
94.05
93.73
91.74
91.18
93.62
93.99
94.13
93.57
94.65
92.95
93.60
92.93
92.12
92.94
93.03
93.84
93.24
94.24
93.64
91.12
91.46
93.88
94.29
94.20
93.78
93.88
91.98
93.68
92.98
93.56
93.74
93.20
92.68
93.38
91.05
93.44
94.05
92.26
93.13
93.98
91.58
94.33
93.69
94.31
94.22
93.04
92.82
93.45
92.47
93.61
92.95
93.58
91.45
94.42
92.67
92.21
93.46
93.84
91.96
93.43
92.95
93.85
93.44
93.77
93.84
94.20
91.32
93.07
93.97
93.78
93.69
94.22
92.69
92.76
93.55
92.63
92.98
92.95
92.84
93.59
94.59
93.97
93.87
92.78
92.36
94.27
94.03
93.01
93.62
94.03
94.37
93.72
93.12
94.04
94.06
94.53
94.37
94.14
93.20
93.20
94.33
93.11
93.70
93.90
93.56
94.27
93.74
93.78
93.15
93.43
93.24
94.09
93.56
93.64
94.48
92.30
92.70
94.33
93.24
92.96
93.92
93.44
93.91
93.43
94.47
92.84
94.02
91.53
93.56
92.98
93.51
93.11
93.84
93.88
93.68
92.54
93.67
94.00
92.22
92.45
94.65
93.28
93.27
93.15
91.54
93.78
93.95
92.46
92.29
94.06
93.91
93.51
90.40
91.21
92.04
93.68
92.63
93.21
92.89
93.57
93.77
93.38
93.56
93.04
93.13
94.09
94.02
93.25
92.96
91.73
93.53
91.84
93.98
93.98
93.17
93.17
92.51
94.02
92.01
93.08
94.71
93.60
94.12
94.58
93.10
92.23
92.80
92.20
94.10
93.20
93.99
92.89
92.70
93.22
94.09
93.07
94.99
94.18
92.91
93.83
92.65
93.12
93.27
93.85
94.01
93.40
93.88
93.89
92.84
93.29
93.49
94.10
94.40
94.66
93.80
92.35
93.00
94.18
93.52
94.72
92.17
93.13
94.33
93.44
94.13
93.81
93.60
93.79
93.04
93.45
93.51
93.72
94.16
92.83
93.41
91.57
94.05
91.46
92.75
93.94
93.71
93.99
93.13
93.15
93.27
92.51
94.17
93.88
93.00
94.61
93.68
93.47
93.73
93.86
93.58
94.23
93.12
92.30
93.72
93.61
94.60
93.88
94.08
92.69
94.00
93.95
93.07
94.43
93.56
93.45
93.77
94.15
94.14
93.07
94.41
93.77
94.36
92.88
93.18
93.47
94.24
93.64
92.55
93.60
93.68
93.79
93.90
94.28
91.69
93.44
91.58
94.16
94.25
93.63
93.75
94.25
91.68
94.37
94.23
93.46
94.09
92.46
94.13
92.85
93.15
92.62
93.66
93.41
93.86
93.91
93.30
92.73
93.48
93.55
93.79
93.95
92.62
92.90
93.33
93.66
93.97
93.14
92.69
93.56
92.27
93.47
93.86
93.70
92.43
93.49
92.67
94.57
93.08
90.92
92.77
94.15
92.67
93.03
92.60
92.95
93.53
93.83
93.35
93.43
94.15
93.34
93.49
93.08
93.26
93.28
94.48
93.12
93.28
94.31
92.94
94.21
94.15
93.83
94.23
91.70
94.22
94.03
93.65
94.14
93.32
93.88
93.32
93.62
93.59
94.15
90.48
94.20
93.55
91.24
93.75
89.81
94.42
94.19
92.49
93.42
93.73
93.66
91.95
93.44
93.71
93.64
94.25
93.83
92.11
93.02
91.09
93.62
93.83
92.76
91.72
93.51
93.24
92.97
93.80
93.50
93.13
93.20
92.17
94.02
94.01
93.27
93.46
94.57
93.37
93.95
93.31
93.70
92.60
93.47
91.65
93.54
93.43
93.81
93.39
92.28
93.19
93.22
90.71
92.80
93.69
93.21
94.47
93.69
93.88
94.29
93.35
93.86
92.20
92.36
93.20
93.60
94.25
93.54
93.70
93.36
93.63
93.64
94.19
91.94
92.80
93.84
93.99
93.73
92.39
93.97
92.75
93.88
93.86
93.56
93.32
94.29
93.97
93.38
93.91
92.30
93.67
91.46
93.74
94.04
92.95
93.32
91.72
93.53
94.02
93.67
93.52
91.98
94.05
94.22
92.87
93.94
92.55
92.89
92.99
94.25
92.48
93.01
94.55
91.09
93.04
91.40
93.34
93.62
93.07
94.11
93.40
93.16
91.22
93.43
93.77
92.84
91.76
93.07
91.85
93.87
93.62
92.80
93.44
94.05
93.34
93.49
94.69
93.21
93.78
91.33
93.57
94.14
92.86
93.62
94.14
92.49
93.12
94.12
92.86
93.99
93.33
93.84
93.57
93.07
92.56
92.15
93.34
93.61
92.44
94.51
93.27
92.25
94.31
93.71
93.88
93.58
92.59
93.60
93.60
94.47
92.85
92.34
93.33
92.85
93.73
92.93
92.72
94.43
94.14
92.66
94.69
93.93
93.94
91.94
94.36
93.75
90.68
93.74
91.25
92.70
92.35
92.32
93.12
91.85
93.59
93.16
93.62
93.88
93.35
93.63
92.20
92.83
93.29
93.93
93.51
93.60
93.04
92.56
92.68
92.06
93.34
92.76
92.97
93.33
93.91
93.79
92.81
91.76
93.68
94.11
93.86
92.54
94.03
92.97
93.76
93.39
93.16
93.12
94.07
93.77
92.73
93.88
92.52
93.98
93.79
94.14
93.81
93.38
93.74
93.26
90.46
94.04
93.10
93.40
93.22
94.02
93.33
93.63
93.23
91.73
93.41
92.77
94.61
93.34
93.15
92.86
93.53
93.77
92.61
92.56
94.35
92.98
95.01
93.84
93.30
93.47
93.95
93.68
90.91
94.44
92.54
94.65
93.04
94.72
93.29
93.87
92.88
93.53
93.71
93.76
93.66
93.28
91.71
93.82
92.95
93.21
93.20
92.96
93.66
94.03
92.95
92.82
93.28
93.97
93.34
92.83
92.47
93.16
93.16
93.07
93.46
93.89
94.11
93.00
94.05
94.33
92.45
93.52
92.80
92.68
93.86
93.87
93.47
91.94
93.22
93.11
93.93
92.61
91.58
92.63
92.96
93.44
93.17
92.15
92.73
94.15
92.58
93.69
92.25
93.40
92.79
93.30
92.79
94.13
92.94
92.28
94.09
93.57
90.78
