84.80
77.31
85.81
83.15
87.46
93.78
88.40
91.94
86.32
87.93
90.91
92.62
82.39
84.10
93.55
93.15
91.82
92.41
90.29
90.18
92.54
87.21
83.22
93.23
93.45
92.00
91.22
92.82
87.74
91.23
83.74
90.65
81.02
85.62
89.30
91.43
78.07
90.49
94.26
92.81
87.54
89.73
89.79
91.54
90.30
88.25
92.58
86.58
89.76
92.28
93.45
87.52
88.50
88.80
88.69
87.08
83.29
85.66
92.69
93.05
89.93
94.39
87.78
90.00
79.98
93.97
93.91
86.07
91.70
90.37
87.33
91.88
93.45
91.88
92.67
91.05
79.97
87.29
83.69
91.40
92.43
81.34
92.44
90.32
94.39
88.78
93.69
88.86
87.40
89.48
90.12
84.33
88.84
65.56
88.66
92.53
85.45
91.02
91.98
87.15
86.39
89.85
87.60
90.16
93.16
93.39
92.85
90.54
81.86
90.47
74.36
91.47
82.36
90.95
90.81
93.43
92.06
94.13
90.37
92.76
92.06
90.78
85.20
90.96
91.98
89.53
89.61
90.09
92.51
92.38
83.07
65.29
89.05
85.08
90.85
75.76
91.23
93.75
90.33
87.31
85.23
91.94
93.23
72.91
92.55
90.54
90.65
89.95
83.16
89.80
91.63
82.93
89.71
91.80
74.68
87.32
82.98
90.08
89.39
88.69
93.48
92.68
91.43
90.92
89.30
88.16
84.25
89.63
84.50
86.67
93.73
87.75
92.83
87.38
94.05
87.09
90.33
89.53
89.72
89.62
88.39
89.73
85.10
93.78
83.50
86.58
89.47
85.35
90.84
89.23
90.02
92.71
92.50
88.12
88.88
78.08
91.47
88.81
93.44
86.85
82.39
89.88
89.12
91.05
89.42
92.81
93.02
90.90
87.23
69.99
87.57
86.66
85.62
93.11
93.33
88.39
87.49
94.05
90.50
90.47
90.99
94.26
90.73
93.30
92.69
86.76
91.27
93.07
85.59
91.76
83.06
82.32
84.26
92.43
90.27
88.42
92.87
87.78
90.96
93.46
90.42
88.46
94.20
90.18
88.90
86.24
90.43
92.53
82.04
83.59
85.01
92.64
94.22
89.07
93.29
94.37
92.42
91.99
86.77
86.27
93.58
90.61
93.63
88.50
90.04
94.17
85.54
85.05
81.05
89.10
86.05
87.17
86.92
91.80
93.09
89.30
88.64
82.07
88.23
81.25
74.27
85.23
81.02
85.69
84.70
91.71
90.43
86.54
88.25
90.70
80.81
88.61
81.22
86.29
94.59
92.01
87.77
88.96
93.71
85.61
93.33
94.25
80.01
92.11
92.76
88.87
87.72
88.63
87.31
92.40
90.69
85.17
93.60
85.88
88.19
91.60
91.37
93.51
92.33
89.99
92.99
89.30
88.86
91.57
87.54
86.45
88.46
88.90
91.84
84.85
90.15
94.19
89.96
90.79
87.68
90.85
90.15
85.23
88.12
89.71
91.25
92.97
90.21
86.55
84.79
91.71
89.95
92.37
91.49
90.98
89.54
88.50
83.77
88.19
82.12
91.83
88.04
89.54
85.58
92.09
93.51
89.52
82.13
84.09
90.51
93.40
92.57
93.55
88.32
87.89
85.90
91.84
92.84
89.29
87.80
90.91
82.82
92.21
89.20
92.49
91.50
93.41
89.00
89.82
93.96
85.37
87.30
89.20
91.10
87.12
89.74
91.69
81.05
91.82
81.69
93.29
94.76
90.27
87.21
91.54
92.07
83.71
91.40
90.69
88.10
83.96
91.48
85.05
91.23
93.05
93.99
88.81
91.13
87.99
90.34
88.32
90.34
90.63
90.66
93.06
90.13
90.04
86.69
88.06
87.37
82.31
92.55
89.09
89.27
91.48
87.70
91.14
93.82
92.26
77.09
87.71
93.61
88.72
88.03
91.33
81.52
79.67
94.54
93.23
84.60
84.23
80.97
90.69
90.09
93.03
89.61
85.07
92.01
93.96
89.44
92.90
94.48
91.44
84.01
89.10
87.32
87.81
82.41
87.88
76.88
90.72
86.49
88.69
92.37
92.12
89.04
90.51
79.80
93.05
89.73
92.02
92.09
92.60
92.70
82.38
92.91
87.83
72.65
81.81
87.74
71.40
89.80
91.46
89.74
92.24
89.96
87.64
93.13
93.81
87.60
84.70
91.28
88.97
86.47
91.98
91.49
93.61
93.32
90.33
91.03
68.24
91.49
89.98
90.46
91.03
89.59
92.90
92.71
90.54
89.34
92.93
84.13
86.93
85.50
90.95
88.84
81.22
94.87
92.22
73.75
93.25
86.36
82.57
92.39
86.40
93.77
85.36
84.75
91.08
80.63
91.57
88.97
94.29
89.10
93.13
90.96
91.51
83.41
89.14
90.70
88.55
94.36
92.64
92.55
86.92
91.44
91.59
91.11
76.92
89.38
92.30
92.40
80.46
91.77
93.87
80.64
80.59
86.24
89.01
89.59
82.66
91.71
84.66
92.19
87.42
88.49
94.38
87.43
87.75
93.19
92.52
89.57
90.08
90.51
93.67
91.00
92.57
91.99
89.64
89.79
88.92
89.95
87.30
72.44
87.09
87.81
94.19
86.60
82.66
92.49
91.13
92.33
91.27
83.53
93.23
90.31
91.98
93.37
86.93
87.56
92.17
90.64
90.95
93.40
81.07
83.96
91.10
93.93
88.77
89.00
90.24
88.89
90.72
92.30
87.21
82.04
93.40
87.34
93.33
83.20
81.80
90.96
93.49
90.43
94.23
87.84
80.54
91.57
89.62
88.02
89.89
80.50
91.40
93.54
89.36
91.70
92.25
91.94
89.79
91.47
83.58
89.11
91.82
90.31
88.05
92.58
79.24
92.50
91.13
88.44
95.27
92.08
91.06
92.36
73.62
91.39
58.41
92.02
89.76
87.95
86.97
92.37
90.37
85.68
91.59
92.00
89.22
91.42
90.03
92.70
91.87
91.79
74.36
91.12
85.50
90.78
90.55
91.24
94.84
92.44
78.99
88.54
88.63
92.29
92.94
92.33
87.34
92.88
83.49
87.80
88.34
92.65
91.40
87.28
92.22
90.05
88.78
90.07
92.59
89.09
90.82
86.34
92.47
93.46
77.62
80.52
89.69
81.25
81.73
85.30
93.96
94.27
93.68
89.95
91.72
81.82
91.90
90.27
93.11
92.11
92.56
79.75
91.62
92.60
90.62
91.04
91.81
88.99
88.87
89.28
93.12
91.28
77.37
91.17
93.19
85.16
89.07
92.94
88.02
83.69
80.47
92.31
93.71
86.37
92.82
90.68
94.08
90.32
86.80
92.57
90.34
86.11
93.52
90.74
90.89
92.32
93.17
89.14
90.05
91.72
92.63
89.33
87.81
90.73
89.96
90.57
94.71
86.66
83.49
88.95
87.69
88.71
90.79
87.83
92.00
90.76
93.88
92.34
94.00
88.45
92.16
83.08
88.75
81.48
86.19
93.88
89.43
87.38
89.44
93.19
88.05
92.28
94.36
85.04
88.89
85.75
92.12
94.73
91.46
86.13
90.54
90.68
92.35
93.80
90.24
86.67
87.99
94.72
92.16
86.98
93.56
83.39
92.11
89.68
92.16
91.16
88.68
92.01
77.00
90.96
92.73
86.67
88.78
85.60
89.81
89.69
92.30
87.33
90.11
94.14
92.05
91.29
90.88
84.43
93.52
86.44
83.70
74.98
92.03
91.97
91.08
93.02
84.20
92.35
93.51
92.88
88.23
87.26
92.43
85.70
85.96
84.73
91.49
94.36
47.85
87.96
92.04
89.65
82.96
77.74
75.55
91.34
85.69
89.08
89.33
79.47
87.68
91.11
90.25
90.14
91.99
93.54
90.93
91.27
91.23
89.85
84.41
83.54
91.80
93.16
90.47
90.03
92.44
93.67
91.12
87.04
94.05
84.71
86.86
91.46
89.82
92.83
90.40
94.21
87.38
90.77
71.44
94.41
85.72
86.82
92.10
87.07
91.68
91.01
81.91
77.01
85.99
92.03
90.24
75.73
92.41
84.01
89.43
90.08
93.98
91.04
87.00
92.98
84.81
87.56
87.31
82.85
91.98
85.60
92.54
94.38
90.86
89.53
78.16
93.40
91.16
87.91
87.96
91.04
88.28
89.59
92.82
90.27
88.53
92.81
83.17
84.63
91.93
92.66
90.41
92.93
83.42
92.35
85.38
89.31
89.30
80.55
93.83
95.18
90.74
91.50
91.15
77.31
88.45
89.43
92.57
88.22
90.41
88.18
89.69
93.99
82.77
91.73
89.99
76.42
90.93
84.23
88.93
92.81
91.68
92.22
84.10
94.52
74.42
85.62
83.64
86.22
84.82
93.55
86.41
87.11
83.88
77.17
88.95
78.41
88.59
86.97
84.59
87.26
89.03
