87.03
85.12
87.36
92.38
88.40
89.26
88.52
57.37
77.34
90.54
86.60
89.10
91.00
85.70
79.50
70.17
94.39
72.58
83.46
75.90
88.64
88.19
79.96
72.01
84.67
88.02
88.11
89.92
80.77
88.95
87.81
91.86
90.19
82.40
88.51
67.69
89.31
84.13
69.71
91.82
90.92
84.36
87.30
79.17
88.02
92.05
89.42
87.86
88.72
86.12
86.85
91.21
89.67
87.90
87.95
84.98
77.16
83.28
85.43
90.20
80.92
79.80
83.74
92.56
80.97
85.30
90.99
89.80
80.11
88.61
79.64
76.76
92.57
82.68
77.05
85.66
83.39
88.29
86.84
88.51
66.84
86.72
86.01
81.46
80.23
88.63
87.95
75.23
91.26
79.21
89.42
90.75
80.10
80.45
76.25
78.90
76.46
56.66
87.42
76.93
87.75
74.61
87.07
85.46
78.83
79.69
82.71
76.23
91.04
83.66
83.71
86.41
82.77
88.38
84.78
59.90
84.89
85.33
79.15
75.90
72.83
92.64
93.00
84.20
86.90
75.45
83.94
83.80
89.85
88.80
86.70
80.20
87.04
78.60
82.07
88.11
80.25
84.20
85.73
82.22
49.12
78.43
67.01
87.60
83.71
86.86
78.40
82.73
92.07
81.22
81.30
80.03
86.29
89.36
82.01
82.38
88.79
86.47
80.82
79.75
72.48
77.00
83.73
69.35
89.19
86.78
84.34
71.62
84.87
81.53
74.69
87.45
83.39
73.74
88.63
91.73
84.26
87.78
80.30
78.99
88.78
89.69
87.23
85.66
87.72
87.11
88.66
89.76
84.99
80.10
89.04
67.63
88.92
79.97
88.82
90.50
88.07
75.61
86.26
73.90
79.89
84.59
84.49
64.53
84.47
87.60
87.87
74.35
86.53
87.65
78.60
89.75
82.08
79.31
83.60
77.02
90.59
84.65
82.78
87.92
80.33
85.45
82.87
89.97
84.37
87.71
72.48
83.88
86.45
83.49
82.94
74.22
82.29
88.80
72.45
83.59
78.98
87.97
84.69
88.98
77.01
87.54
84.29
85.27
82.24
93.60
81.52
84.73
76.22
83.82
80.28
82.75
77.52
88.56
92.53
89.59
92.35
85.06
83.35
90.27
86.21
90.66
81.10
86.20
81.32
86.16
83.47
92.23
83.46
80.73
85.75
88.35
77.19
85.04
86.35
80.19
83.73
77.49
75.37
88.94
78.68
86.92
83.57
93.00
71.40
88.25
71.86
80.62
82.64
83.85
86.29
82.84
89.14
79.57
83.29
88.70
85.68
70.53
81.11
80.78
86.06
90.02
73.59
79.70
81.57
91.26
85.91
82.90
84.72
88.91
69.22
87.75
80.80
79.62
90.19
71.47
74.06
82.30
82.38
91.26
92.11
78.13
86.45
74.23
79.84
89.75
79.11
91.24
87.55
86.71
82.52
88.70
68.00
78.76
75.13
82.99
75.10
88.40
79.23
85.20
77.70
76.08
71.59
89.72
65.43
64.02
81.70
76.68
85.20
77.98
76.59
86.39
77.72
71.91
73.17
86.67
88.73
90.89
77.73
89.63
72.56
75.42
87.66
77.64
70.48
88.75
85.46
75.12
79.40
78.06
81.96
90.01
81.52
80.11
77.16
86.51
79.11
74.60
85.88
81.52
90.42
88.69
88.75
85.55
85.51
79.69
91.86
82.98
89.85
73.54
89.38
90.40
88.54
87.25
88.81
87.16
86.83
90.74
74.96
83.53
88.58
79.86
90.70
78.83
76.16
82.63
88.48
80.71
87.44
89.45
83.44
76.43
68.68
70.25
83.00
82.00
87.36
64.24
88.70
84.15
87.52
87.62
78.60
80.98
85.24
82.25
78.73
92.61
83.01
78.60
91.25
92.70
60.73
72.60
85.84
83.26
90.94
88.38
85.95
90.89
80.27
83.65
85.90
78.75
81.56
65.21
73.27
79.96
77.07
86.90
90.90
91.68
86.44
79.68
91.27
79.04
90.18
92.70
91.95
87.19
92.02
86.28
89.61
81.00
70.22
84.85
90.54
87.48
90.61
89.53
92.11
80.60
74.94
82.27
83.50
80.08
77.36
83.05
81.02
83.76
79.47
92.76
78.73
88.42
79.77
85.64
87.59
74.25
72.51
87.38
92.02
76.21
87.92
74.17
78.56
85.12
77.86
72.95
91.16
87.21
89.50
90.05
87.40
85.97
89.14
86.41
73.48
87.03
87.06
89.23
87.86
79.17
86.16
76.60
80.96
64.40
88.44
83.96
81.94
91.16
70.69
89.95
75.78
88.07
82.29
87.50
86.39
78.65
89.22
84.52
87.20
73.68
68.26
80.71
80.33
79.75
78.02
84.71
91.29
68.08
81.29
82.65
83.12
85.69
91.68
82.00
88.72
87.55
90.15
91.96
84.75
83.42
91.28
82.21
87.64
84.48
88.18
89.75
60.80
87.59
87.21
71.58
82.23
87.06
89.09
90.30
80.98
86.11
82.91
85.73
74.83
89.65
90.99
90.06
86.77
87.42
92.44
84.34
83.17
81.50
45.91
92.59
85.70
80.93
88.29
86.65
81.71
92.43
87.05
65.85
93.81
87.42
88.53
84.67
90.19
82.16
86.28
80.30
88.14
89.92
73.82
61.04
84.15
91.69
81.71
81.17
88.53
90.67
91.99
82.96
84.67
90.35
74.75
83.11
87.66
89.87
85.05
76.30
84.71
62.46
87.67
75.82
91.40
85.25
83.74
86.76
88.72
89.10
90.50
84.58
73.74
90.23
84.30
71.50
91.71
89.33
84.97
82.14
85.07
84.30
90.42
88.74
90.87
89.38
83.47
88.87
85.07
80.55
88.79
89.97
81.02
87.44
77.45
85.30
76.37
84.25
85.98
84.60
83.23
89.20
81.60
75.04
79.09
86.65
89.32
88.00
80.62
91.68
48.21
89.05
80.51
74.00
86.13
84.39
92.82
83.50
89.79
89.37
84.60
85.87
81.39
89.75
75.03
83.01
76.79
82.83
71.27
79.40
90.26
81.50
80.27
81.16
80.12
75.17
79.02
89.37
80.37
88.11
80.52
89.12
88.59
71.81
89.37
89.67
84.87
77.78
86.13
80.55
82.77
88.11
84.41
77.48
90.02
84.97
83.86
71.28
87.79
83.41
87.80
82.60
86.29
81.24
83.33
80.04
84.30
66.60
90.48
87.10
77.12
87.80
86.45
84.28
88.02
85.07
93.36
81.79
93.41
76.76
80.88
69.76
91.10
82.93
88.16
85.15
79.64
76.48
75.84
78.38
61.61
87.99
87.48
77.19
83.66
86.26
89.35
63.71
89.45
77.65
80.03
65.51
84.15
92.93
87.42
90.98
84.57
85.47
87.27
90.43
78.70
65.81
85.77
84.06
81.19
82.43
83.09
90.14
65.00
74.03
81.88
83.35
79.03
80.70
86.49
91.39
83.30
85.90
93.53
78.90
69.19
84.41
87.40
88.88
90.61
91.09
91.14
88.78
87.28
85.81
92.34
80.24
80.77
93.90
87.72
83.13
81.14
88.00
86.13
87.29
73.61
91.63
86.27
86.16
68.88
84.21
83.52
82.21
82.60
87.70
83.64
85.75
75.02
87.64
74.87
87.62
77.97
81.03
92.80
72.62
86.90
55.92
90.32
78.57
93.80
89.79
81.62
89.59
89.35
89.96
89.72
80.75
75.55
77.28
86.56
88.68
67.68
89.80
79.92
75.81
76.56
52.46
71.20
63.42
92.64
83.73
81.81
73.94
89.57
80.79
85.27
85.33
84.56
92.02
87.34
72.15
85.35
87.21
88.59
87.76
83.16
82.11
90.59
71.51
77.48
89.60
89.02
85.94
81.85
76.88
91.35
76.38
79.42
91.27
83.91
84.61
83.76
75.49
85.13
88.16
82.37
84.70
81.28
89.94
86.34
86.90
88.97
91.74
89.95
85.89
89.23
89.53
81.52
89.35
87.65
87.86
86.46
85.47
74.73
81.83
92.00
78.96
89.36
91.08
76.82
88.04
78.24
80.22
91.66
78.76
84.83
81.13
82.99
76.30
85.46
43.44
78.54
89.33
88.55
71.90
81.20
89.26
84.28
85.83
72.77
86.22
88.28
76.50
87.17
78.22
88.75
85.62
78.99
87.93
85.37
89.62
68.82
92.52
89.87
80.51
87.43
90.89
83.57
69.46
84.52
86.25
91.13
78.39
90.53
81.98
82.27
77.50
77.50
90.13
90.14
87.92
84.08
85.56
73.11
85.32
74.48
87.38
81.54
88.12
61.04
85.48
85.25
90.90
88.87
80.91
87.31
85.61
84.87
80.13
81.79
85.90
83.50
82.87
74.28
85.05
74.15
87.62
85.29
80.52
90.03
70.24
87.45
90.38
78.14
89.72
82.43
89.44
