89.81
94.51
95.96
94.33
87.12
97.00
95.60
97.50
95.39
91.13
93.83
95.64
97.12
96.65
86.28
97.26
96.23
90.77
93.57
96.57
92.96
93.42
91.19
96.95
96.22
97.25
93.60
96.29
90.95
92.89
96.31
88.97
95.59
96.95
95.92
93.69
95.62
95.23
97.54
94.77
96.30
97.35
94.79
90.66
92.95
95.26
92.88
96.06
93.30
95.29
82.65
93.32
97.18
88.96
91.01
96.40
95.13
93.95
97.15
91.84
96.52
96.44
95.24
97.36
95.96
91.91
94.82
95.88
94.84
95.18
90.62
96.22
88.35
97.71
95.84
82.16
94.66
97.41
96.47
94.64
96.18
96.24
96.48
95.85
94.80
94.83
91.65
96.20
91.62
96.55
90.08
93.87
95.76
86.66
95.94
92.93
88.99
94.84
96.76
96.51
96.26
97.16
96.39
97.12
96.25
95.73
92.95
93.73
92.45
89.68
93.82
95.23
91.73
95.86
94.71
95.37
95.62
92.17
87.75
96.38
96.01
96.07
96.05
97.33
95.28
91.18
92.18
90.76
94.11
96.17
95.88
96.25
97.42
95.95
96.69
94.02
93.05
95.04
95.07
97.19
94.69
86.94
94.54
95.97
92.60
86.45
94.44
95.96
89.75
92.32
96.44
95.35
95.50
94.51
94.52
96.54
91.36
90.99
90.98
95.80
96.10
92.79
94.42
95.11
95.49
95.92
96.19
88.31
90.52
96.10
94.89
97.42
96.14
96.47
95.94
87.60
95.45
92.31
95.32
96.23
97.19
92.26
93.72
95.80
92.34
92.49
87.81
96.30
96.21
93.33
94.55
96.80
94.47
91.17
97.26
94.05
96.12
92.85
95.72
96.93
94.07
95.79
88.77
95.47
95.28
93.50
94.56
88.56
97.11
88.35
86.46
94.39
95.45
95.08
95.88
95.87
95.89
90.55
94.92
96.75
93.31
96.28
93.34
89.65
95.84
96.98
95.59
95.92
97.48
95.86
92.70
90.23
96.71
94.41
91.98
93.80
95.04
94.00
94.02
95.90
93.38
96.28
96.53
96.11
95.66
95.42
97.68
88.39
92.96
85.84
93.85
94.95
92.85
77.79
96.99
88.13
94.00
92.76
96.73
88.81
95.18
97.48
93.85
87.49
96.41
96.12
92.82
95.83
95.74
95.22
93.82
94.12
77.06
95.70
95.88
85.25
96.59
95.91
95.29
95.71
95.09
93.93
95.31
94.77
96.60
93.16
96.26
95.45
96.67
94.33
96.01
95.84
96.06
92.53
91.86
97.01
96.91
92.90
96.06
89.60
92.34
95.88
92.57
96.00
94.45
94.03
93.66
95.22
93.63
93.63
90.62
97.39
97.30
94.39
96.27
93.99
95.93
93.63
95.91
89.61
92.00
94.50
89.58
96.07
89.27
94.57
95.14
96.84
94.83
96.70
96.38
96.49
96.29
97.09
96.55
91.69
94.90
95.12
96.83
96.86
95.10
93.01
97.63
93.32
95.87
92.11
92.83
64.02
94.48
93.56
96.56
94.32
93.83
97.15
89.58
94.55
94.17
90.22
89.47
96.19
96.34
96.14
90.85
87.63
96.70
94.06
95.30
77.44
95.53
93.73
86.64
95.94
90.65
90.97
93.46
88.37
95.85
95.37
94.05
88.55
95.88
93.24
92.10
87.92
96.24
94.97
96.09
93.10
96.90
52.86
91.65
93.07
97.17
97.21
95.76
96.64
93.22
95.50
95.71
93.69
95.72
77.08
90.74
94.33
91.82
89.71
96.22
96.20
93.53
96.27
70.71
97.41
96.23
89.48
96.18
94.56
84.17
93.17
97.13
95.89
96.08
91.62
94.84
88.92
97.24
84.43
94.53
95.97
96.00
88.26
96.76
95.82
80.21
94.33
96.24
93.82
95.82
96.89
86.78
96.58
68.08
96.05
96.36
92.23
95.71
93.92
95.03
92.42
97.22
89.97
91.72
94.88
96.11
96.69
92.39
97.83
96.37
97.56
95.78
94.20
92.95
95.00
94.31
96.36
96.87
94.12
95.72
95.71
95.17
95.73
96.74
93.88
92.16
97.09
97.12
93.87
95.90
88.97
92.00
95.89
94.34
94.26
96.68
96.96
90.32
96.49
87.99
95.02
97.29
97.07
97.16
95.93
97.52
96.45
88.86
95.34
95.73
96.33
96.18
94.72
94.40
96.14
94.25
95.57
92.26
94.81
93.38
87.42
96.35
92.11
97.34
97.43
65.19
93.29
92.73
96.33
94.81
95.56
92.12
91.92
97.44
95.19
96.09
92.33
93.58
95.16
95.38
93.14
95.80
96.16
96.38
94.91
96.50
94.35
92.32
97.71
97.03
97.30
90.65
96.74
95.84
97.45
95.00
95.92
97.43
96.33
95.01
97.39
94.84
95.81
93.97
84.19
92.60
94.20
93.35
90.95
95.30
95.88
86.73
88.39
95.06
97.12
96.53
95.45
96.57
95.19
95.87
88.56
92.09
91.15
93.99
96.10
94.25
96.52
88.49
89.96
96.36
95.85
95.24
96.87
94.66
96.36
95.33
94.78
69.03
95.96
97.30
95.95
96.05
93.89
96.45
94.11
96.99
96.88
96.92
96.19
97.48
87.89
95.72
95.51
97.00
95.80
95.20
94.24
97.10
93.77
93.40
96.22
94.69
86.01
95.14
94.47
92.39
96.99
92.92
96.40
95.18
95.69
97.55
92.56
97.23
97.48
94.03
88.05
94.09
89.07
96.24
95.28
96.84
91.68
93.52
94.38
95.61
94.59
90.15
75.89
88.62
97.08
89.80
94.30
95.31
92.39
97.26
97.44
96.08
95.81
96.59
94.41
92.69
96.36
92.94
92.64
93.35
90.26
94.71
94.82
96.48
97.12
88.88
97.19
91.99
95.11
94.69
94.88
94.19
95.67
87.55
95.99
95.92
95.25
95.36
89.41
96.88
97.01
97.43
97.17
96.85
96.53
74.49
93.69
96.92
95.35
87.47
96.77
94.24
96.16
95.74
88.51
95.66
96.97
95.21
97.51
95.68
95.27
95.37
95.26
94.86
95.65
92.10
94.92
95.28
96.01
96.02
92.86
91.49
96.86
94.33
96.48
96.89
95.89
96.45
96.51
96.97
95.84
94.41
94.25
97.14
95.38
83.56
93.60
93.66
96.04
91.85
96.90
95.39
97.31
96.04
93.19
91.07
93.63
92.32
84.43
95.17
96.56
95.35
96.00
96.53
96.87
95.27
97.18
93.41
93.52
94.27
97.20
92.10
88.87
93.58
96.33
94.46
96.65
95.95
95.84
92.25
94.02
96.09
96.97
96.71
95.58
88.55
94.29
97.36
87.10
97.22
95.79
92.44
93.81
90.10
92.76
93.74
93.58
90.90
93.26
96.01
92.78
91.27
92.39
96.76
94.01
94.70
96.58
90.29
93.04
96.06
96.29
94.62
95.32
91.09
97.04
90.57
94.60
96.33
97.36
92.32
95.68
94.77
95.69
88.71
96.29
96.17
94.46
93.58
96.86
95.86
92.17
92.06
96.84
77.83
95.63
87.33
87.15
83.84
95.84
94.83
93.51
92.74
94.54
94.41
88.56
96.81
94.03
95.54
96.60
89.02
91.63
95.50
95.56
93.54
97.05
97.06
96.39
96.04
86.00
93.42
97.27
95.98
92.67
94.13
96.40
96.66
96.53
96.02
95.28
96.27
97.04
95.75
95.24
91.08
92.52
94.00
96.53
96.38
94.19
88.00
78.81
96.41
96.19
91.81
94.79
95.29
91.93
87.87
97.17
95.43
93.85
92.74
95.96
97.53
93.51
82.40
97.29
91.27
91.45
95.53
93.37
91.93
92.89
97.21
97.13
96.71
95.69
96.80
94.38
97.03
94.58
82.25
95.03
95.57
94.37
95.04
94.60
90.74
95.09
94.12
95.76
95.99
96.26
85.93
88.75
94.03
87.06
95.05
97.12
96.44
92.90
95.15
93.62
93.03
97.01
96.71
90.49
96.63
96.09
91.56
96.30
94.80
95.05
89.73
96.13
92.11
96.96
94.41
91.52
92.21
96.92
94.50
91.36
96.96
96.00
96.68
92.20
95.03
94.31
94.97
90.67
96.15
94.79
96.61
86.52
95.26
75.74
96.70
95.08
94.85
72.94
94.60
94.90
92.08
95.30
95.97
65.60
95.09
96.64
94.14
93.13
93.32
90.66
92.91
96.12
95.81
90.23
83.06
95.11
96.39
93.08
95.22
84.38
96.53
89.75
96.98
95.33
93.43
90.96
93.52
97.54
93.31
91.29
95.17
95.64
95.11
95.82
95.70
97.12
96.88
96.47
96.20
75.93
94.91
95.94
96.62
88.19
95.36
96.01
97.04
90.77
95.78
96.51
97.61
92.06
93.97
92.61
