90.36
94.53
87.19
87.90
89.24
91.74
92.50
91.20
89.92
73.76
78.61
92.41
70.40
66.30
85.02
84.52
90.93
94.87
86.66
73.78
94.01
61.93
77.67
81.39
72.77
94.12
55.18
92.85
87.26
87.92
91.96
81.23
94.71
91.82
82.36
84.14
92.98
93.11
91.97
83.90
95.46
84.04
91.42
87.63
95.60
85.11
86.35
92.09
79.22
56.44
89.69
94.74
64.87
80.04
77.03
90.85
78.55
84.78
88.76
94.80
90.46
88.34
87.81
72.82
93.68
77.92
90.83
92.34
81.34
94.61
88.62
91.96
76.69
83.43
84.58
85.11
92.37
89.99
86.02
90.80
83.95
86.03
76.13
82.51
92.27
66.74
94.52
74.69
88.41
69.33
91.87
79.36
92.58
90.47
78.23
93.00
79.22
53.55
80.99
93.44
91.88
95.17
78.73
85.99
85.01
83.86
93.68
90.46
75.36
72.48
93.60
80.93
79.27
91.47
72.61
90.86
82.03
88.36
62.84
89.06
96.96
80.57
92.03
86.02
85.68
85.25
81.50
83.41
87.20
92.79
84.50
92.44
92.67
72.74
80.79
77.68
90.70
93.02
71.67
94.43
86.47
89.10
74.34
78.95
87.47
78.53
77.68
79.55
92.66
75.58
84.19
88.80
91.55
91.87
90.47
91.60
90.77
92.79
91.89
86.43
51.35
82.46
83.26
87.28
80.64
76.33
75.55
90.27
92.99
93.97
75.70
87.93
68.91
70.94
88.26
57.27
95.52
80.43
95.13
86.06
81.87
88.57
68.67
72.44
91.67
87.94
94.50
75.84
95.04
94.27
86.60
90.88
89.90
91.32
75.12
89.70
92.91
92.16
54.54
88.08
82.87
81.99
91.14
40.97
76.50
91.16
91.52
79.73
84.92
81.58
91.40
94.44
80.78
87.71
93.98
68.63
88.86
78.49
93.03
74.09
88.98
47.03
77.06
93.59
95.42
89.45
89.84
90.92
67.53
88.54
80.38
85.77
68.01
86.85
87.09
89.50
84.70
89.26
90.66
85.72
93.12
87.22
84.06
93.45
92.88
94.35
51.84
62.33
89.99
84.38
85.87
95.33
94.10
87.36
94.03
93.67
87.76
73.91
78.63
65.48
90.76
90.95
94.33
88.21
93.12
80.84
88.87
84.43
87.93
82.67
77.04
91.72
96.21
91.11
68.81
81.88
87.96
78.32
94.93
91.76
89.17
93.89
95.50
89.90
59.11
84.55
87.97
92.88
64.16
74.99
91.80
96.09
90.25
74.61
87.43
94.59
70.98
86.91
84.74
80.41
92.26
87.10
82.24
90.47
42.82
81.49
90.25
93.17
93.27
93.98
92.37
81.05
94.37
92.42
90.19
89.19
92.28
89.75
59.87
94.58
81.13
78.61
95.26
90.52
87.84
93.54
85.31
73.16
94.70
76.87
95.61
87.86
76.04
84.41
66.02
94.09
88.67
93.86
94.92
92.47
93.85
93.74
89.93
47.66
91.41
83.66
93.08
90.37
87.12
79.52
60.71
92.93
93.86
92.07
52.13
90.09
93.16
89.21
78.38
92.08
93.09
82.44
93.01
82.21
95.65
84.60
90.33
82.43
79.93
78.61
78.74
79.72
87.74
82.80
95.10
84.63
95.66
89.34
88.65
94.60
84.42
92.43
90.89
61.45
87.21
72.14
89.66
92.31
91.80
82.61
80.97
92.10
86.80
91.35
89.99
83.28
88.52
92.63
94.32
92.89
92.51
86.72
86.75
90.47
92.95
92.32
72.68
91.43
87.53
86.90
92.44
87.00
68.72
69.21
93.15
89.44
88.96
90.57
80.46
87.08
89.68
95.91
89.51
94.16
81.34
92.87
91.77
85.97
88.49
87.15
66.93
75.31
87.79
90.65
67.83
91.58
87.10
92.59
85.55
92.42
93.95
92.96
86.13
80.16
84.60
88.90
81.37
90.81
84.87
86.88
89.76
86.37
75.92
88.35
87.16
81.54
93.52
84.36
86.83
82.07
73.68
66.67
89.98
94.03
89.61
87.62
91.69
78.57
70.24
92.89
93.49
85.77
94.90
73.20
79.24
94.22
72.54
66.06
86.49
86.11
82.43
86.75
85.02
92.91
74.40
88.22
84.13
93.73
95.54
84.61
95.56
76.38
88.93
90.96
82.43
88.64
92.07
85.53
83.52
89.91
94.79
82.25
94.02
80.20
94.38
96.92
89.15
73.21
92.92
77.08
90.57
77.22
90.26
84.29
74.29
91.04
92.46
74.37
74.70
89.63
73.83
65.32
88.16
91.31
91.80
88.44
92.13
88.14
86.77
94.67
91.33
87.13
83.62
73.37
76.46
61.94
86.90
93.20
40.03
67.89
80.97
80.70
70.93
80.92
80.37
83.62
82.24
71.89
84.36
95.80
93.45
59.61
89.83
64.21
93.00
81.64
90.97
76.46
91.45
87.61
76.90
94.01
84.25
94.29
87.88
79.26
95.34
79.01
90.44
75.30
78.47
82.21
78.11
92.07
87.76
90.15
88.39
86.74
93.99
92.81
86.05
84.14
92.42
89.47
92.88
94.95
84.20
61.28
89.51
90.13
90.41
72.69
88.33
92.40
76.75
86.62
83.34
83.48
86.67
75.31
77.27
82.75
77.81
74.85
93.47
66.67
90.40
85.75
84.12
85.99
94.94
86.66
90.41
93.58
86.51
84.92
93.01
93.14
92.31
92.69
82.15
86.24
83.96
90.63
92.40
91.66
88.94
92.53
88.51
93.03
86.68
70.59
91.30
90.20
92.01
80.89
84.87
85.53
83.92
94.90
55.42
89.99
92.75
82.30
90.00
95.05
83.54
70.25
87.17
88.97
93.76
94.05
78.71
60.61
69.82
85.97
88.58
89.09
91.77
83.09
93.42
93.93
86.46
83.31
92.46
90.33
57.91
82.84
88.49
82.19
66.94
83.19
77.70
81.51
92.32
79.90
76.46
90.36
88.98
89.98
89.42
94.14
83.51
95.00
86.27
77.76
90.09
91.45
90.73
84.37
94.40
97.25
94.53
81.25
94.79
94.85
95.42
91.18
69.95
91.98
86.73
85.38
92.82
92.76
93.80
86.73
85.35
89.63
92.94
84.39
80.24
93.51
86.78
30.74
84.58
93.21
85.37
72.74
92.62
91.68
93.13
74.43
88.40
92.27
74.36
93.15
76.63
88.87
59.07
90.01
86.88
83.20
82.57
92.78
64.52
82.61
90.90
78.85
84.06
78.84
92.84
88.67
75.95
76.11
94.22
91.89
87.93
96.00
84.79
90.17
56.24
85.56
77.24
91.88
89.03
78.39
78.68
88.29
89.65
95.47
92.07
92.86
76.24
94.08
87.57
84.97
83.68
89.28
93.12
90.34
70.09
91.93
80.23
93.39
74.15
78.42
94.15
90.33
81.76
75.55
92.75
82.22
93.49
93.91
86.15
91.65
92.18
95.55
93.38
95.37
90.19
88.68
78.41
94.57
92.21
87.05
75.96
94.51
94.85
90.97
89.70
91.79
89.07
93.71
92.53
89.84
83.54
92.18
92.44
71.03
91.47
78.46
91.92
84.77
87.59
94.53
94.30
80.13
88.51
85.34
93.13
89.59
83.31
87.34
93.76
87.20
78.11
71.24
90.46
75.24
91.58
89.73
80.57
89.18
93.12
85.29
91.88
86.25
91.98
89.85
85.14
68.22
95.43
88.13
89.22
93.39
73.18
90.14
91.78
89.89
93.13
80.40
95.51
89.23
67.59
80.63
79.14
92.61
94.03
85.78
83.10
90.66
50.87
92.54
89.37
90.93
90.82
83.98
92.09
85.22
85.32
90.54
93.96
78.45
61.54
82.98
84.81
92.66
75.77
78.49
61.95
81.24
91.85
93.01
82.18
90.30
83.86
91.43
86.49
88.84
79.04
88.67
86.93
90.34
89.49
58.10
77.06
91.05
86.33
78.04
90.02
92.82
80.49
73.90
88.20
93.94
92.66
92.80
92.64
91.67
85.29
88.57
75.61
87.58
75.19
94.57
73.19
91.07
90.30
78.65
81.56
74.87
83.98
88.14
94.47
90.19
81.15
93.57
87.24
94.27
67.05
93.51
82.25
89.20
92.62
89.38
61.38
83.08
74.91
90.96
84.36
82.71
85.33
93.48
86.67
87.44
80.11
85.20
88.09
88.91
83.86
95.34
75.73
89.41
65.47
94.57
88.20
93.31
89.15
93.22
91.26
77.42
92.17
70.26
91.24
89.61
92.04
89.38
88.03
84.93
90.15
77.57
87.99
82.30
85.62
93.71
94.85
95.89
86.66
86.49
89.09
85.13
81.07
88.30
83.44
30.17
51.31
77.01
74.28
85.73
89.19
84.62
71.09
86.17
88.80
92.31
70.55
90.66
86.09
84.33
