96.43
96.19
96.90
97.55
97.90
94.45
97.22
97.25
86.47
97.10
97.45
95.75
96.53
96.78
95.50
97.31
91.36
97.90
95.58
90.85
97.91
96.58
94.26
97.65
96.68
94.64
95.72
97.45
96.57
96.57
97.00
96.76
97.22
97.50
96.13
94.07
97.09
95.64
96.99
97.23
96.38
94.97
91.99
97.36
96.98
97.31
96.84
95.68
96.72
92.48
96.50
97.67
95.52
95.22
93.35
97.88
98.06
97.43
90.29
97.28
96.18
96.65
97.03
96.05
96.81
97.13
96.87
96.51
97.85
93.54
96.42
97.53
94.06
96.90
97.80
97.92
97.73
97.17
96.52
96.64
97.75
96.77
96.69
95.96
97.57
94.67
95.71
97.42
96.41
95.80
92.04
96.16
97.32
92.91
96.44
95.89
97.16
96.59
92.26
97.59
95.96
95.18
97.73
96.06
95.58
96.76
96.17
95.82
95.93
97.21
97.70
97.08
97.73
97.43
97.42
91.05
97.34
96.04
96.48
97.49
93.74
90.75
97.81
96.01
96.96
94.25
94.99
96.19
97.24
96.55
96.46
96.08
97.44
92.83
97.19
94.65
96.97
97.50
96.92
95.54
97.46
98.01
96.56
92.37
95.56
97.17
96.08
96.73
95.67
96.53
96.23
97.70
96.47
96.85
97.12
97.61
97.05
96.12
97.54
91.64
94.87
96.51
97.21
97.40
97.22
97.10
97.67
97.21
96.89
97.79
97.76
97.05
97.33
94.72
96.65
94.73
97.77
95.86
97.70
92.52
95.86
97.37
94.25
96.17
96.72
97.25
96.48
96.11
97.54
96.43
95.68
89.22
97.07
96.71
97.72
94.47
96.93
97.02
97.67
97.30
96.66
97.91
96.57
87.37
92.25
82.07
97.29
95.57
95.72
97.01
97.30
93.98
96.61
96.77
97.52
97.57
95.87
97.16
97.03
97.51
95.90
94.14
97.95
97.84
97.20
97.46
95.81
97.59
97.16
94.98
97.33
95.86
94.87
95.34
94.68
97.37
97.30
97.21
96.98
94.97
95.78
97.49
95.36
95.29
96.59
97.18
97.84
94.63
97.57
96.67
97.40
96.80
95.60
97.16
97.49
96.67
93.64
95.49
97.40
95.10
96.98
92.70
97.21
96.09
96.89
96.07
94.68
97.68
97.04
95.87
96.08
98.03
96.63
97.67
96.43
97.47
95.17
92.40
95.69
97.18
97.50
96.96
95.75
97.37
97.75
97.51
96.19
96.36
97.67
96.96
95.98
96.48
93.52
95.93
95.17
98.00
95.48
97.48
97.31
97.16
94.09
97.53
97.95
95.85
97.61
96.39
97.54
95.96
97.13
96.00
96.18
96.65
96.93
97.81
97.67
97.35
96.72
96.95
95.21
97.24
97.06
97.35
97.53
96.38
96.75
93.66
95.00
97.01
97.13
95.72
97.12
96.50
96.86
95.90
94.19
93.91
95.97
91.39
93.80
97.44
97.06
97.87
95.35
93.14
93.23
97.21
97.42
96.86
97.26
97.19
96.76
97.60
96.99
97.59
94.92
96.73
97.97
92.17
96.55
95.38
92.79
97.50
97.76
97.09
92.36
96.54
88.22
96.34
97.99
97.68
96.07
97.17
97.57
97.57
96.47
96.25
93.76
97.54
96.78
97.20
96.73
97.29
93.96
97.76
92.94
97.91
97.25
96.18
94.65
97.82
98.04
95.46
97.41
96.49
96.37
97.65
95.52
97.97
97.40
95.89
94.73
96.60
95.05
91.90
97.93
95.73
97.55
97.15
96.40
96.06
97.75
97.01
90.44
86.07
97.61
95.09
96.39
97.60
97.45
98.02
97.35
96.96
95.22
96.56
97.08
97.08
95.96
97.25
96.46
95.91
96.94
97.79
95.88
97.37
94.51
96.13
93.51
96.67
97.67
97.48
97.31
95.89
96.12
95.82
92.99
97.55
97.31
95.03
93.22
96.54
89.48
96.69
95.17
94.45
96.48
97.32
94.01
95.74
95.63
96.59
94.44
96.26
96.16
97.20
95.68
97.98
94.60
96.99
96.52
97.45
96.45
95.81
96.88
96.86
97.43
95.23
96.78
97.85
97.42
92.32
97.76
96.99
94.56
91.93
85.87
97.55
95.40
95.79
96.20
97.24
97.54
94.20
96.10
96.84
97.72
96.69
97.46
95.56
97.38
96.19
97.57
97.00
97.12
96.05
97.51
97.77
96.70
97.03
97.08
97.17
95.27
97.62
94.91
96.70
97.44
95.62
96.32
96.86
96.58
97.03
97.64
97.65
98.00
96.30
96.30
96.80
92.93
96.70
92.80
96.58
97.13
95.72
96.70
98.00
97.58
94.56
97.64
96.20
97.80
94.23
97.38
95.46
97.42
97.46
91.76
97.51
97.31
95.97
95.50
96.84
97.58
94.55
96.79
97.05
96.37
97.06
92.51
97.34
97.03
96.08
95.50
97.24
94.27
98.26
97.37
92.92
96.45
91.77
96.20
89.68
96.82
96.36
91.66
91.18
96.94
97.53
98.13
95.07
97.50
97.76
96.59
97.76
98.09
97.64
96.48
96.10
97.83
96.53
97.44
95.30
96.65
97.33
97.61
96.73
97.39
95.74
97.03
95.62
97.79
89.75
97.63
96.92
96.16
96.54
97.15
95.14
96.74
97.47
96.90
97.19
95.63
97.14
88.65
96.76
97.03
96.89
95.38
97.57
97.12
97.41
97.00
97.79
97.60
95.03
96.05
93.27
97.77
95.66
97.87
97.13
95.35
94.68
96.68
95.15
97.02
93.98
89.25
94.36
97.32
97.67
96.33
97.11
96.44
95.63
97.68
95.78
96.68
97.07
97.66
97.04
97.57
96.63
97.45
97.11
94.89
96.64
96.60
96.61
95.74
89.99
96.75
96.14
97.45
96.83
95.19
93.94
95.42
95.42
93.40
96.71
94.65
97.76
97.08
95.97
96.86
97.66
97.43
97.90
94.68
94.45
97.84
95.95
97.33
93.37
96.35
98.02
95.65
97.79
96.73
96.97
97.56
97.27
95.44
97.31
96.59
93.80
79.64
96.97
97.48
96.30
96.53
97.24
96.60
97.66
96.46
97.36
97.00
96.15
93.52
95.72
97.77
95.83
95.52
97.08
94.28
95.82
97.76
97.98
97.15
96.82
97.06
96.95
97.42
96.93
97.49
97.15
97.76
96.33
97.49
97.24
97.25
96.46
86.59
96.13
96.72
96.54
96.28
97.76
92.44
96.44
96.82
97.79
97.14
96.78
96.50
97.92
94.22
93.38
97.70
97.75
95.52
97.75
96.61
97.09
96.69
97.06
97.58
96.17
96.73
97.41
97.04
95.98
95.94
96.19
96.44
97.09
95.54
94.62
89.32
94.95
97.10
96.92
97.37
96.97
96.83
97.57
97.56
98.11
96.32
96.55
96.86
97.93
97.61
97.47
97.35
97.36
97.46
97.87
97.09
97.03
97.77
93.74
96.34
97.03
97.77
97.18
95.75
97.35
96.71
97.73
97.76
95.80
95.74
97.52
97.26
97.14
96.06
92.08
96.90
96.79
96.81
97.33
97.13
97.75
97.49
97.45
97.23
96.64
95.32
89.29
97.35
97.72
97.46
97.08
95.84
95.82
94.94
93.20
96.20
94.05
96.78
96.92
97.30
96.98
97.06
92.15
98.10
89.86
96.39
97.26
97.80
97.22
97.31
91.71
94.36
96.23
95.48
97.55
97.69
91.58
96.34
97.30
96.49
96.78
97.30
97.70
96.67
96.83
97.24
97.04
97.67
97.57
92.90
92.37
90.74
96.48
96.80
95.37
97.66
96.94
94.29
97.44
97.22
97.35
95.62
96.87
97.28
95.31
96.29
94.90
95.32
97.39
95.32
95.64
97.05
97.07
96.53
96.53
97.92
95.69
95.37
96.93
96.46
97.02
97.33
96.29
97.64
95.64
90.64
96.23
97.00
97.18
96.47
95.05
91.41
96.95
96.73
96.76
93.27
96.63
97.05
96.49
74.24
96.69
97.16
95.68
97.23
97.90
97.03
96.30
96.64
96.51
96.42
97.45
96.81
96.26
98.02
97.05
97.46
97.30
97.14
96.27
97.76
96.56
93.27
96.17
97.67
96.98
97.17
96.27
97.41
97.43
96.91
96.36
94.95
96.28
97.55
94.11
97.70
97.47
97.06
97.23
97.31
97.93
97.32
96.87
95.75
95.98
97.25
97.35
95.25
94.95
97.39
96.95
96.57
96.19
96.18
97.14
95.87
93.99
96.49
97.78
97.36
96.20
97.76
96.10
96.59
96.27
97.50
95.58
97.21
96.02
97.58
90.47
95.86
96.85
92.73
96.41
97.04
97.25
96.66
96.92
95.57
94.46
96.25
94.75
95.98
97.18
97.94
97.22
