97.68
92.04
95.37
95.93
93.88
92.65
95.31
93.62
95.97
96.66
94.93
88.31
95.47
96.97
95.86
95.57
95.48
94.71
92.37
96.72
94.04
95.80
92.94
93.33
95.30
94.96
94.77
94.47
96.94
94.92
88.99
93.32
94.87
95.65
88.59
94.30
93.46
95.83
94.83
92.25
95.08
93.78
96.87
94.12
95.85
95.88
96.20
96.74
95.89
96.34
95.34
96.48
89.16
95.21
96.59
94.51
92.61
96.64
96.53
93.98
94.74
95.37
95.57
85.82
95.95
96.09
94.53
84.02
96.42
96.37
94.98
88.85
95.61
96.21
96.30
97.16
95.08
96.00
96.26
95.08
96.25
95.32
95.75
96.42
96.92
92.59
95.16
89.08
95.99
96.24
95.63
96.17
96.90
95.86
96.68
96.59
95.69
93.86
96.69
95.93
95.91
94.62
87.48
91.55
95.68
96.82
92.95
96.70
96.59
95.71
93.65
95.33
95.70
96.08
95.30
94.91
94.23
94.66
94.50
94.63
95.34
96.41
91.59
83.39
96.93
95.22
96.20
94.97
93.76
93.61
93.73
96.88
97.11
95.73
94.48
82.07
96.84
96.88
96.49
93.25
96.76
96.51
94.54
94.71
92.18
91.61
92.13
96.06
94.32
96.65
96.08
84.23
96.14
86.50
96.67
97.01
96.30
93.88
96.64
90.90
96.39
95.80
96.02
93.30
95.16
95.40
96.38
93.07
96.26
96.15
94.81
94.31
90.30
93.39
93.96
96.29
95.08
96.19
92.45
95.99
96.10
95.15
93.94
92.43
95.76
95.09
96.52
95.48
95.47
95.83
95.59
88.18
92.73
88.94
96.89
90.02
96.54
94.32
96.28
95.54
96.88
94.41
97.01
95.42
92.11
95.86
91.94
91.20
93.72
96.41
95.52
96.23
94.42
88.02
96.69
93.56
96.12
95.42
89.18
92.95
86.92
95.91
86.72
95.48
91.35
95.82
91.38
94.79
80.70
94.74
96.54
96.42
83.44
96.38
96.21
94.90
91.77
96.43
96.58
96.23
96.45
90.44
95.95
95.14
95.67
91.00
95.64
96.02
95.80
94.82
94.12
95.89
96.25
95.76
94.38
92.30
95.38
95.43
94.51
92.32
91.69
96.54
96.71
95.81
88.70
95.44
95.91
94.91
96.17
95.50
93.65
95.44
94.18
94.73
94.10
96.88
95.70
96.35
95.51
94.77
95.19
93.95
96.49
95.35
95.81
96.54
96.27
94.50
95.01
93.78
90.31
94.17
96.75
93.46
94.54
92.18
94.26
90.71
91.78
95.32
95.94
94.49
94.62
96.37
93.43
95.61
96.96
92.61
95.20
94.39
95.89
92.46
95.16
96.38
90.23
93.90
95.32
95.14
95.34
92.26
94.86
88.14
95.91
94.83
95.67
92.79
93.82
90.68
94.55
96.41
95.03
91.25
95.11
96.29
91.25
94.67
92.60
95.63
92.36
92.83
96.72
96.59
95.34
97.47
95.13
95.95
96.41
95.23
95.01
95.20
95.51
95.79
95.49
95.71
94.22
97.02
93.15
92.23
95.63
95.04
95.30
94.84
94.92
95.91
92.64
94.71
92.58
96.83
95.34
95.54
96.29
93.17
94.70
93.78
96.72
94.25
96.53
95.87
95.56
95.26
95.64
92.46
96.21
94.42
91.89
97.08
93.75
95.92
96.64
91.27
93.23
96.13
96.31
94.26
96.33
94.55
95.43
86.71
94.45
94.46
96.70
51.01
92.34
93.66
95.04
95.15
95.01
96.64
96.37
95.74
95.66
94.93
96.37
95.75
92.97
95.47
95.35
95.24
81.95
94.62
95.60
95.75
92.79
93.70
94.93
93.72
95.97
95.00
96.44
95.91
95.62
95.98
96.04
93.25
93.65
94.07
95.33
95.50
95.90
95.00
95.65
94.41
91.38
95.10
91.57
95.55
94.46
93.21
95.18
94.86
90.52
96.90
96.98
96.09
94.82
95.40
95.01
94.40
96.43
95.58
97.33
95.41
85.21
95.99
91.61
96.29
95.22
96.04
95.76
94.44
95.25
95.90
96.16
95.09
94.35
91.98
93.96
96.04
91.55
91.98
86.04
90.97
94.28
95.94
96.43
95.23
95.26
85.59
91.78
96.46
95.77
96.81
94.06
95.03
95.48
95.18
96.97
94.65
96.49
95.46
95.88
95.09
96.16
96.56
92.61
96.03
94.59
93.74
95.69
94.49
95.88
96.15
95.63
94.14
93.87
96.63
96.87
94.50
95.27
94.86
95.48
94.66
95.89
96.58
95.72
95.08
95.01
93.37
95.22
95.44
94.26
96.40
95.44
95.04
95.35
95.47
94.42
96.16
96.12
93.07
93.94
92.04
95.16
94.07
94.88
96.87
93.93
93.74
94.54
91.49
95.31
89.42
95.99
93.73
93.34
97.18
94.66
93.68
96.64
96.23
93.07
90.50
96.48
96.01
94.44
93.54
97.08
94.20
95.63
95.45
96.75
89.67
90.36
95.01
94.01
89.75
95.99
93.62
93.99
94.78
94.84
95.28
84.32
97.26
94.19
94.20
95.40
94.20
91.18
95.95
97.10
91.10
80.12
95.59
95.20
95.84
96.16
96.96
95.22
88.93
95.70
93.60
97.03
95.48
93.39
96.09
94.96
94.90
95.86
96.24
94.70
95.22
96.24
95.08
96.04
95.28
94.79
92.70
96.16
94.53
95.58
94.01
95.18
90.59
95.50
95.79
95.60
94.04
95.95
94.13
96.10
96.51
96.69
95.69
96.36
94.41
94.72
94.34
94.10
90.88
96.19
94.28
97.19
94.93
96.13
84.45
95.36
92.38
94.50
92.21
96.04
94.84
95.93
96.66
91.22
97.37
93.32
93.89
96.36
87.23
95.45
92.18
82.27
94.06
94.42
92.85
96.60
96.37
93.97
96.91
75.11
90.61
95.10
96.73
96.60
92.77
95.41
93.64
96.52
96.07
95.92
90.56
95.45
93.70
93.13
96.64
95.71
94.02
94.64
97.03
93.94
95.21
94.94
96.27
95.50
94.61
95.01
95.60
95.85
96.69
94.47
81.26
95.36
96.89
94.28
96.68
91.88
93.25
94.63
90.67
94.66
95.10
95.61
93.98
96.61
95.92
93.03
93.29
97.03
97.00
95.11
96.88
93.38
96.89
96.34
95.11
92.92
94.43
96.24
95.37
96.99
96.75
92.90
94.14
93.72
89.73
93.80
96.24
91.21
94.26
91.02
89.96
95.36
94.02
93.97
91.41
92.98
95.23
96.95
96.22
95.76
96.23
97.26
97.27
95.90
94.66
91.29
95.56
94.26
96.44
94.55
81.66
94.74
94.82
94.43
91.93
95.16
95.71
92.39
95.30
95.13
92.61
95.49
94.38
94.82
96.65
95.17
96.27
92.21
93.62
94.67
90.69
93.56
96.02
95.88
96.41
95.18
96.13
95.18
95.66
95.62
94.57
95.75
88.56
97.00
95.61
96.01
96.01
96.04
96.30
94.71
95.24
91.00
85.07
92.16
94.61
91.20
94.30
97.46
89.82
94.77
96.39
94.45
85.05
96.26
96.41
96.57
92.44
94.30
95.04
96.93
95.16
95.13
96.25
96.89
95.47
96.18
94.90
96.26
94.70
91.96
96.43
95.90
91.82
96.91
76.00
94.95
94.19
95.60
94.43
96.47
88.71
92.50
94.77
95.24
92.97
95.83
96.98
96.91
95.60
97.05
96.48
94.09
96.23
96.51
95.46
94.90
95.53
96.25
95.74
95.59
96.04
94.31
94.73
94.45
95.48
94.09
94.37
95.50
96.45
93.91
95.81
95.69
91.29
85.29
93.63
94.43
93.25
95.95
92.32
96.68
95.48
93.84
93.49
93.28
93.15
85.47
94.91
93.35
96.93
95.14
95.83
95.37
96.07
93.60
96.12
93.73
96.02
95.65
96.31
96.12
95.08
97.10
89.07
95.81
95.74
95.58
95.24
96.13
93.07
95.81
91.49
95.31
96.05
96.34
96.54
91.24
96.74
90.47
94.48
94.85
94.47
96.48
93.35
94.11
94.79
95.02
91.69
94.69
96.08
95.93
91.69
95.19
94.10
95.82
96.26
96.41
95.97
93.41
94.42
95.94
91.98
93.76
95.73
97.05
95.58
94.98
95.42
84.59
95.89
94.70
95.48
95.01
88.31
95.60
95.46
93.87
89.19
95.73
96.02
95.75
96.12
90.22
96.77
91.53
92.48
96.40
95.71
94.19
96.17
96.06
93.85
83.96
92.85
95.79
94.28
96.16
93.41
96.28
94.69
94.71
94.92
92.44
94.88
96.45
85.74
95.97
96.36
96.17
93.51
92.52
94.42
94.95
93.50
94.13
92.43
86.56
93.94
95.38
95.64
