96.84
97.88
97.41
95.83
98.48
97.63
93.22
98.18
98.29
97.72
98.09
98.26
94.99
97.36
97.75
96.69
96.74
96.27
98.28
98.25
98.26
98.52
98.08
97.54
98.43
98.67
98.29
98.27
98.15
97.45
96.17
97.31
98.28
98.18
96.55
98.20
97.36
97.53
97.49
97.96
97.23
98.56
97.59
97.74
98.35
98.51
98.41
97.81
98.45
97.52
98.38
94.92
87.57
97.44
96.48
96.64
98.12
98.27
96.19
97.64
98.23
95.67
98.68
97.70
97.14
98.74
98.48
98.22
97.62
98.41
97.89
90.35
98.41
98.14
97.48
93.64
95.40
97.75
97.71
96.79
94.78
94.96
97.99
98.53
98.29
98.57
98.10
98.20
97.55
97.37
96.55
96.00
98.22
98.47
98.03
97.15
98.49
92.30
97.47
98.40
98.15
97.17
97.51
98.38
98.00
97.16
97.52
98.01
97.02
96.77
98.34
97.62
98.08
98.20
98.21
96.42
97.75
97.99
97.79
98.32
97.04
98.70
97.70
97.73
97.96
97.68
97.68
97.57
97.48
98.32
95.67
97.70
97.58
95.65
98.57
98.08
97.29
97.99
96.68
95.68
96.95
97.72
96.02
97.60
93.60
98.49
97.82
98.05
97.17
98.05
98.47
97.24
97.74
97.61
98.12
98.51
98.59
98.31
96.98
96.94
97.53
98.28
98.05
97.76
98.10
98.15
98.14
97.62
98.56
98.15
97.57
96.91
98.34
98.03
98.09
98.37
97.41
97.89
97.88
98.24
96.13
97.29
97.83
97.94
96.72
98.02
97.59
94.60
98.41
98.23
96.84
98.38
98.40
98.03
97.63
97.18
97.61
98.55
96.23
95.93
98.40
98.48
97.54
98.35
96.75
98.51
96.67
97.18
98.09
97.62
98.16
98.19
97.45
97.94
98.50
98.35
97.75
98.30
98.30
97.59
96.09
98.58
96.05
98.62
98.19
97.97
98.39
98.31
96.87
97.94
97.85
98.10
98.34
91.23
96.64
98.05
98.08
98.60
97.25
97.56
97.07
97.51
96.70
98.51
98.24
97.68
97.00
95.85
98.07
97.15
96.92
97.48
98.40
98.34
98.21
98.52
94.41
97.66
98.02
97.52
97.93
96.70
97.44
98.09
98.25
96.67
98.61
97.13
98.27
98.11
95.76
98.26
96.72
97.89
94.11
98.57
97.77
97.67
97.90
97.68
98.69
97.68
95.83
97.69
98.11
97.98
98.05
98.20
98.34
97.45
97.78
98.50
98.16
97.79
93.55
98.17
98.42
97.75
97.80
98.43
97.94
98.59
94.90
95.90
98.53
97.15
97.35
96.40
97.79
96.87
98.14
96.87
83.86
98.38
98.33
98.18
97.80
98.24
98.32
97.70
98.69
97.56
98.18
98.18
97.89
98.23
97.26
97.90
96.96
97.82
97.13
97.87
97.37
96.00
97.13
91.44
96.51
97.62
98.55
96.61
98.09
95.95
98.23
95.84
96.75
98.22
97.17
94.19
97.14
98.08
95.54
98.09
96.66
98.10
97.65
98.57
94.29
97.42
92.65
96.82
97.23
98.41
95.93
92.45
98.19
98.10
97.90
97.95
98.25
95.41
98.07
98.11
98.53
97.34
96.95
98.08
97.70
95.10
97.64
97.58
98.49
97.99
98.25
97.80
95.66
98.38
95.76
97.98
98.12
98.13
97.90
97.72
97.15
93.84
98.14
98.04
96.26
97.71
98.35
97.82
97.81
98.07
95.49
97.20
98.02
98.16
97.88
98.18
98.41
95.82
98.47
98.12
96.61
94.17
97.74
97.99
98.06
94.59
98.51
96.95
96.09
94.79
91.33
98.09
98.40
98.30
97.19
95.29
96.52
97.05
98.03
98.18
98.11
98.28
98.38
98.23
97.63
96.55
92.15
96.47
98.26
97.85
98.61
98.29
98.22
98.16
96.69
98.44
98.31
98.21
98.47
96.84
98.18
96.88
97.66
95.89
98.09
96.93
96.59
96.91
90.59
96.54
98.61
98.18
98.08
98.19
96.64
97.56
96.25
95.71
96.18
97.97
97.89
98.16
97.48
98.00
97.64
97.70
97.23
98.68
98.35
98.16
98.25
98.58
96.63
98.35
96.46
96.90
97.56
95.07
97.72
97.76
98.28
98.07
98.18
98.46
97.02
98.07
95.44
98.23
87.01
96.27
97.32
95.47
96.53
97.68
97.43
98.05
96.71
97.56
98.21
98.03
97.58
97.48
98.10
98.42
96.43
97.58
97.53
95.02
97.69
97.88
98.16
94.32
96.76
98.56
92.91
96.55
97.46
97.95
97.37
98.45
97.97
97.59
98.63
97.56
97.83
97.94
98.14
97.54
98.03
94.92
95.90
98.54
97.84
98.51
96.34
97.97
98.62
98.66
95.02
93.52
97.86
98.30
96.43
97.66
93.98
98.28
98.48
97.83
97.46
98.38
97.86
98.46
93.37
98.23
98.34
94.95
98.16
97.97
97.63
97.63
94.75
95.44
86.37
97.48
97.15
97.84
96.25
98.57
97.73
96.96
98.27
98.31
98.23
98.00
98.34
97.97
97.86
97.82
96.56
96.20
98.16
98.50
97.71
96.48
97.78
96.80
97.44
94.46
98.15
98.10
95.48
97.72
97.17
96.16
96.95
98.11
97.21
97.55
97.72
95.27
98.27
97.71
97.87
97.73
98.43
98.38
95.99
96.80
96.71
98.64
98.12
98.13
98.49
97.79
96.61
95.44
95.52
96.77
96.60
96.97
97.65
93.97
96.35
98.41
98.02
98.34
96.10
94.41
97.98
98.05
98.40
97.11
97.22
96.81
98.10
97.97
98.09
98.49
98.12
97.75
98.19
98.13
98.71
97.81
97.64
96.60
98.60
97.84
97.80
96.84
96.88
98.02
97.78
98.40
97.47
97.79
98.35
97.43
97.93
94.39
97.43
97.10
97.91
98.43
98.07
98.54
98.30
96.91
97.55
98.00
96.35
97.68
97.85
98.54
98.47
98.45
98.38
95.96
98.30
97.36
98.20
97.04
97.68
97.72
97.88
98.09
90.22
97.76
94.75
98.06
96.63
95.85
98.72
97.91
97.06
98.58
98.10
97.71
98.28
98.24
97.83
98.32
98.05
98.34
97.40
97.52
97.66
98.39
98.23
98.06
98.35
98.11
98.18
98.23
98.58
98.07
94.63
98.33
98.30
98.57
96.77
98.05
97.29
96.93
96.12
98.39
98.08
97.94
97.85
98.08
97.04
97.36
97.50
98.53
97.95
98.47
98.25
98.02
97.93
98.14
98.16
98.47
97.92
97.93
98.22
89.91
97.70
96.55
97.72
97.45
97.16
98.24
98.19
96.95
98.39
98.38
96.44
98.49
97.93
70.44
97.62
95.19
97.87
97.78
97.61
98.33
95.44
98.41
95.17
96.84
98.21
97.56
97.14
97.68
97.44
98.34
97.45
98.46
95.76
98.18
98.49
97.83
97.64
97.97
97.84
98.50
98.23
98.28
98.02
98.22
94.76
96.86
98.65
98.61
98.57
97.56
98.25
97.90
97.49
95.25
98.17
97.99
97.94
97.45
97.52
97.68
97.90
97.16
96.91
97.73
97.78
98.21
95.81
97.85
97.26
96.94
98.43
97.77
97.54
98.20
98.11
98.07
96.11
95.61
98.24
98.41
97.17
98.04
96.62
98.06
98.47
98.09
98.00
98.52
97.64
96.00
97.33
97.88
98.23
98.01
97.74
97.98
98.75
97.23
98.42
98.22
98.50
95.78
97.03
98.31
97.93
97.82
97.71
96.07
98.63
92.99
94.41
98.03
98.45
97.62
97.40
92.35
98.48
97.45
98.29
97.64
97.45
97.38
98.29
98.43
97.63
97.55
98.60
97.75
95.04
98.39
97.12
97.74
98.54
94.84
97.05
96.86
98.23
97.38
97.50
96.81
98.04
98.46
98.03
97.05
97.28
98.37
98.61
97.42
94.74
96.67
94.34
97.53
98.20
98.55
92.63
97.60
98.35
95.31
97.69
97.23
97.58
98.13
96.50
89.56
97.47
97.50
98.14
98.62
98.56
97.58
97.37
96.74
97.89
98.43
97.42
98.37
98.13
97.64
97.85
98.58
95.81
97.75
95.40
95.95
97.99
98.08
98.29
98.31
97.70
95.04
98.01
96.03
98.31
97.36
98.65
98.34
98.07
98.37
97.87
97.81
95.97
98.20
94.07
98.41
98.11
96.58
98.29
98.19
98.16
97.72
97.72
97.13
98.46
98.44
97.32
98.00
88.48
95.75
98.25
97.67
96.87
98.16
97.96
98.65
98.01
96.65
97.68
97.23
96.89
98.39
98.06
98.54
96.22
98.25
98.17
98.45
98.15
97.96
96.88
97.73
97.50
97.75
