93.93
87.31
96.02
90.95
91.57
73.00
89.35
95.45
91.76
87.31
78.68
78.72
93.38
50.37
94.30
89.98
88.92
95.63
90.09
89.24
93.94
93.97
91.60
76.14
87.79
94.85
93.85
94.50
76.59
86.83
93.94
93.65
85.19
40.23
86.81
74.78
76.45
91.82
86.93
82.76
81.53
93.74
89.82
84.35
89.11
84.71
87.36
80.53
92.76
89.69
88.92
75.43
74.67
88.80
66.66
91.63
89.54
87.54
71.79
83.26
86.19
62.17
83.07
91.99
93.64
81.55
84.84
75.33
57.15
91.65
49.74
85.65
65.21
80.77
69.63
87.25
72.09
86.47
92.95
72.50
84.45
94.38
81.62
81.84
86.96
94.29
95.70
88.87
90.68
90.88
87.07
73.28
70.64
87.30
50.52
90.67
86.37
91.60
78.47
89.82
89.63
80.64
88.90
85.43
70.96
57.75
90.99
93.18
87.40
76.69
91.02
84.50
72.19
87.04
60.88
94.01
90.95
91.09
94.37
92.47
77.00
87.56
88.30
79.87
85.51
67.86
84.07
89.30
91.95
86.15
88.71
94.59
88.71
89.48
90.23
94.28
72.64
85.18
90.80
88.30
68.79
67.72
77.12
92.74
90.87
94.00
86.02
58.11
90.14
92.27
74.43
78.64
91.74
87.31
80.33
85.82
88.87
84.38
88.86
84.08
91.67
54.32
92.85
94.08
84.88
82.52
92.16
89.85
89.87
93.72
91.70
83.61
87.63
87.10
59.30
92.48
80.82
91.79
89.79
82.95
89.98
70.76
76.08
84.98
90.41
70.78
90.18
93.93
92.47
94.92
92.46
93.00
93.78
85.51
95.37
72.83
93.21
77.60
68.71
93.66
91.66
75.46
85.94
71.71
90.69
92.06
89.57
89.56
71.32
64.12
88.94
68.89
91.95
77.11
89.30
90.98
84.65
94.06
88.97
86.94
94.15
44.18
89.16
83.57
94.31
86.99
88.06
49.71
86.10
78.11
92.71
93.49
63.38
78.94
93.89
85.81
78.58
91.35
86.29
91.39
89.46
84.52
92.27
78.48
74.67
88.45
88.74
91.31
71.91
86.77
87.41
85.27
87.15
95.36
66.83
39.61
71.99
75.39
88.10
89.25
91.43
89.13
90.09
90.41
93.05
89.08
83.85
87.02
85.38
77.52
74.97
91.07
83.48
60.12
84.31
86.86
93.25
76.44
81.29
90.67
81.36
87.74
91.25
93.45
89.90
89.10
90.42
93.77
90.92
93.44
86.77
92.85
90.81
88.25
86.49
90.81
76.95
86.26
81.58
88.62
92.46
87.41
88.49
92.72
91.19
68.78
89.11
46.68
86.77
90.79
84.63
87.92
73.95
90.73
91.68
92.16
83.39
80.75
56.92
92.97
87.88
92.28
73.74
72.43
91.42
58.46
89.48
90.41
78.24
95.17
91.34
95.54
73.36
46.71
83.33
92.13
48.51
89.23
58.95
88.13
80.97
88.44
88.38
86.03
95.78
77.81
90.54
94.15
87.92
92.86
72.39
80.12
81.54
94.25
87.08
84.14
95.46
95.32
83.86
93.98
91.75
87.05
87.59
92.90
82.14
93.27
92.08
86.39
80.38
68.26
81.04
87.20
87.67
83.94
88.79
87.93
94.79
88.41
95.06
90.09
92.29
93.14
70.34
62.79
91.68
93.89
85.97
89.25
83.46
63.34
86.36
91.57
93.10
93.30
90.78
87.86
92.02
91.72
77.50
81.44
69.77
95.86
76.90
84.40
54.73
94.13
95.15
91.93
90.23
79.07
87.92
84.67
89.32
92.97
88.89
88.31
85.57
72.02
73.39
86.16
82.98
92.98
54.19
89.19
88.17
91.25
86.20
89.22
94.42
89.95
94.19
71.41
66.18
86.15
92.36
63.80
91.36
91.23
89.98
94.89
91.61
90.54
89.31
86.69
82.00
65.51
87.57
65.98
94.16
87.00
92.37
90.57
77.53
87.75
88.26
81.30
89.01
81.83
84.39
89.83
80.02
86.06
89.91
91.30
94.70
83.16
92.08
93.08
91.15
85.94
90.97
88.95
93.12
91.50
61.90
78.73
56.21
71.60
90.72
72.51
93.08
95.27
49.54
93.52
83.56
76.32
84.21
86.93
80.53
93.44
92.43
76.25
72.13
71.57
93.02
91.13
92.18
91.37
89.48
94.52
92.04
80.70
86.74
74.12
93.37
80.30
81.14
88.52
87.76
94.81
83.36
89.86
89.60
90.23
84.04
87.55
91.69
80.11
92.81
93.40
89.66
92.80
64.46
92.52
91.52
84.46
88.23
75.64
69.12
89.63
91.06
74.40
66.65
93.09
91.74
91.18
90.46
76.66
61.69
88.43
84.75
91.33
71.16
62.25
68.59
75.05
94.38
87.84
87.65
89.65
96.58
89.88
79.12
88.81
88.42
94.62
86.40
66.46
88.88
87.43
92.02
92.45
90.35
92.28
73.20
82.00
88.25
78.10
88.15
92.62
88.75
72.94
92.64
81.60
69.97
83.20
70.83
87.16
41.65
89.01
89.72
71.52
78.93
92.07
87.32
81.63
84.24
96.14
81.68
90.22
87.40
81.93
76.01
94.51
95.00
85.79
64.18
84.38
90.83
90.39
92.38
81.63
90.85
90.36
76.47
89.38
92.14
87.38
80.90
90.71
91.81
88.19
93.71
80.19
92.58
77.74
63.63
77.96
96.09
80.94
86.39
80.82
83.23
92.68
91.71
92.96
84.45
91.78
91.27
86.50
76.13
90.14
88.22
92.25
87.96
84.71
89.06
91.71
89.78
87.55
90.32
81.18
92.17
93.80
78.21
86.61
93.55
94.62
93.74
73.15
88.88
64.23
82.52
86.53
79.40
78.19
91.50
59.54
79.21
87.25
89.51
51.83
88.69
89.27
89.46
84.49
93.98
90.36
83.29
83.98
71.02
86.48
69.37
80.63
89.67
88.93
91.00
78.26
90.85
91.04
83.71
86.69
88.76
79.94
57.68
78.27
85.90
90.97
86.78
89.64
93.61
93.15
87.39
70.04
82.93
73.73
82.76
81.62
78.44
94.53
67.29
79.64
86.71
83.01
93.42
90.59
81.08
92.16
73.10
95.64
92.88
93.96
95.18
81.76
93.33
50.71
90.14
61.34
90.79
91.85
89.01
86.86
78.98
82.83
92.10
80.05
93.21
92.39
67.56
90.34
91.89
72.96
90.17
90.12
82.78
90.30
84.34
93.04
63.57
83.82
91.61
79.09
82.78
88.18
89.46
88.15
86.41
91.39
86.71
92.88
86.40
68.40
81.06
79.26
84.97
91.50
71.74
75.88
84.76
88.67
75.61
88.11
90.02
86.46
84.05
88.78
77.67
78.90
95.12
93.07
88.78
92.75
89.31
87.89
95.43
84.28
84.77
94.45
93.43
85.06
90.84
91.28
90.47
69.96
89.28
93.15
79.04
94.66
82.54
95.11
83.72
85.79
73.21
85.23
89.17
89.86
87.91
92.83
74.22
91.08
81.21
94.47
88.80
83.60
86.61
77.41
83.04
93.19
75.90
89.22
89.09
94.96
86.21
89.17
81.01
65.28
93.38
95.02
91.12
89.33
83.50
85.37
88.63
67.75
88.70
93.36
89.54
86.12
86.60
67.07
94.04
85.41
85.12
90.47
91.63
94.55
91.82
93.59
89.29
94.50
77.50
91.37
90.16
88.77
93.29
89.14
91.88
89.53
76.33
84.57
94.44
90.35
94.86
92.38
95.53
93.49
90.65
84.63
90.17
75.80
94.45
86.32
86.82
81.66
90.50
90.80
92.68
65.94
88.73
85.98
82.42
94.50
87.69
81.77
92.26
93.40
90.62
81.74
87.19
68.19
83.09
89.99
75.81
87.93
85.74
92.64
84.61
82.54
89.87
85.10
88.48
87.92
86.47
90.20
58.57
93.50
75.12
69.26
81.92
93.18
78.38
93.08
89.31
94.85
92.85
77.88
81.27
87.52
82.48
87.69
84.10
64.64
92.61
86.16
77.60
86.43
84.92
89.16
84.91
93.22
72.86
83.64
77.06
83.04
88.34
84.72
90.80
89.26
92.43
86.07
91.74
88.24
94.30
77.22
90.29
79.81
94.49
85.17
85.46
90.08
81.54
70.04
69.52
86.52
93.66
78.29
82.21
92.14
77.94
88.89
93.99
91.55
94.82
87.28
81.56
67.74
86.03
80.59
85.31
87.24
88.46
89.57
90.21
92.54
64.47
76.12
53.49
86.16
84.84
74.65
88.37
90.15
74.87
60.97
80.02
82.39
83.46
78.82
92.31
72.67
94.65
69.41
87.70
74.72
93.51
91.74
81.87
90.28
93.74
90.35
90.23
84.53
94.01
75.11
93.32
87.40
82.96
85.86
86.31
93.19
