94.78
92.57
95.39
80.40
95.06
95.10
96.73
96.65
87.76
85.44
95.20
94.73
97.36
93.76
95.31
95.53
87.47
95.66
92.36
94.93
96.13
94.26
96.93
95.32
96.65
93.71
93.95
95.77
91.13
88.86
95.49
88.43
96.46
95.92
92.60
91.38
94.07
94.93
96.21
96.33
97.76
95.67
97.10
95.99
93.74
96.37
92.42
95.81
95.71
95.69
94.05
86.66
96.47
94.62
96.46
91.82
91.71
90.83
95.62
97.24
94.33
95.18
96.22
94.90
96.50
96.70
92.46
91.88
94.86
88.74
96.95
97.31
96.29
91.49
96.28
95.59
95.90
94.19
96.84
95.73
75.05
96.84
94.52
96.82
93.79
96.68
79.45
96.14
97.16
95.60
90.74
91.94
91.09
97.41
94.09
96.31
96.40
93.43
92.57
73.39
91.84
90.35
95.39
93.48
95.03
92.97
91.44
89.75
93.58
96.39
93.01
94.30
95.82
95.44
90.98
97.26
94.57
85.04
92.33
93.31
90.21
95.38
94.75
83.56
77.78
95.32
91.73
97.02
96.19
94.46
94.94
93.68
94.02
94.84
94.90
96.27
91.18
94.52
96.47
93.68
96.04
95.84
96.65
96.13
95.09
93.82
87.12
95.97
90.19
96.74
95.87
97.38
96.34
92.80
97.53
93.00
96.91
95.38
95.65
95.43
94.85
95.90
96.37
95.41
95.77
95.40
90.20
88.36
83.90
84.78
95.11
95.21
96.73
95.02
91.80
96.20
96.95
91.19
93.32
95.15
96.31
96.32
88.15
97.35
94.26
92.49
95.38
96.59
83.88
80.13
94.51
95.64
97.08
94.90
87.08
86.64
89.18
95.74
95.45
96.87
95.83
95.14
85.19
93.39
96.18
96.68
97.15
96.70
92.76
93.97
95.09
95.19
96.16
72.57
86.88
96.88
85.69
93.33
94.23
93.82
89.48
96.22
96.27
97.19
96.48
82.60
96.40
95.60
87.28
93.58
95.10
96.37
96.23
96.30
97.52
90.65
96.05
97.09
94.73
91.44
90.28
96.70
91.79
97.37
96.91
97.35
95.06
96.05
87.26
93.39
93.55
97.57
96.68
84.27
96.57
91.00
96.79
95.76
95.78
93.37
95.34
84.86
95.41
94.09
94.57
96.67
94.09
96.63
95.59
85.27
96.86
93.97
85.45
92.62
76.82
97.35
96.04
95.69
82.85
96.45
96.11
96.37
86.63
94.26
89.80
90.11
97.34
91.94
93.53
96.76
96.68
95.93
90.94
95.38
96.06
95.51
97.02
96.25
93.69
95.39
94.72
94.86
93.15
78.15
96.38
90.48
90.94
96.21
96.06
92.95
87.65
91.39
89.93
92.41
93.91
96.40
95.27
96.24
89.32
97.31
92.94
96.27
93.81
92.74
95.77
96.36
89.78
93.64
96.68
94.99
96.71
89.56
94.30
96.24
93.68
92.23
91.34
95.86
86.27
72.51
96.84
80.96
96.24
96.67
97.36
96.45
88.15
94.46
94.39
84.15
94.91
94.92
97.00
95.66
95.68
96.29
97.18
92.95
97.22
93.05
96.67
91.73
96.27
84.45
95.12
95.76
92.81
96.39
95.25
96.98
93.13
83.40
96.94
96.44
96.67
96.69
96.16
95.04
96.81
97.10
89.80
96.83
91.86
96.19
95.38
96.67
94.11
96.82
95.99
92.30
92.85
95.41
94.10
95.60
96.46
92.94
87.73
92.42
96.33
94.63
94.87
95.52
96.91
94.74
95.29
96.58
80.86
88.83
96.46
97.02
89.05
93.26
95.50
96.78
95.42
86.43
95.70
94.15
96.22
93.55
94.20
97.45
93.42
97.02
95.85
95.35
96.77
93.49
95.35
95.87
97.07
92.47
92.93
96.32
96.87
94.75
95.34
95.75
96.83
93.61
95.48
90.66
97.07
96.95
90.30
93.53
96.89
76.73
95.90
96.91
97.26
94.82
89.42
94.37
82.83
96.06
93.74
94.64
95.02
90.33
94.15
96.31
89.84
89.41
96.66
93.31
90.65
94.04
95.38
93.28
90.97
95.46
96.08
95.67
93.49
93.84
95.23
95.93
97.36
93.72
96.20
88.24
76.05
95.75
81.70
94.12
97.16
93.93
83.05
96.26
92.78
90.23
96.85
96.51
95.37
95.41
95.94
95.39
95.68
86.59
96.73
95.58
93.69
95.61
70.11
95.89
92.73
96.02
95.93
97.04
96.54
95.40
95.26
95.23
95.70
89.89
95.86
95.63
96.18
89.81
94.04
94.14
93.00
94.45
81.87
92.28
95.60
94.13
93.35
96.02
96.27
93.90
93.97
95.68
93.48
94.85
73.34
96.71
95.67
91.92
97.24
97.40
82.03
94.10
93.38
94.97
96.65
94.15
96.52
89.80
95.32
92.55
78.17
95.52
95.77
77.53
96.37
93.97
96.41
94.78
91.95
86.34
94.14
95.80
91.53
94.38
78.03
94.12
95.47
95.38
97.46
93.78
95.07
86.93
96.66
95.40
88.31
87.45
83.79
96.92
95.10
95.94
96.79
82.24
89.50
82.10
96.36
95.20
94.88
95.91
88.76
95.78
96.03
93.13
94.22
72.16
95.11
96.72
78.11
96.57
95.72
95.30
92.27
95.03
96.15
94.74
91.72
93.93
95.78
94.59
96.54
89.07
90.77
96.23
96.69
95.98
95.91
97.07
96.73
88.33
90.85
94.84
96.29
90.88
91.51
84.37
85.26
97.18
91.46
94.98
93.69
95.22
96.96
95.08
96.00
94.56
97.25
93.93
91.73
91.72
94.84
87.07
93.98
90.66
97.13
96.06
91.18
96.30
95.31
93.16
92.44
96.35
96.13
95.66
92.82
96.77
73.60
96.66
96.47
93.95
97.12
96.46
86.65
96.91
95.96
93.23
90.90
92.28
96.98
90.20
87.94
96.69
95.37
96.55
96.33
96.88
96.52
96.32
76.09
83.31
95.26
97.39
95.42
95.22
96.06
93.53
95.09
92.93
95.83
93.78
88.58
94.61
96.25
96.06
96.63
89.07
92.61
85.56
97.03
96.00
94.31
95.62
95.85
91.84
96.32
88.59
96.51
96.02
96.49
89.72
93.77
94.16
89.71
95.69
91.36
92.29
93.11
95.08
91.01
96.70
92.87
95.66
92.16
95.28
95.12
97.10
95.11
94.75
94.12
95.02
96.82
94.99
93.73
92.50
96.29
97.26
91.29
96.53
96.34
90.55
95.98
95.61
96.58
77.75
96.39
96.56
96.56
87.66
72.77
91.80
96.77
93.88
81.13
95.99
87.16
92.62
95.64
97.44
95.93
90.58
93.06
95.45
95.85
93.31
94.41
79.86
92.54
96.39
92.88
93.86
95.01
96.88
97.13
91.13
85.24
92.47
95.59
94.57
94.70
96.57
96.83
97.19
93.94
92.76
85.43
93.95
97.14
86.56
96.42
97.07
92.38
95.60
92.64
81.75
97.26
93.12
94.55
93.82
89.91
88.41
94.69
96.43
96.52
80.33
90.52
91.58
80.77
94.39
95.58
74.70
96.41
90.25
95.67
91.17
96.09
93.49
95.25
95.09
95.64
75.68
95.38
95.44
96.55
90.36
94.49
96.91
90.73
96.12
96.69
94.05
96.74
64.80
97.20
95.76
95.59
94.81
96.49
95.32
96.12
92.86
96.96
91.87
96.07
96.90
94.29
96.06
96.84
93.81
95.77
94.50
86.35
92.22
96.67
95.19
96.30
96.65
92.79
93.93
82.47
94.64
96.03
96.41
96.05
74.95
74.66
95.80
95.23
95.86
93.88
86.10
93.58
93.71
94.95
74.61
96.52
93.07
94.00
97.05
91.72
95.68
96.67
96.69
97.02
61.86
96.30
94.26
92.83
93.24
94.02
96.81
95.45
94.87
83.55
92.47
90.93
94.18
93.96
94.10
94.21
95.84
70.62
92.68
95.24
94.48
96.16
93.18
80.23
78.44
96.49
77.25
94.03
92.93
92.58
95.69
95.37
93.75
90.39
94.98
76.12
93.04
96.40
79.79
96.72
94.66
96.92
94.77
94.01
94.29
94.03
92.15
95.23
93.68
97.34
81.98
95.85
96.00
90.75
90.08
92.30
96.38
97.52
96.25
91.69
88.80
97.10
95.45
93.52
96.34
83.72
95.28
95.28
93.24
88.82
92.98
95.64
93.91
92.38
96.06
97.18
95.44
96.36
96.99
96.74
92.73
61.51
95.94
84.75
96.97
86.47
96.27
92.51
96.46
95.70
91.79
95.45
96.09
79.52
77.53
90.60
95.30
96.29
84.95
97.04
95.52
94.53
95.77
96.12
87.13
96.39
96.58
94.42
96.15
96.04
96.81
94.06
89.97
93.26
96.13
93.60
95.07
