98.54
98.26
98.34
98.52
97.01
97.11
98.51
98.22
98.54
98.57
96.60
98.78
98.55
97.94
98.45
98.48
98.71
97.46
98.46
98.21
90.58
98.37
98.56
98.17
98.42
98.03
98.67
94.81
98.78
98.76
98.91
98.58
98.83
87.64
98.09
98.42
98.60
98.58
98.33
98.67
98.47
98.44
98.75
91.79
98.75
98.26
98.24
98.21
98.83
97.83
98.54
98.83
98.64
98.53
98.67
98.68
98.84
98.66
98.64
98.36
98.00
98.54
98.78
98.43
98.62
98.77
98.28
98.83
98.65
97.56
98.60
98.67
98.76
98.25
97.90
95.94
98.72
98.26
98.64
98.67
96.12
98.30
98.82
98.39
98.29
98.68
98.27
98.22
98.88
98.91
98.36
98.70
98.64
98.89
90.34
97.95
98.56
98.41
98.75
98.81
97.83
98.50
98.70
98.62
98.60
98.09
98.93
98.47
98.83
98.32
98.97
97.94
98.58
97.81
97.83
98.76
98.43
97.96
98.70
98.01
98.36
97.62
97.44
98.45
98.71
96.07
98.38
98.65
98.80
98.56
98.73
98.67
98.70
98.34
98.43
98.32
98.48
98.84
98.72
98.09
98.74
95.41
98.45
97.98
85.22
98.43
95.03
98.40
98.50
98.55
93.34
97.45
98.85
98.62
98.09
98.88
98.38
98.70
98.52
98.47
98.57
98.84
98.74
98.41
98.59
98.88
98.75
98.38
98.83
98.66
97.68
98.75
97.80
98.29
97.34
98.69
98.43
98.73
98.56
97.73
97.66
97.00
98.73
97.48
98.19
98.62
98.08
98.55
98.24
98.48
98.31
96.91
98.71
98.79
98.74
98.40
98.68
98.51
98.57
98.83
98.55
98.84
98.68
98.71
98.59
98.36
98.67
96.59
98.71
98.69
98.79
98.78
98.39
98.62
98.58
98.36
98.77
98.29
98.15
98.55
98.80
98.49
98.76
98.27
98.54
98.89
98.48
97.56
96.34
98.73
98.58
98.66
97.36
97.76
98.30
98.28
98.44
98.74
96.19
98.76
98.72
98.75
98.71
98.89
98.45
98.51
98.48
98.66
98.42
98.30
98.88
98.63
98.27
97.93
98.71
98.59
98.84
98.53
98.91
98.24
98.76
98.89
98.69
98.84
98.68
97.21
97.65
98.30
98.80
96.59
98.76
96.79
97.63
98.47
98.46
98.71
98.21
98.63
97.60
98.32
98.73
98.42
98.47
98.37
98.54
98.48
98.34
98.80
98.20
98.58
98.65
98.34
98.56
98.74
98.28
97.78
98.76
98.71
97.94
97.91
98.05
98.71
98.75
98.27
98.84
98.85
98.63
98.23
97.53
98.72
98.42
98.59
98.61
98.71
98.59
98.36
98.26
98.24
98.66
98.38
97.90
97.31
96.70
98.87
98.80
98.64
97.69
98.60
98.80
98.35
98.56
98.60
98.59
98.73
98.40
98.31
98.47
98.82
98.68
98.64
98.73
97.87
98.59
98.82
98.90
98.87
98.37
94.71
98.21
98.31
98.74
98.66
98.95
98.77
98.79
98.61
97.93
97.25
98.87
98.65
98.19
98.12
98.65
98.39
98.56
97.99
98.80
98.62
98.81
98.44
94.35
98.75
98.53
98.85
98.70
98.79
97.91
98.53
98.52
98.62
98.76
98.50
98.86
98.82
98.79
98.67
98.59
96.40
98.30
95.96
98.81
98.51
98.40
98.78
98.42
98.35
98.68
98.56
97.48
98.83
98.71
98.48
98.71
98.23
98.78
98.87
98.47
98.43
98.65
98.53
98.88
98.67
97.91
98.02
95.90
98.47
98.72
98.66
96.74
98.56
98.63
98.53
98.78
98.65
98.32
98.82
98.58
98.27
98.29
98.81
98.75
97.54
98.91
97.64
98.65
98.74
98.71
97.18
98.82
98.71
98.45
98.40
98.64
98.33
98.64
98.62
97.51
98.61
97.66
97.69
98.70
98.89
96.49
98.71
93.32
98.25
98.50
98.73
98.37
98.30
98.44
98.17
98.52
98.72
96.45
98.77
98.68
98.30
98.81
98.55
98.82
98.98
97.58
98.72
98.80
98.76
98.66
98.69
98.04
98.71
98.60
98.16
98.57
97.91
97.13
98.66
98.45
98.52
98.68
98.50
97.79
98.35
98.68
97.47
98.55
98.20
98.56
98.73
98.63
97.79
98.78
98.86
98.35
98.46
98.16
98.44
98.69
98.61
98.63
98.51
98.49
98.56
97.74
98.56
98.50
97.58
98.39
98.52
97.15
98.81
98.14
97.90
98.20
98.75
98.69
98.61
98.53
98.44
98.51
98.56
98.72
97.73
88.21
98.31
98.52
97.73
98.84
98.49
98.76
96.50
98.63
98.37
98.88
98.00
98.86
98.63
98.61
97.85
98.68
98.83
97.23
98.29
98.84
98.52
98.47
98.81
98.61
98.01
97.64
98.42
97.90
98.85
98.72
98.45
97.79
98.41
98.92
98.95
98.75
99.02
98.47
98.51
98.59
98.67
98.16
98.76
98.31
98.58
98.11
98.07
98.24
97.89
97.33
98.74
97.44
98.71
97.67
98.59
98.72
98.60
98.27
98.62
98.80
98.13
98.41
98.53
98.68
98.79
98.85
97.92
97.96
98.66
98.67
98.44
98.74
98.66
98.80
98.27
98.68
98.80
98.50
98.59
98.77
98.69
98.73
98.54
98.20
94.99
98.69
98.44
98.37
98.38
98.71
98.85
98.17
98.77
98.65
98.49
98.76
98.77
92.35
98.49
98.16
97.89
98.50
98.67
98.48
93.94
97.80
98.52
98.64
98.69
98.22
98.70
98.33
92.61
97.33
97.78
98.79
98.66
98.52
98.73
98.69
98.29
98.56
98.62
98.61
98.45
98.81
97.69
98.35
97.50
97.94
98.67
98.07
98.07
98.38
97.69
98.66
97.90
98.43
98.24
98.75
97.09
98.64
96.78
98.08
98.58
98.82
98.57
98.29
98.60
98.21
98.84
98.87
98.57
98.25
98.58
98.90
98.10
98.27
98.68
98.17
98.54
98.87
98.84
98.26
98.74
98.61
97.70
98.61
98.03
98.44
98.96
98.36
98.82
98.66
98.39
98.89
98.53
98.64
97.20
97.73
98.44
98.62
97.84
96.46
98.36
98.59
98.44
98.45
97.91
98.54
98.53
98.02
98.66
98.69
98.67
97.62
98.70
98.48
98.63
98.44
98.56
96.56
98.79
98.43
98.23
98.86
97.65
98.45
98.28
98.31
98.54
98.82
98.62
98.40
98.66
98.81
97.82
98.52
98.52
97.04
98.79
96.77
98.36
98.14
98.69
95.53
98.39
98.30
98.68
98.73
98.02
98.87
98.59
98.42
98.40
98.62
98.30
98.81
98.36
98.68
98.95
98.67
98.32
98.94
98.50
96.29
98.33
93.51
98.30
98.87
98.73
98.87
97.90
98.43
98.78
98.87
98.45
98.43
98.14
97.91
98.67
98.95
98.71
98.85
98.71
98.43
98.50
97.82
98.48
97.36
98.62
98.90
98.69
98.71
98.70
98.47
98.23
98.53
98.57
98.18
98.61
98.62
98.68
98.80
98.75
97.32
98.72
98.56
98.85
98.79
98.45
98.50
98.43
98.67
98.44
98.40
98.47
97.36
98.77
98.51
98.68
98.44
98.44
98.64
98.23
96.89
98.42
98.97
98.63
98.66
98.31
97.96
98.28
98.41
98.52
98.09
97.01
98.95
98.59
97.76
98.52
98.24
98.76
98.24
98.80
98.74
98.29
98.76
98.92
98.51
98.50
98.29
98.32
98.67
98.50
98.80
98.09
98.75
98.60
98.75
98.48
98.21
98.76
98.85
98.62
98.65
98.53
98.52
98.63
98.78
98.37
98.35
98.39
98.50
98.80
98.80
98.19
98.31
98.75
96.72
98.68
98.77
98.49
98.29
98.61
98.16
98.50
98.87
97.47
98.13
96.84
98.36
97.57
98.61
96.65
98.61
98.72
98.60
98.25
98.50
98.12
98.57
98.70
98.18
98.83
98.80
98.35
98.59
96.04
98.39
98.71
98.52
98.67
98.51
98.60
98.47
98.29
97.45
98.89
98.63
98.64
98.49
98.58
97.23
98.45
98.52
98.68
98.82
98.69
98.55
98.43
98.11
98.46
98.35
94.43
98.68
97.63
98.58
98.48
98.77
97.74
96.95
94.50
98.70
98.47
98.50
97.51
98.60
98.60
97.90
98.26
98.36
98.78
98.58
98.49
98.35
98.75
98.42
98.61
98.92
98.81
98.71
98.54
98.22
98.78
97.50
98.70
98.09
98.66
98.02
98.47
98.82
98.42
98.63
98.73
98.51
98.47
98.66
98.00
96.67
98.67
97.80
97.61
98.07
98.73
97.47
98.41
