98.39
97.52
98.42
98.59
97.38
98.58
98.54
98.61
98.64
98.36
98.22
98.50
98.27
98.69
98.38
98.34
98.37
98.73
98.69
98.67
97.53
98.41
98.12
98.70
97.96
98.47
95.90
98.11
97.90
97.68
95.94
98.66
98.25
98.09
98.63
98.19
97.11
97.57
98.44
98.11
98.19
98.22
97.29
98.73
98.64
98.72
98.06
94.99
98.15
98.09
98.63
98.03
98.43
97.79
98.86
98.51
97.79
98.79
97.66
98.60
98.42
98.99
98.48
98.52
97.80
98.24
98.70
98.25
98.57
98.12
98.68
98.27
98.71
97.79
98.55
98.54
97.76
97.83
97.40
98.51
97.97
98.58
98.21
98.14
98.35
98.31
97.94
98.39
97.94
98.53
98.15
97.82
98.70
98.04
98.17
98.08
98.75
98.29
98.09
98.13
98.66
98.31
98.14
96.36
98.61
98.29
98.13
97.97
97.91
97.85
98.43
98.63
97.40
97.48
98.51
97.88
98.41
97.87
98.05
97.59
98.20
97.48
97.76
98.36
97.97
98.58
98.04
98.12
98.15
97.80
98.70
98.64
97.30
98.35
97.10
98.77
98.68
98.26
98.38
97.81
98.32
97.63
98.04
98.20
97.84
98.08
98.07
98.24
98.31
96.53
97.80
98.61
98.09
94.91
97.87
98.51
98.56
97.68
98.52
98.71
98.46
97.63
97.85
98.05
98.51
97.31
97.96
97.68
98.36
98.06
98.05
96.61
97.86
98.60
96.59
98.48
98.56
98.33
96.56
98.83
98.03
98.04
93.41
98.58
98.50
98.87
96.15
97.85
97.05
98.09
98.85
97.91
98.01
98.43
98.51
98.63
95.94
96.48
98.59
98.10
96.42
97.70
98.65
98.51
94.68
98.41
98.35
97.86
98.59
98.12
97.78
97.80
98.62
98.20
94.99
97.88
97.67
98.39
98.02
98.33
98.72
97.82
98.37
97.64
98.40
98.45
98.48
97.78
97.59
97.41
98.56
98.28
97.91
98.27
98.56
97.67
98.11
98.50
97.14
98.16
98.49
97.70
98.20
98.25
98.60
97.86
97.92
98.46
98.74
98.30
96.37
97.74
97.74
98.56
98.50
98.54
98.42
98.68
98.67
98.59
98.53
98.59
98.80
97.92
97.71
96.45
98.46
97.70
96.82
98.24
98.08
97.72
98.90
97.85
98.58
98.24
98.61
98.31
98.67
98.23
97.09
98.45
98.56
98.08
93.66
98.46
98.17
95.12
98.52
98.69
97.65
98.68
98.50
97.91
98.46
98.77
98.37
98.27
98.23
98.46
98.18
97.65
97.63
98.13
98.27
98.62
98.47
98.31
98.56
98.31
96.97
94.50
98.52
97.75
98.74
98.29
98.07
98.29
98.47
96.06
98.45
98.46
98.42
97.93
98.45
98.59
97.86
98.51
98.56
97.56
98.45
98.57
98.23
98.42
98.05
98.11
98.68
98.49
98.33
98.56
98.45
93.22
90.75
98.75
98.49
97.74
98.33
98.02
93.51
98.59
98.73
98.65
97.69
97.95
98.42
98.65
98.35
97.82
98.73
98.82
98.22
97.56
97.47
97.92
97.93
98.76
98.42
98.37
98.52
98.81
98.47
97.60
95.59
97.76
97.77
97.40
97.90
98.39
92.19
98.27
98.61
96.46
98.64
98.05
96.15
98.43
97.07
98.08
98.32
97.68
98.66
98.35
97.76
98.61
98.67
98.52
98.38
98.50
98.45
98.67
98.35
98.38
98.15
97.63
98.38
98.50
97.70
97.70
98.20
98.45
97.60
98.21
97.82
98.42
98.52
98.21
97.99
92.85
98.00
98.44
97.48
97.48
97.60
98.67
97.90
97.67
97.42
98.57
94.46
98.42
98.40
98.46
98.36
98.42
97.64
97.56
98.40
98.34
97.83
98.83
97.84
98.03
98.41
98.09
97.44
98.73
98.00
98.19
98.64
98.06
98.78
97.92
98.56
98.73
96.83
98.30
97.83
98.32
98.63
97.69
98.72
97.17
98.33
97.95
98.01
98.34
98.17
98.42
97.60
98.72
98.28
97.58
98.20
96.92
98.69
98.53
97.81
98.09
98.10
98.22
98.29
98.28
98.26
98.01
98.16
98.28
97.89
97.29
98.37
98.21
98.12
97.56
95.75
97.49
98.07
97.14
97.57
98.35
97.97
97.38
97.99
98.12
96.98
97.87
97.76
98.53
98.29
98.62
98.38
97.71
98.09
97.58
98.11
98.79
96.25
98.33
97.39
98.42
98.71
98.69
98.51
98.13
98.61
97.84
98.50
98.28
97.69
98.29
97.03
98.30
98.61
98.73
97.69
98.40
98.54
95.46
98.63
98.81
97.97
98.23
98.15
98.51
98.66
98.03
98.35
98.09
95.20
98.53
97.99
98.20
98.25
98.23
98.42
97.76
98.58
97.07
98.28
98.80
98.26
97.89
98.44
98.16
96.56
98.43
98.47
97.11
98.70
96.14
98.36
92.54
98.24
98.04
97.98
98.39
97.83
98.40
98.50
98.60
98.42
97.93
98.57
97.54
98.15
97.99
98.37
97.51
98.62
98.13
98.75
98.69
94.58
97.82
98.10
98.29
97.43
98.47
97.56
97.60
97.65
98.59
98.57
97.46
96.72
98.32
98.81
97.68
98.61
98.49
98.46
98.42
98.50
95.11
98.02
97.96
98.46
98.46
98.53
98.60
98.33
98.77
97.86
98.40
98.64
98.36
98.38
97.13
98.36
97.90
98.13
96.94
98.61
98.67
98.65
98.13
98.61
97.95
98.48
98.43
98.72
98.29
98.10
97.93
98.82
98.05
98.77
98.49
98.73
97.24
98.81
96.90
97.84
98.07
98.04
98.59
98.21
97.46
97.61
98.40
98.50
98.66
96.29
95.48
98.22
98.48
97.92
98.40
98.40
98.09
98.57
98.46
96.17
98.81
98.31
98.69
98.34
98.24
98.32
97.97
96.37
97.61
98.84
98.21
98.35
98.66
97.58
97.95
98.39
98.26
98.30
98.15
98.01
98.28
97.80
98.35
96.42
98.09
97.62
96.36
97.80
98.54
98.38
97.53
97.82
98.41
98.18
97.74
98.59
98.32
98.53
97.72
96.73
94.44
98.05
97.98
97.75
98.10
97.80
98.20
97.78
98.68
98.30
98.29
94.30
98.39
97.75
98.67
97.98
98.82
97.44
98.08
98.37
97.54
97.53
98.82
98.66
98.21
98.31
97.75
98.74
98.36
97.30
97.15
98.53
98.69
85.11
98.73
98.61
97.25
98.62
98.40
98.32
97.96
98.80
98.54
94.50
98.47
98.41
98.55
98.54
98.46
98.52
98.41
97.55
98.61
98.76
98.52
98.43
97.51
98.60
97.83
98.69
98.39
98.67
98.56
98.25
98.59
97.51
98.35
98.38
98.46
98.62
98.69
98.60
98.34
98.79
98.11
98.47
97.92
97.60
98.14
98.53
97.91
97.30
97.17
98.44
98.11
98.50
98.37
96.58
98.60
98.81
98.45
98.48
97.88
98.75
98.51
98.40
98.66
97.08
98.53
98.03
97.82
97.58
95.27
98.70
97.47
98.13
98.04
93.80
98.39
97.37
98.02
98.42
98.30
98.62
98.20
98.58
98.19
98.06
97.18
98.19
98.86
98.83
98.68
98.46
98.33
97.28
96.76
98.03
97.72
98.45
98.50
98.26
98.79
98.33
98.67
98.16
98.26
98.58
98.56
98.31
98.48
98.13
98.37
98.55
98.32
98.56
98.50
97.85
97.98
98.33
97.07
98.65
98.78
98.11
98.10
98.46
98.71
98.08
98.66
98.25
98.13
98.52
98.57
97.91
98.25
98.32
96.74
98.24
98.59
98.44
98.18
98.40
98.47
97.94
98.31
97.89
98.49
98.12
98.26
98.54
98.63
97.94
98.15
98.36
98.52
98.02
98.68
97.82
98.24
98.52
98.03
98.65
98.24
97.04
97.52
98.67
98.29
96.80
98.68
98.13
97.98
98.49
98.57
98.25
98.53
98.40
97.92
98.39
98.67
98.68
98.19
98.30
96.79
98.39
97.79
98.69
98.26
97.86
97.44
98.13
98.28
97.76
97.25
96.95
98.43
98.59
97.02
97.44
98.87
96.89
97.94
98.41
97.71
98.48
97.42
97.68
98.23
98.60
95.13
97.28
97.86
97.39
98.58
98.45
97.86
98.54
98.27
98.14
98.76
98.44
97.70
98.52
94.94
98.80
96.88
98.18
97.98
97.72
98.42
97.20
98.77
98.25
97.55
98.36
92.92
98.68
98.61
98.68
97.48
98.51
98.74
97.90
98.56
98.64
98.37
98.80
98.46
97.51
98.49
98.56
98.44
98.50
98.23
98.59
98.60
97.09
97.85
98.49
98.35
