97.42
98.18
96.08
93.84
96.76
97.75
98.13
96.76
97.74
88.38
94.06
86.47
97.63
97.09
97.99
90.92
98.22
97.21
97.07
97.69
97.55
96.59
95.55
97.13
97.83
96.39
91.36
98.23
96.57
97.92
96.47
95.26
72.34
97.53
91.99
96.51
85.07
91.14
91.35
98.25
94.78
96.46
93.66
98.11
94.66
97.35
96.80
97.70
96.62
97.64
93.67
95.89
87.11
97.41
96.30
97.69
97.83
97.81
90.48
97.20
86.29
97.65
95.90
92.62
97.31
95.87
98.06
97.21
95.99
95.39
96.42
95.82
97.31
97.41
97.65
97.78
83.34
98.29
97.24
95.85
94.35
96.34
98.46
96.75
97.24
96.89
91.00
97.77
94.47
98.51
95.61
96.26
97.48
97.56
97.75
96.14
96.86
97.47
76.77
98.38
90.81
97.65
96.80
92.73
97.98
96.14
98.08
97.58
98.16
97.08
94.35
95.82
97.73
86.47
95.76
91.44
93.18
95.39
94.87
97.60
97.76
97.53
97.26
81.21
97.83
97.36
97.53
97.38
97.57
93.88
93.45
98.04
96.43
98.45
97.42
97.13
93.40
97.98
96.80
96.86
98.00
97.40
97.27
97.89
98.12
97.69
96.35
92.36
92.96
97.87
96.61
94.71
97.17
96.32
97.30
97.69
97.19
98.17
96.79
98.40
97.41
96.68
96.09
97.09
98.21
98.32
96.95
87.41
97.42
98.29
98.17
98.15
98.04
97.90
98.20
97.59
96.97
95.75
98.13
95.83
93.77
97.31
98.46
97.54
97.65
97.93
97.35
96.91
97.94
91.07
95.70
97.24
96.95
98.42
95.85
97.42
97.77
98.02
97.69
97.24
97.54
92.59
86.85
97.75
96.90
90.05
95.01
97.57
97.87
96.45
86.72
96.27
94.09
97.57
98.20
85.48
97.82
94.32
97.73
97.30
96.76
94.42
97.67
97.03
98.21
95.04
81.72
97.88
98.04
96.25
97.18
98.13
93.72
97.25
94.50
94.64
98.18
92.47
97.98
97.96
93.10
95.76
96.13
97.73
81.64
95.71
97.77
93.99
83.28
95.57
92.08
97.85
97.19
97.77
98.81
97.69
83.95
89.26
98.24
93.90
97.40
98.31
96.36
95.10
97.22
98.48
96.22
97.12
98.02
97.70
96.99
97.71
97.82
97.62
95.51
95.97
97.38
97.64
97.51
97.78
91.82
94.87
96.70
97.14
97.90
96.95
93.39
86.39
96.12
97.61
84.75
94.61
98.04
95.63
97.61
97.63
92.32
94.98
97.42
90.49
92.01
97.93
98.20
93.88
95.01
82.76
96.64
96.78
90.79
80.89
95.89
93.00
98.19
96.17
96.55
95.80
97.85
95.06
96.66
86.76
93.45
97.55
89.64
98.29
89.96
97.82
98.42
88.27
98.46
95.30
93.50
94.36
97.85
95.58
97.59
91.41
97.09
97.70
97.64
92.98
98.27
95.10
96.08
98.04
97.84
97.39
97.69
97.91
94.20
96.63
89.37
95.73
97.90
96.25
98.07
95.29
97.26
94.37
86.36
96.89
95.40
97.36
97.13
96.56
97.54
96.83
97.63
96.80
97.29
94.61
98.38
94.68
96.90
97.78
97.47
97.41
95.82
97.95
95.50
97.45
98.30
92.35
92.31
98.50
95.70
80.70
94.58
97.61
97.85
96.26
95.63
98.22
93.87
95.67
97.21
96.19
98.50
94.48
84.68
97.76
97.47
78.90
98.48
96.10
97.45
96.18
97.99
96.00
97.99
95.29
98.10
97.93
97.41
97.52
96.32
94.67
96.36
97.62
93.95
97.85
97.66
97.13
97.06
84.20
97.76
97.35
97.90
97.45
89.63
96.27
96.97
97.51
98.44
97.89
98.02
97.83
93.01
96.77
86.66
95.06
85.26
93.87
98.20
96.59
97.15
96.27
95.23
89.82
96.21
96.40
97.96
98.23
96.79
96.89
92.25
97.51
97.73
94.98
97.34
96.97
98.12
96.93
96.53
95.00
94.90
94.47
88.95
91.90
85.64
98.46
81.69
97.01
97.83
97.11
97.70
96.39
96.65
95.51
95.99
97.64
97.63
95.76
97.05
97.77
95.92
96.69
98.11
98.01
97.23
98.02
97.39
92.56
98.54
96.26
97.18
97.90
98.35
96.85
79.12
97.89
96.94
98.09
97.16
97.51
98.18
86.08
93.35
98.59
96.27
97.85
97.75
97.14
85.58
96.31
96.06
92.62
96.44
98.07
97.11
95.71
97.28
98.14
98.29
94.13
96.30
97.34
97.21
97.31
97.23
94.66
94.41
97.45
97.13
87.96
97.02
97.16
97.62
98.10
98.18
97.06
96.37
95.94
97.26
98.34
96.23
98.12
97.67
96.39
97.80
97.19
98.47
97.52
97.81
96.65
90.23
92.03
98.16
96.93
97.41
97.96
97.79
92.66
96.63
97.14
94.27
97.78
96.42
97.84
97.84
90.09
97.81
97.13
97.14
98.09
96.29
90.23
97.39
96.79
95.92
95.46
97.29
89.84
97.31
98.21
96.37
95.69
96.87
97.44
96.30
98.14
98.05
98.24
95.95
87.41
87.77
98.17
98.09
98.20
97.27
98.20
95.45
98.05
97.84
97.15
96.45
97.58
96.87
96.47
97.52
98.34
98.33
94.73
88.60
96.26
96.81
94.65
96.56
89.19
97.92
96.77
98.09
97.30
98.42
98.46
97.52
87.78
98.18
88.49
92.33
90.47
95.40
97.63
96.60
94.97
74.23
97.54
89.93
96.39
97.34
90.19
93.26
93.52
97.34
94.80
94.33
97.23
97.21
89.69
97.56
88.47
92.77
97.77
96.88
98.47
97.40
98.64
98.15
96.42
98.17
97.22
97.11
97.58
90.17
91.19
97.97
95.06
98.09
97.86
96.64
95.94
96.85
97.46
96.80
92.76
97.51
96.86
91.36
97.14
94.98
91.17
86.52
97.41
96.96
97.76
94.71
98.02
97.67
98.15
86.53
98.02
98.19
77.03
85.51
96.60
96.35
98.33
96.50
97.04
97.73
95.41
97.45
98.31
96.32
96.00
98.09
84.33
97.18
97.79
97.23
97.31
97.24
97.16
98.13
96.24
94.42
98.07
97.44
92.53
80.17
95.64
96.18
95.72
89.76
97.73
86.91
95.69
97.04
95.70
98.04
97.37
95.20
96.37
96.83
87.04
95.25
97.31
91.26
98.07
97.09
97.90
85.64
93.19
98.42
94.43
97.88
97.82
96.47
95.62
98.07
97.24
98.57
97.82
96.38
97.19
97.16
95.79
95.39
98.16
97.95
97.64
97.98
95.55
87.77
95.78
98.39
92.86
98.32
97.80
97.27
97.14
97.18
96.47
96.82
98.21
98.30
97.73
91.08
97.62
98.10
97.92
97.66
95.62
98.11
96.28
88.00
97.93
96.48
96.67
96.43
98.16
96.54
96.38
88.32
88.28
96.61
96.27
97.57
84.67
98.69
97.75
97.14
98.10
85.47
95.69
98.51
97.82
96.87
96.96
95.95
80.66
97.02
94.15
96.12
96.96
96.31
96.89
84.86
96.32
96.29
98.09
95.38
96.01
97.89
97.71
95.30
97.78
97.60
81.72
96.36
97.32
96.59
98.51
96.57
96.22
84.86
93.08
97.27
94.65
97.74
98.00
91.05
97.80
90.14
97.70
97.39
96.94
96.30
91.34
97.79
97.75
97.76
97.42
97.78
96.81
97.87
95.36
95.87
97.51
96.38
96.76
98.71
96.18
97.67
90.13
97.45
98.35
96.71
97.40
98.02
97.39
98.69
97.19
98.53
98.08
98.00
94.61
95.50
97.11
96.42
96.25
98.21
91.32
97.70
97.48
98.01
94.09
90.38
97.47
97.16
97.32
96.40
93.12
97.48
97.07
97.75
95.58
92.63
97.02
97.12
98.26
97.67
97.32
98.23
95.68
96.07
96.25
97.78
98.38
97.87
92.30
97.79
97.24
98.44
94.60
97.13
96.41
92.86
97.53
97.41
97.94
97.41
91.98
94.48
94.20
97.93
96.47
97.53
97.76
83.02
97.34
97.79
96.83
96.78
97.44
95.78
97.34
98.22
93.33
98.07
97.78
97.98
94.46
97.80
96.54
96.86
98.26
94.21
97.90
98.14
98.38
76.82
97.10
96.99
98.08
98.29
97.96
92.31
97.52
94.76
95.69
96.92
96.83
88.94
98.08
96.92
98.14
97.47
87.65
97.29
95.94
89.20
95.88
95.79
98.03
98.08
98.01
94.94
97.49
96.85
98.48
95.73
98.37
96.70
97.47
96.78
94.39
97.26
97.78
97.25
95.34
97.68
90.40
94.59
97.74
97.36
98.27
95.73
96.48
95.89
94.66
