90.87
94.40
96.58
97.44
91.61
87.34
89.38
98.11
95.52
96.10
95.16
95.53
95.45
84.12
97.07
92.68
97.07
95.06
95.98
96.00
91.93
96.48
96.35
95.41
96.59
95.49
90.73
96.12
93.82
86.61
94.66
90.17
90.20
97.85
93.21
81.91
96.90
96.22
92.35
82.73
88.66
88.42
97.26
94.85
89.36
82.00
97.43
95.96
96.73
91.58
96.70
96.63
97.17
92.06
90.98
95.14
95.16
88.40
96.22
91.37
95.36
97.57
93.30
94.15
96.99
86.17
94.34
93.31
94.83
92.31
96.23
93.41
88.63
93.30
96.60
93.82
97.47
93.24
98.22
98.03
95.28
95.72
96.71
86.83
91.23
94.51
83.43
79.28
94.99
97.22
95.06
97.65
82.30
95.91
96.49
77.98
90.97
88.15
95.76
93.81
78.48
96.15
74.69
74.68
95.58
89.75
92.89
88.21
95.26
92.73
97.24
93.22
98.04
92.36
88.65
97.34
97.34
91.48
94.48
95.53
94.25
91.10
92.32
97.05
90.50
94.94
75.09
83.70
97.06
96.97
95.51
97.42
94.92
72.35
96.30
86.81
87.28
94.61
80.32
95.42
88.01
91.71
96.20
94.48
96.39
95.54
93.61
93.49
93.53
97.70
95.65
95.61
97.08
90.68
95.51
95.94
96.42
84.92
97.07
97.40
94.81
77.89
86.60
91.20
93.86
93.93
81.27
97.34
96.86
84.08
97.59
92.03
96.02
89.98
97.06
96.03
96.03
93.51
92.68
95.68
97.42
97.70
94.64
94.75
94.01
77.62
96.95
92.62
93.27
97.21
93.82
97.42
95.74
85.62
61.87
92.96
92.24
93.75
91.79
95.30
98.09
95.94
97.68
97.60
94.68
93.41
96.11
88.62
95.14
93.51
97.14
86.41
93.41
95.39
96.45
68.78
97.13
91.48
96.02
91.47
89.43
91.92
96.04
95.71
91.82
83.84
94.41
94.68
69.18
95.67
66.67
90.50
91.43
83.30
94.83
92.90
84.68
93.59
97.14
95.98
67.42
86.85
96.22
96.02
95.82
96.07
95.39
94.97
86.01
90.04
92.50
90.65
92.94
78.49
83.92
94.33
92.61
81.60
84.58
83.00
84.31
97.64
96.18
93.55
80.35
96.40
80.82
84.25
89.08
90.04
95.27
94.62
96.73
86.04
76.65
94.22
96.93
96.51
91.88
95.77
94.31
96.74
97.42
91.82
97.58
93.68
95.49
94.63
96.05
96.91
93.85
91.00
96.42
91.11
96.33
97.20
95.70
94.40
96.14
95.29
94.27
84.45
93.38
91.68
95.16
96.00
95.23
95.20
96.80
88.97
92.89
92.06
97.15
96.12
92.77
96.47
93.96
95.54
97.58
97.20
96.20
77.27
88.80
84.90
82.26
95.87
94.41
96.93
97.37
96.39
95.97
77.22
95.32
89.09
96.35
93.50
97.49
85.83
91.83
75.49
94.06
97.06
96.95
95.31
97.51
96.64
89.36
89.69
90.99
94.20
96.65
76.40
71.28
94.32
89.92
87.96
97.16
92.05
83.78
95.26
80.42
91.79
90.26
95.99
88.15
94.85
90.11
92.92
90.36
93.11
94.68
94.47
93.06
97.25
92.99
95.30
92.64
89.56
97.49
96.65
97.12
97.36
96.02
97.28
95.68
93.26
92.42
92.83
92.57
89.47
96.17
83.40
94.66
96.24
81.57
96.73
95.13
73.61
96.27
95.35
93.92
85.77
92.48
96.14
96.94
97.11
95.59
97.49
96.73
92.67
96.68
90.56
91.88
91.24
97.65
97.71
96.99
94.06
91.94
94.77
81.83
97.74
97.13
93.42
93.28
94.80
96.47
92.09
97.25
82.12
95.56
96.45
97.78
87.36
94.59
93.75
97.26
97.95
97.46
96.20
92.27
95.38
84.52
72.04
95.87
96.35
78.73
96.15
90.85
96.76
77.03
89.76
97.03
95.63
95.51
93.92
97.60
89.62
95.95
85.69
95.21
85.48
95.37
88.81
95.69
93.63
97.66
91.30
91.03
89.05
82.27
93.98
87.46
91.00
96.57
89.75
95.71
90.52
84.29
93.17
93.54
96.74
96.34
97.29
93.23
92.13
96.70
94.58
95.43
95.54
94.56
89.03
90.38
92.92
80.06
97.71
95.69
96.88
97.19
94.39
96.00
79.97
75.23
78.98
76.06
95.41
97.58
96.19
92.02
83.90
70.22
94.04
82.97
93.98
94.49
93.17
78.86
89.80
92.67
97.28
96.56
97.27
95.03
97.83
94.49
83.42
94.67
92.42
94.56
90.97
94.90
90.49
94.06
96.18
91.16
90.47
95.51
97.37
95.61
94.91
89.34
96.65
81.69
93.10
97.27
94.32
96.23
84.29
96.09
96.86
87.93
96.84
93.26
83.02
96.27
93.97
97.01
93.21
97.49
95.78
95.24
96.71
87.93
93.38
95.64
85.32
96.22
93.55
96.90
95.18
91.70
91.03
96.25
88.91
94.42
95.31
95.81
85.94
75.91
95.04
94.02
87.17
91.44
97.70
96.91
89.93
96.92
93.76
84.03
89.17
94.86
93.57
94.53
96.00
86.69
95.12
96.80
80.26
91.78
94.60
92.95
97.07
95.00
96.52
96.18
70.91
97.05
65.50
94.74
93.36
97.87
82.72
96.70
96.22
96.46
93.83
97.04
92.44
95.59
92.34
97.43
96.55
94.63
93.09
91.42
96.67
97.13
97.06
94.50
95.45
92.54
96.06
86.86
95.74
95.96
72.94
98.14
88.04
95.17
96.27
94.52
88.30
85.29
95.60
85.68
96.86
93.31
91.55
96.98
96.27
95.73
95.15
97.30
91.62
94.30
84.13
94.25
95.98
96.61
93.50
91.63
94.26
90.61
97.81
97.01
89.90
95.13
97.12
95.42
95.55
91.21
93.99
94.74
89.50
96.73
84.65
86.85
84.98
95.80
76.05
90.93
96.53
96.61
77.54
89.94
97.32
94.45
96.12
87.43
96.11
93.59
97.26
87.00
81.86
94.15
97.43
96.29
92.08
91.50
93.53
97.51
91.60
95.91
72.22
57.58
95.14
92.95
94.97
97.12
82.25
95.70
95.23
92.49
96.52
86.10
97.25
80.74
96.52
87.98
97.87
94.90
83.31
87.37
96.48
91.09
95.31
95.62
92.73
94.71
95.10
96.38
90.29
93.26
93.66
79.02
87.51
96.66
92.88
92.11
96.85
93.68
90.49
89.50
96.65
68.72
94.17
97.03
95.43
97.04
95.40
97.83
93.10
90.94
71.65
91.91
89.87
96.84
88.37
83.07
97.80
85.50
82.06
89.36
85.97
82.52
92.93
78.66
95.11
95.67
88.50
96.40
81.81
95.83
97.86
96.55
88.48
97.03
87.82
88.87
93.00
66.14
91.60
88.87
91.12
97.72
85.17
93.11
97.35
88.29
93.45
96.70
96.60
96.70
96.19
69.34
93.29
92.54
94.14
95.81
96.62
95.21
97.30
92.84
95.45
96.80
95.42
96.96
92.70
97.23
95.67
87.96
97.20
96.20
78.86
96.73
97.71
96.45
97.03
82.77
96.41
86.56
85.30
91.54
92.85
96.85
96.77
80.45
97.32
94.05
96.03
85.73
84.12
96.03
87.80
93.85
96.28
91.13
92.50
97.87
68.00
97.44
97.12
93.72
95.77
93.49
95.97
93.62
96.67
86.31
95.28
94.30
96.41
92.79
94.11
90.98
97.21
85.34
96.19
82.02
93.30
89.11
97.37
91.45
88.26
73.19
97.57
91.06
97.36
89.86
95.51
96.24
97.73
83.51
96.73
92.51
96.17
95.54
95.97
85.01
86.44
95.54
96.16
83.72
96.79
90.60
89.77
95.02
98.47
96.65
93.74
84.68
96.89
81.33
94.63
91.51
96.24
94.95
90.22
81.84
62.87
94.37
97.68
95.71
78.10
95.12
93.81
96.97
85.42
80.31
96.87
91.39
95.27
94.27
93.73
95.93
92.36
88.09
93.34
96.58
79.41
97.96
88.29
87.37
97.90
91.51
96.64
93.78
94.90
95.83
96.73
88.63
94.63
96.38
96.97
91.28
95.02
97.59
95.84
94.96
71.80
97.77
91.28
94.91
96.79
71.46
81.80
93.41
91.65
90.86
97.29
92.58
97.26
96.40
91.85
88.19
95.86
94.05
96.01
84.59
94.40
93.85
84.69
89.75
92.80
84.22
96.92
84.38
95.57
94.33
88.76
53.17
93.04
96.33
64.43
87.54
97.93
94.01
85.99
95.80
95.76
84.59
96.36
94.26
93.58
77.33
91.42
97.44
69.75
95.46
90.29
96.34
93.16
97.51
93.43
97.35
94.41
81.59
95.32
95.86
95.80
