75.33
85.77
89.85
80.99
85.66
82.07
71.54
56.12
90.63
88.78
77.07
91.49
86.94
83.38
83.40
92.09
84.90
82.89
87.69
64.12
88.56
79.75
84.84
86.94
84.66
90.36
72.56
86.56
58.11
92.14
83.76
88.17
90.76
81.17
89.58
85.20
65.36
87.88
91.48
84.00
93.59
89.32
90.04
87.59
87.59
69.31
70.31
84.70
81.93
82.25
93.50
92.17
76.23
90.12
76.45
82.81
76.61
72.88
74.09
83.55
68.48
75.61
71.99
90.18
86.89
84.85
77.67
92.67
91.28
68.18
67.36
75.64
77.92
84.33
84.61
75.72
79.35
87.13
70.93
90.07
71.63
89.19
71.44
85.74
76.26
85.58
75.13
91.48
78.09
91.22
86.07
66.81
83.92
82.28
92.98
88.43
94.02
92.20
58.21
71.22
82.59
63.82
93.39
86.26
82.44
90.27
89.23
63.76
88.01
77.42
85.03
90.07
92.09
70.90
74.75
79.37
88.19
90.69
79.58
79.10
84.61
86.85
84.73
86.39
89.88
90.52
89.22
79.71
95.01
84.51
83.66
76.86
86.84
85.18
89.36
73.33
86.22
69.33
89.12
94.21
92.85
81.51
88.46
43.74
84.79
74.89
80.48
89.06
90.22
85.68
83.98
66.75
89.83
80.07
87.11
86.86
85.07
77.91
85.01
79.16
86.13
92.22
88.98
72.82
73.34
69.60
92.16
88.20
91.08
92.11
87.89
81.38
89.02
86.66
87.61
85.08
86.29
83.00
50.31
86.08
84.00
85.85
87.52
83.26
87.88
78.25
59.45
79.73
83.13
88.49
93.40
82.41
91.60
89.29
87.87
90.81
84.99
84.54
72.07
74.83
84.50
81.17
76.05
92.91
80.41
66.34
67.43
84.24
81.20
89.08
83.32
63.34
91.64
89.11
83.24
85.77
88.04
88.67
85.22
81.93
76.57
88.33
92.64
87.59
87.01
87.38
85.09
80.69
90.98
82.43
85.88
89.03
83.48
84.11
78.59
91.06
71.94
83.13
94.51
93.38
89.71
87.12
78.91
93.44
66.37
76.49
76.60
78.06
84.32
88.65
77.40
82.41
87.99
71.39
81.94
91.86
83.45
88.47
80.49
77.00
84.72
90.54
75.79
65.74
69.01
83.89
88.76
80.41
88.48
81.98
93.01
90.50
75.42
73.83
89.07
88.73
63.09
86.21
83.15
91.68
80.86
88.80
78.69
74.53
81.55
88.41
87.22
81.17
88.04
69.76
71.46
87.77
75.94
77.90
80.09
91.95
91.84
81.52
90.87
88.51
86.22
93.11
89.61
86.55
81.04
71.98
77.04
89.39
77.17
85.39
65.28
89.83
80.13
89.02
80.10
91.96
84.56
83.01
90.48
68.34
86.89
83.95
90.80
88.08
87.56
89.75
70.89
90.33
85.15
89.49
83.10
86.28
90.69
89.29
71.34
57.51
80.56
86.51
88.14
81.61
89.53
90.31
91.23
84.66
86.53
90.21
77.93
88.35
70.61
74.51
87.73
71.10
87.08
91.75
67.36
66.59
86.30
80.67
85.65
92.27
75.80
80.55
86.78
68.23
88.13
80.61
60.07
80.27
77.56
88.86
81.15
90.86
89.79
81.82
73.28
89.37
79.60
80.45
76.17
68.50
86.83
83.36
93.78
86.39
92.09
89.54
77.69
92.92
71.06
83.24
77.52
83.16
89.58
79.47
90.77
90.79
90.24
70.17
73.87
81.93
91.46
88.59
92.87
92.65
84.93
77.10
69.25
94.70
88.43
80.96
84.84
90.46
90.51
76.27
88.62
88.08
88.93
83.81
84.45
88.40
63.13
89.83
90.04
88.22
75.68
88.12
85.46
87.61
83.95
73.73
73.44
86.33
67.79
85.80
71.77
80.23
78.64
84.06
75.66
81.98
90.28
86.55
84.88
86.56
88.23
85.71
73.35
89.92
85.47
86.21
82.29
83.88
89.01
67.79
90.98
73.76
74.92
79.50
89.47
87.46
76.58
72.65
82.88
93.80
73.36
80.88
70.30
75.16
85.10
91.73
90.80
91.62
90.05
80.08
88.94
89.42
82.54
91.89
80.03
73.33
85.70
91.10
85.33
89.25
84.94
74.03
87.11
72.87
82.57
88.37
84.77
91.24
87.80
88.90
91.18
76.33
91.95
79.29
82.11
79.32
84.31
91.90
91.36
87.83
83.10
91.24
71.43
48.61
91.50
85.68
87.89
81.28
85.15
85.46
82.78
80.35
91.92
80.63
90.32
68.06
87.31
77.58
94.71
86.31
84.72
71.89
85.76
90.75
80.71
77.75
82.82
64.78
91.86
86.71
89.14
91.33
91.52
85.06
88.61
76.33
85.12
93.01
80.66
64.44
72.29
82.34
85.73
71.04
87.35
88.81
77.63
89.88
50.64
90.37
89.65
91.44
65.74
81.28
90.35
76.92
83.72
90.68
82.77
87.09
91.04
87.24
60.65
93.03
86.80
65.60
89.70
84.45
91.60
85.79
81.14
86.70
90.50
80.63
91.82
74.66
92.02
83.70
67.45
85.36
81.00
78.56
91.70
84.02
88.23
88.19
59.84
77.46
88.15
83.62
86.61
83.38
81.45
83.70
83.15
86.38
89.39
89.04
87.88
84.39
92.40
84.16
76.48
75.08
62.50
85.79
89.94
90.99
93.44
91.86
77.64
62.82
83.62
57.32
71.35
92.78
85.02
70.41
75.32
89.85
85.40
89.52
77.24
88.94
87.87
86.05
74.27
73.66
87.24
86.01
87.30
88.95
88.18
86.45
66.39
77.44
91.47
86.65
86.29
83.94
88.27
92.07
90.22
88.63
83.50
74.61
86.04
83.68
88.01
85.92
75.75
68.63
87.10
81.72
85.01
91.42
91.02
89.02
74.07
86.69
76.66
86.22
88.75
88.72
79.17
91.74
81.08
71.31
80.55
75.55
64.48
89.41
85.05
79.51
80.03
77.03
86.25
60.16
91.85
92.67
76.49
68.90
86.13
79.26
86.04
84.02
92.58
85.78
84.77
65.73
79.19
89.09
86.34
89.91
65.01
89.10
87.46
76.01
83.62
83.07
78.30
91.72
87.83
88.78
89.33
85.32
70.11
91.61
91.25
91.51
89.93
68.51
87.55
74.77
89.47
66.15
66.02
88.22
86.94
86.93
73.31
89.90
76.45
87.33
80.53
86.56
83.22
87.28
81.05
69.11
76.21
85.35
82.40
85.45
87.99
77.26
78.24
85.22
91.56
85.70
85.67
93.50
88.28
85.06
62.45
75.07
86.84
83.06
82.62
68.64
93.17
78.36
89.23
78.77
82.85
69.31
68.89
77.62
79.64
84.44
85.38
92.81
87.18
78.98
78.54
94.44
82.19
81.71
84.76
69.86
90.82
79.61
80.39
72.00
84.66
88.95
73.53
71.59
92.28
82.37
78.71
61.85
74.48
79.71
66.63
77.64
89.63
91.59
83.84
87.36
76.93
78.43
84.71
91.75
85.69
82.48
88.41
85.95
89.37
93.01
80.12
89.35
89.95
72.60
89.26
92.50
88.47
88.49
86.94
79.33
58.96
89.75
81.75
76.40
93.18
74.13
83.04
87.69
85.75
69.29
89.15
73.44
84.90
86.85
79.17
84.78
90.83
72.14
72.51
89.63
66.56
67.44
59.44
87.34
87.52
74.67
77.82
80.44
79.55
89.05
90.44
83.12
91.63
90.93
91.37
93.42
83.32
87.60
76.78
80.66
89.57
90.78
85.06
79.13
82.98
84.43
87.47
83.68
76.13
91.34
79.52
83.29
62.68
86.88
87.43
70.77
88.27
69.46
78.36
71.12
85.41
69.56
85.49
87.12
88.00
76.77
87.05
85.53
88.45
73.75
71.37
90.86
76.12
89.10
87.47
88.01
88.00
82.73
66.83
70.61
87.81
80.94
65.84
68.72
84.73
85.84
89.97
89.58
80.97
91.60
83.46
85.44
86.00
69.11
84.74
80.01
51.68
83.08
74.09
87.19
87.73
77.75
65.49
72.55
83.44
68.06
91.73
92.14
90.36
86.54
83.37
78.65
75.28
88.32
88.67
86.07
84.69
79.94
86.79
85.57
63.17
89.54
79.06
86.96
80.85
94.61
78.24
78.87
91.09
90.93
90.94
88.29
85.21
66.00
88.10
70.27
77.17
81.38
71.85
79.09
82.17
93.76
84.15
86.36
81.73
82.18
87.46
82.39
57.95
83.32
92.20
86.03
67.55
85.52
80.10
92.32
66.65
93.18
89.06
89.18
73.20
60.12
87.51
91.32
86.19
71.98
83.10
92.60
89.53
88.95
91.61
84.02
85.21
86.12
89.16
73.61
77.55
84.10
90.05
78.69
74.12
90.34
91.23
90.28
92.14
92.64
