94.22
91.62
95.92
92.65
93.69
91.70
94.91
93.75
94.82
90.94
93.47
94.74
94.41
94.30
95.22
92.34
95.39
92.88
95.55
93.31
90.30
92.49
94.13
95.38
94.99
94.66
95.62
94.48
95.48
95.23
95.88
94.68
90.13
94.85
94.60
93.91
91.52
93.21
94.36
94.26
93.03
94.81
94.32
94.88
90.02
94.41
93.31
93.64
95.15
95.44
94.85
93.87
94.97
94.97
94.48
94.07
93.03
93.58
95.48
94.21
95.36
94.74
93.52
94.62
90.46
94.36
93.41
94.77
93.29
93.92
94.81
96.43
91.23
93.62
95.76
95.25
94.46
95.82
94.40
93.09
95.12
95.03
95.52
95.14
95.00
96.23
94.05
94.07
93.44
94.14
94.36
94.28
94.82
95.17
95.03
94.53
92.89
95.18
93.72
94.91
88.78
96.15
95.12
95.58
93.95
93.87
95.20
93.66
95.57
93.42
93.53
93.44
95.02
93.70
94.61
92.53
93.03
93.25
95.86
95.49
94.30
96.11
94.48
92.56
93.83
93.46
92.92
95.35
93.54
90.31
95.76
94.20
92.82
94.85
93.73
95.62
95.00
94.98
95.66
92.56
94.48
92.14
89.05
95.96
94.49
92.31
96.05
93.84
95.52
92.68
91.94
94.39
94.20
90.38
94.22
95.78
95.01
95.50
94.19
90.13
94.00
93.41
92.34
92.33
93.75
94.70
95.22
94.99
94.45
94.49
95.36
93.04
93.88
93.74
95.24
95.92
94.85
95.20
93.60
90.22
94.25
95.31
94.04
96.27
92.79
92.97
93.70
93.75
94.06
94.79
90.60
94.60
92.75
94.10
95.48
92.39
94.75
93.39
95.30
94.64
94.76
94.36
94.49
95.45
94.10
94.35
93.42
93.88
92.82
93.92
94.90
95.52
94.34
95.61
93.92
95.68
93.80
95.24
95.84
94.46
92.22
91.88
95.88
95.67
92.83
95.44
93.96
95.14
93.86
95.21
94.89
94.83
96.18
93.64
94.96
95.22
94.55
94.34
95.13
94.48
95.59
96.22
95.65
94.71
92.88
95.19
95.78
91.63
93.08
95.32
94.23
94.92
94.74
94.57
94.31
95.58
95.53
94.21
96.21
94.03
94.34
94.24
94.53
93.71
94.89
94.35
95.46
94.27
91.63
95.19
89.52
94.32
93.26
95.17
96.01
95.65
94.56
94.01
91.69
94.28
94.72
95.20
95.76
95.36
93.98
94.77
95.50
93.58
90.56
94.26
92.35
95.06
93.97
94.95
95.66
95.20
92.82
94.97
92.17
91.21
90.00
94.03
92.36
94.81
94.73
94.25
94.86
93.04
92.04
95.01
95.37
93.93
92.30
93.40
94.04
94.95
94.76
89.37
94.00
94.07
94.29
95.36
95.31
95.37
96.04
88.98
95.73
94.19
95.35
95.03
93.73
95.24
93.76
94.31
93.25
95.77
95.83
93.53
95.17
93.81
94.64
91.45
94.59
95.73
94.35
93.93
95.52
94.73
95.05
94.33
93.23
92.16
93.71
95.29
95.74
93.96
93.80
94.09
95.06
95.39
95.18
94.43
95.01
92.71
92.85
94.48
95.20
93.56
95.26
92.29
93.92
94.46
95.64
94.99
94.03
95.11
93.77
94.51
94.10
92.63
92.11
94.29
88.85
95.03
93.73
93.17
92.87
95.27
94.31
94.59
96.06
95.80
94.87
92.97
89.19
95.42
94.33
94.95
93.03
93.49
88.85
94.22
96.03
88.53
94.24
94.65
93.27
94.13
93.19
95.96
93.43
93.97
90.96
93.58
94.89
92.61
93.83
93.56
93.13
94.29
94.43
94.67
94.83
94.20
85.92
94.54
94.48
95.60
94.97
91.86
94.35
95.02
95.57
93.86
95.35
94.25
90.67
95.06
92.38
94.58
95.53
94.03
94.16
93.85
95.74
94.64
90.73
93.91
94.96
93.52
95.93
94.21
95.07
92.93
94.50
94.57
87.87
93.59
94.56
94.07
95.11
94.64
93.85
95.07
94.43
93.25
93.61
94.39
93.24
90.58
92.43
86.73
94.09
95.61
93.81
94.98
95.30
78.24
94.44
94.01
94.41
92.30
95.10
92.37
92.57
93.56
95.31
94.05
94.14
95.80
92.05
93.07
95.83
93.23
93.50
91.58
95.41
95.18
92.09
95.56
94.99
93.59
95.09
91.18
92.97
94.54
94.07
91.95
94.59
95.41
95.59
93.89
91.71
92.81
95.36
94.84
95.20
96.02
95.26
95.32
92.27
94.79
94.65
94.30
93.39
94.54
93.99
95.19
95.78
94.25
93.30
95.54
95.75
93.69
92.25
95.66
89.38
96.02
94.27
93.70
94.78
94.38
94.44
91.57
95.22
95.75
92.71
91.15
95.28
95.11
95.89
92.31
95.52
94.47
94.77
95.97
95.55
95.93
94.72
95.01
94.70
95.62
95.17
94.14
95.60
94.90
94.31
94.39
94.19
93.67
95.62
93.81
94.57
95.11
95.02
95.24
93.06
96.09
94.76
94.10
93.90
94.74
95.52
93.27
93.82
92.73
95.09
92.87
94.43
93.66
94.29
95.70
95.47
94.78
94.30
93.21
94.90
93.02
94.60
94.90
95.37
92.47
94.57
96.27
92.26
93.96
94.97
92.92
94.68
95.46
94.98
94.35
95.39
94.90
95.31
95.36
94.43
93.48
94.14
95.59
94.97
94.59
95.74
95.66
94.48
94.93
94.17
94.99
95.64
94.74
93.10
94.21
94.67
94.64
94.68
93.81
95.00
93.14
93.91
91.29
94.28
95.84
93.74
92.39
94.24
94.78
95.30
94.61
94.98
94.68
95.65
95.51
94.96
94.97
90.96
95.06
91.53
94.36
95.40
96.24
95.83
93.75
95.23
94.96
94.19
95.56
95.33
95.67
93.76
92.93
93.01
95.30
94.65
91.15
93.93
93.86
94.09
94.81
95.76
90.91
94.86
94.41
95.26
95.28
95.90
93.66
93.40
95.38
88.45
95.31
94.86
91.68
93.72
94.78
90.39
94.75
93.61
91.02
93.83
95.34
94.83
94.61
94.95
92.51
94.66
94.73
93.93
95.91
92.97
95.35
93.33
91.91
94.71
95.24
90.40
92.92
94.66
95.03
94.72
94.72
93.35
93.69
95.67
94.50
93.64
94.08
95.54
94.29
92.86
94.75
93.91
90.32
94.09
94.39
94.77
93.76
94.49
95.48
94.90
95.89
94.14
92.20
95.28
94.33
93.42
95.29
93.07
94.52
95.32
92.83
93.58
96.16
90.36
94.64
94.25
90.77
94.10
94.12
94.64
93.30
95.56
94.09
94.83
93.23
95.99
94.79
92.94
95.44
93.09
94.00
94.66
93.24
95.41
93.23
93.26
93.89
95.58
95.67
94.87
94.40
89.30
93.54
95.56
90.00
94.02
93.04
95.21
94.40
94.73
94.22
94.15
95.41
95.38
91.30
94.72
92.61
94.33
95.16
95.19
94.70
94.74
93.11
91.60
93.87
96.20
95.85
94.62
94.10
94.98
93.01
94.62
94.16
95.73
94.53
95.13
95.17
89.76
94.48
95.44
94.94
93.80
95.79
96.02
92.46
91.77
92.22
93.46
95.20
95.87
95.50
93.24
91.22
95.70
93.42
93.39
94.92
95.71
95.23
95.05
93.96
95.16
95.44
93.14
93.68
95.31
94.65
93.73
95.52
90.00
93.63
95.20
93.96
94.69
94.45
95.72
93.56
96.01
94.51
95.44
94.97
95.06
92.40
93.54
89.57
93.50
93.27
93.75
95.31
94.41
95.48
95.57
93.05
94.05
95.50
96.17
95.88
94.05
95.56
96.05
93.02
94.99
94.05
95.06
93.75
95.07
96.37
95.35
94.10
94.46
93.98
94.87
92.75
95.03
93.15
95.32
95.88
94.54
95.33
91.89
95.14
94.28
95.30
94.05
91.32
93.20
94.61
91.86
95.41
93.28
95.10
94.72
92.74
94.23
94.36
95.34
96.00
96.48
95.52
93.85
93.47
93.59
95.63
92.82
95.36
95.31
93.06
95.52
92.36
94.65
94.76
94.93
95.47
90.64
94.76
95.44
93.89
92.45
93.01
94.11
95.40
95.17
94.71
94.48
92.50
95.61
95.50
94.66
94.58
95.77
95.05
94.11
95.58
96.10
94.58
92.82
95.34
93.97
94.42
94.75
95.70
93.98
96.21
93.44
94.26
95.52
94.88
93.62
95.24
95.20
92.98
92.96
94.63
95.43
90.78
94.96
95.95
95.19
94.75
95.77
93.91
95.39
95.04
88.40
95.47
93.33
95.12
93.15
94.83
95.00
95.38
93.65
95.12
95.75
95.49
95.11
95.70
92.55
94.87
94.49
94.51
