78.46
60.59
47.72
65.24
77.43
84.39
55.04
76.18
62.88
80.12
74.07
70.97
67.99
66.58
61.39
71.90
68.81
78.61
72.83
78.29
77.08
63.15
85.52
77.82
70.35
61.92
66.51
71.90
74.95
87.78
63.66
57.83
80.31
66.55
74.15
82.54
72.46
77.04
68.38
54.16
78.85
81.05
77.65
51.89
64.31
73.65
79.25
86.58
80.96
69.83
77.58
69.71
67.38
51.98
72.55
71.89
88.47
66.64
54.83
67.01
54.14
64.30
78.81
72.05
70.25
68.28
77.97
75.76
85.39
64.98
74.63
70.27
80.68
59.29
86.05
77.87
64.75
65.17
69.88
84.10
80.48
76.50
77.01
86.89
76.71
36.81
65.51
63.37
77.75
52.82
78.84
72.49
72.41
85.68
44.61
29.70
61.94
82.51
78.92
52.11
76.97
58.15
80.68
31.79
65.83
68.76
84.79
84.92
74.27
73.41
71.54
63.13
81.87
72.85
40.62
77.02
67.64
82.51
78.16
67.67
64.21
81.36
73.82
54.04
63.21
65.61
82.16
73.33
68.94
81.30
79.53
33.22
73.61
74.54
85.45
67.42
75.43
59.62
80.08
46.36
62.02
85.15
73.62
79.49
67.30
74.95
83.65
75.73
57.64
48.88
76.41
76.87
67.28
64.09
81.94
72.81
84.00
82.16
49.99
60.34
79.20
75.21
74.34
72.06
47.14
81.02
79.86
77.43
64.46
56.37
72.33
59.07
62.03
76.93
79.92
87.06
74.40
61.54
66.43
31.99
78.28
75.73
69.30
76.17
81.89
54.94
74.99
68.11
73.09
62.41
82.00
66.30
88.35
76.61
57.47
84.35
62.14
47.03
71.38
60.48
58.07
59.95
71.83
75.81
35.21
49.68
72.22
77.73
51.45
67.11
65.69
45.02
75.39
77.73
62.61
78.62
52.56
74.45
80.48
77.22
74.84
80.61
84.24
73.32
61.80
65.75
83.24
77.75
64.92
73.75
47.66
83.33
76.39
80.74
47.57
82.68
66.86
85.23
72.07
65.20
77.35
55.61
71.21
68.85
65.39
84.53
53.06
72.71
82.47
84.36
61.45
69.63
54.31
84.92
75.73
71.87
78.31
79.69
59.87
69.52
81.32
65.83
66.76
40.83
80.14
65.44
69.38
77.12
67.56
72.25
81.66
85.30
83.81
67.51
76.05
73.84
68.88
69.96
86.04
71.01
74.76
62.55
55.30
82.42
76.11
80.51
80.78
35.52
49.07
61.05
73.91
79.76
68.23
61.29
65.27
68.34
67.54
64.27
78.32
70.33
69.44
70.29
77.84
70.15
68.20
72.10
80.65
62.01
77.95
55.21
78.49
46.34
60.76
78.24
66.54
65.74
50.09
54.80
52.69
66.28
63.10
69.73
82.45
78.19
55.85
71.97
82.80
72.33
84.80
71.97
83.38
59.27
43.76
79.89
73.68
40.31
64.70
88.50
67.88
51.50
68.37
56.41
74.17
72.39
72.10
76.88
69.71
68.38
81.49
83.19
62.55
69.90
63.90
58.32
80.28
72.92
83.84
71.42
73.66
83.73
73.66
81.23
82.42
73.16
78.40
75.34
51.45
76.69
50.32
70.75
55.09
84.61
68.31
66.61
50.48
71.52
75.86
86.72
75.54
86.58
70.75
77.73
74.02
49.01
78.66
72.32
75.73
72.08
41.25
69.85
75.21
78.44
85.56
76.96
80.39
44.02
76.56
66.53
69.62
72.21
70.90
73.48
68.92
86.54
27.99
76.54
63.24
84.81
67.30
64.24
74.92
79.21
73.90
63.97
69.08
80.64
67.89
73.01
70.69
76.99
78.79
84.55
74.58
66.25
63.41
64.47
62.37
70.66
91.02
68.17
79.44
84.77
62.82
74.36
56.95
79.70
74.50
66.46
81.92
75.92
74.98
77.63
72.80
69.03
83.35
72.00
64.43
78.49
53.96
75.33
85.05
75.21
63.26
72.52
77.20
74.93
82.15
73.91
71.40
70.04
43.29
69.57
83.43
79.50
66.68
60.62
57.96
66.40
76.07
70.63
83.30
80.08
71.11
82.02
53.74
68.92
81.29
72.81
55.06
75.16
84.02
73.51
82.76
84.77
72.66
29.48
59.14
84.85
52.67
71.73
51.04
75.54
70.54
66.60
75.38
67.55
88.46
54.82
87.12
76.09
82.72
54.39
77.71
60.56
72.64
63.33
69.94
57.67
84.92
69.52
64.31
77.64
54.04
70.68
61.87
82.90
60.20
71.68
65.78
73.05
72.44
69.31
70.72
64.88
78.97
69.34
75.16
71.91
63.22
64.45
86.43
75.61
62.51
79.67
72.77
83.04
40.82
60.66
78.76
52.52
41.30
40.34
79.03
63.36
81.71
68.65
68.57
70.93
67.72
58.36
74.96
37.11
85.48
66.80
64.27
44.49
70.94
76.82
67.00
77.86
82.29
66.52
76.17
69.43
74.76
79.68
79.19
56.84
48.06
61.15
65.63
82.08
78.65
60.59
81.75
83.96
33.21
72.93
39.91
55.14
69.56
80.02
66.35
73.56
79.99
58.88
72.66
76.63
51.01
66.47
74.90
73.96
85.22
41.05
74.64
91.13
51.75
84.65
77.07
76.06
83.87
63.38
63.14
79.74
67.01
54.93
88.20
67.54
51.88
81.83
83.16
63.72
86.74
66.68
61.30
65.96
67.27
77.45
77.15
67.57
86.96
68.73
75.08
78.56
66.96
87.89
68.09
72.05
70.22
78.41
74.80
78.14
65.23
79.08
62.00
60.16
82.49
62.28
51.16
41.40
85.78
66.83
65.43
76.63
71.13
73.13
66.68
63.35
81.97
72.84
74.87
80.79
51.73
80.58
69.79
39.32
65.98
80.59
75.91
79.17
87.13
76.12
77.60
63.90
74.59
78.95
70.44
71.40
68.85
76.78
68.20
65.74
77.97
68.30
80.38
76.79
79.15
60.61
76.48
69.64
53.13
65.97
88.13
68.70
74.11
52.88
75.12
50.11
78.67
72.23
88.20
75.41
73.31
82.10
74.34
80.58
80.36
65.05
70.31
78.67
78.90
75.00
70.33
55.13
72.87
77.18
82.87
57.65
67.16
67.92
34.37
76.60
53.02
81.14
58.83
72.59
70.64
62.07
53.15
75.24
59.31
52.66
65.13
85.48
47.25
68.79
86.36
81.86
83.77
77.63
68.48
82.13
74.07
71.35
64.30
57.19
80.77
77.99
69.20
74.96
79.73
68.27
84.21
81.90
71.08
79.04
79.76
73.75
57.97
81.75
80.10
72.21
80.93
77.69
79.35
64.78
55.67
68.44
62.88
62.38
66.17
79.98
62.02
74.80
87.43
73.57
71.84
73.83
86.72
63.69
82.05
79.92
54.44
75.53
81.49
75.11
77.82
77.24
75.66
68.61
81.98
76.05
63.62
80.65
74.40
69.02
46.33
77.90
62.41
71.81
86.37
65.21
89.32
70.01
61.26
71.26
81.35
71.45
78.27
82.92
68.64
62.41
77.99
68.08
57.91
68.76
82.57
73.32
77.58
67.56
75.06
72.59
84.72
81.86
74.34
58.17
55.51
75.79
65.81
79.48
79.37
59.46
72.12
72.58
64.77
79.06
76.81
40.50
78.64
76.46
69.29
78.23
79.61
87.62
86.34
85.91
82.82
68.67
77.82
72.34
79.01
64.02
68.66
73.79
61.98
80.35
90.47
75.43
72.05
61.96
78.16
84.10
82.55
78.15
50.85
66.15
82.23
56.66
75.65
61.41
74.98
74.41
62.57
69.25
49.01
82.73
88.31
81.04
77.03
41.74
77.84
66.95
48.65
63.96
79.30
73.30
53.05
78.84
75.66
83.38
57.51
71.38
77.18
71.44
61.15
64.01
73.08
76.08
70.98
81.31
80.00
49.89
60.43
57.16
68.10
70.12
64.99
81.25
60.07
79.94
86.47
80.13
49.78
82.59
65.21
77.98
66.74
77.33
75.38
85.59
72.11
79.38
68.50
87.65
76.00
60.82
77.99
72.57
65.55
80.32
76.39
50.47
61.41
83.71
84.64
64.21
48.39
71.12
76.88
73.11
51.66
62.91
65.39
61.25
80.85
76.02
49.25
76.67
70.20
59.01
58.61
82.18
83.83
79.29
63.63
46.07
45.24
82.74
58.35
74.58
86.00
58.22
69.12
82.91
62.67
74.05
71.10
61.44
77.40
65.12
70.48
38.75
78.27
77.46
81.70
83.99
76.15
70.98
74.46
68.70
73.67
67.78
71.33
78.65
74.88
74.56
81.45
49.72
79.74
72.10
79.90
59.48
74.69
79.28
71.03
66.24
49.65
77.34
63.65
73.07
78.57
79.63
73.26
82.98
60.63
69.35
48.82
65.11
77.89
60.34
