93.23
96.47
93.58
94.56
97.37
95.35
96.93
85.54
97.48
92.53
92.97
86.05
97.47
91.50
94.72
92.41
93.54
97.62
91.42
97.79
97.45
85.49
98.26
96.30
95.68
95.94
97.52
95.44
94.60
98.02
96.28
96.01
97.26
89.37
96.26
97.54
96.26
96.00
93.41
94.05
96.14
92.24
91.61
95.60
97.64
97.68
96.39
88.15
91.45
87.36
97.34
88.81
93.75
89.85
80.65
96.90
89.66
96.05
95.91
79.52
70.59
97.38
88.85
96.73
90.96
96.84
97.28
96.76
97.64
89.75
97.67
96.04
95.86
97.74
96.47
93.42
92.20
96.76
76.23
95.15
96.00
92.34
92.37
90.95
95.26
94.26
97.25
96.47
97.34
95.48
95.03
95.77
88.02
88.32
97.07
95.37
93.22
86.47
97.17
95.19
97.97
91.27
96.44
96.98
94.94
97.93
97.11
97.66
88.40
89.70
95.37
96.18
96.45
97.78
81.25
95.51
89.94
96.38
91.38
96.78
95.36
80.47
96.26
97.81
94.00
97.01
95.80
93.77
97.05
86.38
97.06
95.79
96.86
94.52
96.64
94.60
84.01
97.71
96.61
90.51
97.70
76.52
89.14
97.81
97.61
98.12
90.09
94.32
82.22
93.53
96.72
94.01
95.68
94.57
94.96
94.74
84.07
93.12
91.47
90.96
95.88
97.27
97.69
95.03
93.99
95.79
92.06
98.34
77.74
93.63
87.98
78.23
93.49
95.93
94.47
90.33
94.72
97.37
98.06
95.64
97.71
98.32
97.63
86.41
94.10
94.60
96.69
98.39
97.02
96.35
96.85
94.12
92.43
96.23
85.66
83.05
79.60
82.15
92.24
96.21
94.49
96.77
93.56
87.89
96.18
89.25
97.21
96.04
87.87
92.83
96.56
96.27
96.23
97.58
95.71
97.43
94.20
93.78
96.20
96.54
95.64
96.09
97.40
96.21
94.53
88.01
96.23
96.96
93.86
96.45
97.90
95.41
89.56
95.53
95.52
94.63
89.88
87.45
94.16
69.16
93.94
95.77
92.58
97.24
94.39
95.07
91.54
97.80
92.28
96.97
93.86
97.71
92.59
69.17
97.18
98.03
95.72
97.41
98.01
97.14
97.67
96.96
93.76
76.06
97.61
97.94
97.76
97.97
75.21
94.35
83.11
96.49
97.26
98.05
90.76
94.91
96.81
96.54
96.84
97.13
94.04
96.89
95.61
93.63
80.77
95.69
97.97
93.50
92.32
96.24
97.10
97.54
87.80
96.51
97.37
94.43
96.81
90.31
89.91
84.94
87.49
98.16
97.39
97.11
92.59
96.44
82.40
97.58
97.71
94.98
93.69
86.18
80.71
94.29
96.46
97.22
93.34
95.90
96.19
94.31
96.15
91.10
96.48
96.14
95.49
83.53
96.54
94.98
96.48
92.68
90.87
84.61
93.61
95.41
95.58
96.95
93.99
97.49
94.70
83.32
96.58
73.87
97.61
95.31
98.00
98.26
96.88
98.21
96.34
95.58
93.62
97.48
96.60
70.49
87.62
94.78
89.50
96.05
97.52
96.23
96.70
96.63
95.46
88.70
94.80
56.52
95.85
87.35
97.20
90.89
88.71
94.94
96.05
95.65
97.03
96.44
98.18
91.35
97.56
97.01
88.33
84.16
88.34
89.74
95.65
91.46
91.26
98.10
96.58
75.72
96.34
97.78
95.90
90.97
97.54
94.97
97.52
90.74
95.67
97.97
98.13
91.00
98.01
97.28
97.83
94.08
73.47
95.22
97.79
95.40
96.29
97.55
95.75
87.42
95.24
95.62
86.97
95.66
83.95
98.12
96.53
92.06
96.30
95.98
97.26
97.04
97.58
96.04
95.30
95.59
96.20
95.77
90.86
78.96
96.85
97.06
77.57
87.92
97.18
96.07
92.35
92.61
95.69
94.18
97.14
97.03
96.70
89.57
96.32
93.77
96.93
94.02
95.87
96.92
95.38
92.40
94.39
96.88
86.36
95.48
97.28
94.86
95.93
88.94
91.80
94.13
95.40
97.32
97.17
96.98
96.94
97.36
96.08
85.48
83.77
96.41
92.21
96.48
96.14
97.71
95.57
92.49
94.14
97.46
97.94
94.19
96.57
80.10
97.56
96.48
87.50
95.52
97.74
96.84
96.83
88.58
68.70
97.07
96.51
97.88
97.63
77.96
91.36
95.20
97.54
92.87
93.68
90.28
97.51
92.06
96.46
95.50
85.70
96.35
91.26
83.62
94.92
96.64
97.79
80.38
86.90
96.59
96.48
97.83
90.26
86.99
97.30
97.64
96.01
97.24
90.10
95.58
95.80
94.76
92.18
96.91
96.62
96.67
93.43
91.46
97.43
71.51
95.00
92.50
90.70
96.52
97.48
94.65
95.91
97.92
95.68
90.02
97.54
98.20
93.27
96.55
88.30
85.84
91.50
90.84
96.72
94.17
94.06
93.96
96.32
92.45
94.93
96.75
90.78
96.17
80.56
95.71
95.56
97.80
89.67
91.01
97.92
94.99
97.80
98.24
94.48
80.52
96.40
96.77
95.22
93.29
95.35
88.69
95.83
97.57
87.81
95.75
94.97
94.09
95.26
94.95
88.45
92.56
66.47
93.82
96.16
89.14
97.31
97.17
91.83
96.26
92.87
97.04
88.17
96.50
89.76
95.31
96.12
96.13
91.54
96.76
90.76
94.91
96.96
95.81
96.22
95.59
97.28
97.70
95.55
96.39
97.21
92.67
97.59
96.37
95.74
97.71
97.23
96.12
85.27
89.95
96.59
86.29
95.18
93.63
96.00
88.00
95.75
97.08
97.17
97.21
95.42
93.17
92.57
96.81
91.81
80.69
89.41
96.77
97.20
75.88
88.45
97.50
96.21
94.42
95.29
78.74
79.32
91.22
95.02
96.01
92.40
93.85
94.90
94.64
95.55
88.54
95.87
98.03
87.57
92.37
93.12
86.42
79.61
97.37
95.08
88.14
95.71
92.28
96.50
97.07
96.90
93.25
95.12
93.67
79.58
60.27
94.91
97.04
97.94
96.41
97.81
97.73
91.99
91.12
95.55
94.15
90.88
95.30
96.88
95.69
95.38
89.35
96.05
94.19
96.36
97.08
94.14
95.99
91.16
97.36
95.93
97.38
96.73
95.98
96.37
82.58
97.74
95.74
89.82
95.36
96.28
84.97
94.40
97.05
90.53
94.52
95.39
95.27
97.43
89.43
93.42
90.79
96.32
92.12
97.74
80.08
96.03
92.86
98.16
95.97
97.49
95.33
95.80
97.11
89.72
85.69
72.30
97.21
97.69
96.80
97.01
95.88
76.00
89.34
98.69
94.15
96.37
96.72
94.93
75.66
96.81
82.60
96.98
91.83
97.44
96.63
97.68
85.78
91.70
92.96
94.16
97.77
96.67
96.76
90.92
92.54
92.63
97.87
92.42
85.02
97.58
92.32
75.43
96.92
94.20
93.58
97.02
97.18
97.37
96.23
88.76
97.09
94.88
87.17
97.71
93.27
97.68
93.69
95.05
91.38
96.83
97.93
96.87
97.03
84.57
95.41
93.66
96.35
95.51
95.23
93.09
96.62
93.79
96.57
97.63
94.69
97.14
95.94
98.10
91.35
73.02
84.39
90.60
94.71
94.20
92.76
94.54
97.20
93.76
96.31
97.33
97.94
92.25
95.17
97.40
92.15
96.15
95.96
84.45
93.91
97.78
91.35
95.27
92.88
92.56
95.70
79.66
93.63
95.95
92.25
94.46
96.12
88.95
96.85
94.81
97.31
96.53
95.72
94.33
95.95
91.02
82.89
97.49
91.20
95.92
96.55
93.06
92.37
93.09
97.02
83.32
94.12
93.67
93.82
96.66
93.31
90.45
96.97
83.62
96.55
97.70
96.09
83.19
97.56
94.72
95.42
85.19
96.14
96.25
93.71
96.75
94.79
95.75
94.46
97.49
93.67
95.38
91.31
97.89
93.26
86.88
91.39
97.36
98.31
94.56
96.39
93.19
96.62
97.77
93.16
95.99
77.98
85.07
96.01
97.39
97.92
92.86
96.38
91.07
96.34
89.00
97.06
94.02
97.25
96.27
92.06
95.66
94.95
95.04
72.75
96.65
90.20
90.89
88.47
96.90
96.77
97.71
92.33
95.71
96.46
96.47
96.99
96.72
95.61
95.48
90.46
91.34
96.06
96.20
94.56
97.42
74.83
96.46
96.76
93.50
96.20
95.78
93.00
96.36
94.27
94.76
93.69
93.47
96.49
95.73
95.93
97.18
93.03
97.34
95.25
94.56
96.25
88.88
79.91
92.31
85.63
90.93
95.75
81.04
86.63
95.55
84.36
97.61
90.65
96.38
95.64
95.70
88.40
96.80
96.52
96.56
87.68
73.64
76.20
