69.60
84.55
56.55
60.69
92.82
76.61
72.02
82.87
88.29
91.68
54.66
65.94
77.85
82.68
46.75
57.97
88.44
76.31
87.35
73.69
83.65
44.19
85.95
85.34
83.13
87.44
89.31
72.40
62.34
53.24
72.93
73.83
70.89
80.71
83.26
71.43
53.01
89.96
70.71
85.63
80.75
56.05
78.44
80.63
75.64
81.95
93.27
87.81
89.84
84.46
75.33
89.87
92.51
58.31
47.41
81.94
76.29
63.23
68.03
32.66
53.72
80.44
64.41
79.37
89.74
75.52
77.28
92.51
75.48
73.93
59.82
90.73
75.95
79.54
88.48
71.95
84.19
81.97
67.40
92.48
70.84
74.86
73.91
36.99
76.49
69.32
92.80
87.55
64.46
79.89
89.82
87.54
77.65
75.09
78.07
91.41
80.83
78.80
85.12
86.86
58.69
87.80
67.05
70.97
83.74
70.39
60.09
79.99
69.36
72.15
73.46
84.48
87.01
63.20
61.42
65.11
81.01
24.63
66.12
82.49
78.43
70.45
79.98
85.03
85.92
87.37
71.28
83.32
75.24
72.44
74.67
83.63
80.67
73.09
49.56
87.05
79.67
84.46
82.79
37.99
89.49
77.95
72.88
89.93
82.54
87.91
88.01
92.07
70.26
81.42
67.20
84.95
81.74
87.05
85.41
67.29
82.13
91.29
77.88
52.31
81.35
89.59
74.88
85.73
51.35
82.18
84.06
80.36
87.21
81.64
91.11
78.72
73.57
58.45
88.40
68.80
60.69
78.20
84.27
69.37
62.31
88.21
83.03
90.34
90.87
80.33
70.82
88.00
82.77
64.07
83.49
79.24
85.44
83.86
85.77
83.82
72.02
78.03
79.91
84.45
72.66
77.01
90.17
90.77
82.77
80.30
50.45
81.28
63.67
49.53
87.89
86.86
78.11
71.16
75.88
80.68
85.77
74.43
71.46
40.05
85.46
65.56
79.80
57.78
59.03
71.52
91.41
68.74
59.26
65.51
76.03
61.06
52.88
65.99
80.61
69.33
76.75
79.41
72.93
56.83
71.89
58.94
77.90
91.57
87.64
91.21
62.68
87.16
73.67
81.73
81.94
67.92
74.51
72.26
83.72
85.23
64.40
29.79
87.45
88.58
87.47
76.04
51.07
78.06
84.24
39.85
81.97
74.65
86.31
87.02
77.84
72.74
85.52
76.11
86.96
83.19
81.31
73.70
79.51
78.07
86.15
78.17
82.99
67.30
87.41
83.82
60.96
87.08
73.28
86.77
83.84
36.31
76.00
92.73
60.82
48.28
85.25
70.32
59.64
81.99
74.72
83.37
88.99
50.35
71.92
72.88
64.86
50.94
90.88
90.84
56.58
53.59
32.97
50.39
69.91
69.58
72.27
81.55
84.79
86.55
80.87
73.74
80.01
86.23
83.90
69.52
89.87
63.91
72.59
82.67
76.71
77.65
77.88
86.72
81.46
56.76
74.37
83.81
81.81
76.78
81.82
70.56
79.00
64.43
62.49
73.71
77.45
71.53
92.39
85.56
86.75
50.20
70.24
85.60
75.30
71.32
84.60
73.14
65.89
91.71
76.92
85.89
51.90
67.98
42.49
84.07
84.01
86.26
80.60
89.21
89.19
79.02
69.68
58.79
89.39
65.74
75.96
61.97
82.20
70.33
74.01
90.03
69.57
91.76
91.16
69.74
86.95
83.48
75.06
85.44
68.72
75.83
78.75
58.63
28.27
76.01
76.19
77.76
88.96
51.59
76.92
86.51
66.13
65.80
85.95
90.69
64.54
72.66
83.80
67.89
87.67
85.72
65.75
86.22
78.61
59.05
83.47
83.24
85.86
70.59
80.27
71.05
84.01
69.77
56.82
52.74
86.68
89.64
87.57
73.74
69.34
73.50
66.22
74.64
90.35
65.38
91.40
80.30
53.87
69.07
69.03
78.94
81.20
73.63
84.96
83.42
88.05
82.16
77.45
63.91
75.82
66.76
79.91
60.26
43.56
83.30
72.15
61.11
65.15
81.69
77.59
84.90
79.58
91.25
72.60
86.18
90.14
89.43
62.43
87.66
86.67
70.92
74.18
80.00
77.94
90.76
61.52
85.53
86.45
72.04
74.85
66.52
77.50
76.79
69.21
29.52
81.62
54.52
56.64
73.94
85.08
76.13
73.86
86.82
88.63
87.44
39.43
85.84
80.10
60.65
70.10
74.00
53.77
45.32
87.62
58.55
87.22
91.35
31.87
70.40
65.83
67.70
88.62
34.77
83.12
70.69
69.77
79.90
83.65
77.23
58.35
84.83
78.31
86.81
66.50
68.76
25.32
58.59
47.61
56.94
78.65
88.51
76.15
85.72
75.87
90.37
73.82
91.12
46.87
89.69
84.72
88.14
84.69
76.14
70.27
56.75
56.19
76.94
72.94
74.49
46.88
54.09
60.23
63.07
85.24
69.61
85.85
80.89
86.76
86.00
77.52
81.06
84.86
92.12
70.72
72.16
41.22
81.48
70.90
83.71
91.52
64.78
87.92
93.00
66.44
72.89
67.48
84.14
81.07
80.14
89.66
70.30
57.63
91.97
67.98
63.43
61.69
69.03
92.85
89.25
65.67
60.05
79.24
87.70
84.49
84.75
84.19
85.02
88.48
58.38
77.76
57.00
59.39
65.65
84.46
80.02
75.59
79.84
84.27
87.55
39.95
59.93
79.33
76.11
89.21
51.35
49.88
86.73
85.95
89.50
67.63
67.32
77.72
56.12
82.98
55.34
59.63
76.72
68.02
86.28
87.77
84.72
84.94
71.03
84.42
54.72
76.02
71.99
90.02
86.79
88.26
69.09
81.01
91.43
89.60
85.95
81.33
82.48
90.29
70.48
69.56
88.07
90.35
89.78
82.95
87.21
82.51
76.02
57.88
90.39
83.16
86.46
88.46
61.91
74.34
80.48
92.57
57.11
71.21
84.35
52.17
79.96
58.97
68.47
81.92
81.73
68.10
74.47
61.92
92.71
63.18
77.24
67.35
81.20
70.27
91.02
51.49
88.00
83.12
66.83
71.54
78.19
90.29
61.23
82.46
75.98
85.72
64.68
90.72
87.89
55.00
48.86
66.60
70.91
75.39
58.65
83.14
19.76
69.71
44.66
49.56
73.58
83.36
73.60
60.92
78.15
47.77
84.51
88.62
52.18
72.88
70.88
77.95
86.21
60.66
52.25
90.60
77.20
35.36
70.62
67.26
86.79
73.24
81.37
90.16
76.64
60.17
66.59
59.63
74.17
68.71
79.75
80.14
88.89
80.84
62.07
80.62
75.66
85.89
82.58
42.37
79.12
77.75
53.88
76.35
78.11
80.34
81.55
65.81
79.31
75.48
85.19
92.07
85.50
77.72
40.94
76.18
89.83
88.50
85.66
87.68
66.73
71.70
74.76
88.39
84.60
81.82
57.89
80.78
67.75
74.25
75.17
87.49
72.03
80.19
56.34
70.59
57.54
75.24
45.71
83.32
87.59
82.87
84.15
83.36
90.86
68.63
38.50
70.63
72.98
53.17
25.38
86.79
91.65
73.91
68.82
90.29
69.27
81.37
63.35
89.79
55.82
82.60
70.55
92.48
58.81
81.17
63.84
88.34
64.29
84.08
79.03
77.08
85.34
37.27
81.84
69.21
73.16
72.37
80.30
78.10
78.93
84.75
82.46
77.34
80.77
54.74
79.58
87.90
51.92
79.65
70.18
76.38
80.06
54.34
88.60
65.15
77.85
92.86
92.49
50.04
72.42
87.01
68.39
75.28
66.49
89.19
89.81
69.41
92.44
86.55
77.70
90.94
72.57
79.43
91.86
87.09
88.49
90.05
77.46
71.21
73.06
79.91
74.01
85.25
76.18
59.54
89.79
81.84
88.99
80.59
80.01
87.06
92.62
77.70
63.69
63.65
39.83
67.33
46.52
81.95
76.42
92.22
79.50
86.32
70.07
78.59
57.91
81.20
85.48
74.21
59.91
76.15
69.72
76.44
70.09
68.32
77.63
86.42
68.82
77.87
86.54
74.86
86.79
87.80
78.91
61.76
78.60
17.62
81.76
86.86
76.39
72.19
52.53
76.25
75.17
73.57
85.74
68.24
72.65
86.51
58.44
66.80
87.60
74.30
68.45
69.67
85.30
90.72
77.85
76.76
61.36
59.01
63.05
86.89
70.31
81.51
85.37
76.74
86.40
65.83
73.82
86.42
88.46
71.60
90.18
69.10
80.97
88.73
92.96
65.71
72.35
75.76
85.49
73.77
76.74
69.47
56.85
78.85
56.97
80.66
84.22
86.53
61.57
61.04
72.76
84.37
93.74
80.74
90.11
81.74
64.20
83.39
86.75
84.86
82.64
87.54
61.91
79.44
74.25
73.39
77.01
64.96
65.12
90.30
64.46
80.89
81.19
71.34
71.12
