89.72
90.85
89.76
90.23
89.49
88.24
91.29
90.11
91.96
88.25
90.84
85.97
86.81
88.88
89.06
89.03
87.01
90.69
90.63
85.04
86.13
90.40
90.14
87.55
89.05
86.92
89.25
91.33
88.12
88.84
90.16
89.51
90.86
89.19
91.00
87.81
91.64
90.21
89.66
88.92
91.02
86.81
87.13
87.46
87.27
89.76
87.21
90.94
89.79
89.36
89.05
88.90
89.21
89.98
89.73
90.24
83.52
86.64
87.96
85.75
89.51
85.48
88.66
92.37
87.73
89.00
84.23
90.13
82.29
90.87
89.54
84.68
89.53
89.01
89.56
89.47
91.66
89.49
88.29
90.06
89.03
89.45
90.05
86.82
87.88
89.59
85.99
89.71
92.04
89.50
83.48
90.61
88.24
90.64
89.46
86.63
89.90
85.81
90.30
92.58
87.89
88.29
90.32
88.74
90.80
88.65
87.94
90.03
88.65
89.06
82.40
90.11
90.16
88.95
88.64
86.61
89.28
90.95
90.05
87.08
89.12
86.29
90.05
88.22
88.21
89.12
88.10
89.73
86.43
88.15
88.70
87.33
88.84
90.86
85.62
89.60
89.41
89.72
90.48
89.79
87.31
90.26
88.78
90.64
90.12
90.33
90.46
89.50
88.90
91.92
85.90
85.23
89.97
88.75
90.78
88.86
90.12
90.26
91.10
91.09
88.20
82.34
89.06
87.11
91.22
88.51
92.17
89.89
87.76
90.55
82.76
90.60
84.95
86.79
87.91
90.87
89.90
90.54
89.89
84.20
87.82
90.14
88.80
88.07
90.11
85.46
88.46
87.10
89.43
89.04
89.95
89.52
88.13
91.25
89.19
91.28
90.93
88.78
88.96
89.45
91.05
88.63
91.14
89.78
89.84
88.28
83.68
86.33
89.70
89.10
87.14
88.88
90.94
88.10
88.98
91.26
88.42
87.04
86.46
88.64
90.97
91.29
88.26
89.80
92.51
87.61
90.44
88.01
91.27
87.54
89.76
91.21
87.21
89.18
86.90
90.22
89.55
91.89
90.64
91.17
87.16
84.92
88.67
90.73
89.02
91.34
85.40
90.63
89.45
87.80
87.05
89.39
86.65
89.23
86.83
89.19
88.93
88.60
86.73
89.29
91.05
85.33
88.56
89.22
91.79
90.73
88.66
88.62
90.75
91.08
91.89
90.43
88.48
91.13
87.99
87.73
89.45
91.70
89.64
90.46
89.40
88.77
91.10
80.39
90.17
90.40
88.17
88.19
91.60
89.97
91.05
91.82
87.00
88.09
90.38
91.43
87.64
91.05
90.77
90.95
86.69
92.66
92.26
87.91
86.75
89.62
84.40
87.66
92.55
92.64
90.68
89.69
89.39
89.30
85.21
88.89
91.07
87.71
90.99
86.33
89.47
88.09
90.04
89.07
92.11
89.58
91.71
89.10
89.67
86.48
88.11
91.56
86.17
86.86
89.08
92.52
87.81
90.56
89.50
87.59
87.25
89.39
89.40
86.62
89.07
89.04
86.33
89.32
91.56
88.11
89.17
88.21
89.87
89.30
86.85
90.64
88.97
88.01
88.88
88.52
90.06
89.38
89.41
88.39
88.20
90.63
92.25
88.83
91.40
91.08
92.17
90.46
89.99
86.49
85.57
87.78
90.12
90.33
84.91
88.71
92.05
89.90
92.03
89.36
89.84
90.08
86.69
91.83
87.59
87.08
87.66
87.84
90.48
91.58
89.39
89.31
88.39
89.75
89.72
89.09
90.74
90.61
90.15
90.96
83.67
88.63
90.38
87.76
90.80
88.50
85.40
88.20
90.69
85.69
90.86
82.02
89.27
86.22
92.60
88.26
90.76
89.55
87.18
86.11
89.00
87.58
89.88
90.95
90.09
89.94
90.98
86.79
87.92
90.08
91.73
87.56
83.37
86.87
90.32
89.35
84.54
91.18
87.82
90.78
89.12
91.87
89.96
84.09
89.30
91.14
92.24
88.53
91.21
89.88
89.89
89.13
91.67
91.61
87.86
89.48
88.04
88.34
91.33
90.26
89.39
87.36
86.73
89.50
89.71
86.12
87.37
83.06
88.44
89.01
91.42
89.24
88.86
90.84
86.35
90.22
85.83
89.84
90.33
90.85
90.47
90.06
90.22
91.45
90.30
89.76
87.79
87.17
84.29
88.73
86.50
84.18
91.16
88.88
90.11
91.15
89.09
86.83
86.53
87.60
92.47
87.28
89.78
90.32
90.35
90.05
92.13
88.53
87.22
90.35
89.01
87.86
88.46
85.61
87.41
90.50
88.59
91.28
91.51
89.60
90.64
90.15
90.22
89.09
85.96
90.01
89.31
89.21
88.93
88.97
88.03
88.42
87.59
89.97
86.81
89.05
92.29
86.27
89.55
83.93
91.25
88.51
85.26
88.91
89.82
90.00
87.98
87.49
89.09
88.54
89.73
89.91
86.38
87.67
90.61
86.44
89.23
86.33
89.72
89.12
91.98
90.31
88.81
91.61
90.88
91.84
91.58
87.59
90.12
88.05
91.18
91.00
91.24
88.62
86.12
88.64
88.09
88.18
87.13
88.25
89.60
90.69
89.40
88.82
86.08
89.56
90.79
88.32
87.67
87.44
89.89
88.84
88.44
90.79
84.54
88.17
90.65
87.75
86.69
90.48
86.86
89.37
88.23
91.37
90.45
91.84
88.79
88.01
90.10
88.10
89.12
90.45
89.75
87.73
91.51
86.97
90.41
89.59
86.01
87.92
87.37
90.66
86.79
90.15
89.12
87.17
87.90
91.04
87.78
89.35
90.12
88.21
91.45
83.87
92.46
90.01
89.50
87.16
87.97
89.36
90.87
93.19
91.32
89.69
87.03
91.73
87.32
88.92
88.09
89.60
88.02
86.53
87.86
90.85
88.20
90.65
90.37
84.90
90.00
81.10
91.08
89.93
88.52
85.72
85.40
84.15
89.43
89.54
89.06
88.15
89.65
90.63
86.12
89.80
91.32
90.98
88.78
90.09
88.78
90.59
86.71
87.90
87.36
89.53
89.12
89.54
89.74
89.46
87.05
89.49
86.85
88.30
90.08
90.82
89.21
88.15
91.07
88.89
91.19
87.95
90.65
89.32
86.36
89.68
85.16
90.94
84.26
90.56
89.61
89.91
88.29
84.20
90.81
90.95
89.39
89.22
92.25
86.43
90.28
87.48
86.23
90.71
89.63
88.14
90.96
88.52
85.78
87.20
86.20
83.76
82.33
88.69
87.64
86.84
89.42
84.47
89.10
91.05
89.14
84.22
85.88
91.23
87.85
88.88
88.55
89.49
89.23
91.29
86.00
87.52
90.14
88.83
87.78
89.60
86.39
88.81
87.34
90.56
86.36
89.29
84.64
90.48
88.75
89.55
89.40
91.12
90.30
87.42
91.86
87.27
88.28
90.09
89.50
91.72
88.16
90.73
91.81
88.14
91.30
89.26
90.08
89.20
89.36
89.83
90.47
83.60
86.22
87.88
86.65
88.97
88.01
91.65
87.35
89.53
91.29
87.52
87.28
87.65
92.63
90.85
85.87
89.97
88.56
90.60
89.60
89.93
87.59
89.00
87.47
90.84
89.67
88.96
88.51
91.43
86.51
86.78
89.36
90.61
90.95
89.66
91.13
87.75
92.10
87.69
89.99
90.18
89.55
89.65
87.06
89.42
88.20
88.56
88.02
89.59
90.94
88.76
89.60
88.61
90.89
91.27
88.50
89.80
89.94
90.75
89.34
88.78
91.27
90.82
88.41
87.03
89.31
90.09
89.70
88.11
87.55
90.81
87.27
87.29
89.10
91.84
86.03
88.85
88.36
90.99
90.29
90.62
89.42
91.19
90.48
92.03
90.62
87.18
84.88
88.89
90.28
91.75
89.50
91.81
90.56
88.34
89.32
88.67
90.14
91.27
88.76
88.66
87.26
88.35
89.79
90.86
89.09
91.84
88.29
88.14
91.72
87.69
86.65
90.40
84.75
87.48
90.68
86.79
88.10
85.97
88.85
88.97
89.15
89.12
91.67
87.02
84.90
91.40
87.51
91.04
92.72
89.03
90.32
90.16
87.31
90.75
91.35
84.68
88.75
89.61
87.24
89.75
91.06
90.43
88.30
88.81
90.42
87.62
88.29
89.16
88.13
82.67
87.28
91.12
89.40
89.19
89.11
84.47
90.04
90.87
90.96
90.54
89.95
87.82
89.62
89.07
87.25
90.79
87.40
89.04
90.11
91.03
88.99
88.61
86.55
86.58
90.62
87.13
89.66
89.57
91.09
86.39
85.47
88.27
89.88
87.65
91.60
90.43
87.24
85.50
89.60
88.76
88.74
91.85
90.62
89.29
88.18
89.27
91.27
91.43
89.65
86.78
90.59
89.57
89.66
85.45
88.79
88.97
89.10
90.54
89.15
87.29
