95.76
93.97
96.01
93.28
93.89
96.34
96.43
97.12
96.81
96.76
97.00
96.28
96.45
97.42
97.54
94.89
96.76
97.63
90.74
97.86
95.68
88.35
96.07
96.46
97.59
82.95
97.26
86.91
96.64
95.16
96.34
92.59
96.59
96.80
95.49
97.29
97.99
97.59
96.72
97.40
96.62
95.41
94.72
94.79
97.39
96.47
95.76
94.74
97.89
95.07
97.72
95.25
94.96
96.01
97.80
97.01
94.61
91.83
97.14
94.69
95.80
96.64
97.81
97.26
98.05
95.56
97.22
94.74
96.03
96.53
97.44
97.77
93.92
91.50
96.76
96.23
96.52
97.16
96.74
97.47
89.29
85.86
91.00
97.90
97.23
97.76
95.22
95.13
94.84
94.14
95.90
95.90
96.67
96.17
95.75
97.14
97.42
96.97
96.71
96.35
97.36
96.37
97.11
96.82
96.43
97.55
97.36
96.38
96.95
97.00
85.42
97.20
97.69
96.04
96.93
95.39
93.20
97.91
96.10
92.80
95.14
96.46
96.09
97.48
97.11
96.96
98.08
95.49
94.37
96.42
96.38
97.13
97.53
97.49
95.59
97.37
94.37
97.42
95.93
95.92
94.75
95.90
95.14
97.09
97.54
96.35
95.04
96.40
97.20
76.63
96.85
97.22
95.65
94.25
93.56
95.32
90.15
97.12
96.99
97.84
92.81
96.16
95.06
97.74
97.44
94.53
96.80
93.80
97.44
95.99
94.21
96.63
96.93
96.57
97.29
93.78
93.00
97.74
96.78
97.62
94.13
96.99
97.68
97.29
96.86
96.63
95.90
96.67
88.90
96.43
96.57
96.33
96.79
97.63
96.21
96.76
96.00
96.85
91.84
97.13
95.41
94.71
96.49
96.66
95.43
97.21
98.10
93.78
97.02
95.72
94.30
94.14
96.91
95.47
97.10
94.85
87.70
97.80
96.55
97.40
94.03
94.83
95.82
97.80
95.37
96.38
96.78
95.78
97.04
97.14
97.23
96.86
94.64
96.82
96.49
94.95
95.77
97.08
96.02
96.70
93.56
95.72
97.94
97.33
95.82
95.52
97.84
96.70
94.00
77.09
97.08
92.52
97.26
97.53
96.90
95.79
97.03
97.62
96.63
95.12
97.95
97.60
96.92
96.88
86.54
96.31
97.19
96.81
81.89
97.52
96.74
95.81
95.75
92.44
95.92
96.79
94.38
96.74
97.21
96.64
94.55
96.20
94.99
96.07
96.03
96.71
97.86
81.71
95.01
97.37
88.46
97.16
95.39
93.35
95.45
84.98
97.84
96.49
94.76
97.07
96.58
97.85
97.53
95.24
97.29
95.09
97.59
90.33
96.43
96.15
97.94
97.34
97.33
97.49
97.11
97.51
97.32
90.01
93.74
97.13
96.98
95.88
96.51
97.27
97.03
87.69
97.84
97.41
94.35
97.14
97.87
96.24
97.69
89.21
96.29
96.74
95.30
97.39
95.80
71.65
97.49
96.98
95.77
93.46
97.19
94.91
95.47
97.44
94.03
97.09
95.90
96.64
97.26
97.22
86.18
94.18
96.19
95.67
96.63
96.68
95.72
96.40
95.95
94.70
97.33
98.30
97.08
96.66
97.04
95.71
95.75
97.42
96.52
97.05
93.29
97.21
96.74
94.92
97.07
96.98
89.82
92.25
96.71
95.87
92.86
94.73
83.45
97.42
95.23
96.81
97.08
97.92
96.91
96.67
97.87
96.40
94.27
96.31
96.74
95.94
95.40
97.50
97.62
97.45
97.34
96.67
89.80
96.25
97.47
92.34
96.05
96.58
96.13
98.01
96.51
96.29
98.01
98.02
94.74
92.66
95.26
94.52
94.09
95.72
97.73
97.65
95.69
97.59
96.24
97.34
96.06
97.67
97.41
95.59
96.04
98.10
96.33
95.35
92.99
98.19
97.13
95.30
87.45
94.07
94.31
88.04
94.24
95.02
96.40
97.29
97.04
96.65
95.44
87.41
93.36
94.34
98.01
97.35
95.22
98.00
96.10
97.73
97.62
97.21
97.28
97.53
97.85
95.88
93.38
98.04
92.45
97.79
95.19
94.06
97.39
91.71
96.91
97.34
96.22
96.77
94.73
97.51
94.68
97.13
98.03
97.04
93.98
95.72
96.33
97.20
97.57
97.01
86.95
95.28
97.39
96.57
95.83
98.10
95.67
97.11
96.84
95.55
97.04
96.98
97.23
96.48
96.08
96.76
97.20
97.44
96.17
97.13
95.62
96.46
96.44
97.37
97.35
97.67
97.90
94.88
97.55
96.81
94.25
89.94
94.98
95.52
96.93
97.40
96.91
97.59
93.21
95.11
96.46
90.19
97.81
97.33
95.12
92.60
97.05
92.72
97.16
87.55
96.74
97.06
95.11
93.93
95.19
96.97
96.31
82.61
97.06
95.30
96.03
96.14
87.87
96.25
97.33
97.36
96.93
95.71
86.96
96.23
94.52
97.00
96.60
97.15
89.36
96.58
95.93
96.94
96.60
97.35
97.68
97.44
95.54
97.52
95.76
92.76
95.25
94.53
98.18
97.39
92.94
97.15
91.14
97.43
97.73
95.74
95.64
96.58
95.99
97.34
96.61
96.91
97.62
96.05
97.32
93.46
96.18
96.54
96.24
95.75
95.62
96.36
95.53
96.36
97.65
97.16
94.78
97.32
97.01
96.70
97.65
88.36
79.65
96.96
96.02
97.11
96.55
96.66
95.25
97.55
97.53
96.11
95.77
94.82
89.50
95.93
96.95
96.95
96.82
94.99
97.15
95.69
97.55
97.85
93.63
97.04
94.78
97.40
97.63
91.57
94.10
96.63
98.21
96.24
96.98
97.64
97.62
97.21
93.58
97.85
95.70
90.71
93.66
96.16
91.98
96.39
89.84
97.48
97.04
96.66
96.86
96.58
95.49
97.92
96.75
97.65
85.53
97.88
97.36
95.90
97.08
95.73
96.92
96.10
95.68
94.18
93.08
94.42
96.88
96.41
97.25
97.09
96.95
97.11
95.59
94.94
96.19
94.94
95.08
95.89
95.51
94.04
96.93
97.97
96.43
97.11
94.81
97.43
96.98
96.86
95.23
97.13
76.77
96.92
95.42
87.44
97.39
92.70
93.83
95.87
97.77
95.55
97.29
97.79
97.35
92.29
96.97
97.59
96.69
95.90
88.92
95.85
96.48
97.58
96.92
95.09
95.63
97.36
95.22
96.64
95.14
93.73
95.94
96.32
97.41
97.00
94.19
93.91
97.22
96.11
94.74
94.60
96.38
95.63
93.05
96.74
94.30
97.30
95.39
96.54
93.70
97.53
96.82
97.81
97.46
96.35
92.59
97.55
96.39
95.47
96.72
94.97
97.27
96.86
96.48
97.74
96.69
97.21
95.40
91.46
93.49
87.82
97.21
97.80
96.62
95.36
97.60
89.95
96.48
96.31
94.47
93.95
97.60
96.10
96.61
96.44
97.36
95.90
96.90
97.57
97.19
97.11
95.08
97.96
97.03
96.99
96.72
95.41
97.73
96.51
95.82
95.42
95.97
96.08
94.76
95.81
96.11
97.25
87.68
93.89
95.71
96.54
97.62
97.47
96.50
96.97
97.85
95.57
96.20
93.73
97.40
96.13
97.73
97.70
96.56
96.97
97.77
94.44
92.60
81.19
96.67
94.37
97.27
97.47
96.99
93.11
94.34
96.65
97.60
97.41
96.24
97.82
95.82
97.19
94.76
95.45
97.62
96.11
96.77
96.83
94.48
92.32
92.71
96.46
97.16
94.83
95.93
89.88
96.74
94.62
97.20
96.18
97.72
97.21
95.52
95.92
97.39
96.94
96.38
97.73
94.94
96.25
97.31
96.60
95.73
97.25
97.85
97.57
95.72
83.48
96.24
97.27
88.77
83.21
95.62
96.46
96.94
97.14
97.77
97.20
96.42
93.15
95.81
97.12
95.86
95.82
94.59
97.67
97.06
93.66
97.33
97.76
97.04
95.64
95.38
84.96
96.11
96.35
96.01
96.80
97.28
95.21
94.03
95.39
97.04
96.28
93.22
95.90
94.74
93.46
96.45
95.01
96.89
97.19
96.36
96.39
94.04
97.39
95.44
97.38
97.77
85.04
95.68
95.66
97.02
97.01
96.82
95.74
98.04
97.91
92.90
97.99
96.98
97.03
96.91
97.03
95.91
97.44
96.25
96.88
91.79
96.86
97.62
97.36
96.97
93.86
95.49
83.76
97.30
96.79
93.92
94.94
96.26
97.20
84.48
97.31
96.81
96.40
93.55
95.90
97.40
95.22
94.23
97.36
97.03
96.16
96.73
97.75
97.68
97.21
97.26
96.10
97.24
97.21
97.20
97.62
95.40
96.91
96.34
94.63
97.35
92.56
97.09
95.01
96.80
96.76
94.53
96.57
