98.49
97.61
98.60
98.44
98.42
98.31
98.39
98.19
98.42
98.19
98.50
98.40
98.48
98.22
98.25
97.94
97.89
97.06
98.40
98.56
98.40
98.57
97.85
98.71
97.69
98.37
98.60
98.09
98.49
97.84
97.29
98.47
98.44
98.31
98.24
97.76
97.30
98.15
98.43
97.97
98.22
98.08
98.47
98.44
98.13
97.78
98.26
98.54
98.43
98.54
98.47
97.99
98.26
98.35
97.33
98.45
98.29
98.64
97.77
98.51
98.27
98.52
98.45
98.40
96.43
98.56
98.04
98.12
98.40
98.72
98.45
98.60
98.09
98.40
98.36
98.39
97.84
98.36
97.99
97.16
98.07
98.25
98.53
96.66
98.66
97.79
98.23
98.43
97.73
98.06
98.52
98.39
98.73
98.56
98.23
98.52
98.31
98.47
98.26
98.71
98.27
98.35
98.47
95.79
98.15
98.56
98.67
97.56
97.89
98.28
98.52
98.44
97.98
98.43
98.32
98.70
98.50
98.52
97.46
98.32
98.56
98.55
97.77
98.59
98.44
98.08
98.47
98.37
98.64
98.50
98.20
98.39
98.58
97.11
97.86
98.26
98.44
98.19
98.20
98.45
98.03
97.98
98.31
98.45
98.46
98.22
98.43
98.44
97.73
97.89
98.04
98.42
98.32
98.19
98.54
98.34
97.03
98.65
98.38
97.51
98.30
98.49
98.67
98.29
98.43
98.42
97.59
98.42
97.46
98.18
97.95
98.30
98.23
98.58
98.60
98.72
98.31
98.60
98.31
97.39
98.46
98.16
98.48
97.56
98.43
98.08
98.28
98.64
98.52
98.35
98.51
98.30
98.31
98.46
98.16
98.53
98.39
97.86
98.50
98.01
98.30
98.21
97.87
98.60
98.66
98.61
98.39
98.22
98.39
98.33
98.24
98.67
98.60
98.07
97.91
98.53
98.52
97.94
98.21
97.03
98.41
98.63
97.73
98.38
98.52
97.87
98.32
98.35
98.31
98.36
98.47
98.54
98.31
98.25
98.53
98.59
98.74
98.74
97.72
97.92
98.61
98.18
98.44
97.53
98.58
97.98
98.44
98.57
97.97
98.40
98.32
98.34
98.37
98.26
98.55
98.35
98.43
98.60
98.34
96.68
98.08
98.53
98.42
98.50
98.51
98.50
98.16
98.58
98.34
97.85
98.08
98.57
98.44
97.70
98.61
98.35
98.37
98.18
98.30
98.70
98.53
97.92
98.17
98.59
98.53
97.92
97.95
98.38
98.53
98.04
98.74
97.99
96.24
98.59
98.59
98.47
98.40
98.56
98.63
98.53
98.28
98.24
98.22
98.28
98.58
98.63
98.56
98.54
98.43
98.29
97.97
97.75
98.13
98.20
98.59
98.47
98.38
98.02
98.39
98.13
98.03
98.28
98.51
98.47
98.56
97.78
98.28
98.52
96.85
98.25
98.61
98.51
98.67
98.30
98.32
98.34
98.45
98.24
97.22
98.77
98.49
97.83
98.12
98.43
98.15
98.37
98.40
98.10
98.22
98.43
98.02
98.44
98.57
98.57
98.33
98.50
98.44
98.47
98.43
97.13
98.07
98.42
98.36
98.59
97.87
97.67
98.59
98.63
98.29
98.49
98.42
98.18
97.81
98.58
98.14
98.56
98.45
98.48
98.21
98.43
98.14
98.35
98.46
98.38
98.41
98.27
98.44
98.34
98.60
98.52
98.67
98.29
98.13
98.51
97.95
98.13
98.44
98.37
98.41
98.22
98.49
98.32
98.29
98.65
98.76
98.36
98.49
98.60
98.48
98.62
98.70
98.33
98.60
98.42
97.95
98.51
98.40
98.46
98.65
98.11
97.60
97.37
98.31
98.53
98.25
98.51
97.84
98.39
98.08
98.15
98.70
98.28
97.74
98.09
98.27
98.46
98.40
98.11
98.10
96.82
98.36
98.26
98.14
98.45
98.57
98.18
98.50
97.93
97.59
98.20
98.34
98.08
98.45
97.78
98.29
98.27
98.61
98.36
98.42
98.28
98.38
98.41
98.05
98.60
98.54
98.57
98.41
98.60
98.34
98.41
98.53
98.35
98.30
98.01
98.64
98.51
98.42
97.85
98.32
98.23
97.93
98.53
98.24
98.22
98.51
98.45
98.49
96.84
98.03
98.63
98.47
98.45
97.73
98.45
98.47
97.61
98.01
98.45
98.00
98.56
98.43
98.20
98.14
98.09
98.49
98.46
98.43
98.52
98.72
97.64
98.29
98.41
98.41
98.62
98.49
98.20
98.27
98.61
98.43
98.63
98.45
98.48
98.42
98.45
98.07
97.97
98.64
98.42
98.12
98.46
98.48
98.12
98.46
98.54
98.19
97.71
98.41
98.50
98.62
98.47
97.69
97.59
98.49
98.65
97.71
98.46
98.37
98.30
98.43
98.33
98.46
98.68
98.56
98.39
98.70
98.32
98.51
98.49
98.63
98.33
98.63
98.12
98.13
98.54
98.25
98.49
98.26
98.71
97.62
97.96
98.59
97.64
98.22
98.12
98.33
98.50
98.53
98.09
97.88
97.12
98.44
98.45
98.21
98.61
98.62
98.63
98.41
98.49
98.52
98.43
97.94
98.41
97.97
98.56
98.62
98.15
98.43
98.41
98.57
98.46
98.23
98.37
97.23
98.37
97.54
97.89
97.78
98.48
97.90
98.54
98.56
98.19
98.14
98.45
98.55
98.42
98.51
97.86
98.53
98.64
98.56
98.54
98.61
98.19
98.39
98.38
98.26
97.99
98.66
98.65
97.88
98.58
97.28
97.46
98.43
98.61
98.39
98.57
98.43
98.01
97.33
97.79
98.59
97.91
98.25
98.65
98.56
98.44
98.11
98.47
98.56
97.40
97.74
98.65
98.49
98.24
98.39
98.39
97.79
97.91
98.25
98.48
97.87
98.45
97.82
98.29
98.20
98.59
98.52
98.09
98.48
98.58
98.38
98.47
98.16
98.58
97.50
98.27
98.51
98.11
98.67
98.46
98.64
97.39
98.72
98.40
98.74
98.48
97.94
98.40
98.53
98.31
96.44
97.89
97.98
98.39
98.59
98.42
98.51
98.39
98.19
98.06
98.48
98.51
98.01
98.48
98.45
98.31
98.52
98.68
98.54
97.67
98.29
98.52
98.69
98.17
98.34
98.54
97.69
98.62
98.65
97.68
98.61
98.38
98.30
98.66
98.29
98.05
98.64
98.37
98.54
98.47
98.56
98.23
98.43
98.29
98.59
98.41
98.42
98.17
98.28
98.33
98.67
98.23
98.37
98.32
98.50
98.40
98.49
97.73
98.30
98.55
98.61
98.35
98.23
98.61
98.06
98.56
98.30
98.44
98.67
98.59
97.63
98.34
98.52
96.13
98.33
98.31
98.51
98.43
98.46
98.38
97.74
98.09
98.38
98.14
97.91
98.05
98.04
97.98
98.51
97.60
98.14
98.52
98.39
97.87
98.17
98.04
98.70
98.14
98.68
98.33
98.52
98.59
98.51
98.01
98.36
98.30
98.47
98.47
97.78
98.62
98.45
98.15
98.25
98.34
97.88
98.14
98.39
98.56
97.98
98.48
98.47
97.63
98.25
98.28
98.40
98.44
98.29
98.35
98.67
98.28
98.15
98.38
98.66
98.48
98.66
98.41
98.63
98.33
98.46
97.60
98.14
98.44
98.36
98.01
98.15
97.81
98.30
98.15
98.45
98.37
98.47
98.50
98.08
98.24
98.16
98.56
98.51
98.37
98.29
98.33
98.47
97.87
97.41
98.54
98.43
98.44
98.33
98.27
98.04
98.07
98.65
98.35
98.24
98.30
98.62
98.19
98.15
97.97
98.12
98.41
98.49
98.52
97.83
98.43
98.28
98.39
98.06
97.69
98.54
98.03
98.14
98.22
98.66
97.80
98.27
98.44
98.03
98.47
98.44
98.27
97.93
97.79
98.30
98.12
97.71
98.78
98.44
98.11
98.15
98.47
97.36
98.49
97.18
98.18
98.56
98.10
98.25
98.48
97.98
98.77
98.56
98.49
98.49
98.45
98.00
98.68
98.32
98.33
98.33
98.28
98.16
98.54
98.47
98.56
98.45
98.34
98.53
97.80
98.05
98.53
98.61
98.55
98.16
98.34
98.45
98.40
98.26
98.33
97.97
98.37
97.21
98.55
98.31
98.46
98.35
98.09
98.48
98.54
98.27
98.12
98.21
98.34
98.52
98.32
98.04
98.53
98.49
98.38
98.42
98.14
98.46
97.90
97.55
98.16
98.54
98.20
98.37
97.97
98.07
97.93
98.22
98.18
98.45
98.17
97.92
98.25
98.53
98.41
98.70
98.58
98.52
98.30
98.38
98.66
98.37
97.54
98.33
98.11
98.39
98.31
98.52
98.61
98.47
97.80
98.59
97.83
98.34
98.22
