66.42
65.35
60.87
50.63
57.92
61.23
66.31
49.55
76.52
29.76
53.67
57.38
60.05
47.77
53.93
59.86
55.21
73.07
43.97
58.80
55.70
54.09
72.58
58.03
60.40
49.50
63.97
58.76
67.41
55.55
60.64
67.26
66.51
47.79
28.33
53.78
64.74
46.58
67.85
55.35
49.24
45.76
46.48
63.86
61.49
48.77
61.12
44.44
49.45
52.03
63.13
56.59
53.61
75.01
45.28
55.76
53.58
60.49
55.43
73.70
57.87
56.77
57.91
67.27
60.54
51.37
44.20
78.43
65.56
64.79
71.32
51.11
64.58
61.66
44.80
69.08
69.70
57.64
71.76
61.74
59.61
54.43
64.67
68.62
56.95
48.85
45.59
50.50
70.08
33.50
51.64
66.04
68.94
65.34
57.21
45.41
63.56
46.69
52.24
56.84
48.68
33.75
63.41
54.02
58.42
54.29
58.61
55.35
70.25
57.21
55.09
66.43
47.41
56.23
51.53
53.44
44.65
27.27
66.69
40.32
44.38
49.95
36.64
65.50
47.85
62.38
60.76
55.43
62.20
73.59
69.40
40.93
60.69
62.26
32.83
62.09
69.15
54.52
74.38
58.88
48.63
73.70
62.58
58.78
62.05
54.86
57.66
41.35
69.32
60.02
49.73
63.22
67.81
59.21
60.78
51.54
60.74
45.52
46.29
47.56
60.39
42.14
52.58
70.88
57.48
62.26
66.63
44.65
51.96
57.09
48.44
78.63
34.36
62.44
62.56
40.67
80.68
50.60
46.96
73.59
54.30
69.10
60.50
71.38
54.98
71.82
38.55
68.04
51.46
44.85
52.12
56.33
66.64
60.66
45.82
51.66
53.38
55.57
56.96
39.19
48.45
45.67
67.07
68.26
54.87
66.96
70.07
67.43
50.95
62.26
46.03
54.53
51.91
50.79
63.39
48.87
59.02
51.81
59.60
74.34
69.07
46.14
75.64
64.33
44.58
65.30
49.25
53.95
69.62
39.93
71.63
53.80
52.88
58.44
59.57
51.40
49.56
59.61
54.00
71.92
59.67
57.96
67.24
40.06
70.38
38.70
38.70
42.50
77.45
52.27
68.58
68.53
67.72
56.58
44.22
59.82
74.23
63.70
68.89
53.08
54.63
50.20
47.44
64.86
64.58
64.79
52.17
48.18
40.19
67.73
60.89
71.44
44.22
63.99
50.79
76.85
68.68
60.27
54.58
57.47
63.49
56.98
55.94
63.44
48.59
46.67
66.26
56.19
55.07
67.45
60.78
54.73
75.12
53.82
28.85
53.03
43.93
62.95
70.58
58.29
56.00
44.26
58.58
46.30
56.85
70.79
46.81
41.74
49.17
56.99
53.57
58.02
54.33
62.33
59.97
59.16
59.37
51.85
49.58
56.63
36.69
46.26
44.69
51.15
47.07
29.95
50.18
48.01
66.16
56.15
58.80
57.38
54.46
50.66
60.45
39.12
69.57
53.56
53.69
64.78
55.82
54.80
47.44
51.37
30.46
64.34
50.82
75.23
50.88
42.70
50.02
65.08
62.55
59.57
47.04
72.60
61.40
59.09
40.14
46.02
52.56
46.40
52.94
52.72
28.05
38.60
34.01
40.09
62.98
56.45
56.11
55.99
65.14
68.26
55.50
64.14
45.92
52.64
54.18
63.68
58.28
73.83
55.39
57.54
47.60
47.29
55.15
58.39
58.93
68.96
74.12
44.16
47.06
53.37
48.99
61.38
40.22
60.29
72.53
56.16
46.24
55.32
51.36
72.82
41.87
49.04
62.51
53.06
40.42
65.97
35.80
62.32
59.43
45.32
39.61
59.19
47.25
61.42
69.25
47.50
50.80
66.18
61.56
60.34
61.37
63.54
61.52
48.83
49.04
48.49
69.02
62.46
64.47
50.33
53.71
66.32
74.68
33.08
56.16
51.27
38.58
35.08
39.92
57.21
67.80
45.40
48.22
62.72
49.75
72.58
43.01
57.58
62.67
65.89
50.32
55.33
59.18
59.24
60.76
46.77
40.16
50.05
62.64
54.42
56.02
56.72
52.14
42.35
53.19
74.32
70.67
47.90
57.29
63.58
73.63
55.29
69.48
46.21
45.67
67.75
53.89
68.57
61.67
66.03
45.29
64.88
69.90
56.50
44.92
52.61
55.85
46.31
55.65
49.59
56.62
58.79
49.37
59.11
67.12
56.65
62.72
65.64
63.52
48.68
57.85
62.83
41.54
58.89
44.88
66.69
50.93
52.95
54.47
50.61
53.66
47.67
56.17
66.36
52.98
47.66
46.29
51.81
47.38
41.01
65.41
71.14
37.44
55.83
56.66
71.52
52.69
56.83
25.87
42.31
52.82
53.86
51.18
71.50
65.86
48.63
62.49
61.65
49.14
40.03
44.51
71.85
55.53
56.24
59.18
51.74
56.35
58.38
55.19
60.26
56.42
60.65
64.44
51.59
54.39
65.94
43.38
62.08
55.23
28.84
63.16
68.73
57.53
57.69
61.67
50.39
39.94
54.04
54.51
62.75
60.78
77.57
53.90
42.70
67.71
49.24
63.81
33.86
54.52
66.35
52.58
60.32
42.77
75.82
57.06
62.33
66.38
66.13
51.24
63.41
64.51
40.11
63.04
60.45
50.31
68.03
62.21
62.91
43.78
39.81
65.15
74.77
74.44
55.22
54.05
68.47
63.98
60.22
74.74
47.56
53.62
63.82
56.22
64.86
60.04
55.46
40.96
42.19
38.91
59.36
52.14
70.33
46.38
70.63
50.53
55.45
52.80
51.64
50.12
70.00
56.06
64.32
53.43
68.84
38.12
70.89
57.78
54.66
65.46
68.81
56.66
62.73
53.49
61.60
42.09
70.68
57.99
50.97
59.99
66.72
55.74
59.78
55.86
50.55
54.62
70.78
58.41
27.01
69.62
54.91
60.26
63.74
42.19
57.42
59.12
59.71
53.64
58.95
48.32
45.08
62.46
46.25
60.84
44.73
71.05
59.20
67.01
43.91
65.42
54.43
25.82
63.60
53.15
55.75
64.06
67.38
49.27
62.37
69.59
67.77
65.89
44.83
49.38
66.72
57.90
68.44
73.65
56.34
43.65
52.02
61.92
68.11
62.35
71.36
60.65
42.92
59.88
66.93
61.21
49.14
61.81
44.06
61.17
43.53
54.47
69.87
47.27
61.13
62.13
52.09
68.30
53.42
41.55
64.41
64.27
73.48
49.10
49.93
40.91
47.95
75.11
60.54
64.32
48.39
56.03
54.86
54.65
57.44
50.35
64.15
53.26
47.31
48.79
57.55
64.18
44.05
45.40
60.36
41.52
36.42
41.41
59.60
50.74
49.74
60.94
61.95
65.70
58.53
57.62
56.21
58.15
51.09
62.42
44.60
75.45
62.17
57.81
79.54
63.29
70.87
57.59
51.18
52.42
50.19
63.15
56.56
55.33
62.42
59.76
57.67
39.76
65.88
49.13
68.45
44.59
71.50
62.83
58.64
61.92
63.46
59.17
47.47
59.57
44.32
61.88
59.89
42.50
53.54
63.24
58.76
47.45
64.61
60.06
49.97
62.02
52.72
47.46
57.71
58.98
64.72
59.47
57.36
54.46
55.13
69.40
65.18
55.01
67.90
44.37
53.07
56.84
64.10
64.78
51.20
50.07
73.70
61.37
70.61
43.88
73.45
35.30
46.86
68.42
47.01
71.81
56.75
65.01
35.83
55.21
46.20
49.59
70.06
63.97
55.78
50.51
63.98
50.40
53.18
70.95
59.22
62.12
64.58
58.56
74.21
48.91
60.19
73.44
52.43
56.03
58.85
60.00
46.66
60.10
61.27
64.39
35.73
65.50
33.75
45.83
73.18
43.89
66.03
55.28
65.69
53.53
61.93
58.43
51.83
62.09
62.19
67.99
55.18
58.68
62.75
61.27
66.78
64.25
52.40
60.09
65.03
57.86
53.31
39.62
48.29
38.74
64.41
43.12
54.31
72.31
34.37
75.51
69.93
40.79
61.96
72.69
53.26
66.42
49.79
55.39
71.56
69.92
61.53
51.79
42.98
62.25
38.54
51.13
59.33
58.61
68.64
47.73
58.68
66.24
70.64
67.13
44.22
48.08
55.75
57.35
44.85
54.37
71.35
56.26
51.65
63.83
69.27
48.91
64.07
56.62
25.66
48.25
61.76
66.07
56.69
54.41
32.51
63.75
48.76
60.03
48.41
59.43
65.14
39.57
64.51
48.19
51.78
62.05
54.09
69.96
67.56
60.66
64.95
49.12
63.31
60.80
52.53
63.62
64.73
49.47
47.86
55.59
39.18
45.97
69.23
75.53
78.39
62.69
59.18
40.62
33.72
65.03
72.30
55.28
52.29
67.76
52.58
45.18
59.99
73.13
66.18
65.94
50.13
67.04
46.43
42.16
52.65
