64.00
29.23
78.73
74.73
76.32
55.99
78.39
44.55
64.29
77.99
45.26
69.89
63.39
69.90
71.85
82.56
72.78
78.53
78.97
63.86
72.01
72.81
85.39
81.05
72.95
65.82
75.37
71.68
79.19
69.64
71.95
73.89
74.62
83.15
74.29
46.14
71.94
69.40
84.13
74.05
74.31
73.49
68.61
81.82
78.71
62.98
80.40
84.32
68.51
66.53
35.03
87.21
62.51
66.03
76.38
77.50
77.96
89.82
79.93
84.52
66.33
83.32
76.99
78.70
62.93
69.60
81.01
73.27
55.73
76.24
69.16
85.50
62.90
70.87
73.19
77.54
57.85
63.94
80.18
82.73
84.29
78.59
82.74
84.97
72.89
78.76
84.46
90.71
73.13
73.51
81.53
76.37
85.51
50.74
20.20
69.78
72.73
71.35
47.63
67.68
70.75
81.39
61.83
82.73
74.44
72.94
77.24
69.38
75.96
70.47
78.37
84.68
84.41
65.40
77.89
85.78
90.11
77.26
81.46
75.54
79.26
81.92
85.53
71.23
86.85
44.19
69.15
76.86
67.44
78.05
77.11
79.87
69.51
63.30
84.34
72.16
75.85
76.58
74.99
72.13
76.77
74.99
84.89
64.36
80.52
72.46
41.70
60.74
90.40
80.99
73.03
62.66
78.96
79.73
81.96
77.97
74.16
56.72
56.26
73.65
78.71
70.07
80.02
67.16
64.88
71.63
88.25
86.61
62.02
83.02
65.86
88.47
76.34
73.33
79.77
71.13
39.19
57.12
81.64
84.74
79.98
70.50
60.70
50.30
77.52
49.79
73.53
86.68
77.57
63.77
78.34
74.47
82.02
87.19
67.02
52.26
84.34
81.26
79.78
84.94
79.86
59.18
68.71
69.29
81.45
78.60
81.67
79.06
80.69
75.99
75.29
83.10
79.06
85.79
49.30
77.88
76.13
73.41
63.41
71.29
80.64
77.11
76.33
66.03
62.53
85.97
76.66
73.37
69.71
79.93
70.41
74.58
75.98
79.27
69.39
77.85
80.13
73.45
34.74
78.81
73.11
83.93
77.62
62.90
66.54
75.11
83.63
80.29
71.27
71.53
80.81
80.32
82.43
83.50
25.63
84.10
74.22
66.68
64.62
80.83
69.37
76.33
83.22
48.40
61.56
68.05
64.45
82.47
54.55
75.07
71.27
74.74
74.02
80.19
82.21
65.62
86.31
70.94
65.83
81.42
78.07
75.47
56.44
69.50
74.92
65.14
73.65
85.59
28.44
72.45
69.41
64.39
84.42
79.75
82.48
78.14
72.29
80.11
74.63
37.39
77.57
81.73
74.16
72.25
70.33
73.49
75.71
71.49
82.89
71.37
85.66
90.11
69.82
80.82
79.48
80.17
73.47
70.76
59.01
75.06
70.09
78.33
66.65
86.04
65.89
80.14
61.83
83.10
83.79
76.96
67.43
59.51
77.14
83.01
87.52
82.56
67.60
76.02
80.71
68.66
72.10
84.55
87.02
69.58
79.27
61.45
69.69
71.32
68.52
61.61
64.06
53.11
65.50
78.36
77.81
78.31
70.67
79.46
85.37
71.48
79.46
76.43
76.86
70.52
73.46
76.40
41.96
82.59
71.35
86.71
75.21
76.76
70.90
67.59
34.92
79.70
76.50
66.58
68.82
76.96
70.02
63.79
80.26
77.29
50.59
76.69
66.68
87.49
81.64
69.25
75.04
67.25
49.63
69.29
64.53
84.67
24.97
84.24
84.97
58.04
70.26
73.59
65.05
85.25
66.65
80.71
68.36
67.36
67.44
76.72
71.52
73.92
89.86
53.49
68.62
71.35
78.52
79.28
77.51
39.65
59.01
63.26
79.55
79.59
54.19
63.27
85.15
72.01
48.55
67.66
82.18
67.74
78.50
72.77
73.91
78.74
80.11
72.86
79.66
77.20
76.70
52.76
78.69
82.02
66.93
85.84
73.89
79.39
77.86
64.48
68.02
82.30
77.45
69.97
75.10
74.24
46.85
73.10
80.06
82.81
81.77
67.10
75.47
64.45
79.12
80.41
76.34
87.86
71.15
58.14
74.84
74.38
63.68
73.87
65.95
63.82
82.87
85.54
44.49
76.10
64.12
71.30
77.72
84.61
75.70
75.77
40.93
82.78
69.67
65.14
71.61
80.28
64.37
60.87
81.61
84.82
76.36
67.66
61.47
64.98
69.64
70.99
68.36
76.67
71.72
61.42
68.46
79.78
56.02
87.91
78.55
41.86
80.98
81.11
69.57
64.63
79.14
77.35
32.21
80.60
75.33
63.44
75.99
80.73
70.33
73.98
75.65
84.43
82.37
78.80
51.96
68.85
78.26
68.93
66.57
78.85
72.62
75.80
66.50
89.77
81.48
78.03
74.10
65.25
71.54
67.35
57.23
54.29
79.80
80.18
77.38
78.56
69.48
18.17
70.06
78.24
81.67
84.11
72.30
78.97
68.20
41.96
85.28
66.21
64.77
63.62
89.58
58.15
79.10
80.93
79.89
84.95
80.93
62.47
78.95
81.54
84.20
72.04
81.27
58.57
77.92
80.22
79.49
63.87
77.38
87.77
74.97
71.26
48.10
81.83
69.42
82.67
78.33
42.23
83.18
67.82
55.86
26.22
80.22
78.84
66.71
73.05
74.27
83.54
81.18
78.81
39.81
75.94
53.77
57.18
77.62
80.80
74.32
76.38
87.08
89.38
68.69
79.62
73.25
77.63
74.57
79.34
75.61
66.28
67.90
84.90
77.95
61.90
85.91
76.91
73.93
76.14
81.06
79.20
71.55
74.36
83.66
75.47
86.81
78.79
53.76
62.91
78.68
75.92
62.01
56.08
48.02
86.06
83.61
72.76
71.31
74.53
88.71
80.73
73.16
62.92
83.08
41.02
71.85
81.78
65.96
77.54
77.44
74.91
74.99
46.48
83.36
60.27
51.94
61.60
73.42
69.15
53.59
79.17
83.39
70.50
67.74
73.12
69.27
80.50
71.83
74.20
73.41
82.42
80.68
75.15
82.41
80.67
67.45
29.58
66.27
69.71
59.79
65.85
66.97
77.20
78.84
59.06
85.03
77.94
37.20
79.88
72.92
79.74
55.97
82.57
83.25
56.90
89.35
80.81
70.88
68.70
73.61
76.87
67.21
69.10
72.16
84.63
56.44
79.12
66.14
75.67
74.09
73.96
41.30
79.31
69.42
73.56
54.68
78.11
75.71
82.47
64.62
70.82
83.47
68.12
84.74
69.95
72.59
61.59
57.43
54.75
65.32
73.12
80.54
73.42
79.19
58.91
74.85
78.81
65.40
76.58
51.35
60.27
55.57
64.49
74.45
71.07
78.46
45.34
79.20
77.90
74.92
78.87
80.21
35.71
78.32
59.01
72.00
48.71
87.75
79.52
66.93
34.19
70.64
64.96
77.53
78.00
77.28
75.57
68.71
70.54
71.83
82.22
79.32
70.42
70.50
78.19
84.09
77.02
72.11
71.89
75.43
70.84
68.06
71.21
76.93
67.90
72.36
72.75
71.17
61.15
82.45
81.85
62.19
80.94
77.48
75.56
85.83
70.75
78.91
83.84
79.08
63.65
67.87
78.69
71.33
69.56
64.61
74.77
46.03
84.90
74.47
78.46
61.92
69.11
64.36
83.65
70.69
74.87
49.96
56.54
67.55
83.96
63.50
60.37
79.34
83.45
68.96
51.86
79.66
80.46
74.60
83.64
60.86
79.55
77.54
81.22
53.90
46.39
76.24
79.73
75.06
81.79
83.93
85.42
67.63
81.16
85.83
75.08
78.36
73.99
80.74
76.43
74.94
75.40
69.30
86.16
54.98
83.27
82.99
68.62
76.94
69.86
67.01
69.55
74.71
82.20
78.92
77.72
80.90
76.35
80.10
68.15
80.21
78.98
73.04
67.46
79.06
78.99
72.64
64.64
84.63
44.37
46.77
63.28
76.84
48.05
69.02
72.78
84.10
77.23
71.58
49.60
81.29
76.41
27.34
69.18
81.37
68.88
81.05
76.00
78.66
49.81
74.10
80.60
40.06
61.86
82.56
78.08
77.11
29.79
61.43
70.51
70.15
85.44
72.33
52.58
76.21
72.80
80.10
55.38
72.32
75.99
86.88
58.07
73.56
64.19
56.17
60.73
25.10
71.11
81.06
72.48
71.57
63.79
85.79
74.30
74.89
31.67
82.83
70.54
69.75
81.61
79.18
69.60
45.77
82.28
76.86
85.08
56.49
72.33
72.26
73.97
81.65
79.73
79.47
76.42
66.54
82.22
40.26
71.44
67.66
72.51
79.55
79.56
69.53
86.14
87.52
59.08
79.69
80.89
75.79
75.06
76.55
65.03
74.42
74.90
36.61
86.04
83.41
69.70
67.66
86.66
87.31
66.61
59.53
68.17
74.40
78.70
