96.46
95.50
96.87
94.84
97.04
96.84
96.48
96.44
95.91
94.97
94.44
91.64
91.50
95.54
91.35
97.35
96.43
96.81
88.04
96.50
95.95
91.76
95.66
97.11
96.82
93.83
92.68
94.33
97.54
92.57
96.35
96.48
94.79
97.12
95.56
96.48
96.01
97.27
97.28
90.30
94.35
96.57
91.49
97.12
96.90
86.82
97.51
95.49
91.28
97.92
95.78
92.98
93.06
96.41
96.63
93.80
96.31
96.40
97.36
96.28
96.45
88.37
97.65
93.01
93.66
95.17
95.28
96.43
96.25
95.84
96.92
97.57
97.60
91.99
97.18
92.60
95.61
97.66
97.10
96.05
97.41
96.59
96.30
96.96
96.59
93.97
96.60
92.44
97.39
97.74
96.40
96.92
97.26
94.55
94.47
88.89
97.20
97.03
93.45
96.00
73.69
95.33
97.41
95.08
96.70
96.66
97.34
95.24
97.62
96.28
95.76
90.91
93.16
94.95
96.55
96.68
95.92
97.25
97.70
97.49
95.96
97.22
96.34
97.50
94.72
96.46
60.48
94.65
90.77
97.44
88.47
96.91
95.08
94.79
96.68
95.66
97.62
92.74
95.56
94.69
93.13
97.32
96.98
96.18
96.58
95.91
94.51
96.64
97.87
97.23
95.23
97.53
96.81
96.25
97.47
92.57
95.25
97.04
93.50
97.58
96.66
95.82
97.48
95.93
97.43
93.19
96.69
97.95
92.68
96.63
97.19
95.62
94.73
95.98
96.52
96.85
97.91
85.93
96.94
96.90
96.74
96.57
93.46
96.93
96.96
95.64
96.34
97.29
96.18
96.26
96.54
93.09
91.04
93.74
94.67
90.87
97.73
96.61
95.11
95.13
97.25
94.74
94.52
95.28
97.90
97.34
97.24
95.92
97.66
96.46
94.54
92.68
94.31
95.82
97.65
96.07
96.83
96.40
94.35
97.36
97.75
90.63
96.25
95.87
96.04
97.06
91.16
96.48
96.25
94.08
93.24
52.07
93.55
96.21
97.55
93.09
87.12
96.48
97.76
96.31
94.07
97.03
97.06
96.35
94.78
96.88
95.36
96.19
96.42
96.29
96.01
95.15
92.85
97.03
95.46
96.86
94.30
94.65
95.66
97.07
93.56
91.51
94.48
95.42
96.28
96.45
96.76
92.19
95.68
96.66
96.65
93.87
94.71
96.96
94.34
95.80
90.74
96.44
95.86
97.47
97.26
92.64
85.16
96.26
97.42
95.64
96.00
97.42
97.40
89.20
97.54
90.18
95.37
97.04
95.29
95.46
96.22
96.92
97.67
97.02
76.30
96.48
97.36
96.98
95.66
82.02
93.67
96.15
97.56
96.08
97.04
97.23
96.84
93.30
93.50
70.85
97.75
94.02
81.76
97.15
96.08
94.96
89.00
97.90
97.05
91.85
97.41
94.94
95.59
90.35
95.40
87.34
96.87
95.30
95.57
89.71
96.37
97.52
95.49
91.55
96.41
96.63
96.71
94.49
97.52
92.30
96.60
97.44
96.87
96.49
90.15
96.33
97.17
97.39
97.22
96.29
97.11
94.62
97.40
93.82
91.65
95.73
97.34
96.09
96.50
91.64
96.02
96.98
93.71
96.52
96.91
93.70
89.07
95.78
88.72
97.51
95.97
97.22
97.12
96.27
95.67
97.71
95.70
94.59
97.10
96.65
97.84
96.37
96.60
92.59
97.00
95.44
95.36
97.48
97.40
97.29
94.35
94.60
96.94
95.17
96.21
94.80
96.82
91.36
96.40
88.81
94.51
95.61
97.60
96.21
96.35
97.87
97.38
96.21
96.66
96.81
95.18
96.31
74.95
76.80
96.37
95.55
96.38
97.21
66.15
97.22
92.39
97.26
95.95
96.27
95.55
93.52
96.00
88.93
97.72
95.31
97.75
95.98
94.76
96.54
86.77
93.09
95.45
97.01
97.39
94.90
95.74
95.70
85.62
95.31
96.85
95.73
88.25
97.26
97.46
96.96
97.20
97.16
97.14
97.20
94.03
88.11
97.75
97.39
96.28
97.56
97.56
95.08
97.36
75.19
96.92
96.25
96.86
96.01
91.60
93.03
97.16
96.44
93.44
96.39
95.64
96.17
96.46
97.67
94.55
97.80
96.09
97.56
91.02
95.50
97.00
92.59
97.04
97.32
95.95
97.16
95.73
98.13
95.83
93.73
97.08
90.35
97.54
96.99
96.64
96.99
96.69
96.63
96.34
95.56
96.10
97.91
94.50
90.61
96.05
96.55
97.58
97.20
90.27
96.00
97.36
97.42
95.17
95.66
96.52
95.76
97.24
95.67
94.89
95.22
97.21
86.64
96.07
96.31
97.69
85.72
96.29
92.59
95.33
96.43
96.04
95.08
97.05
94.95
97.69
93.64
95.53
97.84
95.86
95.23
90.58
93.29
97.46
96.44
96.17
96.39
94.94
96.28
96.88
95.01
96.93
96.88
97.52
67.30
95.82
96.98
95.13
95.86
93.10
86.78
97.77
96.72
91.54
92.18
95.11
97.52
91.88
94.32
95.70
97.74
96.96
97.67
95.75
91.25
91.44
95.36
96.21
85.56
96.01
96.53
79.55
94.31
96.10
89.03
97.28
95.86
96.57
93.49
93.49
93.75
93.17
96.50
92.56
94.45
96.55
95.45
92.62
88.44
94.82
95.99
96.76
96.64
93.59
94.38
94.85
95.94
93.82
95.50
97.29
96.51
97.02
96.55
97.38
93.95
82.01
92.46
96.13
94.67
96.71
91.12
90.29
97.94
97.18
96.18
96.66
97.23
91.71
97.89
94.17
97.49
96.02
96.75
94.37
97.62
96.26
95.52
94.43
87.66
96.78
95.94
96.90
91.03
96.33
94.76
94.34
94.35
97.63
95.71
94.95
96.39
93.18
92.32
93.83
96.64
94.99
96.40
93.45
95.02
92.34
96.03
95.69
94.33
96.44
95.40
96.10
94.65
97.61
95.04
94.40
95.98
96.99
97.21
95.18
95.25
96.09
97.09
96.93
96.70
96.59
92.15
96.09
96.39
97.15
96.20
81.16
97.95
94.18
96.91
95.07
97.65
97.51
94.18
97.02
93.55
95.28
96.21
86.01
96.28
97.19
95.76
91.87
93.92
94.37
95.82
79.99
90.70
96.94
97.07
96.05
95.46
96.97
97.54
97.43
96.85
96.71
91.32
95.18
95.81
95.12
96.77
94.97
95.93
97.49
95.25
95.59
97.38
95.30
97.15
97.13
97.54
92.16
97.16
95.88
93.82
97.72
96.59
96.43
95.02
85.19
92.09
96.82
87.44
96.47
95.76
96.89
96.48
95.23
97.68
78.86
93.80
94.66
96.30
96.31
96.18
92.97
97.39
89.21
97.30
97.35
96.51
92.81
96.76
97.44
93.03
97.64
95.69
95.25
79.95
92.24
94.74
92.01
95.76
95.59
93.87
90.98
96.55
96.24
96.33
93.48
96.94
95.95
97.52
96.80
96.82
96.81
95.32
95.35
93.56
93.90
95.98
96.43
96.97
97.44
93.95
97.60
91.34
96.37
95.54
91.60
96.48
95.87
97.76
97.18
97.05
96.62
96.69
96.53
96.02
92.33
97.18
96.38
94.20
96.62
97.35
94.34
97.79
93.11
97.18
96.33
97.09
96.12
95.64
96.26
87.78
91.84
96.99
94.75
97.52
96.82
97.93
96.11
86.56
91.33
97.49
91.79
95.27
96.11
96.84
98.01
93.59
96.36
95.85
95.83
96.78
96.84
73.42
97.35
89.20
95.52
89.05
93.68
97.46
97.52
94.47
94.85
93.91
91.20
96.13
97.53
95.56
97.51
96.95
97.16
97.36
94.05
95.32
96.72
96.58
97.92
96.66
93.86
93.08
96.61
96.80
95.56
95.65
96.76
94.78
94.68
93.25
89.80
97.78
96.60
96.45
94.54
96.46
95.40
96.13
97.36
95.80
97.41
91.94
96.68
91.25
96.91
93.98
95.50
96.97
97.06
95.09
97.05
96.43
97.87
97.74
96.52
97.39
95.70
97.14
93.57
96.30
87.64
87.16
96.07
97.08
95.24
96.07
95.81
97.13
94.31
95.91
94.75
94.58
95.40
95.68
97.35
96.59
97.61
96.18
90.99
96.68
94.51
97.10
84.20
86.47
91.71
95.51
95.22
96.83
95.29
91.13
95.24
97.81
96.98
97.59
90.15
96.80
94.03
94.57
84.13
96.52
97.58
95.85
92.15
80.63
97.33
93.82
86.10
95.23
96.19
96.75
95.05
96.15
93.18
93.55
95.09
97.94
94.75
97.93
96.76
97.05
94.83
95.29
94.60
93.10
93.21
96.84
97.16
96.55
97.41
96.67
96.94
94.46
96.50
96.46
93.92
96.89
96.56
89.50
95.37
97.24
