43.45
43.45
43.45
43.45
43.45
43.45
43.45
43.45
43.44
43.44
43.45
43.45
43.44
43.44
43.44
43.44
43.44
43.44
43.44
43.44
43.43
43.43
43.43
43.44
43.43
43.43
43.43
43.43
43.42
43.42
43.41
43.41
43.41
43.41
43.41
43.41
43.41
43.41
43.42
43.42
43.41
43.41
43.41
43.41
43.40
43.40
43.40
43.40
43.41
43.41
43.40
43.40
43.40
43.40
43.40
43.40
43.40
43.40
43.41
43.41
43.41
43.42
43.41
43.41
43.41
43.41
43.40
43.40
43.40
43.40
43.40
43.39
43.39
43.39
43.38
43.38
43.38
43.39
43.39
43.38
43.39
43.39
43.39
43.39
43.39
43.39
43.39
43.39
43.39
43.39
43.39
43.39
43.38
43.39
43.38
43.38
43.38
43.39
43.39
43.39
43.39
43.39
43.39
43.39
43.38
43.38
43.38
43.38
43.38
43.37
43.37
43.37
43.37
43.37
43.37
43.37
43.36
43.36
43.36
43.36
43.36
43.35
43.35
43.34
43.34
43.34
43.34
43.34
43.34
43.34
43.34
43.34
43.34
43.34
43.34
43.34
43.33
43.33
43.33
43.34
43.34
43.34
43.34
43.33
43.33
43.33
43.33
43.33
43.33
43.33
43.33
43.32
43.33
43.33
43.33
43.33
43.33
43.33
43.33
43.33
43.34
43.34
43.34
43.35
43.34
43.34
43.34
43.34
43.34
43.33
43.34
43.34
43.34
43.34
43.34
43.34
43.34
43.33
43.33
43.33
43.33
43.33
43.33
43.32
43.32
43.32
43.32
43.31
43.31
43.32
43.32
43.32
43.32
43.32
43.32
43.32
43.31
43.31
43.31
43.31
43.31
43.31
43.31
43.31
43.31
43.31
43.31
43.31
43.32
43.31
43.31
43.32
43.31
43.31
43.32
43.32
43.31
43.31
43.31
43.31
43.31
43.31
43.31
43.31
43.32
43.31
43.31
43.31
43.31
43.31
43.31
43.31
43.30
43.31
43.30
43.30
43.30
43.30
43.31
43.31
43.30
43.30
43.31
43.31
43.30
43.30
43.30
43.30
43.30
43.30
43.30
43.30
43.30
43.30
43.31
43.31
43.31
43.31
43.31
43.30
43.30
43.30
43.30
43.31
43.31
43.30
43.30
43.30
43.30
43.31
43.31
43.31
43.31
43.31
43.31
43.31
43.31
43.30
43.30
43.30
43.30
43.30
43.29
43.29
43.30
43.30
43.30
43.30
43.30
43.30
43.30
43.30
43.30
43.30
43.30
43.30
43.30
43.30
43.30
43.30
43.30
43.29
43.29
43.29
43.30
43.30
43.30
43.30
43.30
43.30
43.30
43.30
43.30
43.30
43.30
43.30
43.30
43.29
43.29
43.29
43.30
43.30
43.30
43.30
43.30
43.31
43.31
43.31
43.31
43.31
43.31
43.31
43.30
43.30
43.30
43.30
43.31
43.31
43.31
43.31
43.32
43.32
43.32
43.32
43.31
43.31
43.31
43.31
43.31
43.31
43.31
43.31
43.31
43.31
43.31
43.31
43.31
43.31
43.31
43.30
43.30
43.30
43.30
43.29
43.30
43.30
43.30
43.30
43.30
43.30
43.30
43.30
43.30
43.30
43.30
43.30
43.29
43.29
43.29
43.29
43.29
43.29
43.29
43.29
43.29
43.28
43.29
43.29
43.28
43.29
43.28
43.28
43.28
43.29
43.28
43.28
43.28
43.28
43.28
43.28
43.28
43.27
43.27
43.27
43.27
43.28
43.27
43.27
43.27
43.27
43.27
43.27
43.27
43.27
43.27
43.27
43.27
43.27
43.27
43.27
43.27
43.27
43.26
43.26
43.26
43.26
43.27
43.27
43.27
43.27
43.26
43.26
43.26
43.26
43.25
43.25
43.25
43.26
43.25
43.25
43.25
43.25
43.25
43.25
43.25
43.25
43.25
43.25
43.24
43.25
43.25
43.25
43.25
43.24
43.24
43.24
43.24
43.24
43.24
43.24
43.24
43.24
43.24
43.24
43.23
43.23
43.23
43.23
43.24
43.24
43.24
43.24
43.23
43.23
43.23
43.23
43.23
43.22
43.22
43.22
43.22
43.22
43.21
43.21
43.21
43.20
43.20
43.20
43.20
43.20
43.20
43.20
43.20
43.20
43.19
43.19
43.18
43.18
43.18
43.18
43.18
43.18
43.18
43.18
43.18
43.18
43.18
43.18
43.18
43.17
43.17
43.17
43.17
43.16
43.16
43.16
43.16
43.15
43.15
43.15
43.15
43.15
43.15
43.15
43.16
43.16
43.16
43.16
43.16
43.16
43.16
43.16
43.16
43.16
43.16
43.15
43.15
43.14
43.14
43.14
43.15
43.14
43.14
43.13
43.13
43.14
43.14
43.14
43.14
43.14
43.13
43.13
43.13
43.13
43.13
43.13
43.13
43.13
43.13
43.13
43.13
43.13
43.13
43.13
43.13
43.14
43.14
43.14
43.14
43.14
43.13
43.14
43.13
43.13
43.13
43.13
43.13
43.14
43.14
43.13
43.14
43.14
43.13
43.13
43.13
43.13
43.12
43.12
43.12
43.12
43.12
43.12
43.12
43.12
43.12
43.12
43.12
43.11
43.12
43.11
43.11
43.11
43.11
43.11
43.11
43.11
43.10
43.10
43.10
43.10
43.10
43.10
43.10
43.10
43.10
43.10
43.10
43.10
43.10
43.10
43.09
43.10
43.10
43.10
43.10
43.10
43.10
43.10
43.10
43.10
43.11
43.11
43.11
43.10
43.10
43.10
43.10
43.10
43.10
43.10
43.09
43.09
43.09
43.09
43.09
43.09
43.09
43.09
43.09
43.09
43.09
43.09
43.09
43.10
43.10
43.10
43.10
43.10
43.11
43.11
43.11
43.11
43.11
43.11
43.11
43.11
43.11
43.10
43.10
43.10
43.11
43.11
43.12
43.12
43.13
43.13
43.13
43.13
43.12
43.13
43.12
43.13
43.12
43.12
43.12
43.12
43.12
43.12
43.12
43.12
43.12
43.11
43.11
43.12
43.12
43.12
43.11
43.11
43.11
43.12
43.12
43.11
43.12
43.12
43.12
43.11
43.12
43.11
43.11
43.11
43.11
43.11
43.11
43.11
43.11
43.11
43.11
43.11
43.11
43.11
43.11
43.11
43.11
43.11
43.10
43.11
43.11
43.11
43.11
43.11
43.11
43.11
43.11
43.11
43.11
43.11
43.11
43.11
43.11
43.11
43.11
43.11
43.11
43.11
43.11
43.10
43.10
43.10
43.10
43.10
43.10
43.10
43.11
43.10
43.10
43.10
43.10
43.10
43.10
43.10
43.10
43.09
43.09
43.09
43.09
43.09
43.09
43.09
43.09
43.09
43.09
43.09
43.10
43.10
43.10
43.10
43.10
43.10
43.10
43.10
43.10
43.10
43.09
43.09
43.09
43.09
43.09
43.09
43.09
43.09
43.09
43.09
43.09
43.09
43.09
43.09
43.09
43.10
43.10
43.10
43.10
43.10
43.10
43.09
43.09
43.09
43.09
43.09
43.09
43.09
43.09
43.09
43.09
43.09
43.09
43.09
43.09
43.09
43.09
43.09
43.08
43.08
43.08
43.08
43.08
43.07
43.08
43.08
43.08
43.08
43.08
43.07
43.07
43.07
43.07
43.07
43.07
43.07
43.07
43.07
43.07
43.07
43.07
43.07
43.07
43.07
43.07
43.06
43.06
43.07
43.07
43.06
43.06
43.06
43.06
43.05
43.06
43.06
43.06
43.06
43.06
43.06
43.06
43.06
43.06
43.06
43.06
43.06
43.06
43.06
43.06
43.06
43.06
43.06
43.05
43.05
43.06
43.06
43.06
43.06
43.06
43.06
43.05
43.06
43.06
43.05
43.06
43.05
43.05
43.06
43.06
43.05
43.06
43.06
43.05
43.05
43.06
43.06
43.06
43.05
43.06
43.05
43.05
43.05
43.04
43.04
43.04
43.04
43.05
43.05
43.05
43.05
43.05
43.05
43.04
43.05
43.05
43.05
43.05
43.05
43.05
43.05
43.05
43.05
43.05
43.05
43.05
43.04
43.04
43.04
43.04
43.04
43.04
43.04
43.04
43.04
43.04
43.05
43.05
43.05
43.05
43.05
43.05
43.06
43.06
43.06
43.06
43.06
43.07
43.07
43.07
43.07
43.07
43.07
43.07
43.07
43.07
43.07
43.08
43.08
43.07
43.07
43.07
43.07
43.07
43.07
43.07
43.07
43.07
43.07
43.07
43.07
43.07
43.07
43.07
43.07
43.07
43.07
43.07
43.08
43.07
43.07
43.07
43.07
43.07
43.07
43.07
43.07
43.06
43.06
43.07
43.06
43.06
43.06
43.06
43.06
43.06
43.06
43.05
43.06
