37.04
37.04
37.04
37.04
37.04
37.04
37.04
37.04
37.04
37.05
37.05
37.04
37.04
37.04
37.04
37.04
37.04
37.04
37.04
37.04
37.04
37.04
37.05
37.05
37.05
37.04
37.05
37.05
37.05
37.05
37.05
37.05
37.05
37.05
37.05
37.05
37.05
37.06
37.05
37.06
37.06
37.06
37.06
37.06
37.06
37.06
37.06
37.06
37.06
37.06
37.06
37.06
37.06
37.06
37.06
37.06
37.06
37.05
37.06
37.05
37.06
37.06
37.06
37.06
37.06
37.06
37.06
37.06
37.06
37.06
37.06
37.06
37.06
37.06
37.06
37.06
37.06
37.06
37.06
37.06
37.06
37.06
37.06
37.07
37.07
37.07
37.07
37.07
37.06
37.07
37.07
37.07
37.07
37.07
37.07
37.07
37.07
37.07
37.07
37.07
37.06
37.06
37.06
37.07
37.06
37.07
37.07
37.07
37.07
37.07
37.07
37.07
37.07
37.07
37.07
37.07
37.06
37.06
37.06
37.07
37.06
37.06
37.06
37.06
37.06
37.06
37.06
37.06
37.06
37.07
37.07
37.07
37.06
37.07
37.07
37.06
37.06
37.06
37.07
37.07
37.07
37.07
37.07
37.07
37.07
37.07
37.07
37.07
37.07
37.07
37.07
37.06
37.07
37.07
37.07
37.07
37.07
37.07
37.07
37.07
37.07
37.07
37.08
37.08
37.08
37.08
37.08
37.07
37.07
37.07
37.07
37.07
37.08
37.07
37.07
37.07
37.07
37.07
37.07
37.07
37.07
37.08
37.07
37.07
37.08
37.07
37.08
37.07
37.08
37.08
37.08
37.08
37.08
37.08
37.08
37.08
37.08
37.08
37.08
37.08
37.08
37.08
37.08
37.09
37.09
37.09
37.09
37.09
37.09
37.09
37.08
37.08
37.08
37.08
37.09
37.09
37.09
37.09
37.09
37.09
37.09
37.09
37.09
37.09
37.09
37.09
37.09
37.09
37.09
37.09
37.09
37.09
37.09
37.09
37.09
37.09
37.09
37.09
37.08
37.08
37.09
37.09
37.09
37.08
37.08
37.08
37.08
37.08
37.08
37.08
37.09
37.09
37.09
37.09
37.09
37.09
37.09
37.09
37.09
37.09
37.09
37.09
37.09
37.09
37.10
37.10
37.09
37.09
37.09
37.09
37.10
37.10
37.10
37.10
37.10
37.09
37.09
37.10
37.10
37.10
37.10
37.11
37.10
37.11
37.11
37.11
37.11
37.11
37.11
37.11
37.11
37.12
37.11
37.12
37.12
37.12
37.12
37.12
37.12
37.13
37.13
37.13
37.13
37.13
37.13
37.13
37.13
37.13
37.13
37.13
37.13
37.13
37.13
37.13
37.12
37.13
37.13
37.12
37.13
37.13
37.13
37.13
37.13
37.13
37.13
37.13
37.13
37.13
37.13
37.13
37.13
37.13
37.13
37.13
37.13
37.14
37.14
37.14
37.14
37.14
37.14
37.14
37.13
37.14
37.14
37.14
37.14
37.14
37.14
37.14
37.14
37.14
37.14
37.14
37.14
37.14
37.14
37.15
37.15
37.15
37.15
37.15
37.15
37.15
37.15
37.16
37.16
37.16
37.16
37.16
37.16
37.16
37.16
37.16
37.16
37.16
37.16
37.16
37.16
37.16
37.16
37.16
37.16
37.16
37.16
37.16
37.16
37.16
37.16
37.16
37.16
37.16
37.16
37.16
37.16
37.16
37.16
37.16
37.17
37.17
37.17
37.17
37.17
37.17
37.17
37.17
37.17
37.17
37.17
37.17
37.17
37.17
37.17
37.17
37.17
37.18
37.18
37.18
37.18
37.18
37.18
37.18
37.18
37.19
37.19
37.18
37.18
37.18
37.18
37.18
37.18
37.18
37.18
37.18
37.18
37.18
37.18
37.18
37.18
37.18
37.18
37.18
37.18
37.18
37.18
37.18
37.18
37.19
37.19
37.19
37.19
37.19
37.19
37.19
37.19
37.19
37.19
37.19
37.19
37.19
37.19
37.19
37.18
37.18
37.18
37.19
37.19
37.19
37.19
37.19
37.19
37.19
37.19
37.19
37.19
37.19
37.19
37.19
37.19
37.19
37.19
37.19
37.19
37.19
37.19
37.19
37.19
37.19
37.19
37.18
37.18
37.19
37.19
37.19
37.19
37.18
37.19
37.19
37.19
37.19
37.19
37.19
37.19
37.19
37.19
37.19
37.19
37.19
37.19
37.19
37.18
37.18
37.18
37.18
37.19
37.19
37.19
37.19
37.19
37.19
37.19
37.19
37.19
37.19
37.19
37.19
37.19
37.19
37.19
37.19
37.19
37.19
37.19
37.19
37.19
37.20
37.20
37.20
37.20
37.19
37.20
37.19
37.19
37.19
37.19
37.19
37.20
37.19
37.20
37.20
37.21
37.21
37.21
37.21
37.21
37.21
37.21
37.21
37.21
37.21
37.21
37.22
37.21
37.21
37.22
37.22
37.22
37.22
37.22
37.22
37.22
37.22
37.22
37.22
37.22
37.22
37.22
37.22
37.22
37.22
37.22
37.22
37.22
37.22
37.22
37.22
37.22
37.22
37.22
37.22
37.22
37.21
37.21
37.22
37.22
37.22
37.22
37.22
37.22
37.22
37.22
37.22
37.22
37.22
37.22
37.22
37.22
37.23
37.22
37.23
37.22
37.23
37.23
37.23
37.22
37.22
37.22
37.22
37.22
37.23
37.23
37.23
37.23
37.23
37.23
37.23
37.23
37.23
37.23
37.23
37.23
37.23
37.23
37.23
37.23
37.23
37.23
37.23
37.24
37.24
37.24
37.24
37.24
37.24
37.24
37.24
37.24
37.24
37.24
37.24
37.24
37.24
37.24
37.24
37.24
37.24
37.24
37.24
37.24
37.24
37.24
37.24
37.24
37.25
37.25
37.25
37.25
37.25
37.25
37.25
37.25
37.25
37.25
37.25
37.25
37.26
37.26
37.26
37.26
37.26
37.26
37.26
37.26
37.26
37.26
37.26
37.26
37.25
37.25
37.25
37.26
37.26
37.26
37.26
37.26
37.26
37.26
37.26
37.26
37.26
37.26
37.25
37.25
37.25
37.25
37.25
37.26
37.26
37.26
37.26
37.26
37.26
37.25
37.26
37.26
37.26
37.26
37.26
37.26
37.26
37.26
37.26
37.26
37.26
37.26
37.26
37.26
37.26
37.26
37.26
37.26
37.26
37.26
37.26
37.27
37.27
37.27
37.26
37.26
37.27
37.27
37.27
37.27
37.28
37.28
37.28
37.29
37.29
37.29
37.29
37.29
37.29
37.29
37.29
37.29
37.29
37.28
37.28
37.28
37.28
37.28
37.28
37.28
37.28
37.29
37.29
37.29
37.29
37.29
37.29
37.29
37.29
37.29
37.29
37.29
37.29
37.29
37.29
37.29
37.29
37.30
37.30
37.29
37.30
37.30
37.30
37.30
37.30
37.31
37.31
37.31
37.31
37.31
37.31
37.31
37.31
37.31
37.31
37.31
37.31
37.31
37.31
37.31
37.31
37.31
37.31
37.32
37.31
37.31
37.31
37.31
37.31
37.31
37.31
37.31
37.31
37.31
37.31
37.31
37.31
37.32
37.32
37.32
37.32
37.32
37.32
37.32
37.32
37.32
37.32
37.32
37.32
37.33
37.33
37.33
37.33
37.33
37.33
37.33
37.33
37.33
37.33
37.33
37.33
37.33
37.33
37.33
37.33
37.33
37.33
37.33
37.33
37.32
37.33
37.33
37.33
37.33
37.32
37.32
37.32
37.32
37.32
37.32
37.32
37.32
37.32
37.32
37.32
37.33
37.33
37.32
37.32
37.33
37.33
37.33
37.33
37.33
37.33
37.33
37.33
37.33
37.33
37.33
37.33
37.33
37.33
37.33
37.33
37.33
37.33
37.33
37.33
37.33
37.33
37.33
37.33
37.33
37.33
37.33
37.33
37.33
37.32
37.33
37.32
37.32
37.33
37.32
37.32
37.32
37.32
37.32
37.32
37.32
37.33
37.33
37.33
37.34
37.34
37.33
37.33
37.34
37.34
37.34
37.34
37.34
37.34
37.34
37.34
37.34
37.33
37.34
37.34
37.34
37.34
37.34
37.34
37.34
37.34
37.34
37.34
37.34
37.34
37.34
37.34
37.34
37.33
37.33
37.33
37.34
37.34
37.34
37.34
37.34
37.34
37.35
37.35
37.34
37.35
37.35
37.35
37.35
37.35
37.35
37.35
37.35
37.35
37.35
37.35
37.35
37.36
37.36
37.36
37.36
37.36
37.36
37.36
37.36
37.36
37.36
37.36
37.36
37.36
37.36
37.36
37.36
37.36
37.36
37.36
37.37
37.36
37.37
37.37
37.36
37.36
37.36
37.36
37.36
37.36
37.36
37.36
