43.05
43.06
43.05
43.06
43.06
43.05
43.06
43.05
43.05
43.05
43.05
43.05
43.05
43.05
43.05
43.05
43.05
43.05
43.05
43.05
43.05
43.05
43.05
43.05
43.05
43.05
43.05
43.05
43.05
43.05
43.05
43.04
43.04
43.04
43.04
43.04
43.04
43.04
43.04
43.04
43.04
43.05
43.04
43.04
43.04
43.04
43.04
43.04
43.04
43.04
43.04
43.04
43.04
43.04
43.04
43.04
43.04
43.04
43.04
43.04
43.04
43.04
43.04
43.04
43.04
43.04
43.04
43.04
43.04
43.04
43.04
43.04
43.04
43.03
43.03
43.03
43.03
43.03
43.03
43.03
43.03
43.03
43.03
43.03
43.03
43.03
43.03
43.03
43.03
43.03
43.03
43.03
43.03
43.03
43.03
43.03
43.03
43.03
43.03
43.03
43.03
43.03
43.03
43.03
43.02
43.02
43.03
43.03
43.03
43.03
43.03
43.03
43.03
43.02
43.02
43.02
43.03
43.02
43.02
43.03
43.02
43.02
43.02
43.02
43.02
43.02
43.02
43.02
43.02
43.02
43.02
43.02
43.02
43.02
43.01
43.01
43.01
43.01
43.01
43.01
43.01
43.01
43.01
43.01
43.01
43.01
43.01
43.01
43.01
43.01
43.01
43.01
43.01
43.00
43.01
43.00
43.00
43.00
43.00
43.00
43.00
43.00
43.00
43.00
43.00
43.00
43.00
42.99
42.99
42.99
42.99
42.99
42.99
42.99
42.99
42.99
42.99
42.99
42.99
42.99
42.99
42.99
42.99
42.99
42.99
42.99
42.99
42.99
42.99
42.99
42.99
42.99
42.99
42.99
42.99
42.99
42.99
42.99
42.99
42.99
42.98
42.98
42.98
42.98
42.98
42.98
42.98
42.98
42.98
42.98
42.98
42.98
42.98
42.98
42.98
42.98
42.98
42.98
42.98
42.98
42.98
42.98
42.98
42.98
42.98
42.98
42.98
42.98
42.98
42.98
42.98
42.98
42.98
42.98
42.98
42.97
42.97
42.97
42.97
42.97
42.97
42.97
42.97
42.97
42.97
42.97
42.97
42.97
42.97
42.97
42.97
42.97
42.97
42.97
42.97
42.97
42.97
42.97
42.97
42.96
42.96
42.96
42.96
42.96
42.96
42.96
42.96
42.96
42.96
42.96
42.96
42.96
42.96
42.96
42.96
42.96
42.96
42.96
42.96
42.95
42.95
42.95
42.95
42.95
42.95
42.95
42.95
42.95
42.95
42.95
42.95
42.95
42.95
42.95
42.95
42.95
42.95
42.94
42.95
42.95
42.95
42.95
42.95
42.95
42.95
42.95
42.95
42.95
42.95
42.95
42.94
42.94
42.95
42.95
42.95
42.94
42.95
42.94
42.95
42.95
42.94
42.94
42.94
42.94
42.94
42.94
42.94
42.94
42.94
42.94
42.94
42.94
42.94
42.94
42.94
42.94
42.94
42.94
42.94
42.94
42.94
42.94
42.94
42.94
42.94
42.94
42.94
42.94
42.94
42.94
42.93
42.93
42.93
42.93
42.93
42.93
42.93
42.93
42.93
42.93
42.93
42.93
42.93
42.93
42.93
42.93
42.93
42.93
42.93
42.93
42.93
42.93
42.93
42.93
42.93
42.93
42.93
42.93
42.93
42.93
42.93
42.93
42.92
42.92
42.92
42.92
42.92
42.92
42.92
42.92
42.92
42.92
42.92
42.92
42.92
42.92
42.92
42.92
42.92
42.91
42.91
42.91
42.91
42.91
42.91
42.91
42.91
42.91
42.91
42.91
42.91
42.91
42.91
42.91
42.91
42.91
42.91
42.91
42.90
42.90
42.90
42.90
42.90
42.90
42.90
42.90
42.90
42.90
42.90
42.90
42.90
42.90
42.90
42.90
42.91
42.90
42.90
42.90
42.90
42.90
42.90
42.90
42.90
42.90
42.90
42.90
42.90
42.90
42.90
42.90
42.90
42.90
42.90
42.90
42.90
42.90
42.90
42.90
42.90
42.90
42.90
42.90
42.90
42.90
42.91
42.90
42.90
42.91
42.91
42.91
42.91
42.91
42.90
42.90
42.90
42.90
42.90
42.90
42.90
42.90
42.90
42.90
42.90
42.90
42.90
42.90
42.90
42.90
42.90
42.90
42.90
42.90
42.90
42.90
42.90
42.90
42.90
42.90
42.90
42.90
42.90
42.90
42.90
42.90
42.90
42.90
42.90
42.89
42.90
42.90
42.90
42.90
42.89
42.90
42.90
42.89
42.89
42.89
42.89
42.89
42.89
42.89
42.89
42.89
42.89
42.89
42.89
42.89
42.89
42.89
42.89
42.89
42.89
42.89
42.89
42.89
42.89
42.89
42.89
42.89
42.89
42.88
42.88
42.88
42.88
42.88
42.88
42.88
42.88
42.88
42.88
42.88
42.88
42.88
42.88
42.88
42.88
42.88
42.88
42.88
42.88
42.88
42.88
42.88
42.88
42.88
42.88
42.88
42.87
42.87
42.87
42.87
42.87
42.87
42.87
42.87
42.87
42.87
42.87
42.87
42.87
42.87
42.87
42.87
42.87
42.87
42.87
42.87
42.87
42.87
42.87
42.87
42.87
42.87
42.87
42.87
42.87
42.87
42.87
42.87
42.87
42.87
42.87
42.87
42.87
42.87
42.87
42.87
42.87
42.87
42.87
42.87
42.87
42.87
42.87
42.86
42.87
42.86
42.86
42.86
42.86
42.86
42.86
42.86
42.86
42.86
42.86
42.86
42.86
42.86
42.86
42.86
42.86
42.86
42.86
42.86
42.86
42.86
42.86
42.86
42.86
42.86
42.86
42.86
42.86
42.86
42.86
42.86
42.86
42.86
42.86
42.86
42.86
42.86
42.86
42.86
42.86
42.86
42.86
42.86
42.86
42.86
42.86
42.86
42.86
42.86
42.85
42.85
42.85
42.85
42.85
42.85
42.85
42.85
42.85
42.86
42.86
42.85
42.85
42.86
42.85
42.85
42.86
42.85
42.85
42.85
42.85
42.85
42.85
42.85
42.85
42.85
42.85
42.85
42.85
42.85
42.85
42.85
42.85
42.85
42.85
42.84
42.84
42.84
42.84
42.84
42.84
42.84
42.84
42.84
42.84
42.84
42.84
42.84
42.84
42.84
42.84
42.84
42.84
42.84
42.84
42.84
42.84
42.84
42.84
42.84
42.84
42.84
42.83
42.84
42.84
42.83
42.83
42.83
42.83
42.83
42.83
42.83
42.83
42.83
42.83
42.83
42.82
42.82
42.82
42.82
42.82
42.82
42.82
42.82
42.82
42.82
42.82
42.82
42.82
42.82
42.82
42.82
42.82
42.82
42.82
42.82
42.82
42.82
42.81
42.81
42.81
42.82
42.81
42.81
42.81
42.81
42.81
42.81
42.81
42.81
42.81
42.81
42.81
42.81
42.81
42.81
42.81
42.81
42.81
42.81
42.81
42.81
42.81
42.81
42.81
42.81
42.81
42.81
42.81
42.81
42.81
42.80
42.80
42.80
42.80
42.80
42.80
42.80
42.80
42.80
42.80
42.80
42.80
42.80
42.80
42.80
42.80
42.80
42.80
42.80
42.80
42.80
42.80
42.80
42.80
42.80
42.80
42.80
42.80
42.80
42.80
42.80
42.80
42.80
42.80
42.80
42.80
42.80
42.80
42.80
42.79
42.79
42.79
42.79
42.79
42.79
42.79
42.79
42.79
42.79
42.79
42.79
42.79
42.79
42.79
42.79
42.79
42.79
42.79
42.79
42.79
42.79
42.79
42.79
42.79
42.79
42.79
42.79
42.79
42.79
42.79
42.79
42.79
42.79
42.79
42.79
42.79
42.79
42.79
42.79
42.79
42.79
42.79
42.78
42.78
42.78
42.78
42.78
42.78
42.78
42.79
42.78
42.78
42.78
42.78
42.78
42.78
42.78
42.78
42.78
42.78
42.78
42.78
42.78
42.78
42.78
42.78
42.78
42.78
42.78
42.78
42.78
42.77
42.77
42.77
42.77
42.78
42.78
42.77
42.77
42.77
42.77
42.77
42.77
42.77
42.77
42.77
42.77
42.77
42.77
42.77
42.77
42.77
42.77
42.77
42.77
42.77
42.77
42.77
42.76
42.76
42.76
42.76
42.76
42.76
42.76
42.76
42.76
42.76
42.76
42.76
42.76
42.76
42.76
42.76
42.76
42.76
42.76
42.76
42.76
42.76
42.76
42.75
42.75
42.75
42.75
42.75
42.75
42.75
42.75
42.75
42.75
42.75
42.75
42.75
42.75
42.75
42.75
42.75
42.75
42.75
42.75
42.75
42.75
42.75
42.75
42.75
42.75
42.75
42.75
42.75
42.75
42.75
42.75
42.75
42.75
42.75
42.75
42.75
42.75
42.75
42.74
42.75
42.75
