42.28
42.28
42.26
42.25
42.25
42.25
42.24
42.25
42.27
42.28
42.27
42.30
42.29
42.28
42.29
42.28
42.28
42.27
42.27
42.26
42.28
42.25
42.26
42.23
42.24
42.25
42.25
42.24
42.23
42.21
42.20
42.21
42.22
42.21
42.22
42.24
42.27
42.25
42.26
42.25
42.24
42.23
42.22
42.20
42.22
42.22
42.23
42.24
42.21
42.19
42.21
42.23
42.24
42.25
42.24
42.27
42.27
42.28
42.26
42.24
42.23
42.22
42.21
42.19
42.17
42.20
42.21
42.20
42.20
42.19
42.18
42.21
42.19
42.18
42.21
42.20
42.19
42.18
42.16
42.16
42.14
42.13
42.11
42.12
42.11
42.11
42.09
42.07
42.05
42.06
42.07
42.07
42.09
42.10
42.09
42.08
42.10
42.10
42.11
42.10
42.09
42.07
42.08
42.05
42.06
42.08
42.06
42.05
42.06
42.06
42.06
42.05
42.07
42.08
42.10
42.09
42.09
42.06
42.08
42.08
42.07
42.08
42.07
42.09
42.07
42.05
42.04
42.04
42.07
42.10
42.08
42.08
42.07
42.09
42.09
42.09
42.10
42.11
42.11
42.12
42.10
42.08
42.06
42.07
42.07
42.08
42.07
42.06
42.05
42.05
42.06
42.04
42.03
42.02
42.03
42.04
42.03
42.04
42.02
42.01
42.02
42.04
42.04
42.05
42.07
42.08
42.08
42.08
42.06
42.07
42.09
42.11
42.13
42.12
42.12
42.10
42.12
42.11
42.11
42.11
42.11
42.09
42.09
42.10
42.09
42.08
42.09
42.08
42.10
42.09
42.12
42.12
42.15
42.18
42.17
42.17
42.16
42.17
42.17
42.18
42.15
42.15
42.17
42.15
42.15
42.15
42.15
42.15
42.18
42.17
42.18
42.17
42.14
42.13
42.14
42.11
42.10
42.10
42.08
42.09
42.09
42.11
42.09
42.09
42.08
42.09
42.09
42.09
42.11
42.11
42.11
42.10
42.11
42.10
42.10
42.09
42.10
42.10
42.11
42.11
42.09
42.11
42.09
42.09
42.08
42.08
42.09
42.09
42.10
42.10
42.10
42.11
42.11
42.10
42.11
42.10
42.11
42.10
42.08
42.06
42.05
42.06
42.05
42.05
42.03
42.04
42.06
42.05
42.05
42.05
42.05
42.05
42.07
42.08
42.10
42.11
42.12
42.12
42.12
42.13
42.13
42.13
42.12
42.12
42.13
42.14
42.13
42.13
42.11
42.09
42.11
42.11
42.09
42.09
42.10
42.11
42.10
42.10
42.12
42.12
42.14
42.14
42.14
42.16
42.16
42.16
42.17
42.16
42.15
42.13
42.13
42.15
42.14
42.15
42.13
42.12
42.13
42.12
42.11
42.12
42.10
42.11
42.09
42.08
42.08
42.08
42.08
42.08
42.07
42.08
42.07
42.09
42.09
42.09
42.08
42.08
42.08
42.06
42.06
42.04
42.03
42.04
42.05
42.05
42.07
42.05
42.05
42.04
42.03
42.02
42.02
42.02
42.02
42.03
42.03
42.03
42.03
42.04
42.05
42.03
42.04
42.03
42.02
42.03
42.04
42.04
42.05
42.05
42.04
42.04
42.04
42.04
42.04
42.05
42.06
42.07
42.06
42.06
42.07
42.08
42.08
42.07
42.09
42.09
42.10
42.11
42.12
42.12
42.12
42.11
42.11
42.12
42.13
42.13
42.12
42.14
42.14
42.14
42.14
42.13
42.14
42.14
42.14
42.14
42.13
42.12
42.13
42.12
42.12
42.11
42.12
42.11
42.10
42.10
42.08
42.08
42.07
42.08
42.08
42.07
42.07
42.06
42.04
42.04
42.04
42.04
42.04
42.03
42.04
42.04
42.03
42.02
42.02
42.03
42.04
42.04
42.03
42.01
42.02
42.01
42.02
42.01
42.02
42.01
42.02
42.02
42.04
42.06
42.06
42.06
42.07
42.06
42.05
42.05
42.05
42.06
42.06
42.05
42.04
42.04
42.05
42.06
42.04
42.03
42.05
42.06
42.05
42.05
42.05
42.06
42.05
42.04
42.05
42.06
42.06
42.04
42.04
42.04
42.05
42.04
42.05
42.05
42.03
42.04
42.05
42.05
42.05
42.05
42.05
42.04
42.05
42.04
42.02
42.04
42.05
42.06
42.04
42.03
42.02
42.00
42.02
42.00
42.00
41.98
41.99
42.00
42.01
41.99
41.98
41.97
41.97
41.97
41.99
41.99
42.00
41.99
41.99
42.01
42.03
42.02
42.02
42.03
42.03
42.03
42.03
42.04
42.05
42.05
42.04
42.04
42.02
42.03
42.01
42.02
42.02
42.01
42.00
42.00
41.99
41.99
42.00
41.99
41.99
41.98
41.99
42.00
41.99
41.99
41.98
41.96
41.97
41.97
41.97
41.97
41.97
41.97
41.97
41.98
41.98
41.98
41.97
41.98
41.97
41.95
41.95
41.95
41.95
41.94
41.95
41.94
41.93
41.93
41.94
41.93
41.93
41.92
41.93
41.92
41.91
41.92
41.91
41.92
41.92
41.91
41.94
41.95
41.96
41.96
41.96
41.98
41.97
41.97
41.98
41.98
41.97
41.99
41.99
41.98
41.98
41.98
41.99
42.00
41.98
41.99
42.01
42.01
42.00
42.01
42.01
42.03
42.02
42.00
42.02
42.03
42.02
42.03
42.04
42.03
42.03
42.03
42.03
42.02
42.01
42.02
42.02
42.04
42.05
42.03
42.03
42.02
42.00
42.01
42.02
42.01
42.00
41.99
41.98
41.99
41.98
41.98
41.97
41.96
41.95
41.94
41.93
41.92
41.92
41.93
41.92
41.91
41.89
41.89
41.88
41.88
41.87
41.86
41.86
41.86
41.87
41.85
41.85
41.86
41.85
41.83
41.82
41.83
41.83
41.83
41.83
41.83
41.83
41.83
41.83
41.81
41.82
41.81
41.81
41.80
41.81
41.79
41.79
41.78
41.78
41.79
41.79
41.79
41.77
41.79
41.81
41.83
41.82
41.81
41.80
41.79
41.79
41.79
41.79
41.81
41.82
41.82
41.82
41.81
41.82
41.83
41.83
41.81
41.82
41.81
41.80
41.81
41.83
41.83
41.82
41.81
41.80
41.80
41.81
41.80
41.79
41.77
41.79
41.79
41.79
41.79
41.78
41.79
41.79
41.81
41.80
41.79
41.79
41.78
41.77
41.79
41.77
41.77
41.77
41.79
41.78
41.77
41.77
41.77
41.77
41.78
41.79
41.79
41.79
41.82
41.81
41.81
41.80
41.80
41.80
41.80
41.80
41.80
41.80
41.79
41.78
41.76
41.76
41.77
41.78
41.78
41.79
41.78
41.78
41.77
41.79
41.79
41.79
41.79
41.79
41.78
41.78
41.78
41.79
41.79
41.79
41.80
41.79
41.78
41.78
41.77
41.77
41.76
41.77
41.76
41.75
41.75
41.75
41.73
41.73
41.73
41.74
41.74
41.74
41.73
41.73
41.74
41.72
41.72
41.74
41.75
41.75
41.74
41.74
41.74
41.73
41.73
41.72
41.72
41.72
41.73
41.72
41.73
41.73
41.73
41.73
41.73
41.73
41.74
41.73
41.73
41.71
41.71
41.71
41.72
41.71
41.71
41.71
41.71
41.70
41.70
41.70
41.71
41.71
41.70
41.70
41.70
41.69
41.69
41.70
41.70
41.71
41.72
41.72
41.71
41.72
41.74
41.73
41.73
41.72
41.72
41.70
41.73
41.74
41.73
41.75
41.75
41.75
41.75
41.75
41.76
41.75
41.76
41.75
41.74
41.74
41.72
41.72
41.73
41.74
41.75
41.75
41.74
41.74
41.75
41.75
41.74
41.77
41.76
41.76
41.75
41.75
41.75
41.75
41.76
41.76
41.75
41.74
41.75
41.76
41.75
41.74
41.74
41.76
41.76
41.77
41.76
41.78
41.77
41.76
41.76
41.75
41.76
41.76
41.75
41.74
41.74
41.74
41.74
41.72
41.73
41.73
41.72
41.72
41.72
41.72
41.71
41.71
41.71
41.71
41.71
41.71
41.72
41.71
41.70
41.70
41.71
41.70
41.70
41.70
41.70
41.71
41.71
41.72
41.72
41.71
41.70
41.70
41.69
41.69
41.71
41.72
41.71
41.71
41.69
41.69
41.70
41.69
41.68
41.68
41.68
41.68
41.67
41.68
41.68
41.68
41.68
41.67
41.66
41.67
41.67
41.68
41.68
41.68
41.68
41.66
41.66
41.67
41.66
41.67
41.67
41.67
41.66
41.66
41.67
41.68
41.68
41.67
41.68
41.68
41.67
41.68
41.69
41.70
41.70
41.70
41.69
41.69
41.69
41.69
41.69
41.68
41.68
41.69
41.69
41.68
41.68
