35.66
35.66
35.66
35.67
35.67
35.66
35.67
35.68
35.67
35.68
35.68
35.68
35.68
35.69
35.68
35.69
35.69
35.68
35.69
35.70
35.69
35.70
35.69
35.69
35.70
35.70
35.70
35.70
35.70
35.70
35.71
35.70
35.70
35.70
35.70
35.70
35.70
35.69
35.69
35.69
35.69
35.70
35.70
35.69
35.69
35.69
35.69
35.69
35.70
35.70
35.70
35.70
35.70
35.70
35.70
35.70
35.70
35.70
35.70
35.70
35.70
35.70
35.70
35.70
35.71
35.71
35.71
35.71
35.71
35.71
35.72
35.72
35.72
35.71
35.71
35.71
35.72
35.72
35.73
35.73
35.74
35.73
35.73
35.73
35.72
35.72
35.72
35.71
35.72
35.71
35.71
35.72
35.72
35.73
35.73
35.73
35.72
35.72
35.73
35.73
35.73
35.73
35.72
35.73
35.73
35.73
35.73
35.73
35.73
35.72
35.72
35.72
35.72
35.71
35.72
35.73
35.73
35.73
35.74
35.74
35.75
35.74
35.75
35.75
35.75
35.75
35.74
35.75
35.75
35.76
35.76
35.76
35.76
35.77
35.77
35.77
35.78
35.78
35.78
35.78
35.78
35.78
35.78
35.78
35.78
35.78
35.78
35.78
35.78
35.78
35.78
35.77
35.77
35.77
35.77
35.77
35.77
35.77
35.77
35.77
35.77
35.77
35.77
35.77
35.77
35.77
35.78
35.78
35.78
35.79
35.79
35.80
35.80
35.79
35.80
35.80
35.80
35.80
35.80
35.81
35.81
35.81
35.81
35.82
35.82
35.82
35.83
35.84
35.83
35.84
35.84
35.84
35.84
35.84
35.85
35.85
35.84
35.85
35.84
35.85
35.85
35.85
35.85
35.85
35.86
35.86
35.87
35.87
35.87
35.87
35.87
35.87
35.87
35.87
35.87
35.88
35.89
35.88
35.89
35.89
35.89
35.89
35.89
35.89
35.89
35.89
35.89
35.89
35.89
35.89
35.89
35.89
35.89
35.89
35.89
35.88
35.88
35.88
35.87
35.87
35.87
35.88
35.88
35.88
35.88
35.88
35.88
35.88
35.89
35.89
35.89
35.90
35.91
35.91
35.92
35.92
35.92
35.92
35.92
35.92
35.92
35.92
35.93
35.92
35.92
35.93
35.93
35.93
35.92
35.93
35.93
35.93
35.93
35.93
35.93
35.93
35.93
35.94
35.94
35.94
35.93
35.94
35.93
35.93
35.94
35.93
35.93
35.93
35.93
35.93
35.93
35.93
35.93
35.93
35.93
35.92
35.92
35.93
35.93
35.93
35.92
35.92
35.93
35.92
35.92
35.92
35.92
35.93
35.93
35.93
35.94
35.94
35.94
35.95
35.96
35.95
35.95
35.95
35.95
35.95
35.95
35.95
35.95
35.95
35.95
35.95
35.95
35.96
35.96
35.97
35.97
35.97
35.97
35.97
35.98
35.98
35.99
35.99
35.99
36.00
36.00
36.00
36.00
36.01
36.01
36.02
36.02
36.02
36.02
36.02
36.03
36.03
36.03
36.03
36.03
36.03
36.02
36.03
36.03
36.03
36.03
36.03
36.03
36.03
36.03
36.03
36.03
36.03
36.03
36.03
36.02
36.03
36.04
36.04
36.05
36.05
36.05
36.05
36.05
36.06
36.06
36.07
36.07
36.07
36.07
36.08
36.08
36.07
36.07
36.07
36.07
36.07
36.07
36.07
36.07
36.07
36.07
36.08
36.08
36.07
36.07
36.08
36.08
36.09
36.09
36.09
36.09
36.09
36.09
36.09
36.09
36.09
36.09
36.09
36.10
36.11
36.10
36.11
36.11
36.12
36.12
36.13
36.12
36.13
36.13
36.13
36.13
36.13
36.12
36.13
36.13
36.13
36.13
36.13
36.13
36.13
36.13
36.13
36.13
36.13
36.13
36.14
36.13
36.14
36.14
36.14
36.15
36.16
36.16
36.16
36.15
36.15
36.15
36.16
36.16
36.16
36.16
36.16
36.16
36.16
36.16
36.16
36.16
36.16
36.17
36.16
36.16
36.16
36.16
36.17
36.17
36.16
36.16
36.16
36.16
36.16
36.16
36.16
36.16
36.16
36.16
36.16
36.16
36.16
36.16
36.16
36.16
36.16
36.17
36.18
36.18
36.18
36.18
36.18
36.18
36.18
36.18
36.18
36.19
36.18
36.18
36.19
36.19
36.19
36.18
36.18
36.18
36.18
36.19
36.19
36.19
36.19
36.19
36.19
36.19
36.19
36.19
36.19
36.19
36.18
36.18
36.19
36.19
36.18
36.18
36.19
36.18
36.18
36.18
36.18
36.19
36.19
36.18
36.18
36.18
36.19
36.19
36.20
36.20
36.20
36.20
36.20
36.20
36.20
36.20
36.20
36.21
36.21
36.21
36.21
36.21
36.21
36.21
36.21
36.21
36.22
36.22
36.23
36.23
36.23
36.23
36.23
36.23
36.23
36.23
36.23
36.23
36.23
36.23
36.23
36.24
36.24
36.24
36.24
36.24
36.24
36.25
36.25
36.25
36.25
36.25
36.26
36.26
36.26
36.26
36.26
36.27
36.26
36.26
36.26
36.27
36.27
36.27
36.27
36.27
36.27
36.28
36.27
36.28
36.29
36.28
36.29
36.29
36.29
36.30
36.29
36.30
36.30
36.30
36.30
36.30
36.29
36.29
36.29
36.29
36.29
36.29
36.29
36.29
36.29
36.29
36.29
36.29
36.29
36.29
36.29
36.28
36.28
36.28
36.28
36.28
36.28
36.28
36.29
36.29
36.29
36.30
36.29
36.29
36.30
36.30
36.29
36.29
36.29
36.29
36.30
36.30
36.31
36.31
36.31
36.31
36.32
36.32
36.32
36.32
36.32
36.32
36.33
36.33
36.33
36.33
36.34
36.33
36.34
36.34
36.34
36.34
36.34
36.33
36.33
36.33
36.33
36.33
36.33
36.33
36.33
36.33
36.33
36.33
36.33
36.34
36.33
36.33
36.34
36.34
36.34
36.33
36.33
36.33
36.33
36.33
36.33
36.34
36.34
36.34
36.34
36.34
36.34
36.34
36.34
36.34
36.34
36.34
36.35
36.35
36.35
36.35
36.36
36.35
36.35
36.35
36.35
36.36
36.36
36.36
36.37
36.37
36.37
36.37
36.37
36.38
36.38
36.39
36.39
36.39
36.39
36.39
36.39
36.40
36.41
36.40
36.40
36.40
36.41
36.41
36.41
36.42
36.42
36.42
36.42
36.42
36.42
36.42
36.42
36.43
36.42
36.42
36.42
36.42
36.42
36.42
36.43
36.43
36.43
36.43
36.43
36.43
36.43
36.43
36.43
36.43
36.43
36.43
36.42
36.42
36.42
36.42
36.42
36.43
36.43
36.43
36.43
36.44
36.44
36.44
36.44
36.45
36.44
36.44
36.45
36.45
36.45
36.45
36.45
36.46
36.47
36.47
36.46
36.47
36.47
36.47
36.47
36.46
36.46
36.47
36.47
36.46
36.46
36.47
36.47
36.46
36.47
36.47
36.47
36.48
36.47
36.47
36.48
36.47
36.48
36.49
36.48
36.48
36.48
36.48
36.49
36.49
36.49
36.49
36.49
36.49
36.49
36.49
36.49
36.49
36.49
36.50
36.49
36.49
36.49
36.49
36.50
36.50
36.50
36.50
36.51
36.51
36.51
36.51
36.51
36.51
36.51
36.51
36.50
36.51
36.52
36.51
36.51
36.51
36.51
36.51
36.51
36.51
36.51
36.51
36.50
36.50
36.50
36.50
36.50
36.50
36.50
36.50
36.51
36.51
36.51
36.51
36.51
36.51
36.51
36.51
36.50
36.51
36.50
36.50
36.51
36.50
36.51
36.50
36.50
36.50
36.50
36.50
36.50
36.50
36.49
36.49
36.49
36.49
36.49
36.49
36.49
36.49
36.48
36.49
36.48
36.49
36.48
36.48
36.49
36.50
36.50
36.50
36.50
36.50
36.50
36.50
36.50
36.50
36.50
36.50
36.50
36.51
36.51
36.50
36.50
36.50
36.51
36.50
36.50
36.50
36.51
36.51
36.52
36.52
36.52
36.52
36.51
36.51
36.52
36.52
36.52
36.51
36.52
36.51
36.52
36.52
36.52
36.52
36.52
36.52
36.52
36.51
36.52
36.52
36.52
36.52
36.52
36.52
36.52
36.52
36.51
36.51
36.51
36.52
36.52
36.52
36.53
36.53
36.53
36.53
36.53
36.53
36.53
36.53
36.53
36.54
36.54
36.53
36.53
36.53
36.54
36.54
36.54
36.54
36.54
36.54
36.54
36.54
36.54
36.55
36.55
36.54
36.55
36.55
36.55
36.56
36.56
36.56
36.56
36.56
36.56
36.56
36.56
36.56
36.55
36.56
36.56
36.56
36.56
