36.57
36.57
36.57
36.57
36.57
36.57
36.57
36.57
36.57
36.57
36.57
36.57
36.57
36.57
36.57
36.57
36.58
36.57
36.57
36.57
36.57
36.57
36.57
36.57
36.57
36.57
36.57
36.57
36.58
36.58
36.58
36.58
36.58
36.58
36.58
36.58
36.58
36.58
36.58
36.58
36.58
36.59
36.59
36.59
36.58
36.58
36.59
36.59
36.59
36.59
36.59
36.59
36.59
36.59
36.59
36.59
36.58
36.59
36.59
36.59
36.59
36.59
36.59
36.59
36.59
36.60
36.60
36.60
36.60
36.60
36.60
36.60
36.60
36.60
36.59
36.60
36.60
36.60
36.59
36.60
36.60
36.60
36.60
36.60
36.60
36.60
36.60
36.60
36.60
36.60
36.60
36.60
36.60
36.60
36.60
36.60
36.59
36.59
36.60
36.60
36.59
36.60
36.60
36.60
36.60
36.60
36.60
36.60
36.60
36.60
36.60
36.60
36.60
36.60
36.60
36.60
36.60
36.60
36.60
36.60
36.60
36.60
36.60
36.60
36.60
36.60
36.60
36.60
36.61
36.61
36.60
36.61
36.61
36.60
36.60
36.61
36.61
36.61
36.61
36.61
36.61
36.61
36.61
36.61
36.61
36.61
36.61
36.61
36.61
36.61
36.61
36.61
36.61
36.61
36.62
36.62
36.62
36.62
36.62
36.62
36.62
36.62
36.62
36.62
36.62
36.62
36.62
36.62
36.62
36.62
36.62
36.62
36.62
36.62
36.62
36.62
36.62
36.62
36.62
36.62
36.62
36.62
36.62
36.62
36.62
36.62
36.62
36.62
36.62
36.62
36.62
36.62
36.62
36.62
36.63
36.63
36.63
36.63
36.63
36.63
36.63
36.64
36.64
36.64
36.64
36.64
36.64
36.64
36.64
36.65
36.65
36.65
36.65
36.65
36.65
36.65
36.65
36.65
36.65
36.65
36.65
36.65
36.65
36.65
36.65
36.65
36.65
36.65
36.65
36.65
36.65
36.66
36.66
36.66
36.66
36.66
36.66
36.66
36.66
36.66
36.67
36.67
36.67
36.67
36.67
36.67
36.67
36.67
36.67
36.67
36.67
36.67
36.68
36.68
36.68
36.68
36.68
36.68
36.68
36.68
36.68
36.68
36.69
36.69
36.69
36.69
36.69
36.70
36.69
36.70
36.70
36.70
36.70
36.70
36.70
36.70
36.70
36.70
36.70
36.70
36.70
36.71
36.71
36.71
36.71
36.71
36.71
36.71
36.71
36.71
36.71
36.71
36.71
36.71
36.71
36.71
36.71
36.71
36.71
36.71
36.71
36.70
36.70
36.70
36.70
36.71
36.71
36.71
36.71
36.71
36.71
36.71
36.71
36.70
36.70
36.70
36.70
36.70
36.70
36.71
36.71
36.71
36.71
36.71
36.71
36.71
36.71
36.71
36.71
36.71
36.71
36.71
36.71
36.72
36.72
36.72
36.72
36.72
36.72
36.72
36.72
36.72
36.72
36.72
36.73
36.73
36.73
36.73
36.73
36.73
36.73
36.73
36.72
36.73
36.73
36.73
36.73
36.73
36.74
36.73
36.74
36.73
36.73
36.73
36.73
36.74
36.73
36.74
36.74
36.74
36.74
36.74
36.74
36.74
36.74
36.74
36.74
36.74
36.74
36.74
36.74
36.74
36.74
36.74
36.74
36.74
36.74
36.74
36.74
36.74
36.75
36.75
36.75
36.75
36.75
36.75
36.75
36.75
36.75
36.75
36.75
36.75
36.75
36.75
36.76
36.76
36.76
36.75
36.75
36.76
36.76
36.76
36.76
36.76
36.76
36.76
36.76
36.76
36.77
36.77
36.77
36.77
36.77
36.77
36.77
36.77
36.77
36.78
36.78
36.78
36.78
36.78
36.78
36.78
36.78
36.78
36.78
36.78
36.78
36.78
36.78
36.78
36.78
36.78
36.78
36.79
36.79
36.79
36.79
36.79
36.79
36.79
36.79
36.79
36.79
36.79
36.79
36.79
36.79
36.80
36.80
36.80
36.80
36.80
36.80
36.80
36.80
36.80
36.80
36.80
36.80
36.80
36.80
36.80
36.80
36.80
36.80
36.80
36.80
36.80
36.80
36.80
36.80
36.80
36.80
36.80
36.80
36.80
36.80
36.80
36.80
36.80
36.80
36.80
36.81
36.81
36.81
36.81
36.81
36.81
36.81
36.81
36.81
36.81
36.81
36.81
36.81
36.81
36.81
36.81
36.81
36.81
36.80
36.81
36.81
36.81
36.81
36.81
36.81
36.81
36.81
36.81
36.81
36.81
36.81
36.81
36.81
36.81
36.81
36.81
36.81
36.81
36.81
36.81
36.81
36.81
36.81
36.82
36.82
36.82
36.82
36.82
36.82
36.82
36.82
36.82
36.82
36.82
36.82
36.83
36.83
36.83
36.83
36.83
36.82
36.82
36.83
36.83
36.83
36.83
36.83
36.83
36.83
36.83
36.83
36.83
36.83
36.83
36.83
36.83
36.83
36.83
36.83
36.83
36.83
36.83
36.83
36.84
36.83
36.83
36.84
36.84
36.84
36.84
36.84
36.84
36.84
36.84
36.85
36.84
36.85
36.85
36.85
36.85
36.85
36.85
36.85
36.85
36.85
36.85
36.85
36.85
36.85
36.85
36.85
36.86
36.86
36.85
36.86
36.86
36.86
36.86
36.86
36.86
36.86
36.86
36.86
36.86
36.86
36.87
36.86
36.87
36.87
36.87
36.87
36.87
36.87
36.87
36.87
36.87
36.87
36.87
36.87
36.87
36.88
36.88
36.88
36.87
36.87
36.87
36.87
36.87
36.87
36.87
36.87
36.87
36.87
36.87
36.87
36.87
36.87
36.87
36.87
36.88
36.87
36.87
36.87
36.87
36.87
36.87
36.87
36.87
36.87
36.88
36.88
36.87
36.88
36.88
36.88
36.88
36.88
36.88
36.88
36.88
36.88
36.88
36.88
36.88
36.88
36.88
36.88
36.88
36.88
36.89
36.88
36.88
36.89
36.89
36.89
36.89
36.89
36.89
36.89
36.90
36.90
36.90
36.90
36.90
36.90
36.90
36.90
36.90
36.90
36.90
36.90
36.90
36.90
36.90
36.90
36.90
36.90
36.90
36.90
36.90
36.91
36.90
36.90
36.90
36.90
36.91
36.91
36.91
36.91
36.91
36.91
36.91
36.91
36.91
36.91
36.91
36.91
36.91
36.91
36.91
36.91
36.91
36.91
36.91
36.91
36.92
36.92
36.92
36.92
36.92
36.92
36.92
36.92
36.92
36.92
36.92
36.92
36.92
36.92
36.92
36.92
36.92
36.92
36.92
36.92
36.92
36.92
36.92
36.92
36.92
36.92
36.92
36.92
36.92
36.92
36.92
36.92
36.92
36.92
36.92
36.92
36.92
36.92
36.93
36.93
36.93
36.93
36.93
36.93
36.93
36.93
36.93
36.93
36.93
36.93
36.93
36.93
36.93
36.94
36.93
36.93
36.93
36.94
36.94
36.94
36.94
36.94
36.94
36.94
36.94
36.94
36.95
36.95
36.95
36.95
36.95
36.95
36.95
36.95
36.95
36.95
36.96
36.96
36.96
36.95
36.95
36.96
36.96
36.96
36.96
36.96
36.95
36.96
36.96
36.96
36.96
36.96
36.96
36.96
36.96
36.97
36.96
36.97
36.97
36.97
36.97
36.97
36.97
36.97
36.97
36.97
36.97
36.97
36.97
36.97
36.97
36.97
36.97
36.97
36.97
36.97
36.97
36.97
36.97
36.97
36.97
36.97
36.97
36.97
36.97
36.97
36.97
36.97
36.97
36.97
36.97
36.97
36.97
36.98
36.97
36.97
36.98
36.98
36.98
36.98
36.97
36.97
36.98
36.98
36.98
36.98
36.98
36.98
36.98
36.98
36.98
36.98
36.98
36.98
36.98
36.98
36.98
36.98
36.98
36.98
36.98
36.98
36.98
36.98
36.99
36.99
36.99
36.99
36.99
36.99
36.99
36.99
36.99
36.99
36.99
36.99
36.99
36.99
36.99
36.99
36.99
37.00
37.00
37.00
37.00
37.00
36.99
37.00
37.00
37.00
37.00
37.01
37.00
37.00
37.00
37.00
37.00
37.01
37.01
37.01
37.01
37.01
37.01
37.01
37.01
37.01
37.01
37.01
37.01
37.01
37.01
37.01
37.01
37.01
37.01
37.01
37.01
37.01
37.01
37.02
37.01
37.01
37.01
37.02
37.02
37.02
37.03
37.03
37.03
37.03
37.03
37.03
37.03
37.03
37.03
37.03
37.04
37.04
37.04
37.03
37.03
37.03
37.03
37.03
37.03
37.04
37.03
37.04
37.04
37.04
37.04
37.04
37.04
37.03
37.03
37.03
37.04
37.04
37.04
37.04
37.04
