46.87
43.73
46.36
43.94
42.85
44.33
44.33
42.75
43.68
42.09
41.86
42.24
42.61
41.82
42.76
42.35
43.12
42.88
43.71
43.62
43.57
43.62
44.15
44.38
44.31
44.35
44.34
44.66
44.46
43.98
44.44
44.73
44.72
44.78
44.68
44.27
43.97
44.15
44.00
44.09
44.14
44.24
44.24
44.34
44.51
44.61
44.74
44.61
44.85
44.72
44.68
44.42
44.35
44.35
44.52
44.32
44.58
44.61
44.81
44.69
44.51
44.37
44.16
44.02
43.78
43.87
43.90
43.77
43.91
43.91
43.99
43.66
43.76
43.64
43.61
43.69
43.73
43.75
43.96
43.75
43.49
43.50
43.52
43.49
43.47
43.45
43.56
43.58
43.66
43.74
43.61
43.53
43.57
43.43
43.64
43.49
43.53
43.43
43.45
43.51
43.57
43.43
43.41
43.37
43.35
43.20
43.14
43.06
43.00
42.90
42.95
42.97
42.82
42.81
42.84
42.70
42.73
42.65
42.85
42.96
42.86
43.02
43.03
42.95
42.92
42.82
42.85
42.88
42.83
42.77
42.81
42.76
42.82
42.70
42.78
42.79
42.85
42.79
42.82
42.68
42.70
42.81
42.68
42.61
42.70
42.69
42.80
42.87
43.07
43.16
43.18
43.26
43.28
43.33
43.37
43.32
43.29
43.34
43.19
43.22
43.17
43.08
43.08
43.14
43.14
43.18
43.21
43.19
43.14
43.16
43.20
43.23
43.19
43.21
43.25
43.20
43.11
43.04
43.05
43.08
42.99
42.99
43.05
43.08
43.04
43.13
43.07
43.03
43.05
43.07
42.99
43.07
43.11
43.10
43.00
42.99
42.98
42.97
42.94
42.83
42.75
42.75
42.77
42.75
42.75
42.81
42.77
42.77
42.78
42.79
42.80
42.78
42.74
42.77
42.72
42.78
42.86
42.91
42.91
42.83
42.79
42.80
42.82
42.81
42.80
42.81
42.81
42.76
42.75
42.80
42.75
42.73
42.71
42.72
42.65
42.69
42.77
42.75
42.78
42.77
42.79
42.77
42.84
42.78
42.79
42.73
42.66
42.58
42.64
42.61
42.54
42.60
42.58
42.56
42.54
42.52
42.46
42.46
42.45
42.42
42.42
42.47
42.42
42.40
42.40
42.43
42.45
42.42
42.40
42.41
42.36
42.37
42.36
42.35
42.29
42.27
42.27
42.29
42.35
42.36
42.31
42.32
42.28
42.26
42.31
42.36
42.41
42.41
42.40
42.36
42.40
42.35
42.35
42.36
42.40
42.42
42.44
42.45
42.48
42.45
42.44
42.43
42.42
42.49
42.49
42.46
42.48
42.50
42.50
42.47
42.47
42.48
42.39
42.37
42.38
42.39
42.41
42.44
42.44
42.42
42.40
42.35
42.37
42.34
42.30
42.30
42.34
42.33
42.30
42.29
42.36
42.37
42.36
42.34
42.33
42.26
42.30
42.36
42.40
42.35
42.34
42.38
42.35
42.34
42.32
42.30
42.30
42.28
42.26
42.26
42.26
42.23
42.27
42.27
42.25
42.26
42.23
42.19
42.16
42.12
42.15
42.14
42.15
42.09
42.09
42.13
42.12
42.10
42.09
42.10
42.09
42.13
42.12
42.10
42.14
42.13
42.17
42.13
42.15
42.10
42.11
42.15
42.18
42.18
42.17
42.19
42.17
42.14
42.16
42.19
42.20
42.18
42.18
42.20
42.22
42.19
42.23
42.24
42.25
42.25
42.28
42.24
42.18
42.22
42.22
42.23
42.20
42.22
42.20
42.19
42.20
42.21
42.27
42.29
42.27
42.26
42.27
42.22
42.22
42.24
42.24
42.22
42.18
42.15
42.19
42.20
42.18
42.14
42.18
42.16
42.13
42.11
42.12
42.14
42.15
42.16
42.20
42.17
42.18
42.16
42.13
42.11
42.12
42.10
42.14
42.14
42.13
42.14
42.13
42.15
42.14
42.14
42.19
42.18
42.14
42.17
42.18
42.15
42.18
42.17
42.13
42.14
42.15
42.19
42.18
42.22
42.24
42.26
42.26
42.31
42.33
42.35
42.37
42.39
42.40
42.41
42.40
42.40
42.43
42.42
42.43
42.42
42.42
42.42
42.38
42.36
42.39
42.38
42.36
42.34
42.36
42.38
42.36
42.38
42.36
42.35
42.35
42.40
42.38
42.39
42.34
42.32
42.30
42.28
42.26
42.27
42.26
42.27
42.28
42.27
42.27
42.30
42.32
42.28
42.29
42.26
42.29
42.32
42.29
42.30
42.30
42.28
42.31
42.31
42.32
42.32
42.28
42.31
42.33
42.34
42.33
42.34
42.36
42.37
42.38
42.36
42.33
42.32
42.35
42.33
42.31
42.32
42.33
42.34
42.37
42.36
42.32
42.31
42.32
42.34
42.33
42.35
42.32
42.34
42.35
42.36
42.35
42.33
42.32
42.30
42.32
42.31
42.30
42.27
42.24
42.26
42.24
42.26
42.27
42.25
42.24
42.24
42.21
42.18
42.15
42.16
42.14
42.12
42.09
42.09
42.09
42.11
42.11
42.11
42.10
42.12
42.15
42.14
42.15
42.16
42.13
42.12
42.14
42.13
42.11
42.09
42.12
42.12
42.15
42.13
42.13
42.11
42.13
42.14
42.12
42.11
42.15
42.16
42.14
42.14
42.15
42.11
42.09
42.11
42.12
42.12
42.12
42.12
42.13
42.15
42.15
42.14
42.13
42.10
42.10
42.09
42.10
42.08
42.11
42.10
42.12
42.10
42.09
42.13
42.15
42.16
42.15
42.15
42.12
42.14
42.17
42.16
42.18
42.19
42.19
42.18
42.19
42.21
42.21
42.22
42.23
42.22
42.21
42.24
42.24
42.26
42.26
42.27
42.27
42.24
42.23
42.25
42.27
42.27
42.25
42.26
42.29
42.27
42.30
42.28
42.29
42.32
42.33
42.33
42.36
42.37
42.37
42.38
42.39
42.40
42.39
42.41
42.45
42.46
42.46
42.46
42.45
42.45
42.43
42.44
42.42
42.42
42.43
42.43
42.43
42.45
42.45
42.47
42.45
42.46
42.46
42.48
42.47
42.44
42.45
42.47
42.47
42.46
42.47
42.44
42.44
42.47
42.47
42.49
42.48
42.48
42.47
42.48
42.48
42.48
42.50
42.49
42.49
42.49
42.48
42.50
42.49
42.51
42.52
42.51
42.54
42.55
42.52
42.52
42.52
42.53
42.52
42.53
42.53
42.55
42.53
42.52
42.54
42.53
42.53
42.53
42.52
42.50
42.51
42.49
42.51
42.52
42.52
42.53
42.51
42.54
42.55
42.55
42.54
42.53
42.54
42.52
42.50
42.51
42.49
42.50
42.50
42.50
42.50
42.51
42.50
42.46
42.47
42.44
42.47
42.48
42.47
42.48
42.45
42.47
42.45
42.48
42.49
42.49
42.48
42.47
42.46
42.47
42.47
42.46
42.46
42.48
42.48
42.48
42.48
42.50
42.51
42.51
42.53
42.54
42.53
42.55
42.54
42.55
42.55
42.53
42.54
42.55
42.55
42.55
42.53
42.51
42.51
42.52
42.51
42.51
42.50
42.49
42.47
42.46
42.46
42.45
42.44
42.44
42.44
42.45
42.46
42.45
42.45
42.45
42.44
42.44
42.46
42.46
42.45
42.43
42.43
42.42
42.43
42.42
42.43
42.43
42.42
42.43
42.43
42.44
42.45
42.44
42.44
42.44
42.44
42.46
42.48
42.47
42.47
42.46
42.46
42.46
42.45
42.44
42.45
42.45
42.44
42.43
42.41
42.39
42.40
42.37
42.35
42.34
42.35
42.34
42.33
42.30
42.31
42.30
42.31
42.31
42.32
42.32
42.31
42.31
42.32
42.34
42.35
42.35
42.33
42.32
42.31
42.31
42.31
42.29
42.32
42.31
42.33
42.33
42.33
42.33
42.32
42.31
42.31
42.31
42.30
42.29
42.31
42.30
42.30
42.31
42.31
42.31
42.32
42.32
42.30
42.30
42.31
42.29
42.29
42.29
42.30
42.30
42.29
42.30
42.31
42.30
42.31
42.30
42.29
42.28
42.30
42.31
42.33
42.32
42.32
42.32
42.32
42.32
42.32
42.33
42.31
42.31
42.29
42.29
42.29
42.30
42.30
42.30
42.31
42.30
42.30
42.29
42.29
42.29
42.30
42.30
42.30
42.30
42.31
42.33
42.32
42.32
42.32
42.32
42.33
42.33
42.33
42.34
42.33
42.32
42.32
42.31
42.29
42.29
42.28
42.28
42.30
42.32
42.33
42.32
42.32
42.33
42.32
42.33
42.35
42.33
42.34
42.33
42.32
42.32
42.31
42.30
42.29
42.29
42.30
42.30
42.29
42.28
42.28
42.28
42.29
42.29
