35.79
35.30
35.41
36.12
36.72
36.31
36.91
36.62
37.54
37.63
37.61
37.57
37.45
37.44
37.53
37.67
37.51
37.31
37.62
37.60
37.68
37.95
38.00
38.35
38.46
38.31
38.18
38.27
38.41
38.21
38.08
38.16
38.16
38.01
37.93
37.83
37.79
37.72
37.60
37.52
37.41
37.40
37.31
37.44
37.43
37.38
37.29
37.34
37.32
37.36
37.46
37.61
37.63
37.60
37.49
37.52
37.43
37.41
37.42
37.37
37.27
37.22
37.24
37.16
37.31
37.27
37.23
37.23
37.13
37.15
37.16
37.17
37.14
37.18
37.15
37.13
37.10
37.11
37.09
37.06
37.10
37.10
37.14
37.12
37.10
37.05
37.05
37.12
37.05
37.08
37.12
37.14
37.12
37.10
37.11
37.08
37.11
37.11
37.09
37.00
36.98
36.98
36.93
36.94
36.92
36.96
36.97
36.95
36.97
36.99
36.99
36.97
36.97
36.96
37.00
36.97
36.98
36.99
36.99
37.00
37.07
37.09
37.11
37.15
37.23
37.19
37.16
37.17
37.15
37.21
37.25
37.30
37.29
37.34
37.38
37.38
37.35
37.32
37.31
37.37
37.34
37.33
37.37
37.36
37.39
37.42
37.43
37.44
37.48
37.49
37.49
37.48
37.44
37.46
37.47
37.47
37.46
37.47
37.40
37.43
37.42
37.41
37.42
37.40
37.38
37.38
37.40
37.45
37.43
37.45
37.43
37.43
37.40
37.40
37.36
37.35
37.31
37.32
37.33
37.34
37.37
37.37
37.36
37.40
37.42
37.44
37.44
37.42
37.44
37.41
37.41
37.41
37.42
37.40
37.40
37.40
37.40
37.38
37.37
37.36
37.38
37.37
37.37
37.36
37.34
37.36
37.33
37.33
37.33
37.33
37.32
37.36
37.37
37.38
37.37
37.38
37.42
37.42
37.39
37.39
37.40
37.40
37.38
37.37
37.37
37.37
37.37
37.36
37.37
37.34
37.33
37.31
37.30
37.28
37.28
37.28
37.25
37.25
37.27
37.24
37.26
37.27
37.25
37.25
37.23
37.21
37.25
37.24
37.24
37.24
37.26
37.25
37.25
37.27
37.26
37.25
37.25
37.26
37.26
37.25
37.25
37.26
37.29
37.28
37.26
37.26
37.26
37.23
37.24
37.21
37.21
37.20
37.20
37.20
37.20
37.20
37.17
37.20
37.21
37.21
37.21
37.20
37.21
37.23
37.21
37.24
37.23
37.25
37.26
37.26
37.26
37.25
37.24
37.23
37.23
37.21
37.22
37.22
37.22
37.22
37.20
37.23
37.24
37.24
37.25
37.26
37.30
37.28
37.28
37.29
37.28
37.27
37.27
37.25
37.26
37.26
37.27
37.27
37.27
37.25
37.25
37.25
37.26
37.29
37.28
37.26
37.24
37.23
37.21
37.22
37.24
37.25
37.27
37.25
37.28
37.26
37.27
37.29
37.28
37.30
37.30
37.30
37.30
37.33
37.34
37.34
37.34
37.36
37.33
37.34
37.34
37.33
37.35
37.34
37.33
37.32
37.33
37.33
37.34
37.33
37.33
37.31
37.30
37.32
37.31
37.30
37.32
37.35
37.35
37.36
37.35
37.34
37.35
37.34
37.34
37.33
37.35
37.34
37.32
37.32
37.33
37.32
37.31
37.30
37.29
37.29
37.29
37.30
37.29
37.28
37.29
37.29
37.28
37.27
37.28
37.27
37.27
37.26
37.26
37.26
37.25
37.24
37.24
37.25
37.26
37.27
37.27
37.28
37.27
37.26
37.29
37.31
37.30
37.30
37.30
37.31
37.32
37.32
37.32
37.34
37.34
37.35
37.36
37.35
37.35
37.35
37.34
37.33
37.33
37.34
37.33
37.32
37.32
37.32
37.33
37.34
37.34
37.35
37.35
37.36
37.37
37.37
37.37
37.38
37.38
37.40
37.40
37.40
37.43
37.45
37.44
37.44
37.44
37.43
37.43
37.44
37.45
37.44
37.44
37.43
37.42
37.43
37.45
37.46
37.45
37.44
37.44
37.43
37.44
37.44
37.43
37.43
37.43
37.44
37.46
37.45
37.44
37.43
37.42
37.44
37.44
37.44
37.43
37.44
37.45
37.43
37.45
37.46
37.46
37.47
37.45
37.46
37.47
37.47
37.47
37.48
37.49
37.50
37.50
37.50
37.50
37.50
37.53
37.52
37.52
37.53
37.53
37.53
37.54
37.54
37.53
37.54
37.54
37.53
37.53
37.53
37.53
37.53
37.52
37.52
37.53
37.52
37.52
37.51
37.51
37.52
37.52
37.52
37.52
37.51
37.52
37.53
37.54
37.54
37.55
37.56
37.55
37.54
37.54
37.54
37.52
37.53
37.54
37.54
37.55
37.56
37.54
37.54
37.55
37.53
37.52
37.52
37.52
37.51
37.51
37.51
37.50
37.49
37.49
37.49
37.48
37.48
37.46
37.46
37.47
37.47
37.46
37.45
37.45
37.45
37.45
37.44
37.44
37.45
37.45
37.46
37.45
37.45
37.46
37.46
37.45
37.45
37.44
37.44
37.45
37.46
37.46
37.46
37.46
37.46
37.45
37.46
37.46
37.46
37.47
37.48
37.47
37.48
37.49
37.49
37.49
37.48
37.48
37.47
37.46
37.46
37.46
37.45
37.44
37.44
37.44
37.44
37.44
37.44
37.45
37.44
37.44
37.43
37.42
37.43
37.42
37.42
37.42
37.42
37.43
37.43
37.42
37.42
37.42
37.41
37.41
37.41
37.40
37.40
37.40
37.39
37.38
37.39
37.39
37.38
37.38
37.38
37.39
37.38
37.38
37.37
37.37
37.37
37.38
37.38
37.38
37.36
37.36
37.34
37.34
37.34
37.35
37.34
37.35
37.35
37.34
37.34
37.34
37.34
37.34
37.34
37.35
37.34
37.35
37.34
37.34
37.32
37.32
37.33
37.33
37.33
37.33
37.32
37.32
37.31
37.31
37.32
37.31
37.31
37.30
37.30
37.30
37.31
37.30
37.30
37.29
37.29
37.29
37.30
37.31
37.31
37.31
37.31
37.31
37.30
37.29
37.29
37.29
37.30
37.30
37.31
37.31
37.30
37.30
37.31
37.30
37.31
37.30
37.30
37.31
37.30
37.30
37.30
37.31
37.31
37.33
37.33
37.32
37.32
37.32
37.32
37.32
37.32
37.32
37.31
37.31
37.31
37.32
37.32
37.32
37.32
37.32
37.32
37.32
37.32
37.33
37.32
37.33
37.33
37.34
37.33
37.34
37.33
37.34
37.34
37.34
37.34
37.34
37.34
37.34
37.34
37.33
37.33
37.33
37.34
37.33
37.33
37.33
37.33
37.33
37.33
37.32
37.32
37.32
37.32
37.32
37.32
37.32
37.31
37.31
37.31
37.31
37.31
37.30
37.30
37.30
37.30
37.30
37.30
37.30
37.31
37.31
37.31
37.30
37.29
37.29
37.29
37.29
37.29
37.29
37.29
37.29
37.29
37.29
37.29
37.29
37.28
37.29
37.30
37.30
37.30
37.31
37.31
37.31
37.32
37.31
37.31
37.32
37.32
37.32
37.31
37.31
37.32
37.31
37.31
37.30
37.29
37.29
37.29
37.30
37.30
37.29
37.29
37.28
37.28
37.28
37.27
37.27
37.27
37.28
37.28
37.28
37.27
37.28
37.29
37.28
37.29
37.29
37.29
37.28
37.29
37.28
37.28
37.28
37.28
37.28
37.28
37.28
37.29
37.29
37.29
37.29
37.28
37.29
37.30
37.31
37.31
37.31
37.31
37.31
37.31
37.32
37.31
37.31
37.31
37.31
37.31
37.30
37.30
37.29
37.29
37.29
37.28
37.28
37.28
37.28
37.29
37.29
37.29
37.30
37.31
37.30
37.30
37.30
37.29
37.29
37.29
37.31
37.30
37.31
37.31
37.31
37.30
37.29
37.29
37.30
37.29
37.29
37.29
37.29
37.29
37.28
37.28
37.28
37.28
37.28
37.29
37.29
37.29
37.29
37.28
37.28
37.28
37.28
37.28
37.28
37.28
37.28
37.28
37.29
37.28
37.28
37.29
37.29
37.29
37.29
37.29
37.29
37.29
37.29
37.29
37.29
37.30
37.30
37.29
37.30
37.29
37.29
37.29
37.29
37.28
37.28
37.29
37.28
37.28
37.28
37.27
37.27
37.28
37.28
37.28
37.28
37.27
37.28
37.28
37.28
37.28
37.29
37.29
37.29
37.29
37.29
37.29
37.29
37.30
37.30
37.30
37.30
37.30
37.30
37.30
37.30
37.30
37.30
37.29
37.29
37.30
37.29
37.29
37.29
37.29
37.30
37.30
37.29
37.29
37.30
37.30
37.29
37.29
37.29
37.29
37.29
37.29
37.29
37.29
