29.99
30.00
30.97
32.54
33.74
33.75
34.10
35.27
34.59
34.76
35.21
34.27
33.98
34.10
34.65
35.09
35.62
35.08
34.85
35.36
35.47
35.03
34.83
34.71
34.39
33.86
33.78
34.12
34.07
33.90
34.05
33.61
33.73
33.74
33.75
34.05
34.15
34.35
34.26
34.32
34.00
34.19
34.31
34.53
34.36
34.29
34.15
34.34
34.59
34.31
34.28
34.50
34.45
34.38
34.38
34.28
34.23
34.20
34.05
33.98
33.77
33.60
33.76
34.01
34.07
34.11
34.12
34.13
34.01
34.06
34.06
34.16
34.11
34.15
34.12
34.01
34.12
34.10
34.10
34.12
34.24
34.21
34.17
34.13
34.04
34.12
34.26
34.09
34.06
33.97
33.89
33.78
33.70
33.69
33.63
33.50
33.66
33.72
33.72
33.76
33.75
33.82
33.78
33.71
33.67
33.65
33.63
33.58
33.47
33.53
33.64
33.59
33.52
33.67
33.74
33.68
33.67
33.68
33.65
33.57
33.60
33.68
33.70
33.80
33.71
33.65
33.60
33.52
33.54
33.64
33.69
33.60
33.65
33.63
33.59
33.61
33.55
33.54
33.55
33.49
33.47
33.42
33.44
33.38
33.33
33.29
33.20
33.15
33.26
33.25
33.29
33.26
33.25
33.23
33.20
33.20
33.18
33.20
33.15
33.17
33.15
33.10
33.09
33.09
33.01
32.97
33.02
32.98
32.95
33.00
33.00
32.94
32.93
32.97
32.94
32.88
32.81
32.84
32.91
32.94
32.98
33.01
33.00
33.03
33.01
33.06
33.07
33.05
32.98
32.97
32.96
33.01
33.02
33.07
33.02
32.98
32.96
33.02
33.06
33.03
33.01
32.99
32.99
32.99
33.00
33.06
33.05
33.11
33.16
33.12
33.15
33.09
33.08
33.03
33.06
33.05
33.05
33.09
33.02
33.11
33.12
33.11
33.08
33.04
33.01
32.97
32.93
32.98
33.01
32.97
32.95
32.92
32.91
32.93
32.96
32.96
32.95
32.96
32.92
32.89
32.89
32.85
32.84
32.85
32.82
32.83
32.84
32.87
32.86
32.84
32.84
32.82
32.85
32.81
32.79
32.80
32.78
32.78
32.77
32.75
32.80
32.79
32.79
32.84
32.81
32.83
32.80
32.79
32.76
32.74
32.70
32.71
32.76
32.80
32.76
32.75
32.72
32.69
32.71
32.79
32.80
32.83
32.80
32.83
32.83
32.85
32.84
32.86
32.88
32.91
33.01
33.04
33.07
33.02
33.03
33.03
32.99
32.98
32.95
32.97
32.98
32.98
33.01
33.03
33.08
33.08
33.08
33.10
33.07
33.10
33.09
33.10
33.10
33.11
33.11
33.12
33.13
33.14
33.13
33.16
33.15
33.20
33.20
33.21
33.22
33.19
33.21
33.23
33.25
33.22
33.24
33.20
33.25
33.26
33.24
33.25
33.23
33.24
33.21
33.18
33.18
33.16
33.17
33.18
33.22
33.22
33.20
33.23
33.20
33.17
33.13
33.10
33.06
33.11
33.09
33.11
33.09
33.09
33.06
33.08
33.08
33.08
33.06
33.05
33.03
32.99
33.01
33.04
33.00
32.99
32.99
32.97
32.93
32.95
32.96
33.00
32.98
32.99
32.98
32.96
32.94
32.94
32.96
32.95
32.93
32.91
32.92
32.89
32.88
32.87
32.93
32.91
32.92
32.91
32.91
32.93
32.92
32.91
32.89
32.87
32.86
32.89
32.89
32.87
32.87
32.89
32.86
32.85
32.85
32.84
32.85
32.81
32.78
32.78
32.81
32.82
32.79
32.78
32.81
32.79
32.80
32.81
32.82
32.87
32.85
32.83
32.81
32.84
32.85
32.84
32.89
32.90
32.90
32.90
32.88
32.85
32.83
32.83
32.84
32.84
32.84
32.86
32.90
32.91
32.91
32.89
32.88
32.88
32.87
32.84
32.86
32.87
32.89
32.87
32.89
32.88
32.86
32.85
32.86
32.88
32.88
32.88
32.86
32.87
32.94
32.92
32.92
32.90
32.88
32.88
32.87
32.89
32.90
32.87
32.84
32.81
32.81
32.82
32.83
32.88
32.87
32.90
32.94
32.94
32.92
32.91
32.92
32.89
32.91
32.89
32.91
32.92
32.91
32.90
32.91
32.92
32.90
32.88
32.88
32.88
32.88
32.86
32.85
32.84
32.82
32.80
32.81
32.80
32.80
32.81
32.80
32.82
32.81
32.80
32.83
32.82
32.81
32.81
32.79
32.79
32.80
32.80
32.80
32.77
32.79
32.81
32.80
32.79
32.82
32.82
32.81
32.80
32.80
32.81
32.83
32.83
32.81
32.82
32.85
32.86
32.86
32.85
32.86
32.85
32.85
32.85
32.86
32.84
32.84
32.87
32.85
32.85
32.86
32.85
32.84
32.84
32.83
32.81
32.81
32.81
32.80
32.82
32.81
32.80
32.80
32.79
32.78
32.76
32.75
32.74
32.73
32.73
32.73
32.74
32.73
32.72
32.72
32.71
32.70
32.70
32.68
32.66
32.70
32.70
32.70
32.68
32.69
32.72
32.70
32.70
32.70
32.71
32.73
32.74
32.73
32.75
32.75
32.73
32.72
32.71
32.69
32.69
32.70
32.69
32.68
32.67
32.66
32.65
32.64
32.63
32.63
32.63
32.66
32.69
32.68
32.66
32.65
32.67
32.65
32.64
32.65
32.66
32.65
32.65
32.64
32.65
32.68
32.66
32.65
32.64
32.64
32.64
32.67
32.66
32.66
32.65
32.65
32.65
32.65
32.63
32.64
32.64
32.65
32.63
32.65
32.66
32.68
32.67
32.65
32.64
32.63
32.64
32.64
32.66
32.65
32.64
32.63
32.61
32.62
32.62
32.62
32.63
32.62
32.64
32.64
32.65
32.65
32.66
32.66
32.68
32.70
32.70
32.71
32.70
32.71
32.72
32.72
32.72
32.73
32.74
32.73
32.73
32.72
32.71
32.71
32.70
32.69
32.69
32.69
32.70
32.69
32.69
32.70
32.71
32.72
32.72
32.73
32.74
32.74
32.73
32.73
32.74
32.76
32.77
32.78
32.78
32.77
32.77
32.75
32.75
32.74
32.73
32.74
32.73
32.74
32.73
32.74
32.74
32.74
32.72
32.74
32.73
32.74
32.73
32.73
32.74
32.74
32.74
32.74
32.76
32.75
32.75
32.78
32.79
32.78
32.76
32.77
32.77
32.77
32.75
32.73
32.72
32.76
32.78
32.78
32.77
32.77
32.77
32.77
32.77
32.76
32.78
32.79
32.81
32.82
32.81
32.80
32.83
32.83
32.86
32.84
32.84
32.83
32.82
32.81
32.81
32.81
32.82
32.84
32.84
32.84
32.85
32.84
32.83
32.82
32.82
32.83
32.83
32.83
32.83
32.82
32.82
32.81
32.83
32.82
32.84
32.83
32.85
32.84
32.86
32.86
32.87
32.85
32.84
32.84
32.82
32.83
32.83
32.83
32.83
32.81
32.81
32.80
32.81
32.80
32.81
32.81
32.80
32.79
32.80
32.83
32.84
32.85
32.84
32.85
32.85
32.84
32.83
32.83
32.82
32.82
32.84
32.84
32.84
32.84
32.83
32.83
32.83
32.82
32.82
32.81
32.82
32.82
32.82
32.82
32.85
32.84
32.85
32.86
32.87
32.87
32.89
32.89
32.89
32.90
32.91
32.90
32.89
32.88
32.88
32.87
32.87
32.86
32.86
32.86
32.86
32.85
32.87
32.86
32.86
32.86
32.85
32.85
32.87
32.87
32.87
32.87
32.88
32.88
32.89
32.91
32.89
32.89
32.90
32.92
32.92
32.91
32.91
32.92
32.91
32.93
32.93
32.93
32.93
32.93
32.92
32.92
32.91
32.90
32.90
32.90
32.91
32.89
32.89
32.89
32.89
32.90
32.90
32.89
32.89
32.90
32.90
32.90
32.90
32.89
32.90
32.90
32.91
32.90
32.89
32.90
32.91
32.92
32.91
32.90
32.91
32.91
32.91
32.91
32.90
32.90
32.91
32.90
32.89
32.90
32.90
32.90
32.90
32.89
32.89
32.88
32.87
32.87
32.86
32.87
32.87
32.88
32.88
32.86
32.86
32.85
32.85
32.87
32.86
32.86
32.86
32.85
32.86
32.87
32.87
32.86
32.86
32.85
32.85
32.85
32.85
32.85
32.86
32.85
32.85
32.85
32.84
32.83
32.83
32.82
32.84
32.84
32.84
32.83
32.83
32.83
32.81
32.82
32.82
32.82
32.82
32.81
32.81
32.80
32.80
32.80
32.79
32.79
32.81
32.81
32.79
32.80
32.79
32.79
32.78
32.79
32.78
32.80
32.80
32.80
32.80
32.79
32.79
32.79
32.80
