34.60
34.60
34.60
34.60
34.60
34.61
34.60
34.60
34.60
34.61
34.62
34.62
34.62
34.62
34.62
34.62
34.62
34.62
34.62
34.62
34.62
34.62
34.62
34.62
34.62
34.62
34.63
34.63
34.63
34.63
34.63
34.62
34.62
34.62
34.62
34.62
34.62
34.62
34.62
34.62
34.62
34.62
34.63
34.63
34.64
34.63
34.64
34.64
34.64
34.64
34.64
34.65
34.65
34.65
34.65
34.66
34.66
34.66
34.66
34.66
34.67
34.67
34.68
34.68
34.69
34.69
34.68
34.69
34.68
34.69
34.69
34.69
34.69
34.70
34.70
34.70
34.70
34.70
34.70
34.70
34.70
34.71
34.71
34.71
34.71
34.72
34.72
34.73
34.73
34.73
34.73
34.73
34.74
34.74
34.74
34.75
34.75
34.76
34.75
34.75
34.75
34.75
34.75
34.75
34.75
34.75
34.75
34.75
34.76
34.77
34.77
34.77
34.77
34.77
34.77
34.77
34.77
34.77
34.77
34.78
34.78
34.78
34.78
34.79
34.80
34.80
34.80
34.80
34.81
34.81
34.81
34.81
34.81
34.81
34.81
34.81
34.81
34.81
34.81
34.82
34.82
34.82
34.83
34.82
34.83
34.84
34.83
34.85
34.86
34.86
34.86
34.86
34.86
34.85
34.85
34.85
34.85
34.85
34.86
34.85
34.86
34.87
34.87
34.87
34.87
34.87
34.87
34.87
34.87
34.88
34.87
34.87
34.87
34.87
34.87
34.88
34.88
34.88
34.89
34.88
34.88
34.88
34.88
34.89
34.89
34.89
34.89
34.89
34.89
34.90
34.89
34.89
34.89
34.89
34.89
34.89
34.89
34.90
34.90
34.90
34.90
34.90
34.90
34.91
34.91
34.91
34.92
34.92
34.92
34.92
34.93
34.93
34.93
34.93
34.93
34.93
34.93
34.93
34.93
34.93
34.93
34.94
34.94
34.94
34.94
34.94
34.93
34.93
34.93
34.94
34.95
34.95
34.95
34.95
34.95
34.96
34.96
34.95
34.95
34.95
34.95
34.95
34.95
34.96
34.95
34.95
34.95
34.95
34.95
34.95
34.96
34.96
34.96
34.96
34.96
34.97
34.97
34.97
34.97
34.97
34.98
34.98
34.98
34.98
34.98
34.98
34.98
34.99
34.99
34.98
34.99
34.99
34.99
34.99
34.99
34.99
34.99
35.00
35.00
35.01
35.01
35.01
35.01
35.01
35.01
35.02
35.02
35.02
35.02
35.03
35.03
35.02
35.02
35.02
35.02
35.02
35.02
35.03
35.03
35.03
35.03
35.03
35.03
35.03
35.03
35.03
35.03
35.03
35.03
35.03
35.04
35.04
35.04
35.03
35.04
35.04
35.04
35.04
35.04
35.04
35.04
35.04
35.04
35.04
35.04
35.05
35.05
35.05
35.05
35.05
35.05
35.05
35.05
35.06
35.06
35.06
35.05
35.05
35.05
35.05
35.06
35.06
35.06
35.06
35.06
35.05
35.05
35.06
35.05
35.06
35.06
35.07
35.07
35.07
35.07
35.07
35.07
35.07
35.07
35.07
35.07
35.07
35.08
35.08
35.08
35.08
35.08
35.09
35.09
35.10
35.11
35.12
35.12
35.12
35.12
35.12
35.11
35.12
35.11
35.11
35.12
35.12
35.13
35.13
35.12
35.12
35.13
35.13
35.13
35.13
35.13
35.14
35.14
35.15
35.14
35.15
35.15
35.15
35.16
35.15
35.17
35.17
35.17
35.17
35.17
35.17
35.17
35.18
35.18
35.18
35.18
35.17
35.18
35.18
35.17
35.18
35.18
35.17
35.18
35.18
35.18
35.18
35.18
35.19
35.19
35.19
35.20
35.20
35.20
35.21
35.21
35.21
35.21
35.21
35.20
35.21
35.21
35.21
35.21
35.21
35.22
35.22
35.22
35.22
35.22
35.23
35.23
35.23
35.23
35.24
35.24
35.25
35.25
35.25
35.25
35.24
35.24
35.25
35.25
35.25
35.25
35.25
35.25
35.25
35.25
35.25
35.25
35.24
35.24
35.25
35.25
35.25
35.25
35.26
35.26
35.26
35.26
35.26
35.26
35.25
35.25
35.26
35.27
35.26
35.26
35.26
35.26
35.26
35.26
35.26
35.26
35.25
35.26
35.26
35.26
35.27
35.27
35.27
35.26
35.27
35.26
35.27
35.27
35.27
35.27
35.27
35.27
35.27
35.27
35.27
35.29
35.29
35.29
35.29
35.28
35.28
35.28
35.28
35.29
35.29
35.28
35.28
35.28
35.28
35.29
35.29
35.30
35.30
35.30
35.31
35.31
35.30
35.30
35.31
35.31
35.31
35.31
35.31
35.31
35.32
35.32
35.32
35.32
35.32
35.33
35.33
35.33
35.33
35.34
35.34
35.34
35.34
35.34
35.34
35.33
35.34
35.34
35.34
35.33
35.33
35.34
35.33
35.34
35.34
35.34
35.34
35.34
35.35
35.35
35.35
35.35
35.34
35.34
35.34
35.34
35.35
35.35
35.35
35.35
35.36
35.35
35.36
35.36
35.36
35.36
35.36
35.37
35.37
35.37
35.36
35.37
35.36
35.36
35.36
35.37
35.37
35.37
35.37
35.37
35.36
35.37
35.38
35.37
35.38
35.38
35.38
35.38
35.37
35.37
35.37
35.38
35.38
35.37
35.38
35.38
35.38
35.38
35.38
35.38
35.38
35.38
35.38
35.38
35.38
35.38
35.38
35.38
35.38
35.39
35.38
35.38
35.38
35.38
35.38
35.38
35.38
35.38
35.38
35.38
35.38
35.38
35.38
35.38
35.38
35.38
35.38
35.38
35.38
35.38
35.38
35.38
35.37
35.38
35.38
35.38
35.38
35.38
35.39
35.38
35.38
35.38
35.38
35.38
35.39
35.39
35.39
35.40
35.39
35.39
35.39
35.39
35.40
35.41
35.40
35.41
35.41
35.41
35.41
35.41
35.41
35.41
35.42
35.42
35.42
35.41
35.42
35.42
35.42
35.42
35.42
35.42
35.43
35.42
35.43
35.43
35.43
35.43
35.43
35.43
35.43
35.43
35.43
35.43
35.43
35.43
35.43
35.42
35.42
35.43
35.43
35.42
35.43
35.43
35.43
35.43
35.43
35.43
35.43
35.43
35.43
35.44
35.44
35.44
35.44
35.43
35.44
35.44
35.44
35.45
35.45
35.45
35.45
35.44
35.45
35.45
35.45
35.45
35.45
35.45
35.45
35.46
35.46
35.45
35.45
35.46
35.46
35.46
35.46
35.46
35.46
35.46
35.46
35.47
35.47
35.47
35.47
35.47
35.46
35.46
35.46
35.46
35.46
35.46
35.46
35.46
35.47
35.47
35.47
35.47
35.48
35.48
35.48
35.48
35.47
35.48
35.48
35.48
35.48
35.48
35.49
35.49
35.48
35.48
35.48
35.48
35.48
35.49
35.50
35.49
35.50
35.50
35.51
35.51
35.51
35.51
35.51
35.51
35.52
35.52
35.52
35.52
35.52
35.52
35.53
35.53
35.54
35.54
35.53
35.54
35.54
35.54
35.54
35.55
35.55
35.55
35.55
35.55
35.55
35.55
35.55
35.55
35.55
35.55
35.55
35.55
35.55
35.55
35.55
35.55
35.55
35.56
35.56
35.56
35.56
35.55
35.56
35.56
35.56
35.56
35.56
35.56
35.56
35.57
35.57
35.57
35.56
35.57
35.57
35.57
35.57
35.57
35.56
35.56
35.56
35.56
35.56
35.56
35.56
35.56
35.56
35.56
35.57
35.57
35.57
35.57
35.58
35.58
35.58
35.58
35.58
35.58
35.58
35.58
35.58
35.58
35.58
35.58
35.58
35.58
35.58
35.57
35.57
35.58
35.58
35.58
35.58
35.57
35.58
35.58
35.58
35.58
35.58
35.59
35.58
35.59
35.59
35.60
35.60
35.60
35.60
35.60
35.59
35.59
35.60
35.59
35.59
35.60
35.60
35.60
35.60
35.61
35.60
35.61
35.61
35.61
35.61
35.61
35.61
35.61
35.61
35.61
35.61
35.62
35.62
35.62
35.62
35.62
35.62
35.62
35.62
35.62
35.62
35.62
35.62
35.62
35.63
35.63
35.63
35.63
35.63
35.63
35.63
35.64
35.64
35.64
35.64
35.64
35.64
35.64
35.63
35.63
35.63
35.63
35.64
35.64
35.63
35.63
35.63
35.63
35.63
35.63
35.63
35.63
35.63
35.62
35.63
35.63
35.63
35.62
35.63
35.63
35.64
35.63
35.64
35.63
35.63
35.64
35.64
35.64
35.63
35.63
35.64
35.64
35.64
35.64
35.64
35.65
35.65
35.65
35.65
35.65
35.65
35.65
35.65
35.65
35.65
35.66
35.66
35.66
35.66
