39.83
39.83
39.82
39.84
39.83
39.84
39.85
39.85
39.85
39.85
39.86
39.85
39.85
39.85
39.87
39.86
39.88
39.87
39.87
39.86
39.87
39.88
39.89
39.88
39.89
39.89
39.88
39.88
39.88
39.88
39.88
39.89
39.90
39.89
39.90
39.90
39.89
39.90
39.90
39.89
39.89
39.89
39.89
39.90
39.90
39.91
39.90
39.91
39.92
39.92
39.92
39.91
39.91
39.89
39.88
39.89
39.88
39.88
39.87
39.86
39.86
39.85
39.84
39.84
39.85
39.83
39.84
39.83
39.85
39.87
39.86
39.86
39.86
39.86
39.86
39.88
39.88
39.88
39.88
39.89
39.90
39.90
39.89
39.89
39.89
39.88
39.88
39.89
39.90
39.89
39.89
39.90
39.89
39.91
39.90
39.90
39.91
39.92
39.92
39.92
39.92
39.94
39.95
39.96
39.96
39.97
39.96
39.95
39.95
39.94
39.95
39.96
39.95
39.95
39.95
39.94
39.96
39.95
39.95
39.95
39.96
39.96
39.97
39.96
39.96
39.95
39.96
39.96
39.96
39.96
39.95
39.96
39.95
39.96
39.95
39.96
39.95
39.94
39.94
39.93
39.93
39.92
39.93
39.92
39.92
39.92
39.91
39.91
39.90
39.90
39.90
39.90
39.90
39.89
39.89
39.89
39.90
39.89
39.88
39.87
39.88
39.87
39.88
39.88
39.87
39.89
39.88
39.90
39.91
39.90
39.89
39.88
39.88
39.88
39.88
39.88
39.88
39.88
39.88
39.88
39.88
39.88
39.90
39.90
39.91
39.91
39.91
39.91
39.92
39.92
39.92
39.92
39.93
39.93
39.93
39.94
39.93
39.93
39.93
39.94
39.93
39.93
39.93
39.94
39.95
39.96
39.96
39.95
39.95
39.95
39.94
39.95
39.95
39.96
39.96
39.96
39.95
39.95
39.94
39.94
39.94
39.95
39.94
39.94
39.93
39.94
39.94
39.94
39.93
39.94
39.93
39.95
39.94
39.94
39.94
39.94
39.93
39.92
39.93
39.93
39.93
39.93
39.94
39.94
39.95
39.94
39.93
39.94
39.92
39.93
39.95
39.94
39.93
39.93
39.94
39.95
39.96
39.96
39.96
39.96
39.96
39.96
39.96
39.96
39.95
39.95
39.95
39.96
39.96
39.95
39.95
39.96
39.95
39.97
39.97
39.97
39.96
39.98
39.98
39.98
39.98
39.98
39.98
39.99
39.99
40.00
40.00
40.01
40.00
40.00
40.02
40.03
40.03
40.03
40.04
40.04
40.03
40.03
40.02
40.03
40.02
40.03
40.03
40.03
40.03
40.03
40.03
40.03
40.04
40.03
40.03
40.02
40.01
40.02
40.02
40.02
40.03
40.03
40.03
40.03
40.03
40.03
40.03
40.02
40.02
40.02
40.02
40.02
40.01
40.02
40.02
40.02
40.03
40.02
40.02
40.01
40.02
40.02
40.03
40.02
40.01
40.01
40.02
40.02
40.01
40.01
40.01
40.01
40.00
40.00
40.00
40.01
40.01
40.00
40.00
39.99
39.99
40.00
40.01
40.01
40.02
40.02
40.01
40.01
40.02
40.01
40.02
40.02
40.02
40.01
40.02
40.02
40.02
40.02
40.03
40.02
40.02
40.03
40.03
40.02
40.03
40.04
40.04
40.04
40.05
40.06
40.06
40.05
40.06
40.07
40.06
40.05
40.05
40.04
40.03
40.02
40.01
40.02
40.04
40.04
40.04
40.04
40.04
40.03
40.02
40.03
40.02
40.02
40.02
40.01
40.01
40.00
40.00
40.00
40.00
40.01
40.01
40.02
40.03
40.04
40.04
40.05
40.04
40.04
40.04
40.03
40.02
40.02
40.01
40.01
40.00
40.00
40.00
39.99
39.99
39.98
39.99
39.98
39.99
39.99
39.99
39.98
39.98
39.98
39.98
39.99
40.00
40.00
40.00
40.00
40.00
40.00
39.99
39.99
39.99
39.99
39.99
39.99
39.99
39.98
39.99
39.99
39.99
39.99
40.00
40.01
40.01
40.00
40.01
40.01
40.01
40.01
40.01
40.01
40.01
40.01
40.01
40.01
40.01
40.01
40.00
39.99
39.99
39.99
39.99
39.99
39.99
40.00
40.00
40.00
40.01
40.00
40.00
40.01
40.01
40.00
40.00
40.01
40.01
40.00
39.99
40.00
40.00
40.01
40.00
39.99
39.98
39.98
39.99
39.98
39.98
39.98
39.98
39.99
39.99
39.99
39.98
39.97
39.97
39.96
39.95
39.95
39.95
39.95
39.96
39.96
39.95
39.97
39.96
39.95
39.95
39.94
39.94
39.95
39.95
39.96
39.95
39.94
39.94
39.94
39.93
39.92
39.93
39.92
39.92
39.92
39.92
39.92
39.91
39.93
39.94
39.93
39.93
39.94
39.95
39.96
39.96
39.96
39.96
39.95
39.94
39.93
39.93
39.93
39.92
39.92
39.92
39.92
39.92
39.93
39.92
39.92
39.91
39.93
39.93
39.93
39.92
39.92
39.92
39.92
39.93
39.93
39.93
39.93
39.92
39.93
39.93
39.92
39.92
39.92
39.92
39.92
39.92
39.91
39.91
39.91
39.90
39.89
39.89
39.89
39.89
39.89
39.90
39.89
39.89
39.89
39.89
39.89
39.89
39.88
39.89
39.89
39.89
39.89
39.90
39.89
39.89
39.89
39.89
39.89
39.89
39.89
39.88
39.88
39.87
39.88
39.89
39.89
39.89
39.90
39.89
39.89
39.90
39.90
39.89
39.89
39.89
39.88
39.88
39.87
39.86
39.86
39.86
39.87
39.87
39.87
39.87
39.87
39.86
39.85
39.86
39.86
39.88
39.89
39.89
39.89
39.89
39.89
39.88
39.88
39.87
39.87
39.87
39.87
39.88
39.87
39.87
39.87
39.87
39.87
39.87
39.87
39.87
39.86
39.86
39.86
39.86
39.85
39.84
39.84
39.85
39.86
39.85
39.85
39.84
39.84
39.85
39.85
39.84
39.84
39.83
39.84
39.83
39.84
39.85
39.84
39.84
39.85
39.85
39.84
39.84
39.84
39.85
39.85
39.86
39.86
39.86
39.86
39.85
39.85
39.86
39.86
39.87
39.87
39.87
39.87
39.88
39.88
39.88
39.88
39.88
39.88
39.89
39.89
39.88
39.88
39.88
39.88
39.88
39.87
39.88
39.88
39.88
39.88
39.88
39.89
39.89
39.90
39.90
39.91
39.90
39.91
39.91
39.90
39.92
39.93
39.92
39.92
39.91
39.91
39.90
39.91
39.90
39.91
39.91
39.91
39.92
39.92
39.91
39.91
39.92
39.92
39.91
39.92
39.93
39.92
39.93
39.94
39.94
39.95
39.94
39.95
39.95
39.96
39.96
39.96
39.95
39.95
39.95
39.95
39.94
39.94
39.94
39.94
39.94
39.94
39.95
39.94
39.93
39.93
39.93
39.92
39.93
39.92
39.92
39.91
39.91
39.91
39.90
39.90
39.90
39.90
39.89
39.90
39.89
39.89
39.89
39.89
39.88
39.89
39.88
39.88
39.88
39.88
39.88
39.88
39.89
39.88
39.88
39.88
39.89
39.89
39.89
39.89
39.89
39.89
39.90
39.90
39.90
39.91
39.91
39.92
39.91
39.92
39.93
39.93
39.93
39.93
39.93
39.93
39.93
39.92
39.92
39.93
39.92
39.92
39.91
39.91
39.92
39.91
39.91
39.92
39.91
39.91
39.92
39.93
39.93
39.93
39.93
39.93
39.94
39.94
39.93
39.93
39.93
39.93
39.94
39.94
39.94
39.94
39.94
39.93
39.93
39.92
39.93
39.93
39.93
39.93
39.92
39.92
39.92
39.94
39.94
39.93
39.93
39.94
39.94
39.94
39.95
39.95
39.95
39.95
39.96
39.96
39.96
39.96
39.96
39.96
39.96
39.96
39.96
39.96
39.96
39.96
39.96
39.95
39.95
39.94
39.94
39.94
39.94
39.94
39.95
39.94
39.94
39.94
39.95
39.95
39.94
39.95
39.94
39.94
39.93
39.94
39.95
39.94
39.94
39.94
39.94
39.93
39.93
39.92
39.93
39.93
39.92
39.92
39.92
39.91
39.91
39.91
39.91
39.91
39.90
39.90
39.90
39.90
39.90
39.91
39.92
39.92
39.91
39.91
39.90
39.90
39.90
39.90
39.89
39.89
39.90
39.90
39.90
39.89
39.89
39.90
39.90
39.90
39.90
39.89
39.88
39.88
39.87
39.87
39.87
39.88
39.87
39.88
39.89
39.88
39.89
39.88
39.88
39.89
39.90
39.90
39.91
39.90
39.90
39.90
39.90
39.90
39.91
39.91
39.91
39.91
39.92
39.91
39.92
39.91
39.91
39.90
