32.59
32.59
32.59
32.59
32.60
32.60
32.61
32.61
32.61
32.62
32.62
32.62
32.62
32.62
32.63
32.63
32.63
32.63
32.63
32.63
32.64
32.64
32.64
32.64
32.64
32.64
32.64
32.65
32.65
32.65
32.65
32.65
32.66
32.67
32.68
32.68
32.69
32.69
32.69
32.69
32.69
32.69
32.69
32.70
32.70
32.70
32.70
32.71
32.70
32.71
32.71
32.71
32.71
32.72
32.72
32.72
32.72
32.72
32.72
32.72
32.72
32.72
32.72
32.72
32.73
32.73
32.73
32.74
32.74
32.74
32.74
32.75
32.75
32.75
32.76
32.76
32.76
32.76
32.76
32.76
32.77
32.77
32.78
32.77
32.77
32.77
32.77
32.77
32.77
32.78
32.78
32.79
32.79
32.79
32.79
32.79
32.79
32.79
32.79
32.78
32.79
32.79
32.79
32.80
32.80
32.80
32.80
32.81
32.81
32.81
32.82
32.83
32.83
32.84
32.84
32.84
32.85
32.85
32.86
32.86
32.86
32.86
32.87
32.87
32.88
32.88
32.88
32.89
32.89
32.89
32.90
32.89
32.89
32.89
32.90
32.90
32.90
32.90
32.91
32.91
32.91
32.92
32.92
32.92
32.92
32.93
32.93
32.94
32.94
32.94
32.94
32.94
32.94
32.94
32.94
32.95
32.95
32.95
32.95
32.95
32.95
32.95
32.96
32.96
32.96
32.96
32.96
32.96
32.96
32.97
32.97
32.98
32.98
32.99
33.00
33.00
33.00
33.00
33.01
33.00
33.00
33.01
33.01
33.01
33.02
33.02
33.03
33.03
33.03
33.04
33.04
33.04
33.04
33.05
33.05
33.05
33.05
33.06
33.06
33.06
33.06
33.07
33.07
33.08
33.08
33.08
33.08
33.08
33.09
33.09
33.10
33.10
33.10
33.10
33.10
33.11
33.11
33.11
33.11
33.11
33.12
33.12
33.12
33.12
33.12
33.12
33.12
33.12
33.12
33.12
33.12
33.13
33.13
33.13
33.14
33.14
33.14
33.14
33.14
33.14
33.14
33.14
33.15
33.15
33.15
33.15
33.16
33.16
33.16
33.16
33.16
33.17
33.17
33.18
33.18
33.18
33.18
33.18
33.18
33.18
33.19
33.18
33.19
33.19
33.20
33.21
33.21
33.21
33.21
33.21
33.22
33.21
33.21
33.22
33.22
33.22
33.23
33.23
33.24
33.23
33.23
33.24
33.24
33.24
33.25
33.25
33.25
33.25
33.25
33.26
33.26
33.26
33.26
33.27
33.28
33.28
33.28
33.28
33.29
33.29
33.29
33.29
33.29
33.29
33.29
33.30
33.30
33.30
33.30
33.31
33.32
33.32
33.32
33.33
33.33
33.33
33.33
33.33
33.34
33.34
33.34
33.34
33.34
33.35
33.35
33.36
33.36
33.37
33.37
33.37
33.37
33.37
33.37
33.38
33.38
33.38
33.38
33.38
33.38
33.38
33.38
33.38
33.38
33.39
33.39
33.39
33.39
33.39
33.39
33.40
33.41
33.41
33.42
33.42
33.42
33.43
33.42
33.43
33.43
33.43
33.43
33.44
33.44
33.44
33.45
33.45
33.45
33.46
33.46
33.46
33.46
33.46
33.47
33.47
33.47
33.47
33.47
33.48
33.48
33.49
33.49
33.49
33.49
33.50
33.49
33.50
33.50
33.50
33.51
33.51
33.51
33.51
33.51
33.52
33.52
33.53
33.53
33.53
33.53
33.54
33.55
33.55
33.55
33.56
33.56
33.56
33.56
33.57
33.57
33.57
33.57
33.57
33.57
33.58
33.58
33.58
33.58
33.58
33.58
33.59
33.59
33.59
33.59
33.60
33.60
33.60
33.60
33.61
33.61
33.62
33.62
33.63
33.63
33.64
33.64
33.64
33.65
33.65
33.65
33.65
33.66
33.65
33.65
33.65
33.65
33.66
33.65
33.66
33.66
33.66
33.66
33.67
33.67
33.67
33.68
33.68
33.68
33.68
33.68
33.69
33.69
33.70
33.70
33.70
33.70
33.71
33.70
33.71
33.71
33.71
33.72
33.72
33.72
33.72
33.73
33.73
33.73
33.73
33.73
33.73
33.73
33.74
33.74
33.73
33.74
33.74
33.74
33.74
33.74
33.75
33.74
33.75
33.74
33.75
33.75
33.75
33.75
33.75
33.76
33.76
33.76
33.76
33.76
33.76
33.77
33.77
33.78
33.78
33.78
33.78
33.78
33.79
33.79
33.79
33.80
33.81
33.81
33.81
33.81
33.82
33.82
33.82
33.83
33.83
33.83
33.83
33.83
33.84
33.84
33.84
33.84
33.84
33.84
33.84
33.84
33.85
33.85
33.85
33.85
33.86
33.86
33.86
33.86
33.87
33.88
33.88
33.87
33.88
33.88
33.88
33.88
33.89
33.89
33.89
33.89
33.89
33.89
33.89
33.90
33.90
33.91
33.91
33.91
33.91
33.91
33.92
33.91
33.91
33.92
33.92
33.92
33.92
33.92
33.91
33.91
33.92
33.92
33.92
33.92
33.92
33.92
33.93
33.93
33.93
33.94
33.94
33.95
33.95
33.96
33.96
33.96
33.97
33.98
33.98
33.99
33.99
33.99
33.99
34.00
34.00
34.00
34.00
34.00
34.00
34.00
34.00
34.00
34.00
34.01
34.01
34.01
34.01
34.01
34.01
34.01
34.02
34.02
34.02
34.02
34.02
34.02
34.02
34.02
34.02
34.02
34.03
34.03
34.03
34.03
34.04
34.04
34.04
34.04
34.03
34.03
34.04
34.04
34.04
34.04
34.04
34.05
34.05
34.05
34.05
34.05
34.05
34.05
34.06
34.06
34.06
34.06
34.06
34.07
34.07
34.07
34.07
34.07
34.07
34.07
34.08
34.08
34.08
34.08
34.08
34.08
34.08
34.08
34.08
34.08
34.08
34.08
34.08
34.09
34.09
34.09
34.10
34.10
34.10
34.11
34.11
34.11
34.11
34.11
34.11
34.11
34.12
34.12
34.12
34.12
34.12
34.13
34.13
34.14
34.14
34.14
34.14
34.15
34.14
34.14
34.15
34.15
34.15
34.15
34.15
34.16
34.16
34.16
34.15
34.16
34.16
34.16
34.16
34.16
34.16
34.16
34.16
34.16
34.16
34.16
34.16
34.16
34.16
34.17
34.17
34.17
34.17
34.16
34.17
34.18
34.18
34.18
34.19
34.19
34.19
34.20
34.20
34.20
34.20
34.20
34.20
34.20
34.20
34.20
34.20
34.20
34.21
34.21
34.21
34.21
34.21
34.22
34.22
34.23
34.24
34.24
34.24
34.24
34.24
34.24
34.25
34.25
34.26
34.26
34.26
34.26
34.26
34.26
34.26
34.26
34.27
34.27
34.27
34.27
34.27
34.28
34.28
34.28
34.29
34.29
34.29
34.30
34.30
34.30
34.30
34.31
34.31
34.31
34.31
34.31
34.31
34.31
34.31
34.31
34.31
34.31
34.31
34.32
34.32
34.32
34.32
34.32
34.32
34.32
34.32
34.32
34.32
34.32
34.32
34.32
34.33
34.33
34.33
34.33
34.33
34.33
34.34
34.34
34.34
34.34
34.34
34.35
34.36
34.35
34.35
34.36
34.36
34.36
34.36
34.36
34.36
34.36
34.35
34.35
34.36
34.36
34.36
34.36
34.37
34.37
34.37
34.38
34.37
34.37
34.38
34.38
34.38
34.38
34.39
34.38
34.39
34.39
34.39
34.39
34.38
34.39
34.39
34.39
34.38
34.39
34.39
34.39
34.39
34.39
34.40
34.39
34.39
34.40
34.40
34.40
34.40
34.40
34.40
34.40
34.40
34.40
34.40
34.40
34.40
34.41
34.41
34.41
34.41
34.41
34.42
34.41
34.42
34.42
34.42
34.42
34.42
34.42
34.42
34.43
34.43
34.44
34.44
34.44
34.44
34.44
34.45
34.45
34.45
34.45
34.45
34.45
34.45
34.45
34.45
34.45
34.45
34.45
34.45
34.46
34.46
34.46
34.46
34.47
34.48
34.48
34.48
34.48
34.48
34.48
34.48
34.48
34.48
34.48
34.49
34.49
34.49
34.49
34.50
34.49
34.49
34.50
34.50
34.49
34.50
34.50
34.50
34.50
34.50
34.50
34.50
34.50
34.51
34.51
34.51
34.52
34.52
34.51
34.51
34.51
34.52
34.52
34.53
34.54
34.54
34.54
34.54
34.54
34.54
34.55
34.54
34.56
34.56
34.56
34.56
34.57
34.57
34.56
34.57
34.56
34.57
34.57
34.57
34.57
34.57
34.57
34.58
34.58
34.57
34.57
34.57
34.57
34.58
34.58
34.58
34.59
34.59
34.59
34.59
34.59
34.59
34.59
34.60
34.60
34.60
34.60
34.60
