39.60
39.60
39.61
39.61
39.61
39.61
39.61
39.61
39.61
39.61
39.60
39.60
39.60
39.61
39.61
39.60
39.61
39.61
39.61
39.61
39.61
39.61
39.61
39.61
39.61
39.61
39.61
39.61
39.61
39.61
39.61
39.61
39.61
39.61
39.61
39.61
39.62
39.62
39.62
39.62
39.62
39.62
39.62
39.62
39.62
39.62
39.62
39.62
39.62
39.62
39.62
39.62
39.62
39.62
39.62
39.62
39.63
39.63
39.63
39.63
39.63
39.63
39.63
39.63
39.64
39.64
39.63
39.63
39.64
39.63
39.63
39.63
39.63
39.63
39.63
39.63
39.63
39.63
39.63
39.63
39.63
39.63
39.63
39.63
39.63
39.63
39.63
39.63
39.63
39.63
39.63
39.63
39.63
39.63
39.63
39.63
39.63
39.63
39.63
39.63
39.63
39.63
39.63
39.63
39.63
39.63
39.63
39.63
39.63
39.63
39.63
39.64
39.64
39.64
39.64
39.63
39.63
39.63
39.63
39.63
39.63
39.63
39.63
39.63
39.63
39.63
39.63
39.63
39.63
39.63
39.63
39.63
39.63
39.63
39.63
39.63
39.63
39.64
39.63
39.64
39.64
39.64
39.64
39.64
39.64
39.64
39.64
39.64
39.64
39.64
39.64
39.64
39.63
39.63
39.63
39.63
39.63
39.63
39.63
39.63
39.64
39.64
39.64
39.64
39.64
39.64
39.64
39.64
39.64
39.64
39.64
39.64
39.65
39.65
39.65
39.65
39.65
39.65
39.65
39.65
39.65
39.65
39.65
39.64
39.65
39.65
39.65
39.65
39.65
39.65
39.64
39.64
39.64
39.65
39.65
39.65
39.65
39.65
39.64
39.65
39.65
39.65
39.65
39.65
39.65
39.65
39.65
39.65
39.65
39.65
39.65
39.65
39.65
39.65
39.65
39.65
39.65
39.65
39.65
39.65
39.65
39.64
39.65
39.65
39.65
39.65
39.64
39.64
39.65
39.65
39.65
39.65
39.65
39.65
39.65
39.65
39.65
39.65
39.65
39.65
39.65
39.65
39.65
39.65
39.65
39.65
39.65
39.65
39.65
39.65
39.65
39.65
39.65
39.65
39.65
39.66
39.66
39.66
39.66
39.66
39.66
39.66
39.66
39.66
39.66
39.66
39.66
39.66
39.66
39.66
39.66
39.66
39.66
39.66
39.66
39.66
39.66
39.66
39.67
39.67
39.67
39.67
39.67
39.67
39.67
39.67
39.67
39.67
39.67
39.67
39.67
39.67
39.67
39.67
39.67
39.67
39.67
39.67
39.67
39.67
39.67
39.67
39.67
39.67
39.67
39.67
39.67
39.67
39.67
39.67
39.67
39.67
39.67
39.67
39.67
39.67
39.67
39.67
39.67
39.67
39.67
39.67
39.67
39.67
39.67
39.67
39.67
39.67
39.67
39.67
39.67
39.67
39.67
39.66
39.66
39.66
39.66
39.66
39.67
39.67
39.67
39.67
39.67
39.67
39.67
39.67
39.67
39.67
39.67
39.67
39.67
39.67
39.67
39.67
39.67
39.67
39.67
39.67
39.67
39.67
39.66
39.67
39.66
39.66
39.66
39.66
39.66
39.66
39.67
39.67
39.67
39.67
39.67
39.67
39.67
39.67
39.67
39.67
39.67
39.67
39.67
39.67
39.67
39.67
39.67
39.67
39.67
39.67
39.67
39.67
39.67
39.67
39.67
39.67
39.67
39.67
39.67
39.67
39.67
39.67
39.67
39.67
39.67
39.67
39.67
39.67
39.67
39.67
39.67
39.67
39.67
39.67
39.67
39.67
39.68
39.67
39.67
39.67
39.68
39.68
39.68
39.68
39.68
39.68
39.68
39.68
39.68
39.68
39.68
39.68
39.68
39.68
39.68
39.68
39.68
39.68
39.68
39.68
39.68
39.68
39.68
39.68
39.68
39.68
39.68
39.68
39.68
39.68
39.68
39.68
39.68
39.68
39.68
39.68
39.68
39.68
39.68
39.68
39.68
39.69
39.69
39.69
39.69
39.69
39.69
39.69
39.69
39.69
39.69
39.69
39.69
39.69
39.69
39.69
39.69
39.69
39.69
39.69
39.69
39.69
39.69
39.69
39.69
39.69
39.69
39.69
39.69
39.69
39.68
39.68
39.68
39.68
39.68
39.68
39.68
39.68
39.69
39.69
39.69
39.69
39.69
39.69
39.69
39.69
39.69
39.68
39.68
39.68
39.68
39.68
39.68
39.68
39.68
39.68
39.69
39.69
39.69
39.69
39.69
39.69
39.69
39.69
39.69
39.69
39.69
39.69
39.69
39.69
39.69
39.69
39.70
39.69
39.70
39.70
39.70
39.70
39.70
39.69
39.69
39.70
39.70
39.70
39.70
39.70
39.70
39.70
39.70
39.70
39.70
39.71
39.71
39.71
39.71
39.71
39.71
39.71
39.71
39.71
39.71
39.71
39.71
39.71
39.71
39.71
39.71
39.71
39.72
39.72
39.72
39.72
39.71
39.71
39.71
39.71
39.71
39.72
39.71
39.71
39.71
39.71
39.71
39.71
39.71
39.71
39.71
39.71
39.71
39.71
39.71
39.71
39.70
39.70
39.70
39.70
39.70
39.70
39.70
39.70
39.70
39.70
39.70
39.70
39.70
39.70
39.70
39.70
39.70
39.70
39.71
39.71
39.70
39.70
39.70
39.70
39.70
39.71
39.71
39.71
39.71
39.71
39.71
39.71
39.71
39.71
39.71
39.71
39.72
39.71
39.72
39.72
39.72
39.72
39.72
39.72
39.71
39.71
39.71
39.72
39.72
39.72
39.72
39.71
39.72
39.72
39.72
39.72
39.72
39.72
39.72
39.72
39.72
39.73
39.73
39.73
39.73
39.73
39.73
39.73
39.73
39.73
39.74
39.74
39.74
39.74
39.74
39.74
39.74
39.74
39.74
39.74
39.74
39.74
39.74
39.74
39.74
39.74
39.74
39.74
39.74
39.75
39.75
39.75
39.75
39.75
39.75
39.75
39.75
39.75
39.76
39.76
39.76
39.75
39.75
39.75
39.75
39.75
39.75
39.76
39.75
39.76
39.76
39.75
39.75
39.75
39.75
39.75
39.75
39.75
39.75
39.75
39.76
39.75
39.76
39.76
39.76
39.76
39.76
39.76
39.76
39.76
39.76
39.76
39.76
39.76
39.76
39.76
39.76
39.76
39.76
39.76
39.75
39.75
39.75
39.75
39.75
39.76
39.76
39.76
39.76
39.76
39.76
39.76
39.76
39.76
39.75
39.75
39.75
39.75
39.75
39.75
39.75
39.75
39.75
39.75
39.75
39.75
39.75
39.75
39.75
39.75
39.75
39.75
39.75
39.75
39.75
39.75
39.75
39.76
39.75
39.75
39.75
39.75
39.75
39.75
39.76
39.75
39.76
39.75
39.75
39.75
39.75
39.76
39.76
39.76
39.76
39.76
39.76
39.76
39.76
39.76
39.76
39.76
39.76
39.76
39.76
39.77
39.77
39.77
39.77
39.77
39.77
39.77
39.78
39.77
39.77
39.77
39.78
39.78
39.78
39.78
39.78
39.78
39.78
39.78
39.78
39.78
39.79
39.79
39.79
39.79
39.79
39.79
39.79
39.79
39.79
39.79
39.79
39.79
39.79
39.79
39.80
39.80
39.79
39.79
39.79
39.79
39.79
39.79
39.79
39.79
39.79
39.79
39.79
39.79
39.80
39.79
39.80
39.79
39.79
39.79
39.79
39.79
39.79
39.79
39.79
39.79
39.80
39.80
39.80
39.80
39.80
39.80
39.80
39.80
39.80
39.80
39.80
39.80
39.80
39.80
39.80
39.80
39.80
39.80
39.80
39.80
39.80
39.80
39.81
39.80
39.80
39.80
39.80
39.80
39.80
39.80
39.80
39.80
39.80
39.80
39.80
39.80
39.80
39.80
39.80
39.80
39.80
39.81
39.81
39.80
39.80
39.80
39.80
39.80
39.80
39.80
39.80
39.80
39.80
39.80
39.80
39.79
39.80
39.80
39.80
39.80
39.80
39.80
39.80
39.80
39.80
39.80
39.80
39.80
39.80
39.80
39.80
39.80
39.80
39.80
39.80
39.80
39.80
39.80
39.80
39.81
39.80
39.80
39.80
39.80
39.80
39.81
39.81
39.80
39.80
39.80
39.80
39.80
39.80
39.80
39.80
39.80
39.80
39.80
39.80
39.80
39.80
39.80
39.80
39.80
39.80
39.80
39.80
39.80
39.80
39.80
39.81
39.80
39.81
39.81
39.80
39.80
39.80
39.81
39.80
39.80
39.80
39.80
39.80
39.80
39.80
39.80
39.80
39.80
39.80
39.80
39.79
39.80
39.80
39.80
39.80
39.80
39.80
39.80
39.80
39.80
39.80
39.81
39.80
39.81
