32.57
32.57
32.56
32.56
32.57
32.56
32.56
32.56
32.55
32.55
32.57
32.57
32.56
32.56
32.56
32.55
32.57
32.59
32.59
32.59
32.58
32.59
32.59
32.59
32.58
32.57
32.57
32.57
32.57
32.58
32.60
32.59
32.60
32.59
32.58
32.58
32.58
32.57
32.57
32.57
32.57
32.57
32.58
32.58
32.57
32.57
32.58
32.60
32.59
32.60
32.59
32.61
32.61
32.61
32.61
32.60
32.60
32.61
32.60
32.60
32.60
32.60
32.59
32.59
32.58
32.58
32.59
32.59
32.58
32.59
32.59
32.58
32.58
32.58
32.58
32.60
32.61
32.60
32.60
32.62
32.61
32.62
32.62
32.62
32.62
32.62
32.61
32.60
32.60
32.60
32.60
32.60
32.59
32.60
32.60
32.58
32.58
32.58
32.57
32.57
32.56
32.58
32.58
32.57
32.56
32.56
32.56
32.56
32.56
32.56
32.56
32.55
32.55
32.54
32.55
32.55
32.55
32.55
32.55
32.54
32.54
32.55
32.56
32.55
32.56
32.55
32.54
32.54
32.55
32.55
32.55
32.58
32.57
32.57
32.57
32.57
32.58
32.58
32.58
32.59
32.58
32.58
32.58
32.57
32.58
32.58
32.58
32.58
32.57
32.56
32.57
32.56
32.55
32.54
32.53
32.53
32.53
32.54
32.53
32.54
32.54
32.54
32.54
32.54
32.53
32.54
32.54
32.54
32.54
32.53
32.53
32.54
32.53
32.53
32.53
32.53
32.53
32.54
32.53
32.52
32.51
32.51
32.51
32.50
32.50
32.49
32.49
32.49
32.50
32.50
32.50
32.49
32.49
32.49
32.49
32.48
32.47
32.47
32.49
32.49
32.49
32.49
32.49
32.49
32.49
32.49
32.49
32.49
32.48
32.48
32.47
32.48
32.50
32.51
32.52
32.52
32.51
32.51
32.51
32.51
32.51
32.51
32.51
32.51
32.50
32.50
32.50
32.50
32.50
32.49
32.48
32.48
32.47
32.47
32.49
32.49
32.49
32.50
32.51
32.51
32.50
32.49
32.49
32.49
32.49
32.49
32.49
32.50
32.51
32.51
32.51
32.52
32.52
32.53
32.53
32.52
32.52
32.52
32.51
32.51
32.50
32.50
32.49
32.49
32.48
32.48
32.48
32.48
32.47
32.47
32.48
32.47
32.47
32.47
32.47
32.46
32.46
32.46
32.46
32.47
32.47
32.48
32.47
32.47
32.47
32.46
32.46
32.46
32.45
32.45
32.44
32.46
32.46
32.46
32.47
32.47
32.46
32.46
32.47
32.47
32.47
32.47
32.47
32.47
32.46
32.46
32.45
32.46
32.46
32.46
32.46
32.47
32.47
32.47
32.47
32.46
32.47
32.46
32.46
32.46
32.47
32.47
32.47
32.49
32.48
32.48
32.49
32.49
32.48
32.48
32.48
32.47
32.48
32.49
32.48
32.49
32.49
32.49
32.49
32.48
32.49
32.49
32.49
32.50
32.50
32.50
32.50
32.49
32.49
32.50
32.49
32.48
32.48
32.47
32.47
32.49
32.49
32.49
32.50
32.50
32.50
32.51
32.51
32.52
32.51
32.51
32.50
32.50
32.50
32.49
32.48
32.48
32.47
32.47
32.47
32.47
32.49
32.49
32.49
32.50
32.49
32.49
32.50
32.50
32.50
32.49
32.49
32.49
32.49
32.48
32.47
32.48
32.48
32.48
32.49
32.49
32.48
32.48
32.47
32.49
32.48
32.49
32.48
32.49
32.49
32.49
32.48
32.49
32.49
32.49
32.49
32.49
32.49
32.49
32.48
32.48
32.48
32.47
32.47
32.46
32.46
32.46
32.46
32.47
32.46
32.45
32.46
32.45
32.46
32.45
32.46
32.46
32.46
32.45
32.45
32.46
32.46
32.46
32.47
32.47
32.47
32.47
32.46
32.46
32.45
32.45
32.45
32.45
32.44
32.44
32.43
32.44
32.44
32.43
32.45
32.45
32.45
32.46
32.46
32.45
32.45
32.47
32.47
32.47
32.46
32.47
32.46
32.46
32.48
32.47
32.47
32.47
32.47
32.47
32.48
32.47
32.47
32.47
32.47
32.47
32.47
32.47
32.46
32.47
32.48
32.48
32.47
32.47
32.46
32.48
32.47
32.47
32.48
32.47
32.48
32.48
32.47
32.47
32.47
32.47
32.48
32.48
32.48
32.48
32.47
32.47
32.47
32.46
32.46
32.46
32.46
32.46
32.45
32.44
32.44
32.43
32.42
32.43
32.42
32.42
32.41
32.41
32.40
32.40
32.40
32.39
32.40
32.39
32.38
32.38
32.38
32.39
32.38
32.39
32.41
32.40
32.40
32.40
32.39
32.39
32.40
32.39
32.38
32.39
32.39
32.39
32.39
32.39
32.39
32.38
32.38
32.38
32.38
32.39
32.40
32.39
32.39
32.39
32.39
32.38
32.39
32.39
32.38
32.39
32.39
32.39
32.39
32.39
32.38
32.38
32.37
32.38
32.38
32.38
32.38
32.37
32.37
32.37
32.36
32.36
32.35
32.35
32.35
32.36
32.35
32.35
32.34
32.34
32.34
32.34
32.34
32.33
32.33
32.34
32.34
32.35
32.34
32.34
32.33
32.34
32.35
32.35
32.35
32.36
32.36
32.37
32.37
32.36
32.36
32.37
32.36
32.36
32.37
32.36
32.36
32.36
32.36
32.36
32.35
32.35
32.35
32.35
32.35
32.35
32.35
32.35
32.35
32.36
32.36
32.35
32.34
32.35
32.34
32.34
32.33
32.33
32.33
32.32
32.31
32.31
32.31
32.30
32.31
32.30
32.31
32.31
32.32
32.31
32.32
32.32
32.32
32.33
32.32
32.32
32.32
32.31
32.30
32.30
32.30
32.30
32.30
32.30
32.31
32.31
32.31
32.31
32.30
32.31
32.32
32.33
32.32
32.32
32.31
32.31
32.31
32.32
32.33
32.32
32.32
32.32
32.31
32.32
32.31
32.32
32.32
32.32
32.32
32.31
32.32
32.32
32.32
32.33
32.32
32.33
32.33
32.32
32.32
32.33
32.33
32.34
32.35
32.36
32.36
32.36
32.36
32.36
32.35
32.35
32.35
32.35
32.35
32.35
32.34
32.34
32.35
32.34
32.34
32.34
32.34
32.33
32.32
32.34
32.34
32.35
32.35
32.36
32.37
32.36
32.37
32.37
32.38
32.38
32.38
32.38
32.38
32.37
32.37
32.37
32.39
32.38
32.38
32.38
32.37
32.38
32.39
32.39
32.39
32.38
32.40
32.42
32.42
32.43
32.42
32.42
32.42
32.42
32.42
32.43
32.42
32.42
32.42
32.43
32.42
32.42
32.42
32.42
32.41
32.41
32.41
32.41
32.42
32.42
32.42
32.43
32.43
32.43
32.45
32.45
32.45
32.45
32.46
32.45
32.45
32.46
32.46
32.46
32.45
32.45
32.44
32.44
32.44
32.44
32.44
32.44
32.45
32.45
32.46
32.46
32.46
32.47
32.47
32.47
32.47
32.47
32.47
32.48
32.48
32.48
32.48
32.48
32.47
32.48
32.48
32.49
32.49
32.49
32.50
32.50
32.49
32.50
32.50
32.49
32.49
32.49
32.49
32.50
32.50
32.50
32.50
32.49
32.48
32.48
32.49
32.50
32.51
32.51
32.51
32.51
32.51
32.51
32.51
32.50
32.50
32.51
32.52
32.51
32.51
32.52
32.51
32.53
32.53
32.53
32.53
32.53
32.53
32.52
32.53
32.53
32.53
32.53
32.53
32.52
32.52
32.52
32.52
32.52
32.52
32.52
32.52
32.53
32.52
32.53
32.52
32.54
32.54
32.54
32.54
32.55
32.55
32.54
32.54
32.54
32.54
32.55
32.55
32.55
32.54
32.54
32.54
32.54
32.53
32.54
32.54
32.55
32.55
32.56
32.56
32.56
32.56
32.56
32.57
32.56
32.57
32.57
32.57
32.57
32.57
32.57
32.58
32.58
32.58
32.58
32.58
32.59
32.59
32.59
32.59
32.59
32.59
32.59
32.59
32.58
32.58
32.58
32.58
32.58
32.58
32.57
32.57
32.57
32.57
32.57
32.57
32.57
32.57
32.58
32.57
32.57
32.59
32.59
32.59
32.59
32.59
32.59
32.59
32.60
32.59
32.59
32.60
32.61
32.61
32.61
32.61
32.61
32.61
32.61
32.62
32.61
32.60
32.60
32.61
32.60
32.60
32.61
32.62
32.63
32.63
32.62
32.62
32.61
32.60
32.60
32.61
32.61
32.61
32.60
32.61
32.61
32.60
32.60
32.60
32.61
32.61
32.61
32.60
32.60
32.60
32.60
32.60
32.60
32.59
32.59
32.59
32.59
32.59
32.58
32.58
32.59
32.59
32.59
