38.60
38.61
38.60
38.60
38.60
38.60
38.60
38.60
38.60
38.60
38.60
38.60
38.60
38.60
38.60
38.60
38.60
38.60
38.60
38.60
38.61
38.61
38.61
38.61
38.60
38.60
38.60
38.60
38.60
38.60
38.60
38.60
38.61
38.61
38.61
38.60
38.60
38.60
38.60
38.60
38.60
38.60
38.60
38.60
38.61
38.60
38.60
38.60
38.60
38.60
38.60
38.60
38.60
38.60
38.60
38.60
38.61
38.61
38.61
38.61
38.61
38.61
38.60
38.60
38.60
38.60
38.60
38.60
38.60
38.60
38.60
38.60
38.60
38.60
38.60
38.60
38.60
38.60
38.59
38.59
38.59
38.59
38.59
38.59
38.59
38.58
38.58
38.59
38.59
38.59
38.58
38.58
38.58
38.58
38.58
38.57
38.57
38.58
38.57
38.58
38.57
38.57
38.57
38.57
38.57
38.57
38.57
38.57
38.57
38.57
38.57
38.57
38.57
38.57
38.57
38.57
38.57
38.57
38.57
38.57
38.57
38.57
38.57
38.57
38.57
38.57
38.57
38.57
38.57
38.57
38.57
38.57
38.57
38.57
38.57
38.57
38.57
38.57
38.57
38.57
38.57
38.57
38.57
38.57
38.57
38.57
38.57
38.57
38.57
38.57
38.57
38.57
38.57
38.57
38.57
38.58
38.58
38.58
38.58
38.57
38.58
38.57
38.57
38.57
38.58
38.57
38.57
38.57
38.57
38.57
38.57
38.57
38.57
38.57
38.57
38.57
38.57
38.57
38.57
38.57
38.57
38.57
38.57
38.57
38.56
38.56
38.56
38.56
38.56
38.56
38.56
38.56
38.56
38.55
38.56
38.56
38.56
38.56
38.56
38.56
38.56
38.56
38.56
38.56
38.56
38.56
38.56
38.55
38.55
38.55
38.55
38.55
38.55
38.55
38.55
38.55
38.55
38.55
38.55
38.55
38.55
38.55
38.54
38.55
38.55
38.55
38.55
38.55
38.55
38.55
38.55
38.55
38.55
38.55
38.55
38.55
38.55
38.55
38.55
38.55
38.54
38.55
38.54
38.54
38.54
38.54
38.54
38.54
38.54
38.54
38.54
38.54
38.54
38.54
38.53
38.54
38.54
38.54
38.54
38.53
38.53
38.53
38.53
38.53
38.53
38.53
38.53
38.53
38.53
38.53
38.53
38.53
38.53
38.53
38.53
38.53
38.53
38.53
38.53
38.53
38.52
38.52
38.52
38.52
38.52
38.52
38.52
38.52
38.52
38.52
38.52
38.52
38.52
38.52
38.52
38.52
38.52
38.52
38.52
38.52
38.52
38.52
38.52
38.51
38.52
38.52
38.52
38.52
38.51
38.51
38.51
38.51
38.51
38.51
38.51
38.51
38.50
38.51
38.51
38.50
38.51
38.50
38.50
38.50
38.50
38.50
38.50
38.50
38.50
38.50
38.49
38.50
38.50
38.50
38.50
38.50
38.49
38.49
38.49
38.49
38.49
38.49
38.49
38.49
38.49
38.48
38.49
38.49
38.49
38.48
38.48
38.48
38.48
38.48
38.48
38.48
38.48
38.48
38.48
38.48
38.48
38.48
38.48
38.47
38.48
38.48
38.48
38.48
38.48
38.48
38.48
38.48
38.48
38.48
38.48
38.48
38.48
38.48
38.48
38.48
38.48
38.48
38.48
38.48
38.48
38.48
38.48
38.48
38.48
38.48
38.48
38.48
38.48
38.48
38.48
38.48
38.48
38.48
38.48
38.48
38.48
38.48
38.48
38.48
38.48
38.48
38.48
38.48
38.48
38.48
38.47
38.48
38.48
38.48
38.48
38.48
38.48
38.48
38.48
38.48
38.48
38.48
38.48
38.47
38.47
38.47
38.47
38.47
38.48
38.47
38.48
38.47
38.47
38.47
38.47
38.47
38.47
38.47
38.47
38.47
38.47
38.47
38.47
38.47
38.47
38.47
38.46
38.46
38.46
38.46
38.46
38.46
38.46
38.45
38.45
38.45
38.45
38.45
38.45
38.45
38.45
38.45
38.46
38.45
38.45
38.45
38.45
38.45
38.45
38.45
38.45
38.45
38.45
38.45
38.45
38.45
38.45
38.45
38.45
38.45
38.45
38.45
38.45
38.44
38.44
38.44
38.45
38.45
38.45
38.45
38.45
38.45
38.45
38.45
38.45
38.45
38.44
38.44
38.45
38.45
38.45
38.45
38.45
38.45
38.45
38.45
38.45
38.45
38.45
38.45
38.45
38.45
38.46
38.46
38.46
38.46
38.46
38.46
38.45
38.46
38.46
38.46
38.45
38.46
38.46
38.46
38.46
38.46
38.46
38.46
38.46
38.46
38.45
38.45
38.45
38.45
38.45
38.45
38.45
38.45
38.45
38.45
38.45
38.45
38.45
38.45
38.45
38.45
38.45
38.45
38.45
38.45
38.45
38.45
38.44
38.44
38.44
38.44
38.44
38.43
38.44
38.43
38.43
38.43
38.43
38.43
38.43
38.43
38.43
38.43
38.42
38.43
38.43
38.43
38.42
38.43
38.43
38.43
38.43
38.43
38.43
38.42
38.43
38.43
38.43
38.43
38.43
38.43
38.43
38.43
38.43
38.43
38.43
38.43
38.43
38.42
38.42
38.42
38.42
38.42
38.42
38.42
38.42
38.41
38.41
38.41
38.41
38.41
38.41
38.41
38.41
38.41
38.41
38.41
38.41
38.41
38.41
38.41
38.41
38.42
38.42
38.41
38.42
38.42
38.42
38.42
38.42
38.42
38.42
38.42
38.41
38.41
38.41
38.42
38.42
38.41
38.41
38.41
38.41
38.41
38.41
38.41
38.41
38.41
38.40
38.40
38.41
38.41
38.41
38.41
38.40
38.40
38.40
38.40
38.39
38.39
38.39
38.39
38.39
38.39
38.39
38.39
38.39
38.38
38.39
38.39
38.39
38.39
38.38
38.38
38.38
38.38
38.38
38.38
38.38
38.38
38.38
38.38
38.37
38.37
38.37
38.37
38.37
38.36
38.36
38.37
38.37
38.37
38.36
38.36
38.36
38.36
38.36
38.36
38.36
38.36
38.36
38.36
38.36
38.36
38.36
38.36
38.36
38.36
38.36
38.36
38.36
38.36
38.36
38.36
38.36
38.36
38.36
38.36
38.36
38.36
38.36
38.36
38.35
38.36
38.36
38.36
38.35
38.35
38.35
38.35
38.35
38.35
38.35
38.35
38.35
38.35
38.35
38.35
38.34
38.34
38.34
38.34
38.34
38.34
38.34
38.34
38.34
38.34
38.34
38.34
38.34
38.34
38.33
38.33
38.33
38.33
38.33
38.33
38.33
38.33
38.33
38.33
38.33
38.33
38.32
38.33
38.33
38.33
38.33
38.32
38.32
38.32
38.32
38.32
38.32
38.32
38.32
38.32
38.32
38.32
38.32
38.33
38.33
38.32
38.32
38.32
38.32
38.32
38.32
38.32
38.32
38.32
38.33
38.33
38.32
38.32
38.33
38.33
38.33
38.33
38.33
38.33
38.33
38.33
38.33
38.33
38.33
38.33
38.33
38.33
38.33
38.32
38.32
38.32
38.32
38.32
38.32
38.32
38.32
38.32
38.32
38.32
38.32
38.32
38.32
38.32
38.32
38.32
38.32
38.32
38.32
38.32
38.31
38.31
38.31
38.31
38.31
38.31
38.31
38.31
38.31
38.31
38.31
38.31
38.31
38.31
38.31
38.31
38.31
38.31
38.31
38.31
38.31
38.31
38.31
38.31
38.31
38.31
38.31
38.31
38.31
38.31
38.30
38.30
38.30
38.30
38.30
38.30
38.30
38.30
38.30
38.29
38.29
38.30
38.30
38.30
38.29
38.30
38.30
38.30
38.30
38.30
38.30
38.30
38.30
38.30
38.30
38.29
38.30
38.30
38.30
38.29
38.30
38.30
38.29
38.29
38.30
38.29
38.29
38.29
38.29
38.29
38.29
38.29
38.29
38.29
38.29
38.29
38.29
38.29
38.29
38.30
38.30
38.30
38.29
38.29
38.29
38.29
38.29
38.29
38.29
38.29
38.29
38.29
38.29
38.29
38.29
38.29
38.29
38.29
38.29
38.29
38.29
38.29
38.29
38.29
38.29
38.29
38.29
38.29
38.29
38.29
38.29
38.29
38.29
38.29
38.29
38.29
38.29
38.29
38.29
38.29
38.29
38.29
38.28
38.28
38.28
38.28
38.28
38.28
38.28
38.28
38.28
38.28
38.28
38.28
38.28
38.28
38.28
38.28
38.28
38.27
38.28
38.27
38.28
38.27
38.27
38.27
38.27
38.27
38.27
38.27
38.27
38.27
38.27
38.26
38.26
38.26
38.26
38.26
38.26
38.26
38.26
38.26
38.26
38.26
38.26
38.26
38.26
38.25
38.26
38.26
38.26
38.26
