32.78
32.78
32.78
32.77
32.78
32.77
32.78
32.83
32.83
32.82
32.81
32.82
32.80
32.80
32.79
32.78
32.82
32.81
32.80
32.79
32.78
32.77
32.77
32.76
32.75
32.76
32.74
32.76
32.74
32.74
32.72
32.72
32.73
32.75
32.74
32.73
32.74
32.73
32.73
32.74
32.77
32.77
32.76
32.76
32.78
32.78
32.78
32.81
32.81
32.79
32.81
32.84
32.84
32.84
32.83
32.83
32.81
32.80
32.78
32.80
32.79
32.79
32.79
32.79
32.79
32.80
32.80
32.80
32.80
32.83
32.82
32.81
32.81
32.84
32.84
32.85
32.84
32.85
32.88
32.88
32.91
32.90
32.88
32.88
32.87
32.86
32.85
32.85
32.86
32.85
32.85
32.83
32.85
32.87
32.86
32.89
32.89
32.88
32.87
32.87
32.85
32.84
32.84
32.87
32.87
32.86
32.85
32.84
32.84
32.84
32.84
32.84
32.84
32.82
32.81
32.81
32.81
32.80
32.80
32.81
32.80
32.80
32.80
32.79
32.78
32.78
32.78
32.81
32.82
32.81
32.80
32.81
32.79
32.79
32.79
32.79
32.79
32.80
32.80
32.79
32.79
32.81
32.81
32.81
32.82
32.81
32.81
32.80
32.80
32.80
32.79
32.79
32.79
32.82
32.81
32.80
32.81
32.80
32.80
32.82
32.81
32.81
32.81
32.80
32.80
32.79
32.79
32.78
32.80
32.80
32.79
32.80
32.79
32.80
32.80
32.79
32.79
32.80
32.78
32.78
32.79
32.78
32.78
32.77
32.78
32.77
32.76
32.75
32.74
32.75
32.75
32.75
32.75
32.75
32.74
32.73
32.74
32.73
32.73
32.74
32.74
32.73
32.73
32.73
32.74
32.72
32.71
32.70
32.71
32.70
32.71
32.70
32.70
32.71
32.70
32.70
32.70
32.71
32.70
32.73
32.72
32.73
32.75
32.75
32.77
32.77
32.76
32.75
32.74
32.73
32.75
32.75
32.76
32.76
32.76
32.76
32.76
32.75
32.76
32.75
32.75
32.75
32.75
32.75
32.73
32.73
32.72
32.71
32.70
32.70
32.69
32.69
32.69
32.68
32.69
32.70
32.69
32.68
32.67
32.67
32.67
32.66
32.67
32.66
32.64
32.65
32.65
32.65
32.65
32.64
32.65
32.64
32.64
32.62
32.62
32.62
32.64
32.65
32.65
32.66
32.64
32.64
32.64
32.63
32.66
32.67
32.66
32.65
32.65
32.64
32.63
32.62
32.62
32.61
32.64
32.65
32.64
32.64
32.64
32.63
32.63
32.65
32.65
32.65
32.64
32.64
32.65
32.65
32.65
32.64
32.64
32.65
32.65
32.67
32.66
32.66
32.66
32.66
32.66
32.65
32.65
32.65
32.65
32.65
32.64
32.64
32.63
32.63
32.64
32.64
32.63
32.64
32.66
32.65
32.63
32.63
32.63
32.64
32.64
32.64
32.63
32.63
32.64
32.64
32.63
32.65
32.67
32.67
32.68
32.68
32.67
32.66
32.67
32.66
32.69
32.68
32.68
32.67
32.69
32.69
32.71
32.70
32.72
32.72
32.74
32.74
32.76
32.75
32.75
32.74
32.74
32.74
32.74
32.73
32.72
32.71
32.73
32.72
32.71
32.72
32.72
32.71
32.72
32.75
32.75
32.74
32.76
32.76
32.75
32.76
32.75
32.74
32.75
32.74
32.75
32.75
32.74
32.73
32.73
32.72
32.72
32.71
32.71
32.71
32.70
32.69
32.68
32.68
32.69
32.69
32.69
32.69
32.69
32.70
32.71
32.71
32.71
32.71
32.70
32.70
32.70
32.72
32.71
32.72
32.72
32.71
32.72
32.72
32.71
32.70
32.71
32.71
32.73
32.73
32.72
32.72
32.71
32.71
32.74
32.73
32.75
32.76
32.76
32.76
32.75
32.76
32.78
32.79
32.79
32.78
32.77
32.77
32.77
32.75
32.76
32.77
32.77
32.78
32.77
32.78
32.78
32.77
32.76
32.77
32.76
32.76
32.78
32.77
32.76
32.76
32.75
32.75
32.74
32.75
32.73
32.75
32.75
32.74
32.75
32.74
32.73
32.74
32.76
32.77
32.75
32.76
32.75
32.75
32.74
32.74
32.74
32.73
32.72
32.71
32.71
32.72
32.72
32.72
32.73
32.75
32.74
32.74
32.73
32.74
32.74
32.75
32.74
32.73
32.73
32.73
32.73
32.72
32.72
32.73
32.72
32.72
32.72
32.73
32.74
32.73
32.74
32.74
32.75
32.74
32.73
32.74
32.74
32.74
32.74
32.73
32.73
32.73
32.73
32.73
32.73
32.74
32.75
32.75
32.75
32.74
32.73
32.73
32.72
32.70
32.69
32.68
32.68
32.67
32.67
32.67
32.67
32.67
32.67
32.68
32.68
32.68
32.67
32.67
32.67
32.67
32.68
32.67
32.67
32.68
32.68
32.68
32.67
32.67
32.67
32.67
32.67
32.66
32.65
32.66
32.67
32.66
32.67
32.66
32.66
32.65
32.66
32.66
32.65
32.65
32.65
32.67
32.67
32.66
32.66
32.65
32.64
32.63
32.63
32.62
32.62
32.62
32.63
32.62
32.63
32.63
32.64
32.66
32.65
32.64
32.64
32.65
32.66
32.65
32.65
32.67
32.66
32.67
32.68
32.68
32.69
32.67
32.67
32.66
32.66
32.67
32.66
32.66
32.68
32.68
32.67
32.68
32.68
32.68
32.69
32.69
32.69
32.70
32.70
32.69
32.69
32.70
32.70
32.70
32.72
32.72
32.72
32.72
32.72
32.72
32.73
32.73
32.73
32.74
32.74
32.74
32.76
32.76
32.77
32.76
32.76
32.77
32.79
32.80
32.80
32.81
32.80
32.80
32.79
32.79
32.79
32.80
32.80
32.81
32.80
32.80
32.80
32.80
32.80
32.80
32.79
32.80
32.79
32.78
32.78
32.78
32.78
32.79
32.78
32.78
32.79
32.78
32.79
32.79
32.79
32.79
32.80
32.82
32.82
32.81
32.81
32.81
32.80
32.81
32.82
32.82
32.80
32.79
32.79
32.79
32.80
32.79
32.79
32.78
32.78
32.77
32.77
32.77
32.77
32.77
32.77
32.76
32.76
32.75
32.76
32.76
32.75
32.74
32.75
32.75
32.75
32.75
32.74
32.73
32.72
32.72
32.71
32.71
32.72
32.72
32.72
32.72
32.71
32.70
32.72
32.72
32.72
32.73
32.73
32.73
32.72
32.73
32.73
32.74
32.73
32.73
32.72
32.73
32.72
32.71
32.72
32.72
32.72
32.71
32.71
32.70
32.70
32.71
32.70
32.69
32.69
32.69
32.69
32.68
32.68
32.69
32.68
32.68
32.68
32.68
32.67
32.67
32.66
32.66
32.65
32.65
32.65
32.67
32.68
32.67
32.66
32.65
32.66
32.66
32.65
32.64
32.66
32.66
32.65
32.66
32.66
32.67
32.67
32.67
32.68
32.68
32.68
32.67
32.68
32.68
32.67
32.67
32.67
32.66
32.68
32.68
32.67
32.67
32.66
32.66
32.65
32.64
32.63
32.63
32.63
32.63
32.63
32.62
32.62
32.62
32.63
32.62
32.63
32.64
32.63
32.63
32.62
32.62
32.61
32.61
32.61
32.62
32.62
32.63
32.63
32.65
32.65
32.64
32.64
32.63
32.64
32.64
32.64
32.64
32.64
32.65
32.65
32.65
32.65
32.66
32.65
32.65
32.65
32.65
32.65
32.65
32.64
32.64
32.63
32.63
32.62
32.62
32.61
32.61
32.61
32.61
32.62
32.62
32.61
32.62
32.62
32.62
32.61
32.62
32.62
32.61
32.60
32.62
32.62
32.61
32.63
32.62
32.62
32.61
32.60
32.61
32.62
32.61
32.61
32.63
32.62
32.63
32.64
32.63
32.63
32.63
32.63
32.63
32.62
32.62
32.62
32.62
32.62
32.62
32.63
32.62
32.62
32.61
32.61
32.61
32.62
32.63
32.62
32.61
32.61
32.61
32.61
32.61
32.61
32.62
32.64
32.64
32.63
32.64
32.63
32.63
32.63
32.63
32.62
32.61
32.61
32.60
32.59
32.59
32.59
32.59
32.59
32.58
32.60
32.59
32.60
32.59
32.60
32.59
32.59
32.58
32.58
32.58
32.57
32.57
32.57
32.57
32.57
32.59
32.59
32.60
32.59
32.59
32.58
32.59
32.59
32.58
32.57
32.56
32.56
32.56
32.55
32.56
32.55
32.55
32.54
32.54
32.54
32.53
32.53
32.53
32.54
32.53
32.54
32.55
32.55
32.56
32.57
32.57
32.57
32.56
32.55
32.56
32.56
32.57
32.58
32.58
32.58
32.58
32.58
32.57
