94.80
95.28
94.53
95.00
95.10
94.91
95.34
94.54
94.65
95.05
95.23
94.53
94.75
95.07
94.29
95.12
95.13
95.09
95.11
94.60
94.54
95.21
94.73
94.92
94.62
94.86
94.87
95.11
95.20
94.78
95.16
95.00
94.58
94.83
95.06
94.78
94.81
94.99
95.13
94.81
94.59
94.64
95.02
94.90
94.68
95.22
94.68
94.74
94.83
94.08
94.66
94.91
94.29
94.96
94.95
94.98
94.50
95.01
94.91
94.57
94.91
94.10
94.85
94.41
94.94
94.56
94.81
95.03
94.66
95.16
94.80
95.11
94.97
94.53
94.65
94.48
95.12
95.15
94.61
94.61
94.65
94.26
95.30
94.79
94.59
94.83
94.89
94.40
94.88
94.81
94.96
94.82
95.13
95.15
94.78
94.62
95.24
94.53
95.07
94.22
94.90
94.98
94.74
94.74
94.69
95.17
94.79
94.86
95.16
94.62
94.81
95.01
94.88
95.04
95.27
94.40
94.39
95.02
94.70
95.06
94.90
95.18
95.02
95.04
94.84
95.33
94.32
95.03
94.52
95.01
94.76
94.98
94.33
94.90
94.45
95.01
94.80
94.65
94.61
94.56
95.06
94.76
94.58
94.21
94.25
94.81
94.47
95.21
94.39
94.93
94.87
94.46
94.84
94.91
94.63
95.24
94.77
94.62
95.06
94.80
94.75
94.79
95.12
95.29
94.87
95.23
95.13
94.52
94.36
95.02
94.95
94.25
94.61
94.60
95.32
94.83
94.79
94.61
95.04
95.23
94.55
94.89
94.90
94.94
94.85
94.40
95.22
94.29
95.12
94.75
94.83
94.63
95.27
94.91
94.62
94.97
95.06
94.57
95.30
94.78
94.81
94.73
94.79
94.64
94.10
95.13
95.16
94.44
94.44
94.61
94.80
95.04
95.26
94.54
95.05
94.62
94.54
95.07
95.26
94.52
95.24
94.80
95.22
94.80
95.20
94.73
95.05
95.21
95.00
94.58
94.99
95.06
95.13
95.09
95.10
94.94
95.03
94.75
94.93
95.06
94.66
94.89
94.61
94.73
95.03
94.95
94.71
94.84
95.11
94.78
94.80
95.23
94.54
95.15
95.07
95.02
95.13
94.69
94.58
94.78
95.09
94.86
94.96
94.48
95.07
94.88
94.99
94.44
94.28
94.61
95.03
94.65
95.09
94.55
95.10
95.05
94.72
94.78
94.50
94.89
95.22
94.42
94.84
94.05
94.96
94.92
94.78
94.93
94.86
95.13
94.42
94.79
94.88
94.81
94.78
95.12
94.67
94.80
94.22
95.15
94.95
94.44
94.73
95.09
94.93
95.09
94.76
95.13
95.07
94.83
94.93
95.18
94.45
94.43
95.08
94.58
94.75
94.62
94.97
95.15
94.26
95.01
94.67
94.89
94.67
94.94
94.06
94.87
94.97
94.91
94.93
94.97
94.85
94.71
94.88
94.61
94.42
95.08
94.90
94.91
94.88
94.84
94.47
94.74
94.99
95.05
94.94
94.75
94.57
94.80
95.07
94.39
94.99
94.52
94.89
94.40
95.01
94.72
94.94
94.86
94.27
95.06
94.69
94.88
94.80
94.68
94.27
94.75
95.11
94.67
94.72
94.68
94.75
94.95
95.06
94.83
95.19
94.32
95.11
94.90
94.85
95.02
95.06
95.04
94.74
95.11
94.71
94.64
94.92
94.94
95.01
94.36
95.28
94.34
94.97
95.04
94.52
94.37
95.04
94.47
94.77
94.84
94.81
94.77
95.13
95.27
94.60
94.27
95.12
95.11
94.73
94.78
94.92
94.88
94.58
94.58
95.11
94.48
94.45
94.16
93.88
94.03
94.88
94.80
94.64
94.57
94.83
94.76
94.90
95.08
94.95
94.53
95.21
94.57
94.26
95.24
95.28
94.83
95.11
94.82
95.06
95.23
95.01
94.42
95.09
94.69
94.95
95.13
94.95
94.71
94.48
94.48
95.01
94.54
95.54
95.03
94.91
94.70
94.48
94.64
95.00
94.85
95.28
94.60
94.79
95.10
95.10
94.34
95.20
94.68
94.37
94.67
94.89
95.21
94.47
94.64
94.71
94.45
95.10
94.90
94.75
94.87
94.89
94.47
95.03
94.65
94.73
94.88
94.89
95.04
94.76
95.01
94.92
94.83
94.83
95.04
94.42
94.64
94.63
94.91
95.03
94.65
94.58
94.62
94.83
94.77
94.90
94.53
94.56
94.87
94.80
95.11
95.00
94.65
94.85
94.82
94.81
94.98
95.22
94.31
94.98
94.70
94.88
94.96
94.79
94.62
95.15
94.68
94.97
95.20
95.10
94.75
94.67
94.96
94.93
94.87
95.19
95.27
94.82
95.01
95.11
95.13
95.25
94.88
95.01
94.37
94.60
94.94
95.00
94.97
95.17
94.97
94.85
94.53
94.96
94.69
94.54
94.25
95.17
94.54
94.72
95.03
94.78
94.63
94.40
94.61
94.42
94.99
94.87
94.58
94.55
94.73
94.47
94.94
94.59
94.77
95.25
93.95
94.92
94.42
94.85
94.56
94.92
94.79
95.06
94.83
95.15
94.80
94.14
94.80
95.26
94.93
95.09
94.91
94.87
94.94
95.11
94.68
94.77
95.00
94.41
95.14
94.64
94.53
95.00
94.67
95.09
94.41
94.87
94.75
94.81
94.79
94.67
95.28
94.72
94.69
94.77
94.88
94.35
94.78
95.26
94.62
94.56
94.84
94.96
95.00
94.44
94.77
94.79
94.99
94.40
94.81
94.98
94.65
94.57
94.88
94.91
94.83
94.86
94.78
94.87
94.68
95.13
95.23
95.17
94.79
94.88
94.76
95.18
94.47
94.66
95.07
94.68
95.12
94.52
94.55
94.60
94.85
94.91
95.01
94.92
94.88
94.61
95.14
94.65
94.58
94.87
94.57
94.81
94.80
94.88
94.89
94.79
95.08
94.90
94.65
94.74
94.47
94.86
95.24
94.99
94.89
95.05
94.62
94.81
94.80
94.89
94.67
95.11
94.95
95.04
94.89
94.30
95.16
95.40
94.62
94.74
94.51
95.07
94.71
95.03
94.70
94.45
94.89
94.70
94.67
94.65
94.66
94.33
94.57
94.39
94.49
93.95
94.68
95.09
94.95
94.80
94.89
94.81
94.67
95.06
94.68
95.15
95.18
95.38
94.93
95.12
94.72
95.06
94.92
94.72
95.08
94.99
95.14
94.67
94.55
94.51
94.25
95.00
95.09
94.80
94.53
94.92
94.73
94.78
94.73
94.77
94.64
94.78
94.50
94.85
94.68
94.80
95.07
95.43
94.88
94.65
94.72
94.99
94.61
95.09
94.71
95.01
94.56
94.60
94.81
94.75
94.94
95.13
95.20
94.63
95.22
95.08
94.65
94.74
94.99
94.79
94.70
94.16
94.74
95.03
94.80
95.02
94.72
94.33
94.95
94.80
94.64
95.10
94.63
94.93
94.56
95.05
94.78
94.65
94.77
94.69
94.50
94.42
95.53
94.99
94.94
94.90
94.88
94.59
94.71
94.92
94.83
94.93
94.93
95.05
94.98
95.03
95.12
94.96
95.42
94.83
94.89
94.60
94.76
95.02
94.49
95.19
95.15
94.92
95.04
94.80
94.10
94.86
94.93
94.58
94.73
95.32
94.80
94.85
94.82
94.61
94.35
94.88
94.37
94.51
94.82
94.65
95.20
94.93
94.92
94.99
95.17
94.72
94.87
94.78
94.73
94.80
94.85
94.58
94.88
94.75
94.72
95.14
94.36
95.10
94.43
94.51
94.86
95.06
94.46
95.22
94.94
94.50
94.94
95.16
94.60
94.45
95.14
94.70
94.75
94.88
95.31
94.97
94.81
94.59
95.03
94.97
95.00
94.85
95.23
94.91
94.86
94.95
94.58
94.68
94.14
94.92
95.14
94.12
95.37
94.65
95.07
94.64
94.60
94.88
95.22
95.12
95.15
95.22
95.13
95.04
94.65
95.05
95.26
95.02
95.05
94.63
94.71
94.73
94.74
94.68
94.76
94.79
94.59
94.78
95.07
94.97
95.19
94.89
94.96
94.97
94.54
95.04
95.13
94.70
95.19
94.70
94.95
94.64
94.85
94.33
94.76
94.85
94.41
95.00
95.13
94.90
94.77
94.70
94.64
94.73
94.95
94.97
94.97
94.88
95.06
94.68
94.50
94.81
94.45
95.24
94.87
94.74
94.59
94.37
94.52
94.81
94.98
94.77
94.90
95.01
94.96
94.55
94.50
94.93
94.80
95.11
94.60
95.06
94.88
94.65
94.42
94.96
94.41
94.68
94.86
94.74
94.92
94.89
94.59
94.66
94.88
94.97
94.65
94.89
94.67
94.96
94.89
95.33
95.07
94.95
95.05
94.74
95.18
