79.82
79.96
79.96
80.03
80.18
80.2
80.23
80.26
80.28
80.29
80.29
80.3
80.32
80.33
80.35
80.36
80.38
80.45
80.46
80.48
80.49
80.49
80.5
80.52
80.53
80.54
80.54
80.55
80.56
80.57
80.58
80.59
80.61
80.62
80.63
80.64
80.66
80.68
80.69
80.69
80.72
80.74
80.75
80.76
80.76
80.77
80.77
80.78
80.78
80.8
80.81
80.82
80.82
80.85
80.85
80.85
80.87
80.89
80.89
80.9
80.92
80.92
80.93
80.94
80.95
80.95
80.98
80.99
81.03
81.03
81.04
81.05
81.06
81.06
81.07
81.07
81.07
81.08
81.1
81.1
81.11
81.13
81.15
81.17
81.19
81.19
81.2
81.23
81.25
81.26
81.27
81.28
81.29
81.3
81.31
81.31
81.38
81.6
81.61
81.66