81.25
81.33
81.37
81.38
81.41
81.46
81.47
81.48
81.48
81.49
81.5
81.52
81.52
81.54
81.54
81.55
81.55
81.55
81.57
81.58
81.58
81.58
81.58
81.58
81.59
81.6
81.6
81.6
81.62
81.62
81.62
81.63
81.63
81.64
81.64
81.65
81.65
81.66
81.66
81.66
81.67
81.68
81.68
81.7
81.7
81.71
81.71
81.71
81.72
81.72
81.72
81.72
81.73
81.74
81.74
81.74
81.75
81.76
81.76
81.76
81.76
81.76
81.76
81.76
81.76
81.77
81.78
81.78
81.8
81.82
81.82
81.83
81.84
81.85
81.86
81.86
81.87
81.88
81.88
81.89
81.9
81.91
81.92
81.93
81.93
81.94
81.95
81.96
81.96
81.96
81.97
81.97
81.97
82
82
82.03
82.09
82.13
82.14
82.18