80.22
80.37
80.53
80.54
80.59
80.61
80.64
80.65
80.67
80.7
80.75
80.75
80.76
80.77
80.78
80.8
80.82
80.84
80.84
80.84
80.84
80.84
80.86
80.88
80.91
80.92
80.92
80.98
80.99
81.02
81.03
81.04
81.04
81.05
81.05
81.05
81.05
81.06
81.08
81.09
81.12
81.12
81.12
81.13
81.14
81.15
81.15
81.15
81.16
81.16
81.17
81.17
81.19
81.2
81.2
81.21
81.22
81.22
81.24
81.26
81.28
81.28
81.28
81.29
81.29
81.31
81.32
81.33
81.34
81.34
81.35
81.38
81.39
81.39
81.39
81.43
81.44
81.45
81.45
81.47
81.49
81.49
81.5
81.5
81.51
81.54
81.55
81.56
81.58
81.59
81.62
81.65
81.67
81.67
81.71
81.72
81.73
81.77
81.83
82.03