71.03
72.29
72.98
74.9
75.15
75.85
76.62
76.87
77.09
77.13
77.3
77.3
77.36
77.58
77.7
77.88
78
78.14
78.25
78.44
78.6
78.63
78.71
78.81
79.1
79.1
79.17
79.19
79.51
79.57
79.7
79.72
79.74
79.76
79.81
79.82
79.84
79.87
79.88
79.95
79.95
80.22
80.26
80.27
80.3
80.4
80.52
80.52
80.57
80.6
80.63
80.63
80.68
80.69
80.73
80.78
80.89
80.94
80.95
80.96
80.98
80.98
81.01
81.05
81.09
81.09
81.14
81.2
81.22
81.23
81.26
81.28
81.31
81.33
81.33
81.35
81.4
81.4
81.42
81.44
81.45
81.52
81.55
81.56
81.59
81.6
81.64
81.64
81.64
81.66
81.67
81.68
81.69
81.75
81.86
81.99
82.02
82.08
82.12
82.21