60.6
61.56
62.4
65.78
65.97
70.35
70.62
71.06
71.53
71.6
71.86
72.37
72.44
72.65
73.39
73.59
73.6
73.76
73.8
73.94
74.14
74.39
74.39
74.45
74.57
74.68
74.88
74.89
74.99
75.1
75.24
75.29
75.34
75.41
75.52
75.76
75.88
76.06
76.07
76.09
76.11
76.14
76.2
76.57
76.79
76.79
76.81
77.06
77.11
77.23
77.25
77.26
77.32
77.38
77.45
77.49
77.54
77.63
77.68
77.83
77.89
77.96
77.99
78.06
78.06
78.08
78.14
78.28
78.42
78.45
78.49
78.59
78.59
78.63
78.64
78.65
78.88
78.91
78.92
78.96
78.97
78.98
79.11
79.27
79.38
79.39
79.42
79.54
79.57
79.63
79.81
79.83
79.94
80.01
80.09
80.36
80.46
80.68
80.79
80.84