63.65
63.98
69.23
69.42
69.59
69.62
70.44
70.46
71.12
71.3
71.5
71.59
71.77
72.74
73.06
73.24
73.53
73.55
73.58
73.89
74.02
74.02
74.53
74.55
74.63
74.7
74.75
74.86
75.12
75.12
75.32
75.47
75.72
76.33
76.55
76.55
76.67
76.74
76.78
76.87
76.89
77.07
77.24
77.34
77.35
77.37
77.43
77.53
77.77
77.77
77.86
77.93
78.03
78.03
78.12
78.46
78.5
78.53
78.54
78.55
78.58
78.58
78.68
78.74
78.77
78.89
79.09
79.09
79.12
79.13
79.21
79.25
79.3
79.39
79.41
79.46
79.46
79.49
79.52
79.65
79.68
79.73
79.83
80.2
80.23
80.29
80.32
80.32
80.32
80.36
80.44
80.5
80.64
80.7
80.74
80.95
80.99
81.05
81.07
81.81