78.79
79.68
79.73
79.82
79.83
79.87
80.01
80.07
80.09
80.09
80.12
80.16
80.18
80.19
80.19
80.2
80.2
80.22
80.22
80.25
80.28
80.29
80.3
80.3
80.37
80.4
80.43
80.46
80.46
80.47
80.48
80.48
80.48
80.5
80.51
80.52
80.53
80.54
80.56
80.57
80.58
80.6
80.61
80.61
80.62
80.62
80.63
80.63
80.63
80.64
80.64
80.64
80.64
80.65
80.65
80.66
80.67
80.68
80.71
80.73
80.73
80.73
80.75
80.78
80.79
80.8
80.81
80.82
80.83
80.84
80.86
80.86
80.87
80.88
80.89
80.89
80.89
80.93
80.94
80.94
80.95
80.97
80.99
80.99
81.01
81.01
81.02
81.03
81.11
81.15
81.15
81.16
81.19
81.27
81.29
81.36
81.49
81.53
81.8
81.89