80.19
80.32
80.37
80.39
80.41
80.5
80.54
80.64
80.65
80.66
80.69
80.71
80.75
80.77
80.78
80.78
80.78
80.79
80.83
80.84
80.84
80.85
80.86
80.91
80.91
80.92
80.93
80.96
80.96
80.96
80.96
80.97
81.02
81.04
81.07
81.11
81.13
81.14
81.15
81.15
81.16
81.2
81.2
81.22
81.23
81.23
81.23
81.23
81.24
81.24
81.25
81.25
81.26
81.26
81.27
81.29
81.29
81.3
81.3
81.32
81.32
81.32
81.34
81.34
81.34
81.34
81.35
81.35
81.36
81.37
81.4
81.41
81.41
81.42
81.42
81.44
81.44
81.45
81.45
81.46
81.51
81.52
81.52
81.53
81.54
81.55
81.64
81.66
81.66
81.67
81.68
81.68
81.68
81.71
81.75
81.77
81.8
81.87
81.89
81.93