80.9
81.14
81.16
81.29
81.31
81.32
81.36
81.36
81.39
81.41
81.43
81.47
81.47
81.47
81.48
81.48
81.49
81.49
81.5
81.5
81.52
81.52
81.53
81.53
81.55
81.56
81.56
81.56
81.57
81.59
81.59
81.59
81.6
81.6
81.61
81.61
81.62
81.63
81.63
81.64
81.64
81.65
81.65
81.66
81.67
81.67
81.67
81.69
81.69
81.7
81.7
81.7
81.71
81.71
81.71
81.72
81.72
81.74
81.74
81.77
81.78
81.79
81.8
81.81
81.82
81.84
81.84
81.85
81.86
81.87
81.9
81.92
81.92
81.92
81.92
81.93
81.96
81.98
81.98
81.99
81.99
82
82.01
82.03
82.03
82.03
82.05
82.05
82.06
82.06
82.06
82.11
82.15
82.17
82.18
82.24
82.33
82.35
82.36
82.56