81.01
81.08
81.09
81.18
81.18
81.2
81.23
81.29
81.3
81.31
81.32
81.33
81.38
81.4
81.42
81.43
81.45
81.5
81.5
81.52
81.52
81.53
81.54
81.54
81.56
81.57
81.57
81.59
81.59
81.6
81.6
81.6
81.61
81.61
81.62
81.62
81.62
81.62
81.62
81.62
81.63
81.64
81.64
81.65
81.65
81.65
81.68
81.68
81.69
81.69
81.7
81.7
81.7
81.7
81.71
81.72
81.73
81.74
81.76
81.76
81.76
81.78
81.78
81.78
81.79
81.8
81.8
81.83
81.83
81.83
81.83
81.85
81.87
81.88
81.88
81.88
81.89
81.89
81.9
81.92
81.93
81.94
81.95
81.98
81.98
81.99
81.99
82
82
82.02
82.03
82.03
82.06
82.09
82.09
82.09
82.13
82.14
82.17
82.18