80.14
80.34
80.42
80.45
80.48
80.49
80.51
80.51
80.52
80.59
80.62
80.65
80.66
80.69
80.71
80.72
80.78
80.79
80.8
80.8
80.82
80.82
80.82
80.83
80.83
80.85
80.93
80.99
81
81
81.01
81.01
81.01
81.01
81.03
81.04
81.04
81.05
81.05
81.07
81.07
81.1
81.11
81.13
81.14
81.15
81.16
81.17
81.18
81.19
81.19
81.2
81.22
81.25
81.26
81.27
81.27
81.28
81.28
81.29
81.3
81.32
81.34
81.35
81.35
81.35
81.36
81.36
81.38
81.38
81.38
81.39
81.41
81.41
81.43
81.44
81.45
81.45
81.45
81.47
81.47
81.47
81.47
81.47
81.48
81.52
81.53
81.55
81.55
81.56
81.57
81.59
81.62
81.62
81.65
81.68
81.8
81.83
81.85
81.99