78.85
79.92
79.94
80.12
80.15
80.17
80.21
80.22
80.24
80.24
80.34
80.37
80.38
80.4
80.43
80.45
80.48
80.49
80.51
80.51
80.51
80.53
80.55
80.58
80.58
80.6
80.62
80.62
80.63
80.64
80.66
80.66
80.68
80.68
80.69
80.71
80.71
80.72
80.73
80.73
80.74
80.75
80.75
80.75
80.78
80.79
80.81
80.81
80.81
80.83
80.83
80.85
80.88
80.88
80.9
80.93
80.94
80.94
80.95
80.95
80.97
80.98
80.99
81
81.02
81.03
81.03
81.04
81.04
81.05
81.06
81.06
81.08
81.09
81.1
81.1
81.11
81.13
81.13
81.16
81.18
81.18
81.19
81.19
81.2
81.21
81.21
81.22
81.23
81.23
81.28
81.31
81.35
81.37
81.4
81.42
81.42
81.42
81.44
81.62