81.2200
80.1500
79.9300
80.3000
80.6000
80.3600
80.5500
79.5700
80.4700
80.8200
80.0700
77.4200
78.3100
78.2100
79.8700
79.0200
80.8500
80.8500
79.6000
78.4900
78.0400
78.9300
80.9600
78.9400
81.2100
80.5900
78.9600
77.1400
77.8200
80.9200
79.3500
78.7500
80.2400
80.5100
78.9400
77.2100
78.0000
80.5000
81.5200
79.0900
80.8300
80.5500
79.2300
81.1600
79.5100
79.9800
78.0600
79.4100
77.9100
80.1500
79.7700
77.7600
80.2800
79.9700
79.1600
79.3500
78.8100
79.5100
80.9300
80.3400
79.2000
80.3400
79.6200
78.6800
79.9300
79.7100
79.9500
81.4900
77.9900
79.1400
77.6100
78.8600
80.1000
77.9000
78.7400
78.1800
81.0600
79.5800
80.3200
77.5200
80.2100
80.4500
77.5900
79.9500
80.5000
79.2200
79.9000
79.5700
80.2800
80.0900
80.9700
80.8300
77.2500
79.9200
78.9800
78.1800
81.2400
79.1200
78.8400
79.7400
