80.44
80.61
80.63
80.67
80.76
80.8
80.83
80.86
80.89
80.9
80.93
80.93
80.96
81.02
81.03
81.03
81.05
81.06
81.06
81.06
81.06
81.08
81.09
81.1
81.11
81.12
81.14
81.15
81.16
81.16
81.16
81.17
81.17
81.18
81.19
81.19
81.21
81.22
81.22
81.22
81.25
81.25
81.26
81.27
81.28
81.3
81.32
81.33
81.33
81.36
81.38
81.38
81.38
81.43
81.44
81.44
81.44
81.46
81.46
81.46
81.46
81.47
81.47
81.48
81.49
81.5
81.51
81.52
81.52
81.53
81.53
81.53
81.55
81.56
81.56
81.56
81.57
81.61
81.61
81.62
81.62
81.63
81.63
81.64
81.72
81.73
81.76
81.79
81.8
81.82
81.85
81.87
81.88
81.88
81.88
81.9
81.9
81.91
81.95
81.96