75.8300
76.2300
78.6100
76.8800
79.6200
71.8800
76.2300
72.5400
74.6700
72.5500
75.1700
76.4400
73.6500
71.9400
70.5100
76.8100
75.5600
76.1800
74.3900
72.4800
74.6600
68.9500
75.1800
76.6700
73.6100
73.3500
76.6300
77.0100
74.6900
74.8800
73.6600
78.0200
77.9400
78.8000
70.6300
76.0000
76.9400
76.4500
78.7400
74.4600
73.9900
78.8500
78.2900
71.3600
76.6100
70.7200
74.3700
77.5900
80.2400
78.6700
73.3000
75.2800
72.7400
75.4700
77.1700
74.9700
77.7900
74.5600
73.5800
75.3000
77.0600
74.6500
71.3000
73.3500
74.0800
77.2900
76.8200
78.8200
76.7600
72.6300
72.7400
77.9200
74.1900
78.0100
78.7500
73.7600
79.2600
73.5200
73.0500
71.4000
72.4300
74.8700
77.3400
75.0200
78.4400
75.3000
76.7800
77.0200
75.7500
76.9800
76.1300
78.9400
77.2600
77.1900
76.3700
76.2400
78.7100
73.8600
73.6200
75.2200
