75.7100
78.7100
80.0000
79.3700
76.9000
77.6100
77.0600
79.1600
78.5200
77.9400
76.6100
78.7500
78.8000
76.1000
77.3100
78.8600
80.6800
77.3200
79.1300
80.1900
76.0800
78.8400
76.8900
79.3700
77.9700
79.9500
76.7400
77.2700
77.5500
73.3900
79.5300
77.6700
79.5100
78.1600
76.3800
77.3500
77.3000
78.3700
77.9400
76.9300
76.6300
79.0800
76.7800
78.8700
76.7500
77.4300
77.7000
79.0800
77.9000
73.9100
77.4700
75.7500
77.9900
76.2900
78.7600
77.1800
79.3300
76.5200
75.9800
77.9800
79.0300
79.2500
76.3700
77.4900
76.3600
78.1600
79.1200
79.1400
80.0300
79.0400
76.9700
75.5100
78.8900
76.4800
77.1000
76.6100
77.4000
77.7400
78.1200
77.7400
76.8700
78.3600
78.9600
78.4700
78.4700
78.5000
78.4900
78.9500
79.0000
77.0200
78.9600
79.0400
78.8000
76.1400
79.7400
78.9600
78.7000
78.3800
76.9700
79.2800
