74.8100
78.2300
74.3500
74.9400
74.9500
78.2000
74.9900
77.0600
70.7200
71.8800
77.6700
74.4600
74.7600
71.5000
73.2500
72.5600
69.9100
73.3000
72.6200
78.3200
77.3500
74.8100
69.5200
72.9500
78.8300
72.6400
72.5900
76.9100
72.4400
74.2500
77.5300
75.0100
78.2000
72.5100
71.9100
74.5500
74.6800
75.1200
73.1800
72.0600
75.6700
72.1300
74.9200
74.2500
75.6600
73.6900
72.8300
78.7200
74.8500
72.2400
71.9200
77.7300
76.4100
75.6100
75.1500
75.1600
75.5700
74.9600
77.3400
76.4300
75.6700
76.2100
76.8500
71.4000
74.4800
72.7700
77.0300
76.7300
74.5200
75.2900
76.4400
74.4300
71.3700
74.3200
74.1000
76.9800
76.5000
73.9600
75.6200
76.0800
71.5300
77.0500
75.5500
75.3100
72.7400
75.8500
74.4000
76.2500
74.6200
77.5800
74.0600
75.5500
77.4700
74.2600
74.6900
77.1200
74.7700
76.7600
76.3700
73.5900
