81.39
81.57
81.58
81.63
81.64
81.66
81.77
81.77
81.78
81.8
81.82
81.83
81.83
81.85
81.87
81.87
81.88
81.88
81.88
81.88
81.89
81.9
81.91
81.91
81.92
81.93
81.93
81.93
81.95
81.96
81.96
81.97
81.97
81.98
81.98
81.99
81.99
81.99
82
82.01
82.02
82.02
82.02
82.04
82.04
82.05
82.05
82.05
82.05
82.05
82.07
82.08
82.08
82.09
82.09
82.09
82.11
82.11
82.12
82.13
82.13
82.17
82.18
82.2
82.2
82.2
82.21
82.21
82.23
82.23
82.25
82.25
82.26
82.27
82.27
82.27
82.28
82.28
82.28
82.3
82.3
82.31
82.31
82.33
82.33
82.34
82.36
82.4
82.41
82.41
82.41
82.42
82.42
82.42
82.43
82.44
82.6
82.61
82.66
82.67