73.0300
73.1400
72.3200
72.1500
72.5400
73.9300
70.7700
72.9200
72.1000
72.7300
71.7300
71.4100
72.7100
74.2900
72.9300
72.7800
74.2500
72.4700
73.6600
73.6400
72.5300
70.7600
72.6400
71.8500
72.3000
72.1800
72.4500
74.3000
71.4500
74.0300
70.7800
73.7800
72.6000
71.7500
73.5900
72.1200
71.9100
73.8100
73.8100
73.5000
72.5000
71.5000
71.3100
71.2000
72.3100
73.3400
73.8300
71.8400
71.5800
74.4700
72.1400
72.6200
73.5400
74.2600
73.5600
73.6800
72.5700
73.5500
73.7600
74.0700
72.0400
71.9800
71.0600
71.6500
72.9700
73.0200
74.0800
72.3400
72.3700
72.6100
72.7600
72.1700
71.6400
72.1100
72.7500
72.3400
71.3300
72.2300
71.5200
72.8200
72.2800
72.7900
72.6700
73.1200
72.0100
72.9700
72.4300
71.5800
73.3800
73.2900
72.6700
72.8800
73.6300
72.7000
73.5200
72.9800
72.6900
73.3300
72.8000
73.0100
