81.9400
81.9600
82.5600
83.2000
81.9600
81.7900
82.3500
82.1300
82.1900
82.1500
82.4100
82.9900
81.8100
82.4900
81.9800
82.6500
82.6200
82.0900
80.8600
82.2200
82.4500
82.4600
81.9800
82.3900
82.1300
81.2200
82.9900
81.8300
82.0600
82.2100
82.0000
82.5400
82.1100
82.3200
82.5600
81.2500
82.8900
80.9000
82.6200
83.0300
81.8200
82.0400
82.3700
81.9200
82.4900
81.3500
82.3700
82.3400
81.7000
82.2500
82.5400
82.1500
82.4000
81.9600
82.8900
82.2100
82.2100
81.8300
82.6500
80.8500
81.6900
82.3400
82.8000
81.8600
82.2100
82.0100
82.5600
81.7100
82.8300
82.3200
82.6400
81.5000
81.5500
81.2800
82.6400
81.8300
81.7900
82.8500
81.9200
82.3000
81.6100
81.7600
82.3300
83.0300
82.6500
82.7800
81.8800
82.4300
82.9800
81.9100
82.1000
82.3400
81.5800
81.6000
82.2400
82.0000
82.5600
82.5500
81.9200
81.8800
