83.9800
84.3600
83.5300
84.3800
84.6800
84.3000
83.7300
83.9500
84.3600
83.5400
84.5000
84.2100
84.3100
83.5200
84.1900
83.6400
84.3600
84.3700
82.8600
83.3700
84.4700
84.0900
83.6300
84.2400
84.3200
83.8100
83.5100
84.1400
84.2500
83.3200
84.8100
83.9500
84.2300
84.3900
83.6700
83.9000
83.2900
84.3300
83.2300
84.1500
84.0700
83.6600
84.3000
84.3100
84.2600
84.2300
83.8800
83.4400
84.2600
84.0000
83.4600
83.7200
83.0100
84.1500
84.2400
83.9800
84.1200
84.6800
83.9800
84.1600
83.8100
84.2100
83.7500
83.6900
84.0600
83.4100
83.7100
84.2600
83.8700
84.1200
84.3700
83.7000
83.8500
83.7200
83.8100
83.9400
84.9500
84.0500
83.8800
84.1500
83.8400
84.2100
83.4100
83.9400
84.5600
84.1700
84.2400
84.3000
84.1800
84.2300
84.0100
83.6900
82.6300
84.2500
83.9800
84.2500
84.1900
84.0800
83.9100
84.3300
