77.6000
80.5300
81.8600
80.5900
78.8100
82.0100
79.9100
79.4800
79.8500
81.0200
81.1900
79.0100
80.2700
78.8400
81.1900
81.6200
80.3500
78.5600
81.7300
79.1800
80.5600
80.7100
79.5000
79.3900
82.3300
80.9900
79.3500
77.1300
80.3100
79.9700
80.9700
79.2700
80.4200
80.5400
80.4200
81.0300
80.9800
79.7700
80.9500
80.4600
79.9200
81.6700
81.9100
79.5900
81.8200
81.2000
80.9500
81.5200
81.3900
82.4600
80.9900
82.1900
80.9200
81.3600
80.7200
82.5000
79.5000
81.0600
80.7500
80.9700
81.4300
79.7100
81.0900
80.1300
80.3100
79.8900
81.4300
78.9200
79.7200
77.8500
80.3300
79.1100
80.4900
79.1100
80.6200
81.2200
80.7700
81.7800
81.9300
81.3200
80.5200
79.3400
81.1000
81.1400
77.6300
80.2900
79.8800
81.1000
79.5500
81.9100
75.0700
80.3600
81.1100
80.5100
80.9300
82.1800
79.9800
80.1300
80.1100
81.1900
