79.16
80.02
80.02
80.06
80.14
80.24
80.31
80.34
80.36
80.39
80.39
80.41
80.42
80.48
80.54
80.58
80.61
80.63
80.64
80.65
80.66
80.67
80.68
80.68
80.71
80.72
80.74
80.75
80.76
80.77
80.77
80.79
80.83
80.84
80.84
80.84
80.9
80.91
80.91
80.92
80.93
80.93
80.94
80.96
80.99
80.99
81
81.01
81.03
81.04
81.04
81.05
81.06
81.07
81.07
81.1
81.13
81.14
81.14
81.18
81.18
81.19
81.19
81.2
81.21
81.22
81.24
81.25
81.26
81.27
81.27
81.28
81.28
81.28
81.29
81.3
81.31
81.35
81.37
81.37
81.38
81.38
81.41
81.41
81.41
81.44
81.45
81.45
81.45
81.45
81.47
81.48
81.48
81.49
81.49
81.51
81.54
81.6
81.73
81.79