74.9300
72.6600
71.2700
75.2800
73.7400
76.2000
74.4200
75.0500
71.3700
69.3700
72.3900
74.5700
72.6600
76.6800
72.5800
73.2100
74.4200
73.9600
71.4400
76.3100
74.0400
72.0900
77.0000
75.8600
70.1700
70.7500
70.2800
73.6300
75.4700
70.2400
71.3400
71.8100
68.6700
74.1300
73.7500
72.9000
71.4000
72.2200
74.9600
75.2500
69.3800
68.7700
63.7400
69.9600
73.4900
70.4000
70.0600
71.7300
73.6400
76.4700
74.4100
73.4700
74.4700
73.4800
71.0800
71.4700
68.3400
67.6100
71.8200
74.0500
74.3000
68.2000
71.4500
72.2300
72.1200
64.1100
69.7700
73.7600
72.7000
76.6700
70.8200
72.7000
72.2500
75.0700
71.9200
71.7600
64.8700
73.9500
63.8300
76.2800
74.4800
72.4200
73.4500
69.1300
75.6800
72.2600
74.3700
70.3700
72.4900
75.7300
76.1100
69.2500
72.1400
71.0700
74.3700
75.4000
72.0900
71.5600
74.1000
74.5700
