81.90
81.62
81.54
81.56
81.70
81.50
81.67
81.35
81.75
80.80
81.64
81.71
80.90
80.97
81.88
79.98
81.71
81.77
81.37
81.96
81.89
81.14
81.12
79.73
81.88
81.59
82.07
80.47
81.50
81.74
81.40
81.09
81.88
82.03
81.01
81.00
81.95
82.00
81.42
80.52
81.84
81.30
81.14
81.32
81.47
81.50
80.73
81.55
81.47
80.87
81.40
80.83
82.01
81.13
80.74
80.71
79.83
80.16
81.20
80.12
80.47
81.86
81.80
79.97
80.69
81.49
81.35
81.21
82.08
81.48
81.01
81.63
80.93
79.84
81.62
81.42
81.55
81.23
80.72
80.41
81.24
80.64
81.25
81.78
80.72
80.84
81.68
81.90
80.84
80.99
81.25
81.37
80.49
81.72
79.85
81.92
81.90
81.15
81.03
81.56
82.37
81.11
81.56
81.21
81.81
79.90
80.76
81.41
81.66
81.22
80.10
80.75
80.13
81.09
81.72
81.62
81.07
81.66
81.27
81.90
80.83
80.98
80.84
80.25
81.66
81.89
80.84
78.95
81.16
81.39
80.81
81.18
81.35
80.05
77.08
80.99
81.39
81.40
81.87
80.99
81.24
81.84
82.05
80.97
81.99
81.82
81.55
81.41
81.14
80.20
81.26
81.21
81.86
81.43
81.03
81.75
81.41
81.60
81.57
80.69
81.20
80.32
80.74
81.83
81.04
81.42
82.16
80.11
82.02
81.56
80.72
81.78
81.81
81.39
81.70
81.21
81.33
80.80
81.51
81.05
81.80
80.78
81.54
80.90
81.62
81.01
81.24
81.80
81.80
80.05
81.29
81.33
80.58
81.51
81.91
81.65
81.33
80.60
81.32
81.87
78.17
81.39
81.05
81.54
81.12
81.38
82.08
81.51
81.45
81.22
81.66
81.78
80.99
81.26
81.35
81.48
81.28
82.22
81.22
78.89
80.83
81.28
80.69
80.76
81.22
80.15
80.47
81.15
81.46
81.45
79.94
78.61
81.90
80.90
81.49
82.02
79.20
80.93
81.00
79.01
80.50
81.76
80.51
79.73
81.61
80.88
81.28
81.58
81.64
80.63
80.30
81.79
80.44
81.08
81.14
80.43
81.91
81.42
79.84
81.82
81.01
78.85
81.66
81.74
81.67
81.51
81.72
81.12
81.43
80.05
81.79
81.12
80.52
81.04
81.36
81.37
81.32
80.64
81.64
80.76
81.19
79.24
81.81
81.67
79.29
81.49
79.27
81.99
80.73
81.12
81.02
80.22
81.36
81.46
81.46
81.69
81.31
80.78
81.05
81.59
81.30
80.37
81.49
80.70
79.21
81.64
81.30
81.44
81.38
79.85
81.33
81.57
80.75
82.02
81.33
81.05
80.49
80.85
80.67
78.51
81.22
81.30
79.04
81.05
80.75
80.89
80.57
80.55
81.69
80.85
81.13
81.60
81.73
79.40
79.13
81.02
81.98
81.84
82.27
77.89
81.12
81.34
81.15
81.07
80.68
80.68
80.98
80.56
81.06
81.86
81.28
81.77
81.68
81.14
81.87
81.95
80.92
81.49
79.30
81.53
81.83
81.15
81.54
81.63
80.69
80.12
81.50
81.64
81.75
81.69
80.66
81.88
81.02
81.77
81.51
81.58
81.27
82.10
81.36
79.94
81.84
81.76
81.48
81.74
81.49
81.12
80.30
81.51
81.64
81.81
79.91
81.08
80.63
81.62
81.64
80.18
81.35
81.83
81.27
81.44
81.41
80.75
81.42
81.97
81.42
81.53
81.00
81.48
81.84
81.44
80.71
81.67
81.59
81.27
80.95
81.27
81.00
81.12
81.39
81.91
81.92
81.05
81.41
80.86
79.85
81.16
81.64
81.28
81.06
81.86
81.12
80.88
81.30
81.19
81.87
81.32
81.26
81.70
81.03
81.89
80.30
81.15
81.48
81.51
81.53
81.42
81.53
80.98
81.27
80.60
81.44
81.90
81.12
81.63
81.10
80.99
81.02
81.63
80.95
81.46
81.50
81.53
81.12
81.41
81.78
80.86
81.34
81.68
81.73
81.71
80.36
81.47
81.54
80.98
81.37
82.00
80.56
81.34
81.63
80.10
81.37
80.12
81.57
80.98
81.05
81.99
81.33
81.56
80.87
81.41
80.78
81.11
81.01
81.37
81.59
80.71
81.70
81.78
81.75
81.04
81.64
81.27
81.85
81.89
82.23
81.38
80.75
81.09
80.87
80.65
81.26
81.73
81.09
81.42
80.81
81.17
80.93
82.05
81.30
81.40
80.99
81.24
80.70
79.82
81.83
80.63
81.78
80.98
81.50
81.30
79.13
81.73
81.56
81.55
77.62
81.30
81.39
80.87
80.26
81.70
81.78
81.73
80.55
81.74
81.13
81.29
81.04
81.43
81.27
81.74
81.90
81.34
81.34
80.22
81.63
80.49
81.35
80.28
80.78
80.73
81.80
80.59
81.85
81.49
81.02
80.84
81.88
81.40
81.00
81.64
81.86
81.17
81.42
81.35
81.24
80.80
80.96
80.73
81.35
81.55
81.48
81.52
81.37
81.47
81.20
80.42
81.79
81.70
81.72
81.70
80.77
81.75
81.03
81.12
79.57
81.40
81.70
80.67
82.13
82.04
80.71
81.27
80.60
80.64
80.99
81.78
81.16
80.71
81.02
81.90
81.21
81.73
81.29
80.61
80.77
81.54
81.60
81.28
81.58
81.79
81.82
81.07
81.48
81.34
81.58
81.05
81.34
81.04
81.16
80.55
81.52
81.75
81.89
80.75
80.76
81.71
79.79
81.57
80.79
81.77
80.67
81.21
80.27
80.04
80.31
80.93
81.52
81.81
81.83
81.17
81.65
81.75
78.20
80.16
81.87
81.25
80.91
81.44
82.00
81.21
81.46
81.18
81.06
79.87
82.00
81.77
81.87
81.46
80.96
80.78
80.89
81.52
79.82
81.23
80.99
80.17
81.03
81.63
80.37
80.19
80.94
79.05
81.65
79.78
82.09
81.42
80.24
81.97
81.66
80.72
81.99
81.42
79.85
80.96
81.15
78.84
81.69
80.86
80.48
81.08
80.17
80.68
80.17
81.62
81.22
80.52
81.06
81.18
80.57
81.58
81.70
81.62
81.93
81.45
81.63
80.78
79.98
81.10
81.65
81.11
81.91
81.28
81.64
80.52
81.84
81.82
80.34
80.37
81.50
79.50
80.37
81.50
81.04
80.89
80.33
81.35
81.61
81.21
81.96
81.73
80.47
81.31
82.25
81.73
80.11
81.04
81.45
80.87
81.78
81.86
80.26
81.40
81.10
81.65
81.68
82.04
81.39
81.48
80.70
81.91
81.50
82.04
81.15
81.78
80.29
81.45
80.30
81.90
81.25
81.28
81.99
81.78
80.25
81.29
81.43
81.27
81.71
81.59
80.56
81.13
81.94
80.17
81.09
81.20
81.41
81.53
80.03
81.66
81.38
81.71
79.87
80.73
81.72
81.16
81.47
81.52
81.53
79.61
81.13
81.30
81.74
81.44
82.07
81.88
81.15
81.88
80.35
79.93
82.35
81.28
81.10
81.99
81.38
81.21
78.21
81.34
80.48
82.13
80.69
81.54
81.42
81.00
80.29
80.46
81.30
81.40
81.52
81.40
79.82
80.78
80.65
81.83
81.66
80.33
81.28
81.63
81.90
79.66
79.46
80.67
82.30
82.13
80.05
79.33
81.54
80.79
78.40
81.32
80.92
81.53
81.87
82.23
81.16
81.13
80.82
81.39
81.37
80.49
80.98
81.96
81.56
81.27
80.28
81.91
81.77
81.30
82.00
80.94
81.31
81.15
82.21
82.06
81.86
80.71
80.50
80.75
81.12
81.23
81.32
80.56
81.50
80.66
81.74
81.65
81.33
81.36
81.49
81.71
80.38
82.04
81.43
81.70
81.09
81.08
81.24
81.10
82.17
78.91
82.05
81.25
81.32
81.48
81.63
79.74
81.04
80.80
80.20
81.42
80.96
81.84
80.87
80.95
82.01
80.64
81.18
80.87
81.31
81.12
81.67
81.55
81.49
80.81
80.89
80.65
81.43
81.29
80.57
81.26
80.81
81.60
80.87
81.35
81.24
80.68
81.26
81.15
80.45
81.76
81.62
81.78
80.79
82.00
81.81
80.35
81.75
81.91
81.59
81.19
81.80
81.94
81.16
81.18
80.56
81.91
81.19
81.56
81.07
81.21
80.38
81.83
81.55
80.46
81.94
81.67
81.10
80.94
81.44
82.19
80.70
81.73
81.35
80.76
81.21
81.21
80.62
80.93
81.56
81.43
79.77
81.48
80.94
80.93
81.32
80.76
81.34
81.93
80.06
81.55
81.49
80.66
81.73
81.54
78.72
81.25
81.00
80.66
81.11
82.04
81.64
81.92
