74.61
72.59
72.52
74.49
72.36
73.08
51.41
74.15
65.13
68.84
64.37
68.86
64.07
64.13
72.15
69.51
72.92
70.31
74.57
73.18
70.16
70.06
74.01
68.58
63.33
66.63
67.30
73.29
69.39
70.06
73.23
53.22
65.48
64.62
70.17
72.07
66.15
67.23
70.79
70.68
64.08
68.19
65.06
71.36
61.08
72.97
65.23
72.64
65.26
68.84
70.80
72.95
73.01
69.71
67.09
69.56
68.53
66.98
70.81
68.20
70.64
72.69
58.28
71.53
63.76
70.36
70.45
62.98
72.48
69.59
67.42
55.08
65.57
71.99
70.32
66.97
63.77
73.34
69.35
42.64
70.90
73.40
71.36
63.05
71.14
72.54
66.90
68.69
70.12
66.13
60.48
71.65
69.44
69.44
60.57
71.59
62.62
74.02
65.01
65.84
70.12
67.50
71.23
71.12
71.98
67.53
74.12
74.35
62.74
67.03
74.47
66.55
70.38
65.22
56.32
65.21
73.34
73.45
64.05
60.98
66.62
68.34
51.61
71.70
67.53
68.81
72.01
68.86
64.70
71.64
65.13
72.25
69.58
72.16
59.32
71.76
61.01
65.77
69.92
68.76
69.45
65.39
59.67
68.22
60.99
74.88
73.69
72.63
64.72
66.86
72.86
70.06
70.47
69.84
71.40
69.17
74.36
68.35
69.45
71.55
66.59
68.42
70.62
65.11
67.25
68.57
72.58
71.66
71.77
66.74
71.92
67.17
69.74
75.90
67.99
65.47
65.75
60.23
68.78
71.79
60.52
70.11
70.66
60.49
71.71
73.49
66.30
72.94
63.97
61.91
73.21
66.97
72.76
70.50
70.84
62.82
69.55
73.62
64.77
65.41
75.07
73.22
71.45
72.87
70.46
65.75
62.77
63.99
64.13
74.08
66.65
70.38
66.84
59.12
72.50
71.98
70.32
71.11
67.10
70.66
72.01
71.89
61.47
72.17
71.24
70.24
68.56
60.61
66.47
71.10
68.03
70.78
66.17
72.29
74.35
74.88
67.15
61.23
72.61
71.99
72.83
65.64
57.01
63.65
74.78
72.94
70.08
68.49
66.00
68.25
70.32
66.77
67.18
67.00
48.15
72.46
61.54
69.25
69.94
74.37
65.01
58.60
72.00
70.50
66.18
71.81
68.92
70.29
68.50
62.15
65.21
72.87
68.10
72.80
69.25
65.31
64.65
74.41
70.66
69.79
71.05
73.23
71.31
69.42
68.90
60.13
68.21
70.92
72.62
69.61
60.77
73.50
71.03
71.02
73.36
59.01
65.58
68.64
68.04
71.10
68.12
71.51
73.95
70.18
71.84
71.16
67.89
74.24
71.35
67.45
68.20
69.17
71.66
61.18
68.33
68.91
68.67
60.60
65.64
74.39
68.20
69.42
68.60
68.18
69.76
71.95
74.48
73.50
62.59
73.72
71.39
69.81
67.32
58.54
73.71
70.70
72.14
73.82
62.86
60.94
64.29
63.95
69.09
68.45
69.97
65.53
62.05
68.58
68.92
63.54
68.32
73.29
69.92
66.34
75.04
74.65
62.34
68.57
71.18
62.94
71.92
63.62
70.68
71.29
66.40
61.68
67.03
64.72
72.78
68.20
71.34
73.97
64.14
68.13
61.78
74.32
73.45
65.58
70.79
63.82
69.43
68.45
72.26
66.77
67.94
63.51
64.48
72.29
73.76
73.33
67.88
68.12
65.48
66.67
68.44
70.78
71.51
72.06
69.83
67.77
67.66
72.26
74.14
64.18
70.42
72.54
64.38
61.01
71.59
68.84
60.05
72.96
70.00
70.58
66.44
72.40
67.99
72.58
70.69
72.31
71.40
64.14
70.31
74.48
68.60
64.42
70.62
71.90
65.94
71.32
72.61
61.71
74.14
74.55
66.54
72.13
70.20
71.22
68.05
70.33
69.28
72.08
71.67
71.30
66.80
64.11
71.95
68.04
69.32
67.03
72.16
69.11
73.05
71.81
71.94
61.29
71.39
70.02
61.49
73.37
50.12
65.98
68.30
60.80
69.72
67.82
71.40
64.80
64.70
70.07
68.77
72.26
71.16
73.73
62.71
70.86
72.71
73.26
65.82
72.87
67.23
64.92
72.10
72.85
67.70
69.46
62.16
70.04
65.47
71.44
70.14
72.35
72.14
73.16
67.43
64.46
73.94
69.26
72.24
60.27
