10.0600
10.0100
10.0200
10.2800
10.1300
10.0400
10.1500
10.0100
10.1600
10.0300
10.0200
10.1600
10.0900
10.0700
10.3100
10.4300
10.0200
10.2200
10.1200
10.3000
10.0100
10.4200
10.0400
10.0300
12.8600
10.0300
10.0300
10.0900
10.0200
10.0300
10.1300
10.1900
10.1400
10.0900
10.0500
10.0000
10.1100
10.0200
10.1000
10.3400
10.3700
10.0000
10.0900
10.2300
10.9200
10.1900
10.0500
10.1100
10.5700
10.0700
10.0300
10.0100
10.1100
10.1400
10.2800
10.3200
10.0600
10.0900
10.0400
10.2800
10.0100
10.1900
13.1200
10.0800
10.1300
10.2200
10.0400
10.2500
10.7100
10.0400
10.0800
10.0600
10.1000
10.4500
10.0600
10.2000
10.5000
10.0800
10.1000
10.1700
10.2500
10.0400
10.1700
10.2300
10.0600
10.3300
10.0300
10.3500
10.1000
10.2200
10.4100
10.1000
10.2900
11.7600
10.5600
10.1300
11.3900
10.4800
10.0900
10.1500
