10.0000
10.3300
10.0300
10.0100
10.0500
10.0000
10.1100
10.0200
10.0900
10.0600
10.0700
11.8200
10.1900
10.1300
10.0000
10.0100
11.8700
10.1000
10.0000
10.0300
10.0000
12.2200
10.0400
10.1200
10.0200
10.0300
13.8200
15.8400
10.0300
10.0300
11.7600
10.0000
10.4800
10.0300
10.0700
10.0000
10.0100
10.0800
10.0800
10.6500
10.0400
10.0500
13.4100
10.0700
10.0000
10.0800
10.0500
10.1100
12.4100
10.0200
10.0100
10.0100
10.1100
10.0100
10.0900
10.1000
10.0100
10.2200
10.4700
11.4400
10.5300
13.3200
10.0100
10.1500
10.1800
10.0900
10.0700
10.5000
10.1700
10.0900
10.2100
10.0100
10.0100
10.0100
10.0500
10.9300
10.1000
10.0000
10.0000
10.9600
10.1400
10.0000
10.0000
10.0100
10.0500
10.0000
10.0100
11.5000
10.0000
10.0200
10.0000
10.0800
10.1400
10.9300
10.5800
10.2500
10.3500
10.0000
10.8400
10.0300
