55.9500
53.6600
46.7800
56.5100
55.2900
58.9000
50.0300
45.6500
43.7400
50.2200
53.4200
48.6200
57.2700
59.8200
53.6200
56.8100
47.2800
51.9400
49.2600
54.0700
57.4500
63.2500
58.3600
62.1100
51.3000
51.9100
56.9700
53.0500
58.2900
60.8400
47.6300
58.5300
54.8600
52.1500
47.3800
51.9800
44.8600
53.2500
60.3500
63.3300
47.2200
57.7100
52.2600
52.6300
55.5100
60.6500
58.8600
44.3600
51.6500
42.4100
51.7400
55.2500
42.5100
52.2500
53.5800
64.8400
42.6400
58.9800
53.1800
56.3600
58.2300
58.6100
62.2000
48.6200
62.9900
58.5400
48.2300
42.5400
49.5000
48.7900
43.0700
63.0000
62.2200
55.4600
59.3900
59.5100
56.8000
54.1100
58.6900
43.8200
58.0400
53.5800
53.6700
53.7000
49.9400
56.5400
50.6000
53.4600
59.7800
57.3800
53.9400
51.2200
52.1300
54.5100
51.2200
45.0500
55.5400
58.8900
48.7800
52.3200
