78.4600
71.2400
78.7300
73.1700
70.0300
77.8700
76.7300
78.1900
78.6300
73.1300
75.4000
77.4900
73.9400
76.9800
78.9400
72.3800
74.4200
75.0100
76.4100
76.9600
76.4900
74.2000
73.0500
72.5800
77.3400
72.0500
69.1000
73.2800
76.8500
73.3300
73.6200
76.1400
75.2600
74.3800
77.1000
73.4600
77.5600
73.8300
77.0000
79.1100
74.0400
72.8300
73.7200
76.8000
75.1100
75.3500
77.3300
76.9500
73.7200
75.7700
74.6500
72.4600
77.3600
74.9300
73.8700
74.9000
74.2900
76.5800
75.0700
78.4200
76.7500
78.2100
75.0300
76.7300
75.2600
74.0100
72.1700
71.9700
77.4500
74.9600
77.0400
75.7300
74.3000
73.7900
71.0200
76.1200
76.3500
75.4400
76.3500
76.8100
76.6800
77.7900
75.6200
78.0000
72.4600
73.1000
76.8600
76.3500
77.4500
74.9200
77.7100
77.4000
78.1300
74.8000
67.3200
72.7400
76.9900
73.4200
76.2900
75.0400
