91.88
91.68
91.58
91.44
91.84
91.59
92.11
91.58
91.40
91.47
91.77
91.57
91.36
91.62
92.01
91.31
91.68
91.50
91.54
91.90
92.15
91.27
91.89
91.87
91.39
91.72
91.65
91.39
91.38
91.62
91.66
91.95
91.70
91.71
92.06
91.35
91.52
92.13
91.64
91.41
91.82
91.54
91.69
91.53
91.55
91.78
91.83
91.55
91.84
91.38
91.63
91.12
91.84
91.84
91.95
91.75
91.69
91.28
92.00
91.95
91.50
91.84
91.57
92.02
91.67
91.44
91.93
92.00
91.35
91.80
92.01
91.64
91.65
91.64
91.55
91.93
91.59
91.88
91.89
91.21
91.55
91.68
91.74
92.04
91.66
91.39
91.89
91.40
92.13
91.69
91.64
91.45
91.94
91.95
91.41
91.66
91.45
91.40
91.59
91.46
