88.25
87.74
87.28
87.20
86.37
87.73
88.13
87.69
88.00
87.10
87.55
87.86
88.24
85.16
87.22
86.27
84.76
88.68
87.49
87.50
86.99
87.56
88.15
88.11
86.08
88.88
85.36
88.61
87.23
87.57
88.10
87.26
86.86
85.83
87.17
88.10
87.66
87.30
88.46
86.72
86.85
87.77
87.65
88.32
88.66
88.17
87.71
87.36
88.54
88.30
86.41
85.19
84.60
87.25
86.79
88.11
88.55
86.00
87.92
86.59
84.65
85.88
89.08
88.22
84.83
88.98
88.33
86.27
87.32
85.37
86.57
86.83
87.40
88.62
88.11
87.69
86.13
87.68
89.01
85.43
88.26
87.63
85.41
87.89
88.02
86.85
87.15
88.13
85.32
87.64
88.02
84.39
86.07
86.87
89.05
88.66
87.34
86.91
85.17
86.74
