83.95
77.22
78.42
75.90
71.04
76.54
84.42
82.18
78.79
81.70
81.58
74.74
82.39
76.91
60.80
76.00
86.39
72.85
77.96
75.53
77.08
80.79
72.30
82.45
78.22
83.76
74.11
73.63
66.95
73.00
80.54
74.37
63.39
82.75
74.07
75.78
82.00
75.19
75.32
83.80
66.08
80.18
77.72
75.22
68.02
75.20
77.90
79.01
80.86
84.19
73.61
80.20
70.40
76.37
76.28
81.21
79.51
68.41
76.53
56.06
76.91
83.29
67.54
74.09
80.01
80.65
80.52
73.33
77.57
69.97
81.03
77.77
74.54
80.59
81.65
67.05
67.13
72.92
62.32
68.76
80.22
74.76
78.30
73.11
79.46
84.94
84.18
77.48
67.11
78.34
68.58
76.22
72.82
72.76
72.26
70.86
79.52
77.66
78.86
82.69
