89.12
88.97
88.96
88.57
89.14
89.50
88.95
88.73
88.79
87.79
88.33
86.54
87.66
87.45
87.39
89.50
88.20
89.69
88.10
88.08
88.18
89.28
87.38
87.09
88.43
88.23
84.39
86.17
87.29
89.43
86.51
86.13
88.39
87.36
86.81
88.23
87.37
88.56
85.15
87.22
85.42
85.16
85.93
86.74
87.97
87.43
88.57
86.46
89.09
88.68
88.72
88.20
87.93
88.77
84.03
87.37
88.20
87.31
88.66
87.30
88.28
88.16
87.79
88.44
87.46
88.59
89.01
84.57
88.80
84.82
87.28
81.39
88.66
88.26
88.66
88.96
85.71
87.86
88.25
89.22
87.27
87.98
87.33
84.97
88.98
88.47
86.45
88.67
87.71
89.14
86.67
87.89
85.99
89.10
86.90
84.65
89.39
86.86
87.29
87.84
