85.2100
84.7400
85.8100
86.7600
86.4800
86.4800
80.2500
86.5500
78.4600
86.6200
86.0600
86.0200
85.5800
84.6900
86.7800
83.4700
85.1100
86.2100
84.9300
86.6800
84.7900
84.6400
83.8700
82.8700
81.9900
81.7200
86.1600
85.0700
85.3600
83.8300
85.7700
82.8300
84.1500
84.2200
84.2800
83.9200
84.7300
81.7200
84.9900
82.6800
82.5600
86.0900
86.3500
74.5000
84.3100
85.7800
83.1600
83.1300
85.4300
85.3100
84.5400
82.2100
83.3300
83.5400
85.3600
84.7000
83.4500
84.7400
84.0900
86.0700
86.0800
83.8600
85.2800
83.7400
85.8200
83.4000
84.7300
86.1300
85.3700
84.1800
86.6900
82.5600
85.1200
86.7900
86.3200
86.0100
86.9100
80.5200
83.5800
83.4700
86.4300
80.3100
80.7400
84.7100
84.5100
86.2600
84.8200
86.6600
83.0800
85.7800
85.5500
84.4400
83.9000
83.0800
82.0200
84.2200
84.2000
83.7500
84.2000
82.3000
