86.7600
85.5000
85.8000
84.3000
86.2300
86.2000
85.6900
85.1400
87.3300
82.1300
87.2400
84.0000
87.7100
85.8700
86.3500
86.5400
85.2500
84.9800
86.9400
87.6700
86.2700
86.6300
85.1700
87.5500
85.6200
84.5700
86.7500
85.3000
88.0200
86.6700
86.0900
86.0200
85.2900
87.0700
86.9200
85.0500
85.7500
87.4800
85.2000
86.2300
86.4400
85.1800
85.7500
87.1900
85.6400
85.7200
86.4700
87.1700
85.1900
87.3700
86.8000
86.0700
84.6400
85.2900
82.7300
86.6300
86.5300
87.9600
87.2900
87.7200
83.6300
84.7800
83.9800
77.9000
86.1800
87.3600
84.5100
86.4500
87.9500
87.7500
86.6700
85.9500
86.4200
83.9800
86.4000
87.0100
83.0600
85.6200
85.9100
83.7700
85.4100
86.2400
84.6700
86.3700
86.6700
86.6400
86.8800
86.2400
83.3900
86.6900
83.2700
83.9700
83.3100
84.3500
86.0400
86.0900
84.7700
85.9700
86.6300
86.7800
