47.3300
56.4100
78.1500
53.6800
69.4900
65.7200
61.2300
76.0200
58.8200
68.5200
73.2800
67.4700
72.4200
55.4500
71.0600
68.7900
69.4300
71.3900
66.0600
73.9300
64.2300
70.6400
55.1700
66.8600
44.9400
74.3500
53.8800
69.6500
63.0100
71.7600
74.2000
46.7000
71.7800
70.6300
73.8000
47.8100
72.7700
59.7000
71.1200
56.7900
60.9900
67.5100
62.5800
56.9300
71.1500
53.5500
78.0600
62.4800
76.8200
69.8600
58.3900
62.9200
58.8900
61.0800
66.0800
60.9900
74.3600
68.8100
50.4000
69.9400
69.6900
66.7000
68.8200
58.7400
75.5600
72.1300
58.1500
74.3700
72.0500
70.8700
71.4300
71.4100
50.5200
66.4100
75.9100
61.4300
74.7200
56.7200
72.8500
64.7100
75.9700
68.9100
62.2200
74.1900
65.8600
60.9200
49.6700
66.8900
75.3900
78.9700
76.9100
65.3700
73.7000
70.0800
68.6800
64.1100
54.6100
67.9600
71.6700
72.0100
