57.9000
50.4100
41.1800
50.4000
57.4900
49.4900
37.7900
61.4900
30.7200
61.7300
34.6500
50.1700
20.8500
47.2600
65.2600
47.8200
34.4300
45.5100
42.0000
47.1600
62.9100
34.3500
54.4300
42.1700
46.6300
29.7500
49.1100
48.8700
49.8800
49.0300
49.8800
52.7400
43.8600
41.2600
38.3800
50.2000
45.1500
49.3900
44.7700
52.8300
59.1700
52.6000
32.1800
40.9300
34.6000
53.2400
29.3800
30.4200
27.7100
40.5500
42.8400
43.4300
40.1400
49.0900
57.5300
52.8100
39.4200
48.7000
37.2200
49.3300
57.5000
49.2000
43.0600
57.6800
28.4200
52.1100
54.4000
38.0100
64.1300
37.1400
29.8900
64.9400
50.9300
36.0600
32.5600
53.6700
53.8000
25.7300
41.9600
45.2100
41.9200
50.0100
42.1300
50.6800
49.9000
30.7900
62.0900
46.7300
29.3000
50.6800
47.5600
54.0000
40.0200
57.0600
22.6800
45.1600
54.4300
52.3500
59.6900
56.1500
