56.0000
54.1000
66.7500
39.8700
49.3000
45.1300
49.6800
62.0000
50.8700
46.2400
38.3500
18.2300
51.4100
48.1400
54.0800
55.8400
58.4200
53.4900
38.8000
59.4700
44.9300
49.0800
28.5300
34.0600
52.9200
32.4800
47.7200
53.2800
38.5600
32.4800
37.9700
21.1800
32.5200
49.0000
62.9600
53.4600
65.7600
44.3500
45.3400
55.7100
34.1600
55.3300
53.9000
35.4800
27.9500
41.3800
69.3800
55.2800
29.5800
60.9400
62.3800
64.6000
52.5100
53.1900
56.7800
36.7600
46.6100
52.1000
41.7100
48.4200
59.6000
52.5300
42.0500
52.9600
49.3300
64.3200
47.4600
23.7200
53.3200
42.7000
55.8900
30.5400
45.1500
60.5000
56.0700
13.0300
45.6100
46.0300
57.6000
49.8100
58.9100
52.6900
41.6300
32.8400
63.5700
60.9400
43.6300
64.9000
47.6300
33.3800
29.8200
65.4400
21.1200
40.8200
55.1400
26.6700
34.5800
29.0300
37.8400
48.6900
