61.8600
67.5700
68.6100
67.7800
70.7800
68.5500
67.4600
64.4900
73.5200
67.3700
56.5700
66.3500
75.6200
69.8600
78.9300
45.6700
56.7800
74.1500
74.4300
66.7600
69.6000
56.6000
74.8400
70.0100
60.5700
66.3200
68.0600
73.2500
59.1900
72.1600
65.8600
71.5800
72.2800
68.8600
71.5900
66.9800
76.0500
69.1600
70.7500
69.3300
63.1100
64.2000
69.9800
68.8800
59.6600
78.8600
59.2300
68.7700
66.8900
73.0000
65.7400
72.4600
64.5100
79.4800
62.8000
70.4400
77.7800
68.6900
71.3200
75.4500
73.4600
69.9300
65.9700
65.7200
73.1300
59.1100
72.7600
72.5700
71.5100
66.5400
76.1200
69.4200
76.8600
75.4800
57.5300
58.5600
74.4000
78.2100
71.1200
64.6600
49.3900
63.1500
68.4000
56.3700
58.6500
71.9800
76.2000
73.7900
72.6100
70.5300
60.7200
72.2200
70.6000
47.2700
69.9000
64.4400
72.9400
71.7200
70.4300
57.2500
