43.5500
42.4800
41.5200
57.2000
67.2100
40.2300
57.1000
41.7300
64.6700
62.1400
70.3800
60.1100
56.5900
57.7200
64.0000
63.0200
64.5200
53.3300
61.1100
63.0600
37.1900
52.0300
48.3000
44.9800
70.7700
42.3500
67.5100
59.0500
65.6100
62.7100
58.1200
52.7300
54.9000
63.4600
58.4700
60.3100
54.9900
64.1200
60.5900
48.3500
70.2800
68.4000
66.1800
58.1700
61.2300
58.6200
52.6700
56.8200
54.1600
64.6000
60.5200
57.9100
65.8900
63.2300
38.0000
67.8500
64.9100
66.8800
55.4200
42.6500
34.4000
54.3400
57.0200
70.1500
67.5400
54.5800
45.7500
52.3100
58.1000
73.4000
56.8600
65.0500
64.2200
53.3200
52.4400
65.5000
62.6400
63.4800
40.5800
65.2700
51.0800
58.3200
63.6600
68.2500
61.1200
61.7600
55.0800
54.5700
51.8100
54.6300
32.5800
65.2200
46.2800
50.7400
56.4800
24.1900
35.0100
70.2000
59.5900
66.0900
