78.3100
84.0600
77.4900
81.8000
82.5100
79.8600
76.9200
83.6500
80.3900
83.4400
79.2600
83.4300
81.8000
80.5700
82.0500
78.3100
81.9300
81.6000
78.8700
82.2400
82.8000
79.6200
81.1100
79.0000
79.8100
80.5100
81.8900
78.2600
79.2300
81.3200
84.8600
81.0500
84.1600
80.1600
82.6500
83.0700
79.9800
83.1600
82.4200
84.2500
82.9500
72.3400
82.0500
81.0600
85.2200
82.3800
83.0000
70.7000
84.1100
81.3500
86.1000
79.2400
83.3100
79.9500
76.4300
81.3800
85.1200
81.2700
82.2200
80.6300
80.4000
82.9500
83.3400
81.2600
77.8900
77.9400
82.9800
80.2300
84.2400
76.0100
81.4900
83.7200
82.7600
81.5300
80.6100
82.0500
77.0800
78.6300
83.1800
85.1000
74.9800
75.5000
83.3000
81.3600
80.4800
81.0900
77.4100
77.6800
80.3600
82.5000
81.3800
82.2800
80.4200
82.4700
78.2700
81.7900
77.8200
80.9300
72.0700
80.7400
