81.9000
75.7900
67.1800
79.5900
76.2600
78.3100
71.9900
70.5200
74.0000
75.1900
76.3300
68.4100
83.0000
78.0100
60.8100
81.7400
79.7900
75.2500
69.0400
80.3100
82.0100
67.5000
78.5100
78.4200
59.7600
73.6700
75.2000
71.4900
80.7100
77.3400
74.5600
76.4600
79.0200
79.8500
79.4800
79.8700
78.4500
79.8800
81.4400
73.1900
75.2300
71.1100
75.3100
71.8800
74.6300
74.2800
62.9300
77.7100
79.6300
77.7100
65.2800
75.8600
79.1900
76.1600
69.1900
77.5600
69.7900
74.6400
76.6700
77.6300
68.5500
78.1300
68.5200
78.5700
78.3700
68.5300
75.0500
74.7700
76.6400
78.9200
73.5900
80.1600
72.9800
83.2700
78.9800
65.3800
78.2500
77.3100
72.6300
60.3200
80.1400
62.8600
78.2200
77.5300
75.0900
77.9800
80.6500
76.8600
77.4500
81.2400
81.4400
77.0300
75.7400
77.0700
68.6100
75.3100
78.6600
68.9200
78.0900
80.9000
