87.7200
87.5300
88.2200
88.2700
87.9100
87.5600
87.6500
87.5500
88.0100
88.0200
88.3200
88.1600
88.0500
87.3300
87.5500
88.2800
87.8200
87.4000
87.7800
87.6200
87.5500
87.6500
87.7000
88.0100
88.1500
86.4900
88.3300
87.5800
87.9300
87.5500
87.7300
87.8300
88.0900
87.8300
87.6900
87.8800
88.1700
87.5400
88.0100
87.8100
87.8900
87.5800
87.7200
88.0600
87.2400
87.8500
87.8800
87.6500
88.2900
87.7400
88.1100
86.9200
88.0600
87.9500
87.9900
87.9300
87.7800
88.2900
87.2800
87.2800
88.1400
87.4300
88.1100
86.9500
88.1300
87.4400
87.8700
87.5700
87.6000
88.1200
88.5200
87.8100
87.7800
88.3200
87.3300
88.4300
87.8500
87.4800
88.1000
87.8200
87.6800
87.7800
87.6700
87.8500
87.4700
87.8400
87.8800
87.7700
87.8200
87.9000
87.7200
87.4700
87.7800
87.0700
87.7500
87.8700
88.0300
87.7000
88.2200
87.6400
