83.6600
85.1300
85.0000
85.3700
84.3200
83.1700
84.5300
81.4300
85.5100
84.8500
82.9600
83.9100
83.1700
84.3100
86.2700
84.6700
85.4600
85.4200
85.9000
84.7900
85.6200
81.3600
84.8900
84.2600
84.6500
84.9600
81.5300
84.0300
84.8400
84.9100
82.6100
84.3900
84.3200
83.0400
84.9600
83.2400
84.4900
85.4100
83.3800
83.3600
84.4700
85.5900
84.5300
84.7400
83.5300
84.8700
84.6300
85.5700
84.5800
85.2000
84.6900
84.8900
85.4700
82.5500
84.5100
84.6000
83.5200
84.4600
83.8100
84.6300
84.3800
83.5900
84.5800
84.9100
84.7200
85.1300
83.0700
85.4000
84.7300
85.5300
85.1200
85.3800
84.0800
83.4900
82.2600
85.6100
84.5200
83.2300
84.3900
83.9700
85.3700
84.0400
84.2900
83.9900
84.3300
83.6200
83.7100
85.2100
84.0200
83.9700
85.7900
84.5400
84.2400
85.2000
85.1900
84.3900
84.4100
84.2000
82.7900
85.0300
