77.2600
78.2800
77.0800
77.9600
79.0900
78.7700
77.3400
79.0300
78.9700
78.1200
77.9400
77.0800
79.0400
78.9200
75.4000
79.3900
78.5400
76.7100
75.9700
79.3300
77.6100
77.9300
80.1700
79.8000
79.8400
78.8200
80.3100
80.2100
78.6000
79.6400
78.2500
75.3700
76.8600
79.7700
80.0600
77.7300
77.0000
79.9700
76.3500
80.4800
78.5700
78.3700
77.9000
75.4600
76.8200
76.1500
78.3600
80.3300
77.5000
77.2900
78.6700
79.2500
78.7100
77.4600
78.3800
77.9000
75.2500
77.6900
80.1500
79.3100
78.8900
72.9300
79.1700
74.8200
78.5900
77.0200
76.5200
77.4900
77.4000
79.0400
76.9200
78.1900
79.3400
76.0200
79.7800
80.1800
79.0700
79.9700
77.7300
79.3700
76.7500
76.7500
78.3600
75.7000
76.8100
77.1900
79.2500
78.0600
79.5500
78.5800
77.8500
75.5000
76.8900
80.3900
79.0000
77.2700
79.4600
78.5300
78.3300
78.9800
