85.1600
84.2500
84.0100
85.3400
82.6900
84.8300
83.2300
83.3200
83.2000
82.5700
82.1300
82.2200
83.9600
85.7900
85.0400
83.9800
84.4300
84.5100
82.3300
84.9700
82.8400
82.1900
83.6000
83.1700
84.5000
84.9900
83.6900
84.0600
85.2300
84.3500
84.4000
84.4700
83.4900
84.7900
84.8500
84.0700
82.6200
85.4900
83.5000
83.9000
84.0000
84.0700
83.9700
84.9500
83.2800
85.5600
84.3800
83.8400
84.2200
83.7900
84.8800
83.7900
84.5800
83.5400
84.5600
83.6600
84.7600
82.9500
84.1700
82.2000
84.2400
83.9100
84.6800
83.9000
83.7000
84.3700
83.6700
85.4600
82.7200
83.1300
83.8200
82.3900
82.9900
84.1900
84.5600
82.6600
83.2300
83.8000
83.4400
84.3200
81.4300
83.6000
84.7600
84.3100
82.3700
83.9700
85.0700
82.2800
83.8900
81.4200
83.0800
84.9800
83.3100
84.3200
81.5500
82.2500
83.6500
82.4000
82.7600
83.4300
