81.8800
81.3800
78.9800
83.7900
82.9300
78.4000
79.9000
78.4500
77.6000
77.8800
81.5300
79.6600
73.7500
79.5900
78.9900
77.8800
78.3800
82.3000
79.5900
77.4400
80.6500
78.1100
79.8500
80.9000
78.7800
78.2900
82.1500
76.0800
78.5700
78.4700
80.8300
78.6900
76.3600
76.8200
79.0900
78.2100
79.2600
79.0700
80.6600
80.1100
79.7100
80.5600
79.9100
80.5100
81.7000
82.3300
81.0700
79.5700
81.0700
73.5100
78.7400
77.9500
80.0000
81.5700
81.7400
82.0400
78.2700
80.5600
80.4500
78.2900
79.0100
80.9200
82.3900
76.7500
78.0000
80.3800
79.7100
79.2300
81.0100
78.9000
75.9000
77.2300
83.0500
79.8800
80.3900
80.4900
79.7500
76.8900
80.9400
81.9200
78.5300
81.8200
78.7400
77.1700
79.0600
81.0500
80.1700
81.9100
79.0200
81.6500
81.1300
76.5400
81.0500
80.0700
80.4800
79.8300
80.5300
81.6300
79.4900
80.1700
