86.9600
87.1400
86.1500
86.8900
87.3800
87.6600
86.8100
86.6200
87.9100
86.6000
87.6100
86.7100
87.1900
85.8900
87.9700
87.4400
87.0600
87.1700
85.2600
87.1200
86.1700
87.7100
87.4400
87.8100
86.6900
87.7200
87.3600
86.7700
87.4700
86.9900
87.2000
87.6200
87.1200
87.7100
86.7200
87.8200
87.3900
85.7200
87.0000
87.6100
86.8600
87.0000
86.6500
87.6000
86.7800
87.0100
87.3300
87.6600
86.1500
85.0200
87.2500
87.2600
86.9000
87.2000
87.0400
85.8100
88.0300
85.9700
85.7700
87.0400
87.2300
87.2900
87.2300
87.3500
87.4400
84.9800
87.6700
87.5000
87.4800
87.1100
87.4100
85.7800
87.2500
86.2600
87.1100
86.8800
87.8700
85.9200
87.8200
86.8300
87.2100
86.7300
86.9700
87.5200
86.8400
86.8400
87.9900
86.9000
86.6700
86.9000
87.1800
87.2100
86.9000
87.1000
87.0000
86.5800
86.1800
86.9500
85.8700
86.9400
