79.0800
75.9800
79.9600
76.0200
77.5200
79.0600
77.8900
78.7100
77.1400
79.2300
77.7200
76.9900
79.3300
78.6300
78.2800
77.5700
78.2000
77.1600
78.9000
75.8700
80.5200
78.5200
79.4100
76.0400
77.1800
77.0200
78.9600
77.7900
79.1400
79.1100
78.0600
79.6800
76.0300
78.5600
76.1500
77.7700
79.6000
77.1300
79.5300
74.4900
79.2500
77.6600
77.6000
78.9200
76.8600
79.2700
79.2500
78.6900
76.3700
76.1300
78.8700
75.9500
78.6500
75.2100
78.2600
77.5800
72.9100
78.0800
77.9900
70.9200
78.8700
78.9800
78.4900
79.1600
78.8200
79.2700
77.3800
77.6700
77.2400
77.7600
78.3000
78.4500
78.1500
79.4200
78.9800
77.6400
78.6800
77.1800
78.6300
75.9000
78.5400
78.0400
79.9900
75.8200
74.3800
78.0100
78.7400
76.9700
77.0900
79.2000
75.9500
77.5600
79.6800
77.8600
79.5500
79.1000
77.7200
79.5500
76.8900
77.3500
