82.0900
75.1500
80.6100
79.1200
78.7600
81.8000
78.2000
77.0600
78.3400
81.8000
72.8600
76.2700
80.2100
78.1700
78.7000
81.1800
75.0000
78.7900
72.4300
80.1900
80.9200
73.4000
80.0300
74.9600
81.2700
77.1000
80.1200
82.0900
80.5700
77.7000
79.3700
81.1000
73.3400
79.4000
76.7100
79.0800
78.2600
73.6500
77.7100
76.8100
79.8100
80.3300
79.4800
79.3300
78.6900
78.2100
75.2300
76.2800
78.5700
79.8300
79.4900
79.6800
79.3400
79.5600
81.1400
79.5100
79.3000
75.5700
76.8300
75.5600
78.8500
82.5300
74.3600
71.2600
76.9600
82.1900
80.5300
74.9400
77.0200
80.2100
78.1600
77.2600
77.4600
81.4100
75.6600
78.5200
70.0000
81.0200
78.0400
75.4200
81.9100
78.7500
75.9000
80.5100
77.7500
78.5700
77.9700
77.7600
76.8200
80.2800
77.3600
79.6000
80.3200
76.2100
74.3000
81.1600
79.0000
80.9900
76.7900
80.8200
