64.6600
64.6400
69.9000
64.6400
55.5800
56.8400
60.0600
68.2200
60.6100
70.1600
63.4100
70.4100
60.3700
64.8100
60.4600
52.9900
64.9500
59.3200
59.1100
52.4200
63.3400
69.2500
56.2000
49.5700
58.7400
60.1900
53.2900
59.8600
69.9700
58.5100
54.7800
57.3700
58.7000
55.0100
69.7100
59.9900
60.3200
60.2400
62.7900
63.4100
68.5000
54.0000
69.9200
65.5000
59.4900
60.9700
57.7500
59.1000
61.2600
68.7300
60.3400
65.4200
57.7500
57.3900
57.8100
61.5900
63.3300
62.2000
65.7000
62.0600
68.4800
64.9900
57.7700
61.9100
66.0400
59.6700
56.9600
63.4800
64.3400
62.2700
54.2200
67.8100
61.7700
73.4600
65.8400
59.0100
64.6100
51.7600
63.4100
56.5000
65.2300
66.2500
60.9600
61.9900
65.1500
65.2600
62.7400
61.4400
64.8000
63.9000
62.2800
52.2300
64.6400
66.5300
70.1800
52.5300
50.6400
62.1100
47.4500
54.8100
