90.70
88.65
78.66
92.19
91.27
88.94
88.61
90.24
87.84
88.32
81.93
88.99
92.31
83.71
89.64
90.65
88.62
87.50
85.45
87.56
77.51
90.24
87.32
88.12
90.39
90.61
89.20
89.75
86.65
82.22
90.52
88.52
90.60
87.77
89.96
90.18
83.74
91.31
91.74
88.59
91.18
86.36
89.56
91.19
86.75
90.48
90.71
89.15
89.71
91.63
89.73
87.90
90.35
90.23
88.78
90.93
89.37
91.49
91.72
90.27
89.10
87.19
86.61
85.23
89.41
89.01
90.99
90.91
91.77
90.25
89.11
87.30
90.94
84.01
89.54
89.89
90.44
87.63
88.14
84.36
88.48
87.67
84.27
87.60
90.91
89.58
90.44
90.87
89.93
91.28
89.22
88.38
86.18
88.98
91.14
91.76
90.30
86.16
89.32
85.12
90.19
90.87
89.58
86.56
89.04
91.76
89.59
88.69
90.06
82.76
89.08
86.91
84.84
86.65
90.34
82.78
84.63
89.64
88.95
89.45
90.29
86.82
86.07
84.74
88.81
91.05
90.20
88.23
88.00
84.57
90.00
89.84
86.95
88.65
90.44
91.40
89.41
85.54
90.81
89.66
89.88
90.44
89.31
90.27
85.98
82.75
85.83
89.43
86.12
86.17
88.45
88.24
88.11
89.28
90.25
90.39
83.95
85.73
89.77
90.13
86.99
91.02
83.36
88.74
89.83
87.97
90.13
91.06
90.75
91.94
91.01
88.25
88.02
87.67
91.48
83.14
89.44
83.41
91.61
90.36
88.13
87.14
88.54
85.40
87.09
91.78
90.44
87.69
86.03
92.05
87.60
90.94
91.34
90.26
83.11
89.39
92.39
91.37
89.18
90.73
86.31
90.54
91.72
89.58
87.97
87.39
85.53
88.32
87.97
89.57
91.15
89.58
91.63
90.63
90.42
88.95
89.55
86.44
89.89
87.02
89.58
89.67
88.37
84.57
91.50
88.45
88.17
87.77
88.50
89.16
93.02
90.50
84.98
91.59
87.30
80.22
85.12
90.84
88.16
83.97
89.59
88.48
90.29
87.15
91.03
87.29
90.76
91.20
83.19
85.55
90.98
90.81
88.79
91.40
90.40
85.81
89.93
87.36
88.24
92.93
89.93
84.82
88.31
90.27
84.32
91.65
85.04
88.33
91.13
88.11
92.35
86.20
88.75
89.80
85.48
89.38
82.93
86.78
90.31
89.81
90.23
90.49
88.10
90.93
85.51
91.00
91.14
91.96
90.45
90.40
91.39
91.56
87.14
88.01
89.39
89.58
89.39
85.13
89.14
88.58
88.77
91.62
85.18
89.85
91.55
86.53
89.72
89.13
90.52
84.75
84.45
88.89
87.62
86.55
90.21
90.04
89.19
89.00
88.01
85.46
83.88
87.62
88.43
91.50
90.33
90.13
82.49
89.71
90.20
84.63
91.64
89.53
87.69
85.46
90.81
88.79
92.00
77.69
89.08
90.63
90.09
91.07
89.89
89.23
90.67
87.42
88.50
88.07
90.83
89.77
90.53
89.34
84.57
89.24
90.74
85.61
90.64
90.13
90.53
85.54
84.61
90.64
87.47
87.67
90.19
91.24
89.14
87.79
88.92
89.22
91.12
89.41
89.33
90.03
90.64
90.33
89.30
89.16
87.25
86.91
83.23
87.52
88.64
89.00
87.20
89.68
89.31
87.32
90.29
90.10
89.17
89.22
89.85
89.01
89.32
86.90
86.72
87.43
85.87
88.85
90.04
90.38
90.25
88.93
88.22
89.67
90.39
89.44
88.47
86.95
88.55
88.89
89.42
89.82
84.55
90.88
84.20
88.09
90.35
91.72
90.72
89.53
89.36
86.36
90.46
90.50
86.68
88.52
85.64
86.79
85.09
90.41
89.82
88.20
87.20
87.82
88.46
86.36
88.03
92.15
81.79
90.14
91.70
88.93
90.80
89.93
91.36
89.20
87.59
91.50
88.38
86.06
89.53
91.66
90.05
88.10
88.29
85.67
84.73
90.76
90.63
90.94
89.89
90.64
89.09
90.71
84.94
90.79
88.65
89.28
88.93
83.10
88.55
89.42
91.80
87.97
91.09
88.97
85.10
90.07
82.25
88.70
85.04
91.90
89.63
89.77
88.51
90.49
89.59
91.06
90.54
90.67
87.89
85.49
89.23
91.06
90.81
91.11
90.18
85.33
91.12
87.46
82.79
89.62
88.84
89.21
91.15
92.43
89.77
87.21
91.78
88.11
91.20
89.83
92.06
88.51
87.52
83.82
90.24
88.81
84.97
86.27
91.12
90.99
89.76
90.99
90.40
91.79
87.70
87.20
91.41
88.05
89.74
91.50
87.18
87.07
89.87
89.86
89.30
90.75
89.24
90.69
87.76
88.91
84.49
83.95
90.04
88.41
82.32
85.84
90.82
83.46
91.54
89.15
91.11
88.44
89.40
86.31
88.63
87.08
90.98
88.10
86.26
86.89
88.46
91.29
85.47
84.20
89.88
88.48
91.86
84.85
90.49
89.68
90.09
89.70
91.28
87.21
91.08
90.37
88.87
89.95
89.86
89.43
90.71
90.99
87.10
87.15
92.13
89.02
88.56
87.52
87.09
92.07
87.80
83.23
88.51
89.11
92.80
89.81
82.06
86.33
84.07
91.68
89.82
89.47
82.92
89.96
88.66
89.49
88.50
90.12
91.25
89.41
86.56
89.41
89.26
91.22
90.30
89.00
89.00
88.96
80.78
90.29
90.96
87.87
89.10
83.26
87.26
87.94
85.02
88.80
90.10
83.91
89.86
89.40
90.82
91.25
90.30
90.69
90.79
87.30
88.57
81.81
88.71
81.63
86.70
91.35
89.62
90.14
85.23
90.03
91.62
91.24
88.50
90.67
88.85
89.12
90.10
91.47
89.20
90.40
91.22
89.33
88.10
90.93
87.72
91.65
89.88
89.76
86.42
90.14
85.76
85.60
89.54
91.48
88.62
88.13
85.66
82.42
88.59
89.30
89.47
90.39
90.83
92.34
89.90
85.09
90.57
88.44
90.68
87.18
82.84
88.99
91.09
88.07
88.92
86.40
91.02
91.64
88.68
90.05
90.34
90.04
91.32
90.45
89.69
92.44
87.95
89.21
81.10
86.91
90.10
85.16
88.70
90.93
87.19
91.67
91.71
89.09
88.92
87.48
89.71
91.33
87.27
86.61
85.71
89.27
91.01
85.56
92.63
88.58
91.61
88.37
88.93
87.36
83.97
88.21
87.02
90.26
90.50
88.97
88.32
90.84
90.08
86.13
88.05
89.46
87.91
89.16
90.72
87.48
89.94
90.62
84.53
88.44
90.50
85.27
88.39
89.94
90.84
90.26
89.18
87.83
88.64
90.15
90.96
91.44
87.13
89.14
87.70
90.38
85.81
88.40
87.35
83.86
91.69
89.84
86.51
86.78
84.00
88.28
88.90
90.71
88.01
88.88
88.59
90.17
87.31
90.44
91.35
88.62
87.56
85.70
89.65
83.66
89.89
90.39
87.14
88.75
89.14
88.10
90.90
91.65
90.14
92.39
89.07
90.82
88.87
85.94
86.83
87.17
91.72
88.05
90.29
91.53
84.10
87.58
92.00
86.92
91.00
88.96
87.63
91.10
90.86
89.38
87.93
85.12
87.80
90.97
90.81
90.23
87.06
89.52
89.13
89.57
89.82
88.61
91.35
90.46
88.78
87.58
88.09
90.30
90.10
90.45
91.13
88.35
88.63
87.85
89.29
88.87
88.75
91.00
87.88
83.85
90.57
88.57
86.08
89.46
86.89
87.90
92.25
87.50
88.90
90.92
87.21
90.48
91.53
87.15
89.67
83.86
88.77
83.15
86.25
89.31
91.45
87.04
90.80
87.11
88.94
84.44
88.28
90.15
87.52
85.37
88.56
90.69
90.54
86.62
89.50
90.82
88.45
86.08
88.30
87.16
88.93
88.52
90.17
85.62
87.44
90.31
91.84
80.51
91.36
89.27
89.64
90.72
87.93
87.82
86.07
89.87
89.75
89.77
83.38
88.42
91.15
90.01
81.54
88.18
88.13
89.45
86.28
91.49
87.63
89.51
88.09
90.96
87.65
87.91
88.92
86.01
89.32
86.66
88.99
84.35
86.15
91.70
87.11
82.44
84.91
90.44
87.19
90.21
89.76
90.04
90.60
90.22
90.83
87.69
91.15
89.36
86.19
91.32
88.40
86.24
89.72
86.33
84.23
87.09
89.14
88.62
90.70
91.48
89.79
82.51
90.94
88.64
84.58
88.22
88.75
89.01
91.54
85.33
87.53
89.99
91.52
89.61
86.21
92.29
88.99
89.95
90.31
87.74
89.59
90.16
91.32
89.77
86.32
86.89
88.08
90.32
86.58
87.11
83.10
88.86
87.65
90.26
88.37
89.81
