68.4600
68.0100
67.6600
69.1800
68.5200
68.2500
68.6400
68.5000
68.2200
67.2900
68.5400
68.0800
68.2000
68.3100
68.6200
68.8300
68.3900
68.9300
66.0500
68.3800
68.9000
67.7700
68.0800
68.8000
67.0600
69.0100
68.8200
68.1500
68.7100
68.3000
67.9800
67.7600
67.5500
68.3600
68.0300
67.4600
68.4800
68.5700
67.7100
68.3200
68.5300
68.3900
68.5100
68.0400
68.9600
67.7800
68.5300
67.9900
67.6200
67.1300
68.3500
68.3200
68.0200
68.0400
67.0000
67.9900
68.6200
68.2500
67.3500
67.3100
68.1400
69.4600
67.8600
66.2400
68.5200
67.9800
68.5000
68.2100
68.3200
68.6900
68.4600
68.6700
68.1700
68.3300
68.5800
67.5600
67.6200
67.1500
67.1900
67.2900
67.1700
68.4500
68.5100
68.1400
66.8500
67.5000
68.4800
67.8500
68.4400
67.5200
68.3200
68.7000
67.5400
67.6900
66.0800
67.7500
68.7000
65.6200
67.6400
67.5000
