88.8300
88.2400
88.4900
89.5200
89.1100
89.1000
89.1600
88.9300
88.9300
88.6000
89.4500
88.7700
89.0900
89.0100
88.8400
88.9700
88.8700
89.1500
87.2400
88.8500
89.0900
89.3900
88.7900
88.9200
88.3600
89.2600
88.9200
88.8000
89.1100
88.7400
88.3900
88.8600
88.4000
88.9200
88.9300
88.2900
88.8100
89.2000
88.5200
88.9400
88.8700
88.9800
89.0700
88.6800
89.1700
88.6700
88.9000
88.3500
88.7000
88.0000
88.9800
89.1000
88.9000
88.6700
88.1100
88.7300
88.7100
89.1600
88.0800
88.7400
88.6600
89.0800
89.0900
87.4000
89.1300
89.3700
88.7100
88.8400
89.3100
88.8700
89.0500
89.0600
88.9500
89.0000
89.0900
88.8700
88.5400
88.6900
88.3600
88.3700
88.6400
89.1000
88.6100
89.0000
88.4000
88.6300
88.9200
89.1700
89.0300
88.3300
89.0500
89.2200
88.8100
88.9300
87.5900
88.7600
89.0800
87.0900
88.4000
88.7500
