62.2100
61.4400
63.9800
62.9000
62.0900
61.9800
63.6900
62.6100
59.4400
61.6800
60.7800
62.5600
61.4700
61.9600
61.2100
60.7100
61.7100
61.8500
57.4300
59.7500
61.2600
62.5600
61.8800
55.6800
61.8800
58.3700
61.2300
61.4100
59.8900
60.0800
60.7900
62.8900
59.7400
62.6700
58.5700
61.4800
62.4800
60.0300
61.5200
61.3000
63.3300
60.5000
60.5400
58.5800
60.6000
62.5900
61.8900
59.8900
60.6100
61.0200
62.1800
61.1400
60.2400
61.0000
62.4100
60.2800
62.3500
63.3400
62.9600
60.3900
60.4800
62.4500
60.1100
60.5100
62.3100
61.0300
62.3400
60.5000
62.5100
60.2600
61.1900
62.2100
62.7000
61.5700
59.5200
61.1700
62.2100
60.4000
60.0200
61.3600
62.4800
59.9700
60.1800
62.0900
62.4300
63.3000
60.1600
61.7900
61.6100
61.2300
62.4400
62.0000
62.4100
60.6100
61.7200
62.5000
60.0400
59.4800
62.2400
59.2000
