82.5500
83.5800
83.0500
82.3800
84.4400
85.0800
84.3500
83.7000
85.1400
85.0300
84.2100
84.1800
81.7200
83.8900
83.9800
85.4700
84.5800
84.1200
84.9300
83.0000
83.8000
83.7600
83.6400
84.0700
84.6700
85.2200
84.3900
84.8400
84.0000
83.9900
83.7400
85.0100
84.2100
85.3700
83.4200
83.2800
81.8500
84.0800
82.1300
84.3400
84.8100
83.7400
83.0900
82.5200
84.1500
83.5100
84.2600
85.4700
84.6600
85.1200
85.2500
84.1200
82.2900
82.9700
84.1300
84.9000
83.2300
83.6500
83.2400
84.7800
84.4800
84.1600
83.1500
85.7200
83.7600
85.2600
82.6800
84.2700
84.6600
84.3900
84.8200
82.6300
83.5500
84.5900
83.5000
84.4500
84.0300
84.1300
82.9300
85.9200
83.4400
82.4000
84.9000
83.7700
84.3800
84.6600
84.6300
84.4400
84.4600
85.1200
82.9200
83.4800
84.4800
82.2600
84.4100
83.9900
85.2500
82.6500
84.0000
84.4800
