58.7200
61.0500
59.2700
58.9400
62.1500
62.3000
61.6000
59.8500
63.3200
63.1300
61.4700
61.7500
56.8400
60.8100
61.4700
63.1200
61.8400
62.2000
62.3200
59.3200
61.2500
60.9200
61.0600
61.4800
60.8300
63.1200
61.1700
62.4700
61.4200
60.7500
61.1300
62.7400
61.2000
63.2000
60.3100
60.3100
57.8300
60.8800
59.0600
62.0000
62.6700
60.5200
60.7000
59.6400
61.0800
60.0800
62.2600
63.5500
62.1000
62.7900
63.5600
62.1100
59.8700
60.2300
61.6500
61.9900
60.4900
61.7100
60.6400
62.0300
61.2100
61.4700
61.0400
63.4700
61.1300
62.7600
59.6100
62.1600
63.1700
61.5500
61.7400
58.9000
60.6000
62.6200
60.6500
61.4900
61.0800
61.8900
60.1900
63.9400
59.7600
58.9200
62.6900
61.8100
61.8500
61.7900
63.1000
63.2100
62.4600
62.5400
58.8300
60.3800
61.6000
59.1400
62.5500
60.8200
63.2100
59.5400
61.3800
62.6200
