78.3200
78.5000
81.2400
80.3700
81.8900
82.2000
81.9600
79.7200
79.2700
79.2100
80.0700
79.6900
76.2200
80.0500
79.5400
81.3200
78.5400
79.5100
81.5800
81.5500
79.2500
81.0500
79.1300
80.2100
80.0200
81.0100
76.8200
80.1600
79.0700
80.5900
78.0000
81.3300
83.0100
79.5200
76.9400
80.1100
81.5800
80.6700
78.1200
78.4400
80.6300
83.5500
83.0100
79.8700
82.6200
79.7300
78.9700
81.3100
79.2800
79.8200
81.0000
79.4300
81.1000
80.8500
80.3600
80.6900
80.9900
80.9300
83.5200
78.7800
81.0200
80.2200
80.8500
79.3000
81.3200
82.4500
81.1300
80.5200
82.5900
78.6100
80.2800
81.1200
79.3800
80.8000
78.2000
81.9200
79.3100
79.6000
81.2000
81.5300
82.2800
81.5000
82.6200
80.3500
79.5100
80.9500
81.4800
81.9400
80.3800
80.6200
76.4000
84.7700
80.8600
82.3900
80.4100
81.2100
80.3100
79.4000
80.8900
83.2300
