75.3900
80.7700
79.4100
75.7000
76.3000
74.7300
77.8500
67.9300
79.6900
72.5400
77.8000
74.2600
77.4300
74.7400
76.5800
77.2100
73.4700
75.5000
77.1100
75.8400
77.1700
75.6900
72.5500
72.7500
76.1500
76.4300
68.3500
75.5300
70.6400
74.5600
72.7800
73.2800
75.5300
78.3100
75.9800
76.5600
71.6100
76.2400
68.5400
79.2600
76.1900
72.3600
76.2100
76.8800
74.3200
78.9000
73.8300
75.5400
74.6700
76.3600
72.2700
73.4100
73.4200
75.1100
73.5600
76.8800
76.5200
79.4400
78.5900
76.8500
78.9000
74.2200
77.3100
77.8200
70.2100
77.5500
75.0800
79.2700
75.6300
79.0400
75.5000
74.5200
72.5200
74.0900
74.4000
73.7500
77.2000
69.8400
72.1600
72.6300
73.7900
78.2600
76.7400
81.1900
77.0000
72.4800
77.6200
74.2900
76.9500
74.6100
73.8800
76.8300
74.8300
77.6900
69.7900
77.7200
78.9000
71.0300
77.8300
74.2300
