89.1400
88.8000
88.8500
88.6100
89.0600
88.7900
88.6800
88.6500
89.0700
88.7300
88.8300
89.3600
88.8000
89.0500
88.8600
89.0000
88.5000
89.3200
88.5300
89.2500
88.8300
88.6800
88.7500
89.3200
88.1700
88.9300
88.7800
89.3500
89.4800
89.0600
88.0900
88.8100
89.4600
89.3600
88.7400
88.9100
88.8300
88.9100
88.9500
88.7700
89.1300
88.7700
88.7400
89.0000
88.8700
88.5000
88.6200
89.0900
88.7600
88.5700
87.6200
88.7000
88.0500
88.6100
89.3100
88.6400
89.3400
88.8200
88.7100
89.0000
89.0500
88.8600
88.6300
88.9800
88.4000
89.0800
87.5700
88.0600
89.1500
88.8100
88.9600
88.8100
89.0400
89.0600
89.1400
88.6600
88.6500
89.0300
89.2500
88.8600
88.6400
88.6600
88.3100
88.9300
88.7900
88.8300
88.5400
88.8600
89.3600
88.6600
88.4400
88.2200
88.8500
88.3500
88.7700
88.8000
88.5900
88.7400
88.6000
88.8100
