64.9200
64.3400
65.6100
65.2900
61.4500
64.4600
65.2800
63.0000
64.1800
65.0700
64.3400
64.8700
59.9300
64.6200
64.3400
63.0100
63.3400
65.3000
63.2000
65.2400
64.9900
64.8100
63.7000
65.9700
63.1200
64.8200
64.6800
62.6400
62.5100
65.0600
62.6100
62.9300
64.5300
63.7500
63.8700
65.7600
64.5100
64.6100
63.2700
62.9400
62.6600
65.6000
64.0800
63.8500
64.4900
65.3700
64.3600
64.8600
64.7600
64.6100
64.4000
65.8300
65.5800
63.7000
64.4400
64.9400
66.2100
65.3300
64.7100
64.7200
65.2500
65.2800
65.2600
64.4100
64.7900
63.8900
64.5900
64.5000
65.2300
65.4900
64.8400
65.7500
63.5900
66.2000
66.2900
64.0400
65.0800
63.1400
64.7400
64.8300
64.4800
65.1800
65.3900
63.7300
65.7900
63.7400
64.9200
65.1700
64.0600
64.0200
65.4200
65.4700
64.6500
64.9400
63.3200
65.0000
64.5900
64.6200
64.4300
64.7900
