64.0700
64.1600
64.7600
64.0100
63.4300
64.2700
63.5100
63.0000
64.3700
64.8000
62.5800
64.6300
64.5300
64.4500
61.1600
63.0900
64.4100
65.3100
64.9900
63.8900
64.4400
64.8300
64.3700
64.3100
64.6200
63.2300
64.0100
63.7800
63.5900
64.8100
63.9800
64.1800
64.0400
63.9600
63.9700
64.4600
64.0200
65.3000
65.3100
63.9900
64.0800
65.1200
63.5400
64.5600
62.6000
64.8800
64.4100
61.6700
61.4900
64.4900
63.7000
65.1800
62.1200
64.4600
63.8400
63.8900
61.4200
63.4400
63.6300
63.7600
62.7500
64.0200
62.6200
63.9400
65.2100
65.2600
62.9700
63.5200
65.4700
64.6100
63.4800
64.7400
63.6900
63.3800
65.1000
64.8000
63.5100
65.0800
63.9600
64.2800
64.4800
64.2600
64.0000
64.2500
63.4900
63.6300
62.5000
63.8800
63.4600
63.0700
65.0700
63.4800
64.5400
65.1300
64.3500
62.6200
63.5400
64.8500
63.7600
64.1200
