84.5300
83.5300
85.2100
84.4300
84.2400
84.4200
84.7800
84.6400
82.4300
83.9300
83.2800
84.9200
84.0000
83.8400
84.1400
82.7100
84.2900
84.0900
79.9600
82.4000
84.1400
84.9500
84.0100
80.0300
84.2200
81.4400
83.0100
83.1500
82.1200
83.3100
83.4000
84.4100
82.3200
84.8800
81.3000
84.0200
84.5500
82.9500
83.4800
83.7900
84.6600
83.1100
83.1400
82.7500
83.3900
84.4100
84.0900
82.6000
82.7100
84.2600
84.1700
83.6400
83.1800
83.3200
84.7900
83.3000
84.3300
84.8100
84.7700
83.7000
83.1100
84.2000
82.8000
83.6500
84.4400
83.8000
83.9800
83.5200
84.7000
82.6200
83.6400
83.9800
84.8300
83.8800
82.3700
83.0900
84.4800
83.6800
82.4300
83.9400
84.4500
83.0200
82.4700
84.0900
84.7000
85.0600
82.8400
83.9800
83.9300
84.7400
84.5300
84.2700
84.3000
83.0300
83.6700
83.8600
82.5900
82.4900
83.5300
81.9600
