86.2800
86.5100
86.5600
86.0800
85.5100
85.9800
85.4400
85.2500
86.1800
86.0500
85.4600
86.4200
86.3100
86.3500
84.5900
85.2900
85.9200
86.6200
86.7200
85.5900
86.1400
86.2500
86.0500
86.0800
86.2600
85.4100
86.2400
86.0200
85.6600
86.6400
86.0500
86.1200
86.0900
86.0400
85.9900
86.1900
85.7200
86.5000
86.5200
85.7400
85.8600
86.6600
85.5500
86.2400
84.7500
86.5800
86.0500
84.2200
84.4200
86.5500
86.1000
86.6200
85.0800
86.1300
85.8500
85.7600
84.3800
85.1700
85.9900
85.7200
85.3100
86.1900
85.3500
85.9500
86.8100
86.3600
85.5100
85.9700
86.6300
86.3400
85.3400
86.5400
85.9400
85.7100
86.6100
86.3900
86.2800
86.4400
86.0800
86.0600
85.7200
86.1200
85.9100
85.8000
85.6600
85.8900
85.6100
86.0100
84.9200
85.7900
86.7200
85.9300
86.1000
86.6400
85.8400
84.6900
85.9600
86.4800
85.7100
86.0400
