85.8200
86.3200
86.7600
86.5600
83.8600
85.9600
86.5600
85.3800
85.5900
85.8700
86.5800
86.6500
83.1700
86.4700
86.0000
85.5600
85.0200
86.3600
85.4200
86.9400
86.5300
85.6900
85.5500
86.5600
85.6100
86.3800
86.0500
85.5000
85.0200
86.2800
84.8400
85.1300
86.0400
85.8000
85.2600
86.7300
85.8000
85.6300
85.2500
85.0200
85.1100
86.6300
86.1100
85.7600
86.4500
86.4400
85.6400
86.3900
86.4600
86.6000
85.1900
87.1500
87.1400
85.8100
86.1400
86.6000
87.2600
86.5100
86.3800
86.2200
86.0600
86.7300
86.6700
86.1400
86.0100
85.2500
86.5600
86.1900
85.7000
86.5500
86.5500
86.8900
85.9200
86.8800
87.1200
86.2000
86.1800
85.4400
85.8000
86.4700
86.0100
86.7300
86.0200
85.8000
87.0500
86.0700
86.7900
86.9600
85.4500
85.3800
86.5800
86.0200
87.0100
86.3500
85.1300
85.9500
86.3300
86.0300
86.1600
86.5700
