62.0900
61.7800
62.4100
63.3300
62.5100
60.8400
58.8800
63.2200
61.9100
62.9400
63.4000
60.1600
60.9600
61.9700
63.7300
61.6400
60.6000
62.5900
61.6500
62.2100
61.1500
60.9300
55.9200
62.0900
61.2800
59.3800
64.1300
62.5700
61.5700
59.1700
59.1800
62.4900
58.8400
57.1100
62.0400
63.2100
57.1300
58.2700
62.7400
61.1200
63.2100
61.1000
59.9500
60.5100
63.7400
61.6400
61.0500
56.4000
60.9700
62.1800
58.7800
62.0700
63.5900
61.0300
62.6300
62.0200
62.5900
59.1700
63.2200
61.2900
59.5000
63.1500
60.4100
61.6700
60.5600
63.6500
62.1300
63.7600
59.6800
62.8000
63.1600
62.2000
61.3300
63.1800
59.9300
62.0000
58.4800
61.7000
60.4900
62.8500
60.8500
62.9900
55.8300
61.5400
62.6000
60.0100
62.2200
61.0500
61.5600
62.1100
62.2300
61.9000
62.5500
59.5100
62.7200
59.9100
62.6000
59.9700
62.7900
58.8600
