84.3600
84.8700
85.9600
86.0200
85.5900
85.1300
82.9600
85.8900
84.8100
85.8500
85.8400
84.0400
84.8400
85.6600
86.0000
85.4100
83.6000
85.8400
84.9400
85.2400
84.7600
84.9400
80.1400
85.1900
84.9900
84.1000
86.2400
85.7000
84.5800
82.7400
83.5300
85.4700
82.2700
82.4800
85.2100
85.7900
81.8900
82.1600
85.6300
84.0200
86.1100
84.9000
83.5100
84.3100
85.9600
84.4900
84.1100
81.1900
85.0500
84.9300
82.9400
85.3200
86.0900
84.1800
85.2300
85.2400
85.4500
82.9400
85.7300
84.6700
84.0900
86.1200
84.3600
85.2300
84.4200
86.2700
85.3100
86.3100
83.5200
85.2200
85.7500
85.1400
84.4800
85.7400
83.8900
85.6200
83.0400
84.7000
84.3100
85.7400
83.6300
85.7000
79.8800
85.0300
85.3100
84.0400
84.8500
84.9000
85.0400
85.8200
85.2000
84.6800
85.0700
83.4800
85.2800
83.7300
84.9500
83.9800
85.9500
83.9400
