69.2400
68.7900
68.6800
68.9000
69.2800
68.8100
68.0300
68.5400
69.4900
68.4300
68.7900
69.3200
69.1800
69.1700
68.7600
69.0400
68.9900
69.7100
68.3600
69.8000
68.3500
67.8900
68.8400
69.5500
67.6200
69.1000
69.0600
69.4500
69.5300
68.8000
68.0100
68.5400
69.3200
69.4300
69.1100
69.0300
68.5200
69.0400
69.5800
69.1600
69.1500
68.9700
68.4300
69.0600
68.9800
68.1900
68.5200
69.5400
68.9500
68.3400
67.8100
68.5900
68.1500
68.3700
69.4100
68.2900
69.8300
69.1200
68.6400
69.4600
69.0800
68.8400
69.0900
69.1500
68.4300
68.6800
67.3700
68.2900
69.7000
68.6300
69.3500
68.6800
69.2900
68.8300
69.0100
68.6600
68.8900
69.0800
69.4100
68.5600
68.7900
69.0300
67.9300
69.2300
68.5400
68.8800
68.2800
69.3700
69.3800
69.2200
68.2900
68.8500
68.9000
68.2900
68.5400
69.2700
68.2300
68.6600
68.7900
68.6000
