49.3600
55.1200
54.8400
47.7900
48.2000
48.3000
51.9300
41.7500
54.2200
44.9700
51.4000
46.5800
51.4200
48.6900
50.2300
50.5700
47.5000
49.4700
49.5800
49.4900
51.3800
50.1800
46.1200
46.4100
49.8600
49.5000
41.2600
49.0800
42.5000
48.8300
45.5500
46.7200
49.0600
51.0700
48.9100
49.9200
43.8800
50.6200
40.5700
53.5300
49.4800
45.2800
49.8000
50.3500
48.8600
54.3200
47.2500
48.0500
48.8400
50.5500
44.8700
47.1100
47.3500
49.4900
46.0600
50.8600
49.9200
53.8300
52.6100
50.3800
54.0800
47.5500
51.5800
51.8500
43.3500
52.3300
49.0700
52.3600
49.0800
53.4900
49.1000
47.5800
45.5600
47.6000
46.8600
47.6900
51.3100
43.5800
46.0700
45.5400
47.6400
51.8800
50.3700
56.3900
50.3000
45.2800
51.5300
47.0900
50.4000
48.4500
47.8000
49.1600
48.5200
51.2100
42.8700
51.5400
53.0900
44.3300
50.7600
48.1300
