53.0000
54.3100
57.4200
57.0000
58.5500
57.8600
57.4500
55.9900
54.6700
54.7700
56.1200
55.2200
51.1100
57.3000
56.3600
57.2400
53.6900
55.6100
57.8000
58.5900
54.6200
57.1400
55.9300
57.0000
56.6700
57.7600
52.4300
55.8600
55.5600
56.2800
53.9400
57.2400
59.7000
55.4700
52.4300
57.3200
59.2700
57.2300
53.7500
53.7100
57.1900
59.7100
59.7800
54.8400
59.9200
56.5700
55.4400
58.1300
55.2200
55.6700
57.7000
55.1800
57.1300
57.8800
56.3000
57.6700
56.9300
57.6500
61.1800
53.8600
56.9900
55.7300
56.8400
55.4400
58.6100
58.7000
57.1500
57.3800
60.3600
54.0500
56.6400
56.9500
54.5300
56.9000
54.7700
58.9900
54.9400
55.4700
57.8400
58.4600
58.1800
58.4200
59.9800
56.2100
54.8400
57.4700
57.0000
58.2000
57.0800
57.3200
51.9700
61.3300
57.0600
60.1400
56.4000
58.0200
56.1600
55.2400
56.9700
59.7400
