85.5100
85.4100
85.9900
86.1100
85.9100
86.0700
86.5100
86.0900
85.3000
86.1700
85.2400
85.2900
86.1700
86.2500
85.9400
85.5800
85.7000
85.9400
86.0300
86.6400
87.1900
85.2300
86.4400
86.1200
85.7300
85.8400
85.6600
85.3100
85.7200
86.4600
86.0400
85.5700
86.3100
85.2200
85.8900
85.5400
85.7500
85.0600
85.5000
85.5100
86.1900
85.8800
85.9000
86.4500
84.8500
85.9500
86.0500
86.2600
85.5400
86.2000
86.1000
85.5500
84.8200
85.5100
86.3800
85.9600
85.7100
85.5600
86.0800
86.1800
86.6800
85.3600
86.0000
86.0600
86.3900
85.7700
85.8900
85.7700
86.6900
86.2000
86.3300
85.7900
85.5800
86.4200
85.3100
86.2000
85.7800
86.0500
86.0300
86.1200
86.5600
85.5900
86.9100
85.3900
86.1000
85.9800
84.1500
85.8500
86.4300
86.2600
86.5200
85.4500
86.0500
85.9500
85.2800
86.6500
85.4300
85.7500
86.3100
85.8000
