86.8700
87.3000
87.2900
87.8600
87.6600
86.7800
87.8000
87.2900
87.6900
87.2700
87.3900
87.5100
87.5200
87.7500
87.4000
87.7400
87.3200
86.9100
87.4800
87.3700
87.3800
87.6400
87.1600
87.6800
87.7200
87.6200
87.4500
87.1500
87.1100
87.8600
87.3800
86.9300
87.4700
87.7100
88.0300
87.5700
87.5100
87.5700
87.6600
87.8800
87.6400
87.3500
87.5000
87.1700
87.5000
87.4700
86.9900
87.9300
87.6100
87.6300
87.3300
87.3500
87.6400
87.0800
87.1100
87.3800
87.4200
87.7600
87.9000
87.1900
87.3000
87.0900
87.4800
87.8700
87.1700
87.3100
86.3200
87.0300
87.3800
87.0000
87.3700
87.3400
87.5700
87.5500
87.5500
87.5500
87.3000
86.9700
87.1900
86.8100
87.6600
86.8300
87.9000
87.6900
87.2800
87.6300
87.4500
87.3200
87.4900
87.7100
86.6400
87.4100
88.2400
87.9800
87.0900
87.0400
86.9300
87.2500
87.7200
87.7700
