68.4200
68.5200
68.7000
68.5000
68.4700
68.8800
67.7200
68.7300
68.9100
69.0700
67.6600
68.6500
69.2500
68.7600
68.2900
68.4100
69.2700
68.7500
69.1000
68.2100
69.0300
68.5100
68.6600
68.3700
68.3400
68.5800
68.5300
68.5500
69.5200
68.9100
68.6100
68.3400
68.9800
68.7400
69.0500
69.4100
68.7800
68.4100
68.9500
68.3200
68.5800
68.0500
68.3900
68.7400
67.8500
68.6800
67.6900
68.5400
68.8800
68.6900
68.2800
68.7000
68.6900
68.8300
67.3100
68.7500
68.7600
68.3200
68.5000
68.6900
68.5600
68.6000
68.3000
68.4100
68.4600
68.4900
68.3700
69.1400
68.8900
68.4200
67.9700
68.7200
68.4600
68.6000
68.9200
68.1900
68.4000
68.6200
68.0900
68.4100
69.0800
68.8300
68.4700
68.7500
68.1600
68.4300
68.3000
68.9800
68.3500
68.5800
68.5700
68.8100
68.8200
68.4100
68.7300
68.1200
68.0800
68.8700
68.7800
68.7600
