89.1700
89.0700
89.1000
89.2800
88.8300
89.3600
88.9100
88.9500
88.8500
89.1100
88.4600
88.9800
89.3900
88.6100
89.0500
88.9000
89.3200
89.2500
89.2800
89.0400
89.2700
89.1400
88.8300
89.0300
88.7600
89.1800
89.2800
89.0000
89.8400
89.2900
88.9800
89.0800
88.9800
89.2900
89.0600
89.2400
89.4700
88.5800
89.1500
88.5200
89.2000
89.0300
89.2100
88.9800
88.9500
89.1000
89.0200
89.1500
89.0200
89.1500
89.3900
89.0100
89.1600
89.0400
88.0600
89.3300
89.2800
88.9700
89.2100
89.1200
89.0300
89.0100
89.0700
89.4700
88.7200
89.1900
88.8700
89.5500
89.2200
89.0900
88.9400
89.2100
89.2800
88.8900
89.3000
88.9900
89.1500
89.0500
88.8200
88.6600
89.5700
89.2100
88.8700
89.6200
88.8500
89.1300
89.2200
89.2200
88.8000
89.1100
88.6400
89.4500
89.2600
89.2100
89.3000
88.6400
88.9500
89.2200
88.9500
89.1000
