65.5900
66.5200
66.3800
66.7700
66.2500
65.9900
66.8900
65.7100
66.5500
66.0600
66.0900
66.0500
66.4100
66.4700
65.8300
66.4000
65.9600
66.8600
66.3500
66.4800
66.0900
66.0100
66.0100
66.1400
67.2400
66.3600
66.9900
66.5900
66.1700
67.0900
66.4300
66.3400
66.3900
65.9500
67.3200
66.5400
66.8300
65.9800
66.6500
66.8300
66.3100
66.4100
66.1900
66.1600
66.5700
66.6700
66.3100
66.4000
66.7500
66.8500
66.6800
66.0800
66.7900
66.3000
66.3400
66.8600
65.7500
66.6000
66.4000
66.0500
66.5900
65.9800
66.4300
67.0400
65.9000
65.9000
65.2300
66.0400
66.5400
65.4300
66.6400
66.0300
66.1900
66.7300
65.5900
66.0500
65.9500
65.6900
66.3500
66.7100
66.5900
65.6700
66.6600
66.3000
66.3300
65.9000
66.5100
66.3100
66.0900
66.5800
66.0700
66.2800
67.0600
66.8200
66.2200
65.8000
65.9800
65.8000
66.5600
66.5400
