64.6100
63.7100
64.9800
64.6000
64.5300
64.1400
65.4300
64.7900
63.3700
65.0900
64.1500
64.6600
65.1500
64.8300
64.6100
63.7200
63.9300
64.2600
64.5500
65.2600
65.5800
63.3800
65.2700
64.9700
64.9400
64.2700
64.0700
64.1600
64.2500
64.3900
65.0100
64.2800
64.7400
64.2200
64.5300
63.4000
63.7300
64.0800
64.8900
64.4200
64.5300
64.7900
63.8300
65.6700
63.8800
64.6300
65.4300
64.8600
64.7700
64.9100
64.3600
64.4300
64.1000
63.8700
64.7800
63.9200
63.6500
64.9800
63.8800
65.2200
65.3300
63.9000
64.1500
64.8800
65.0000
64.7400
64.0700
64.9200
65.6500
65.2000
65.1800
65.3600
64.7800
64.4000
63.5400
64.8300
65.0900
65.0600
64.4200
65.1500
65.4000
63.6000
65.5400
64.1100
64.8600
64.0300
62.6900
64.5000
65.0900
64.3500
65.1800
63.6300
64.3900
64.6300
64.0700
65.5000
64.1000
64.6900
65.2800
64.9500
