96.76
96.90
96.01
96.69
96.48
96.93
96.83
96.87
96.94
97.02
96.67
96.91
96.65
96.93
96.87
97.11
96.49
96.81
97.11
96.75
97.15
96.67
97.14
96.14
97.02
96.71
96.27
96.60
96.57
96.69
97.01
96.61
96.90
96.48
96.68
96.31
96.78
96.56
96.94
96.95
96.86
97.36
97.09
96.93
97.09
96.61
96.25
97.17
96.48
96.96
96.66
96.64
96.91
96.87
97.13
97.24
96.83
97.01
96.80
96.82
97.00
96.98
97.18
96.30
96.59
96.09
97.03
96.53
96.73
97.02
96.64
96.66
97.28
96.90
97.11
96.43
96.71
96.81
96.47
96.95
96.88
96.70
97.12
96.97
96.69
96.91
96.13
96.91
97.11
97.02
97.03
96.95
96.85
97.24
96.76
97.57
97.01
96.85
97.33
97.18
97.16
97.08
96.82
96.45
97.34
96.96
96.56
96.91
96.78
96.80
96.96
96.99
96.86
96.72
97.15
96.98
97.02
96.95
96.88
97.09
96.84
96.38
96.96
96.76
96.72
96.89
96.82
96.94
96.32
96.71
97.02
96.34
96.95
96.60
96.71
97.28
96.79
96.90
96.68
97.07
96.67
97.09
97.11
97.08
97.03
97.05
96.35
96.40
96.24
97.06
97.04
96.70
96.88
96.56
96.04
96.92
96.25
96.77
97.12
96.97
96.88
96.70
96.99
96.90
96.38
96.76
96.91
96.67
96.97
96.84
96.68
96.88
96.80
96.57
97.29
96.88
95.54
96.64
97.11
97.12
96.96
96.82
97.10
96.90
96.96
96.63
96.41
96.74
96.86
97.18
96.86
96.93
96.18
96.61
96.55
97.27
96.18
96.95
96.83
96.93
96.62
96.94
96.87
96.89
96.93
97.18
96.43
95.88
97.28
96.89
96.54
97.06
96.79
96.97
97.22
96.61
96.44
96.86
97.19
96.63
96.82
96.88
96.93
96.48
97.00
96.80
97.24
96.97
97.14
96.85
97.10
96.36
96.58
96.62
96.87
97.05
96.63
96.83
96.56
97.21
97.08
96.59
96.80
96.69
96.96
96.81
97.05
96.87
97.30
96.78
97.11
96.26
97.34
96.42
96.69
97.00
96.91
97.11
97.09
96.57
96.83
97.01
96.82
96.74
97.08
97.35
96.81
95.97
97.07
97.06
96.82
96.84
96.48
97.19
97.21
95.30
96.75
97.00
97.03
96.94
97.05
96.34
97.13
97.22
96.97
96.80
96.81
96.75
97.12
96.73
96.82
97.10
96.96
96.61
96.41
97.13
96.71
96.33
97.08
97.15
96.98
96.90
96.50
96.81
96.79
96.95
97.08
96.88
97.13
96.90
97.23
97.15
96.95
96.92
96.77
97.24
96.74
96.57
96.90
96.75
96.86
96.62
96.75
96.31
97.14
96.92
97.00
96.19
96.73
96.85
97.10
97.05
96.87
96.88
96.83
96.64
97.08
96.67
96.64
97.04
97.01
96.82
96.83
97.16
96.90
96.27
96.54
96.18
96.62
96.85
96.62
97.05
96.82
96.73
96.93
96.83
97.00
96.43
96.81
97.14
96.82
96.57
96.74
96.66
97.14
96.84
96.65
96.63
96.76
96.66
96.43
96.44
96.97
96.77
97.09
97.31
96.93
97.20
96.03
96.92
96.97
96.85
96.58
96.82
96.81
97.23
96.72
97.15
96.68
97.18
96.43
97.06
96.72
96.80
96.91
97.00
96.74
96.80
97.02
96.87
96.20
96.87
96.87
96.99
96.71
96.62
97.20
96.91
96.74
97.00
97.11
96.81
97.15
96.92
96.31
96.74
96.24
96.86
96.99
96.73
96.46
96.88
96.57
96.99
97.02
96.99
96.92
96.66
97.00
96.57
96.82
97.11
96.98
96.59
96.91
97.15
96.54
96.85
96.58
96.06
97.13
97.13
96.68
96.63
97.01
96.12
97.14
96.85
96.70
97.07
96.44
97.08
96.95
96.94
96.68
96.61
96.37
96.59
96.77
97.02
97.16
97.06
97.21
97.03
96.63
96.92
96.98
96.54
97.08
96.77
96.92
97.05
96.99
96.64
97.11
96.31
96.36
97.12
96.67
97.25
96.46
96.81
96.31
96.74
96.99
96.51
97.35
96.63
96.93
96.45
96.90
96.95
96.79
96.89
96.58
96.45
96.61
96.58
96.89
97.04
97.14
97.07
97.03
96.76
96.71
96.87
96.79
97.00
96.99
96.68
97.26
96.64
96.64
97.23
96.72
96.40
97.20
96.95
96.80
96.78
97.09
96.94
96.53
97.09
96.95
97.35
97.00
97.37
97.16
96.87
97.07
96.79
96.69
97.00
97.05
97.01
96.72
96.94
96.02
96.82
96.61
96.26
97.11
97.25
96.72
97.02
96.91
96.90
96.89
97.27
96.68
96.97
97.02
97.08
97.13
96.37
97.14
96.96
97.32
96.67
96.97
96.92
96.94
96.67
96.74
97.22
96.51
97.31
97.38
96.89
96.88
96.83
97.18
96.83
97.09
96.93
96.87
96.84
96.97
97.00
96.30
97.51
96.66
97.20
96.81
96.63
97.05
96.89
96.80
96.75
96.55
96.68
96.96
96.57
96.76
96.24
97.23
96.79
97.05
96.96
96.67
96.75
96.52
96.48
97.02
96.73
96.92
97.11
96.57
96.31
96.01
96.69
96.97
96.92
96.83
95.89
96.65
96.98
96.88
97.26
96.55
97.09
96.66
96.48
97.22
97.00
97.21
96.79
96.88
96.99
96.64
97.33
97.25
97.24
97.09
96.52
97.07
96.91
97.21
96.74
96.34
96.86
97.05
96.61
96.81
96.83
96.78
96.83
96.69
97.20
96.98
97.35
96.89
96.66
97.10
97.17
96.74
96.63
96.38
96.30
96.65
97.03
96.59
97.24
97.16
97.12
96.83
96.94
96.82
97.15
97.01
96.94
97.07
96.13
97.10
96.88
96.77
97.25
96.86
97.08
97.04
96.80
97.13
96.80
96.50
97.19
96.95
96.59
95.85
96.98
97.17
97.23
96.66
96.53
96.87
96.77
96.83
96.80
96.76
97.14
97.03
96.86
97.29
97.15
96.77
96.80
97.03
96.79
96.91
97.06
96.91
96.83
96.82
97.13
96.63
96.79
96.69
96.55
97.27
96.90
96.66
97.10
96.83
96.99
96.94
96.84
96.78
97.17
97.39
96.72
95.70
96.84
96.54
96.26
96.48
96.43
96.73
96.97
96.73
96.72
96.79
97.33
96.77
96.98
97.00
96.99
96.71
96.49
97.02
97.14
97.11
96.22
97.00
96.47
96.80
96.85
97.05
96.87
97.34
97.04
97.15
96.96
96.78
96.80
96.99
96.90
96.95
96.75
97.01
97.10
96.54
97.18
97.13
96.80
96.86
97.11
96.77
97.09
96.91
96.94
96.79
96.44
96.76
96.88
96.85
97.23
96.51
96.96
97.10
96.62
96.89
96.88
97.02
96.96
96.83
97.20
96.49
96.63
97.06
97.04
96.69
96.88
96.77
97.20
97.12
97.03
96.79
97.25
96.47
96.84
96.98
97.06
96.56
96.97
97.00
96.92
97.06
96.85
96.88
97.34
96.89
97.09
97.48
96.86
96.63
96.61
97.23
96.49
96.44
97.05
96.77
97.27
96.79
96.69
97.05
97.13
96.61
97.15
97.10
96.92
97.01
96.82
96.45
97.10
96.20
97.12
96.02
95.61
96.87
96.85
97.22
96.86
97.18
96.14
96.80
96.42
96.92
96.95
96.78
97.29
96.66
96.80
96.69
96.94
97.05
96.95
97.11
96.36
96.80
96.71
96.60
96.62
97.03
97.02
96.62
96.25
96.64
96.72
97.29
97.02
97.16
97.06
96.40
96.42
97.20
96.79
96.83
96.73
96.42
96.95
96.89
97.03
97.15
96.68
96.79
96.99
96.95
96.84
96.65
96.91
97.06
96.92
97.02
97.37
97.26
97.02
97.32
96.54
96.73
96.56
97.10
95.27
96.78
97.06
96.97
96.49
97.10
96.80
97.15
96.61
97.33
97.08
96.94
96.50
97.09
97.14
96.83
97.04
96.25
97.04
97.33
95.77
96.70
97.02
96.59
96.64
96.68
96.84
96.43
96.66
96.77
96.56
96.33
96.86
97.19
97.02
97.01
96.40
96.91
96.83
96.90
96.69
97.18
97.12
96.88
96.86
96.69
97.05
96.80
96.85
96.80
96.99
97.16
96.37
97.12
96.99
97.17
96.88
96.99
97.04
96.79
96.82
96.67
96.44
97.03
97.11
97.10
96.97
97.02
96.44
96.43
96.99
96.90
97.24
97.18
96.35
96.78
96.82
97.30
97.08
96.94
97.21
96.69
97.00
97.28
97.04
96.82
96.63
96.83
96.93
