95.01
94.61
94.22
95.36
95.52
95.36
95.07
94.58
94.91
94.92
92.87
95.35
94.94
94.52
94.85
95.00
95.69
94.99
94.66
95.08
95.56
93.39
95.62
94.98
95.41
94.79
94.78
95.13
95.13
93.68
94.29
95.01
95.50
94.80
95.19
94.84
95.30
94.88
95.57
94.37
95.68
95.01
95.65
95.39
95.30
94.17
94.54
94.70
95.35
94.50
93.85
94.79
91.68
94.90
94.09
94.93
94.05
94.11
93.70
95.08
94.23
95.20
94.29
94.75
94.08
94.71
95.29
95.04
94.33
95.56
95.20
95.47
92.65
93.33
94.98
95.05
94.16
94.84
95.25
95.32
93.84
94.16
95.34
94.44
93.33
94.83
94.86
95.79
95.09
93.65
94.97
95.21
94.93
95.22
94.70
94.98
95.28
95.20
93.94
95.26
95.15
95.33
94.91
94.69
94.97
94.86
94.94
94.48
94.52
95.64
94.85
95.17
95.43
95.04
95.24
95.09
95.71
94.62
94.72
93.60
95.33
95.09
93.96
94.69
94.37
94.89
94.66
95.54
95.39
95.26
95.40
95.17
94.48
93.87
94.53
94.72
94.31
95.45
95.66
95.21
94.68
95.67
94.35
94.95
95.16
94.03
94.67
95.49
95.09
94.70
94.93
95.25
94.88
95.28
95.52
94.96
93.68
94.64
93.87
95.21
94.80
94.99
95.28
95.27
95.58
95.20
94.51
95.43
95.19
95.23
94.89
95.29
94.47
95.11
95.21
94.86
95.11
94.98
94.61
94.59
94.90
95.09
94.81
94.93
95.11
94.77
95.19
95.30
95.10
94.89
94.42
95.31
94.18
94.77
93.98
94.42
95.60
94.78
95.49
94.20
95.57
95.09
94.42
94.75
94.88
95.03
95.22
95.16
95.65
94.33
95.00
94.70
94.47
93.96
95.15
95.68
95.68
95.68
94.13
94.42
93.36
92.67
95.05
93.05
94.54
95.34
95.41
95.18
94.21
94.87
94.80
95.17
94.84
95.26
95.76
95.11
94.47
95.34
95.42
95.22
95.09
95.27
94.36
94.34
95.28
95.88
95.70
94.37
94.38
94.99
94.39
95.01
94.94
95.71
95.07
94.50
95.18
95.04
93.86
95.31
96.09
94.81
94.90
94.65
95.05
94.45
95.09
94.36
94.54
95.10
95.20
95.11
95.29
95.13
95.43
92.25
94.19
95.03
94.59
95.63
95.26
95.33
95.06
95.20
95.30
94.90
94.28
95.66
94.26
95.75
94.47
94.71
95.01
94.11
94.18
95.21
94.68
94.90
95.47
95.19
95.40
94.43
94.61
95.32
95.49
95.49
95.33
94.42
94.92
93.72
94.91
95.20
94.78
94.66
94.86
94.85
95.27
95.32
94.51
94.29
94.98
94.79
95.30
94.87
94.86
95.23
94.86
94.63
95.15
94.52
95.63
95.03
95.12
95.51
94.47
94.81
95.68
93.74
94.32
94.53
95.24
95.22
95.49
93.14
94.74
94.80
95.33
93.67
94.32
95.45
94.52
93.72
94.24
95.36
95.57
94.41
94.68
95.05
95.45
94.80
95.11
95.57
95.07
92.93
95.22
95.07
94.85
95.35
95.01
94.94
95.02
94.72
94.63
95.14
92.69
95.22
93.95
94.06
94.80
94.26
95.41
94.88
94.80
94.34
94.36
94.97
94.13
95.36
95.66
95.06
95.16
94.61
95.34
95.26
94.62
94.93
94.26
94.51
94.81
94.24
94.62
94.39
93.69
95.06
94.09
93.93
95.32
92.58
93.69
95.25
94.88
94.14
95.12
95.11
94.50
94.75
93.84
95.28
94.91
94.48
94.35
94.89
93.84
94.63
94.18
94.87
95.07
94.77
95.53
94.58
95.17
95.05
93.82
94.07
95.14
95.62
95.13
94.46
95.02
95.17
95.25
94.49
95.36
94.75
95.01
94.09
95.13
95.29
94.05
94.25
94.82
95.08
95.16
94.01
95.59
94.85
94.40
94.36
94.26
94.87
95.84
95.28
93.85
93.46
95.58
94.75
94.95
95.32
94.97
95.46
94.78
94.28
95.01
95.05
95.49
95.09
94.85
95.21
95.07
95.40
94.55
94.55
95.60
94.39
94.25
94.82
94.50
95.07
95.36
93.73
94.40
92.64
94.85
94.53
94.19
94.54
94.51
94.41
94.72
93.63
94.48
95.19
94.12
94.73
94.88
94.17
94.75
94.61
95.59
94.84
94.30
95.53
92.86
95.00
94.10
95.17
94.50
94.82
94.23
94.75
94.95
95.34
94.33
94.68
94.30
95.26
93.81
95.08
94.31
95.43
95.46
95.58
95.27
93.53
95.33
94.78
94.50
94.07
94.43
94.55
94.92
94.19
94.25
94.55
94.58
93.27
95.21
94.76
95.83
95.13
95.39
95.37
95.30
93.76
94.48
95.28
95.35
95.02
95.22
94.90
95.47
94.86
93.63
94.90
94.44
95.05
95.31
95.07
95.27
95.02
95.05
95.17
95.58
93.72
94.49
95.31
94.82
95.13
95.50
95.44
94.53
94.94
95.56
95.17
95.07
95.44
94.99
94.86
95.12
95.27
94.63
94.74
94.53
95.18
95.86
94.82
94.83
95.42
94.97
95.46
95.54
95.71
94.43
94.97
95.93
95.24
94.85
94.23
95.21
94.79
95.04
95.11
94.93
95.24
94.77
95.68
95.02
94.39
95.40
95.25
95.25
94.52
95.42
94.80
94.40
94.19
94.98
95.56
94.44
94.04
95.10
94.73
94.55
95.57
94.52
95.34
94.46
94.51
95.21
95.31
94.74
94.46
95.33
94.90
94.75
95.28
95.12
95.14
95.43
94.95
95.15
94.85
95.04
95.41
95.59
94.93
94.57
95.25
94.42
95.44
95.53
95.24
94.69
95.19
95.88
93.49
94.54
95.04
95.11
95.57
95.06
94.20
93.60
95.83
94.86
94.23
94.29
94.53
95.38
95.54
95.48
95.22
95.89
95.17
94.72
95.60
95.35
95.39
94.14
95.47
95.60
94.88
95.04
95.68
95.65
94.24
94.68
94.88
94.62
93.37
94.51
94.99
95.21
94.61
95.47
94.31
93.04
94.89
95.17
94.81
93.80
94.87
94.35
95.35
95.45
95.66
93.96
94.88
94.81
95.25
95.23
95.02
94.80
94.96
94.67
95.27
94.75
95.07
95.39
94.85
95.29
95.43
95.00
94.17
94.42
95.14
95.26
95.28
94.64
94.07
94.21
95.12
94.80
94.64
94.80
94.91
94.08
94.27
94.97
94.84
93.94
94.65
95.27
95.54
95.36
95.37
94.86
95.65
94.73
94.89
94.96
94.98
94.03
95.55
94.26
94.73
94.95
95.31
95.17
95.37
94.72
94.98
94.28
94.78
93.62
94.98
95.08
95.47
94.93
94.89
94.59
95.06
94.95
94.85
94.31
94.40
93.67
95.64
94.97
94.40
94.82
94.80
94.89
92.74
95.75
94.03
94.51
95.21
94.37
95.30
95.22
94.79
93.92
95.55
95.75
93.95
95.07
95.22
95.25
94.80
95.16
94.40
94.94
94.66
93.78
94.57
94.87
92.69
95.38
95.22
95.18
94.56
95.59
95.06
95.44
95.21
94.92
94.49
95.50
94.76
95.05
94.78
95.78
93.97
94.95
94.73
95.40
94.53
95.04
95.32
95.75
95.31
95.48
95.65
94.47
94.42
94.82
95.48
94.61
95.16
95.04
94.75
95.29
95.38
95.71
94.84
95.02
94.84
94.84
94.88
94.42
95.09
93.67
95.23
95.15
95.07
93.56
94.99
95.29
94.96
95.78
95.48
93.77
95.65
94.48
95.10
93.84
95.43
95.33
94.99
94.24
94.30
93.95
93.80
95.73
94.75
94.90
95.88
95.31
94.99
96.00
94.99
95.18
94.67
95.13
95.31
94.96
94.45
95.72
95.37
94.22
95.05
95.12
94.78
94.61
94.68
94.83
95.18
94.71
95.37
95.43
94.78
94.96
95.24
95.13
94.74
93.99
95.22
94.54
94.69
94.54
94.78
95.24
92.75
95.63
95.11
94.66
95.47
95.30
95.53
94.83
94.58
94.22
94.85
93.46
94.44
95.40
94.88
95.35
94.78
94.28
94.87
94.44
95.12
94.89
93.92
95.35
95.29
95.32
95.01
94.60
95.09
95.16
94.82
94.86
95.53
94.24
95.14
95.04
95.44
95.57
95.10
95.16
94.95
93.84
94.27
95.00
94.25
94.73
93.64
94.78
95.85
93.89
94.33
94.55
94.31
95.37
94.60
95.24
95.27
95.48
95.66
95.06
95.33
95.08
93.95
95.00
94.19
94.22
95.22
94.78
94.60
94.90
95.80
94.00
94.49
95.09
94.32
95.36
95.21
