94.34
94.80
95.51
93.71
95.01
93.77
94.51
93.63
95.03
95.97
95.07
95.74
94.07
95.09
95.27
95.33
94.98
95.03
95.00
93.66
94.93
94.12
95.48
95.26
94.33
94.94
95.03
95.21
95.72
94.47
94.76
93.68
94.68
95.29
95.10
94.66
94.95
94.89
93.90
93.98
94.76
94.95
94.38
93.39
95.33
94.83
93.99
95.74
95.48
94.15
95.41
94.87
94.80
94.47
94.83
94.99
95.04
94.95
95.38
95.29
93.80
92.47
94.82
95.33
95.24
93.92
95.28
94.94
94.36
95.48
94.68
94.36
94.16
95.54
95.40
94.05
95.17
93.60
93.65
95.10
95.09
94.38
95.44
95.35
95.06
95.06
95.12
94.98
95.09
95.08
94.63
94.45
95.14
95.34
94.97
94.98
94.31
95.52
93.59
94.47
94.68
95.13
95.01
95.05
94.80
94.15
95.45
95.17
95.29
94.93
94.61
94.83
95.31
95.19
94.49
94.91
93.37
94.73
95.39
93.62
95.39
95.43
94.49
95.73
93.72
95.42
94.63
94.97
93.38
94.97
95.46
95.58
94.97
92.99
95.53
95.88
95.15
94.35
94.05
94.31
95.58
94.89
95.15
94.31
93.92
94.69
95.21
95.28
94.17
94.79
95.02
94.17
95.49
95.02
95.89
95.32
95.01
94.86
94.03
95.54
93.83
94.55
95.24
95.25
95.43
95.18
94.38
95.38
94.79
95.05
94.68
95.18
94.34
94.98
94.25
94.35
94.85
94.63
93.89
94.98
94.87
94.85
95.19
94.75
94.57
93.00
95.27
95.31
93.76
94.70
94.74
95.25
94.67
94.47
95.39
94.36
95.49
94.89
95.29
93.23
94.93
95.46
95.52
94.60
95.34
93.65
95.19
94.42
94.84
95.60
95.39
94.66
95.29
94.62
95.37
94.17
95.15
93.86
94.88
94.94
94.13
95.38
94.67
94.14
95.23
94.53
95.68
95.74
94.68
94.60
94.69
95.09
95.23
95.33
94.54
94.86
93.88
94.74
94.65
93.50
93.53
95.89
94.01
95.00
94.89
94.92
93.74
94.71
94.67
95.04
95.29
95.45
94.44
94.05
93.82
94.28
94.34
95.32
94.76
95.43
95.27
95.02
95.81
95.07
95.27
94.80
94.64
94.72
94.48
95.29
95.22
94.43
94.07
94.02
94.85
95.42
95.03
94.28
94.93
95.27
94.49
94.92
95.21
95.23
94.94
95.07
95.28
94.49
94.72
95.57
94.95
94.46
94.55
95.01
95.59
94.77
95.16
94.63
95.22
95.71
94.52
95.48
94.52
95.26
95.16
92.62
95.64
95.30
94.84
95.22
93.93
93.42
94.38
95.41
95.04
95.29
95.17
94.99
95.54
95.14
94.53
93.90
94.54
94.85
93.59
95.71
94.69
91.19
95.43
93.91
95.38
95.34
95.11
95.40
93.07
94.88
94.96
95.39
95.37
95.23
94.48
95.48
94.94
95.00
95.59
94.07
95.17
95.99
95.29
95.01
94.76
94.41
93.77
94.98
95.01
94.96
94.90
95.39
94.65
94.83
95.09
95.35
94.65
95.55
95.38
94.94
95.47
93.82
94.84
94.68
95.57
94.74
95.60
94.86
94.80
94.20
94.33
95.38
95.61
94.96
95.09
95.38
94.86
94.41
95.04
94.84
95.44
95.04
94.44
94.45
93.67
95.01
95.59
95.68
94.70
94.96
94.05
93.15
93.74
95.24
94.93
94.73
95.34
94.62
93.69
95.03
94.98
95.21
94.91
95.23
95.28
94.80
94.96
94.96
93.96
94.70
95.66
95.29
95.25
94.74
95.29
95.19
95.49
94.62
94.95
94.21
95.05
95.08
93.51
94.66
94.69
95.62
94.16
95.40
94.18
95.00
94.80
94.72
94.71
94.91
92.45
95.27
93.97
95.01
93.50
94.56
93.58
94.87
95.34
94.86
95.09
95.64
94.79
95.40
94.61
94.16
93.76
95.23
95.12
95.23
95.20
94.97
94.21
95.01
93.55
94.90
95.22
95.28
95.09
93.28
95.37
94.97
95.64
94.90
94.84
94.44
94.56
95.33
95.06
95.46
95.52
95.89
95.04
95.05
94.70
95.37
95.30
95.19
94.44
95.21
94.38
94.48
94.96
94.17
94.37
94.66
94.64
94.98
94.76
94.22
94.77
94.62
94.05
94.79
95.48
95.77
94.48
95.00
94.69
94.16
94.31
93.44
94.77
93.80
95.04
95.20
94.57
94.20
94.81
95.34
95.34
94.68
94.71
95.42
95.71
95.44
92.27
95.30
95.35
95.28
94.86
94.39
94.98
94.82
93.29
94.17
94.09
93.63
94.21
94.85
95.20
94.84
95.40
95.27
94.97
95.15
94.83
95.51
93.49
95.22
95.22
95.78
95.57
94.91
94.74
94.52
95.09
94.25
93.96
94.69
94.32
94.51
94.38
95.37
94.40
94.84
94.93
94.93
94.68
95.09
94.59
95.16
94.51
95.07
93.91
95.35
94.92
95.68
94.81
95.29
95.11
94.68
94.43
95.11
94.81
95.35
94.28
94.80
95.16
93.40
95.20
94.96
92.79
95.32
95.17
94.95
95.52
94.31
94.85
95.25
95.48
94.42
93.82
95.47
94.37
95.23
95.68
95.56
94.87
94.44
95.40
95.07
95.06
94.98
93.52
93.46
95.22
93.75
95.25
95.42
94.98
94.97
93.67
95.10
94.79
93.76
93.65
94.99
95.04
95.09
94.62
95.21
94.50
95.23
95.60
95.19
95.27
95.01
95.09
93.96
94.00
95.27
94.42
94.46
94.99
95.22
94.99
94.36
94.30
95.04
93.15
95.28
94.12
95.61
95.23
95.55
95.05
94.35
95.57
94.19
95.18
95.72
94.49
94.93
94.47
94.82
94.72
95.06
94.42
94.72
95.69
94.75
95.08
94.55
94.55
94.83
94.23
95.51
94.06
94.84
95.03
94.46
94.68
94.23
94.73
95.51
95.36
94.98
94.93
94.13
93.99
95.61
95.13
95.10
94.60
94.77
95.05
94.84
93.49
95.01
95.33
95.20
94.94
94.27
93.97
95.09
94.09
94.76
94.95
93.77
94.38
95.61
94.68
95.24
93.31
95.22
95.22
94.27
95.18
95.09
95.07
94.90
95.18
93.58
95.16
94.49
95.24
93.11
95.49
94.25
94.61
95.05
95.03
95.13
94.83
94.20
94.41
94.87
94.97
95.38
95.07
95.16
94.16
94.24
95.35
95.97
94.33
94.50
95.01
94.19
95.44
95.13
94.71
94.24
95.11
95.44
95.50
92.14
95.67
94.33
94.98
95.36
95.03
95.31
94.85
93.96
94.76
93.96
94.50
94.40
95.16
94.68
95.29
95.32
94.08
95.30
95.19
95.03
94.98
95.20
95.62
94.12
94.48
95.34
95.00
94.99
93.43
94.56
95.06
93.48
95.23
93.12
94.76
93.79
94.89
94.57
95.03
95.64
95.61
94.83
95.39
95.06
94.96
94.97
95.43
94.86
95.08
94.47
93.96
94.73
94.77
94.20
94.07
95.09
94.93
95.27
93.82
94.41
94.82
94.46
94.35
94.07
95.66
94.11
95.25
95.22
94.72
94.77
94.76
94.98
94.41
95.10
95.28
95.23
93.85
94.80
95.28
93.73
95.57
95.60
95.01
95.52
94.29
95.11
94.59
95.21
93.65
95.42
95.58
95.43
94.58
95.00
94.99
94.57
94.67
95.49
94.82
93.99
95.29
94.62
94.92
95.16
94.33
94.52
94.66
93.98
93.95
95.41
94.27
95.14
95.46
94.30
94.55
94.03
93.85
94.61
93.72
94.78
95.31
95.34
94.60
93.87
94.99
95.16
95.31
95.10
95.30
95.25
94.96
95.46
95.77
95.03
95.47
96.04
94.23
94.66
94.68
95.35
95.76
94.49
95.22
95.71
95.02
95.38
94.81
94.19
94.75
93.43
95.21
94.88
95.16
95.07
95.51
94.28
95.45
94.69
94.02
95.94
94.66
94.46
95.69
95.28
95.24
94.35
95.49
95.18
95.10
93.66
95.26
95.27
94.99
93.36
95.19
94.02
94.38
95.62
94.92
95.16
93.44
95.95
94.71
95.36
94.95
95.52
95.20
95.33
95.16
94.73
95.24
95.44
94.81
93.82
95.22
94.48
95.26
95.42
94.12
94.29
95.61
93.40
95.13
95.08
95.49
94.63
95.31
93.89
95.30
95.76
94.86
95.24
94.81
95.39
95.12
95.13
95.32
95.71
95.32
95.40
95.36
95.02
95.70
95.07
95.51
95.77
95.14
95.54
94.87
94.17
95.66
95.20
94.62
93.93
94.91
94.99
93.96
95.52
94.92
95.30
94.81
95.08
