87.46
85.40
85.15
87.98
87.55
86.39
88.09
84.81
87.78
88.06
85.86
84.40
83.53
83.75
85.16
87.50
87.42
87.73
85.25
87.15
87.74
86.03
86.65
88.46
86.42
86.78
83.31
87.31
86.37
85.72
87.86
86.60
84.89
86.63
85.79
82.83
86.98
87.67
82.50
85.26
86.59
85.83
85.27
85.97
87.34
86.18
85.50
86.85
87.01
87.55
87.31
87.48
86.19
86.80
82.12
82.30
85.65
87.12
87.66
85.90
84.15
85.97
87.00
87.06
86.49
85.93
87.63
86.45
85.05
87.61
84.37
87.62
85.34
86.00
86.17
84.54
85.45
86.71
86.64
84.24
85.78
86.24
86.02
86.91
82.91
86.12
87.20
86.21
85.74
86.38
84.17
87.27
84.76
85.07
85.08
87.30
85.37
86.60
86.44
85.09
85.94
83.41
86.53
87.76
87.58
86.63
87.28
87.82
86.36
87.04
83.67
83.81
85.69
85.41
86.31
85.51
87.37
85.87
87.00
84.53
86.40
83.83
88.30
87.47
86.07
86.07
86.52
84.77
82.36
86.54
85.70
86.20
85.88
84.09
87.25
85.15
86.56
83.71
87.20
87.43
86.07
86.95
86.82
85.91
86.51
86.62
87.89
87.42
87.93
83.65
87.04
85.13
85.57
86.90
88.06
87.20
86.59
85.99
84.52
84.51
87.29
83.14
86.05
86.70
84.73
85.19
84.41
84.06
85.55
88.18
82.84
87.62
87.35
85.19
84.93
85.61
85.94
85.33
86.11
87.82
85.45
86.92
86.01
88.01
84.09
84.06
82.77
85.47
86.42
81.91
87.11
86.32
86.04
87.49
86.91
81.26
85.10
87.17
87.05
86.23
87.01
87.24
86.79
84.67
84.16
86.97
87.43
85.49
88.72
85.56
87.66
81.03
87.58
87.61
86.39
86.40
86.19
87.93
87.17
86.98
85.30
86.55
87.99
84.92
87.15
86.27
87.85
87.25
85.46
86.08
85.18
81.73
85.84
86.81
87.23
87.65
86.59
87.33
87.79
85.98
83.96
87.16
84.88
85.76
86.07
86.40
86.52
83.33
86.50
86.80
85.92
85.56
87.63
86.16
86.30
84.82
85.87
85.06
86.86
85.45
84.99
85.28
86.30
85.20
84.52
86.53
79.08
85.65
84.45
85.84
84.40
86.36
79.56
86.01
85.37
83.53
81.69
86.65
86.04
86.77
87.70
86.02
85.82
87.44
85.82
84.31
86.63
86.40
82.77
86.69
86.52
86.18
85.72
86.50
84.49
86.94
84.31
85.88
87.06
87.65
86.74
85.83
85.66
85.82
86.55
87.23
88.30
88.20
86.75
85.38
84.96
85.75
83.35
86.18
86.27
84.24
85.09
84.91
83.51
86.23
83.03
88.21
85.59
86.82
85.03
86.42
86.17
87.01
85.00
86.20
87.90
85.76
84.73
87.47
87.23
85.26
85.84
86.13
82.77
86.13
85.91
85.68
80.61
83.67
84.50
86.42
85.16
84.86
84.19
88.53
82.94
85.19
86.49
84.49
87.33
86.50
85.66
85.63
87.56
86.34
86.64
85.72
86.36
87.35
85.17
84.53
86.26
84.56
87.56
85.30
86.23
85.39
83.00
84.89
86.66
84.45
85.65
84.10
86.94
85.59
86.10
85.95
86.42
86.42
85.18
87.40
84.75
86.17
86.61
87.17
85.59
84.36
88.16
88.00
85.65
85.90
88.01
84.61
87.06
87.00
86.61
83.69
86.37
87.61
86.08
87.45
86.40
85.34
84.69
87.36
83.98
84.57
85.08
85.84
85.61
86.77
86.01
85.99
87.52
87.46
88.01
85.75
86.17
83.72
87.39
87.27
85.59
85.98
86.50
85.61
83.99
87.85
86.36
87.17
83.53
84.93
84.73
85.33
86.94
85.65
85.45
86.65
86.27
87.79
85.61
83.06
87.86
87.28
84.30
87.35
84.66
85.81
84.50
87.15
85.18
87.80
87.76
85.78
87.02
84.45
85.90
86.61
84.39
84.52
87.56
87.19
87.59
83.07
87.92
85.69
86.09
85.00
85.12
85.67
86.01
84.42
85.81
86.68
89.35
86.43
86.14
87.13
87.67
86.72
87.20
86.22
83.35
86.13
86.34
85.64
84.83
87.23
86.95
83.53
88.29
86.10
87.23
85.35
87.05
84.63
83.30
84.62
86.15
86.83
87.02
86.83
87.85
86.98
86.46
85.65
87.33
84.89
86.09
87.00
85.74
85.56
85.80
82.84
85.77
85.27
87.26
82.88
84.39
82.88
86.50
87.65
86.21
82.34
84.35
85.92
85.76
85.28
87.01
83.95
86.48
86.25
85.82
84.80
85.53
85.51
88.48
86.10
87.08
86.40
85.90
84.75
86.39
85.40
86.64
86.99
86.03
85.32
83.25
85.23
85.99
82.60
81.23
86.18
85.86
87.72
86.57
86.88
83.85
85.59
85.62
86.24
85.64
86.74
82.39
86.22
86.19
86.25
87.60
83.36
85.87
86.18
86.03
86.74
87.11
85.99
86.43
86.14
83.26
88.25
82.38
86.44
86.14
87.54
86.88
86.29
85.90
84.70
83.39
84.55
83.88
86.50
84.51
81.39
85.80
84.78
83.72
87.37
86.26
86.36
86.06
85.39
87.49
85.88
87.01
87.65
84.18
85.35
87.59
85.34
85.74
88.16
86.72
86.17
85.06
81.15
83.59
82.93
86.35
84.84
84.42
84.13
84.47
86.67
83.62
86.61
84.54
87.32
84.62
86.96
87.93
84.38
85.56
87.71
86.94
82.61
84.74
83.58
86.37
88.00
86.17
85.47
86.20
84.74
85.66
84.31
86.47
87.82
87.11
88.25
86.06
86.37
87.14
80.90
88.24
84.49
86.78
86.19
88.14
86.90
86.69
83.26
85.73
85.81
85.91
85.69
85.00
85.77
88.32
85.57
85.80
85.95
86.76
82.98
82.68
87.86
81.29
87.00
85.82
84.77
86.24
87.92
82.52
87.78
86.17
86.62
86.28
85.83
82.34
85.91
83.35
83.80
86.20
84.51
85.75
80.79
85.24
84.73
87.69
86.84
84.65
86.95
85.62
86.75
84.52
87.17
81.82
85.80
87.26
86.60
87.37
85.81
87.44
85.71
85.23
86.07
85.84
84.70
86.69
82.05
87.26
85.44
86.06
86.63
86.40
85.24
82.91
87.22
87.18
85.59
85.22
87.17
85.63
87.02
85.05
88.03
85.07
87.32
85.40
87.12
84.53
83.79
87.11
87.39
85.37
88.12
86.45
87.12
86.82
86.89
86.99
83.45
84.82
86.56
85.10
85.53
85.87
85.83
82.48
86.26
85.71
87.83
84.02
84.15
85.17
87.06
85.97
85.40
85.53
84.03
84.89
85.84
87.06
85.78
87.44
82.33
87.23
82.69
86.43
85.78
87.45
85.61
85.33
85.13
85.79
86.66
87.70
86.26
82.19
86.91
85.44
84.33
82.49
81.22
87.31
85.24
85.34
87.98
86.57
86.93
86.66
85.93
86.29
81.73
86.79
87.49
86.09
84.70
87.11
84.89
85.95
87.73
87.79
87.24
84.83
84.56
85.12
87.26
83.97
87.58
85.64
86.19
86.11
86.33
86.44
87.31
83.94
86.37
84.61
85.43
86.72
81.95
86.37
85.32
87.31
84.09
87.17
86.26
87.56
85.78
86.39
87.55
85.76
86.54
85.59
84.93
86.74
86.39
86.14
87.20
84.38
86.31
86.03
87.85
84.73
85.87
84.98
86.03
86.36
87.13
84.77
85.16
85.68
87.83
86.41
87.17
87.33
86.99
83.02
80.96
83.67
86.23
82.09
83.52
85.77
85.27
86.44
85.50
85.00
82.23
85.06
85.47
86.73
88.17
87.44
86.51
84.39
87.56
85.50
85.68
82.55
87.08
84.50
87.47
84.52
85.35
86.57
87.12
85.68
84.53
86.15
85.86
82.33
82.31
85.98
87.27
87.08
87.60
87.64
85.06
86.85
87.44
85.42
87.33
86.47
86.64
85.16
87.44
85.62
84.99
86.59
84.90
85.24
87.13
87.03
83.95
86.35
84.71
87.43
85.52
85.49
85.11
84.08
85.74
86.56
84.67
87.09
82.19
87.23
85.67
83.43
84.58
87.48
86.42
85.84
82.31
87.50
87.67
81.36
86.23
86.24
87.11
87.85
84.99
82.42
85.37
85.70
86.59
85.91
85.34
87.24
82.96
87.26
87.30
87.07
85.00
85.05
83.70
85.72
87.12
86.99
82.96
85.07
87.34
82.76
84.10
87.93
83.85
86.24
87.66
85.36
86.73
84.68
86.83
84.74
86.97
86.49
87.48
88.47
86.43
84.07
85.88
85.71
86.53
86.30
85.25
