95.52
95.94
96.14
95.38
96.17
96.53
96.17
96.34
95.76
95.89
96.65
95.95
96.79
95.21
96.28
96.19
96.54
96.23
96.24
96.42
95.99
95.61
96.04
96.27
96.07
95.95
96.70
95.89
95.70
94.80
96.23
96.11
95.83
96.24
95.84
95.90
95.99
95.57
95.06
95.96
96.55
95.38
96.23
96.08
95.99
95.96
95.87
96.78
95.82
95.49
96.25
96.00
96.16
96.21
95.98
96.33
95.98
96.60
95.22
96.61
95.86
96.08
95.33
95.87
96.88
96.10
95.58
96.11
96.97
96.11
95.95
95.94
95.68
96.60
96.12
96.33
95.49
96.41
96.18
96.63
95.62
96.39
96.74
95.84
95.66
96.16
95.92
96.49
96.21
94.90
95.44
95.14
96.11
95.60
96.01
96.53
95.90
96.20
94.72
95.66
96.18
96.05
96.35
95.73
96.27
96.38
96.32
96.45
96.38
96.35
95.76
96.49
96.23
96.17
96.06
95.57
95.70
95.95
95.68
95.84
96.21
94.77
95.86
96.19
96.55
95.58
96.65
95.38
96.06
96.06
96.46
95.15
95.31
95.90
96.21
95.75
96.24
95.90
95.85
95.83
95.22
96.17
96.67
95.76
95.69
95.75
95.75
95.55
96.24
96.67
96.15
96.44
95.96
96.42
96.26
95.20
96.03
95.80
96.87
95.90
96.36
96.43
95.65
95.78
95.86
96.66
96.36
95.90
96.36
95.37
96.35
95.48
96.17
95.81
95.47
95.18
94.98
96.52
96.60
95.91
94.85
96.63
96.22
95.78
95.60
96.34
95.90
96.14
95.65
96.07
96.51
95.26
95.72
96.29
94.80
95.67
95.67
96.66
96.35
96.00
95.74
96.21
96.01
95.65
96.44
96.12
95.33
96.45
96.01
94.77
96.02
96.54
96.00
95.89
95.47
96.19
96.27
96.12
95.04
95.94
93.21
96.14
96.64
96.46
94.53
96.63
96.21
96.20
96.40
96.34
96.54
95.95
96.15
96.29
95.75
96.20
96.44
96.23
96.77
96.93
96.59
96.21
95.81
95.52
95.89
95.94
95.66
95.70
96.63
96.22
95.53
96.32
95.67
96.09
96.17
96.56
94.99
96.12
94.95
96.16
96.10
95.40
96.67
95.92
95.67
95.68
96.09
95.71
95.74
95.65
95.99
95.68
95.57
96.03
96.15
96.43
96.35
96.20
95.55
96.45
96.41
95.03
96.38
96.03
96.70
95.51
96.19
96.33
95.90
96.58
96.52
95.48
96.33
96.29
95.40
96.35
95.37
96.18
96.23
96.51
96.31
96.46
95.41
96.10
96.18
95.95
96.56
96.42
95.82
95.90
96.57
96.60
95.43
96.21
96.42
96.21
96.71
96.57
94.91
96.66
96.43
96.69
95.81
96.46
95.61
96.41
96.01
95.78
96.59
96.34
96.35
95.99
96.26
96.73
95.76
96.22
95.81
96.65
96.29
96.23
95.96
96.25
96.69
96.73
96.31
96.03
96.33
96.32
95.88
96.20
95.97
95.86
96.50
96.50
95.86
95.38
96.34
96.50
96.40
94.74
96.79
95.73
95.87
95.84
96.49
95.62
96.40
95.80
95.85
96.19
95.99
95.89
96.37
95.21
96.09
96.59
96.78
96.29
94.77
95.78
96.59
96.04
96.63
96.09
95.99
95.55
95.72
95.60
95.87
96.87
96.54
96.39
96.19
96.33
96.58
96.57
96.31
95.77
96.34
96.69
96.58
96.16
96.26
96.18
95.83
96.14
96.20
96.04
94.72
97.09
93.86
95.57
95.83
96.19
96.50
96.34
95.71
96.39
96.82
96.20
95.98
95.77
96.00
95.97
96.32
95.75
95.84
96.59
95.63
95.39
96.15
96.82
96.63
96.01
96.04
95.42
95.27
95.57
95.95
95.53
96.15
96.84
95.68
95.13
94.83
95.17
96.43
96.16
95.67
96.55
96.17
96.32
95.87
94.83
95.97
96.30
96.04
96.12
96.45
96.00
96.09
94.98
96.37
96.30
95.70
96.36
96.54
96.44
96.13
95.74
95.68
95.82
96.04
96.43
95.71
94.52
96.06
96.36
96.14
96.39
95.98
95.69
96.27
95.91
95.94
95.92
96.42
96.01
95.41
96.48
95.42
95.44
95.83
96.40
95.69
96.34
96.00
95.68
96.26
96.70
95.50
96.10
96.43
95.14
95.94
96.68
96.18
96.45
95.40
96.16
96.64
96.60
96.26
96.15
95.79
95.97
96.55
96.32
96.08
95.81
96.25
95.56
95.59
96.67
96.08
96.23
96.00
96.43
95.08
95.30
96.28
96.00
96.65
95.95
96.19
95.91
96.59
95.98
95.60
95.85
96.52
96.15
95.75
96.05
95.57
96.01
96.30
96.16
96.27
95.82
96.07
96.12
95.64
95.84
96.05
96.39
96.45
96.18
96.29
95.74
95.40
95.65
96.49
96.46
95.26
96.05
95.77
95.92
95.70
96.07
96.12
96.14
95.60
96.47
95.77
95.78
96.06
95.66
96.41
96.27
96.69
96.81
96.18
95.88
96.49
95.52
96.14
95.88
95.41
96.08
95.56
96.70
96.46
95.85
95.90
95.68
96.68
96.23
96.20
96.48
96.65
95.96
96.12
96.48
96.15
95.29
96.05
96.50
95.38
96.24
96.11
95.93
95.97
96.44
96.27
95.54
96.98
95.74
96.12
96.17
96.06
95.42
96.12
96.62
96.02
96.56
96.09
95.86
96.25
96.43
96.70
95.47
95.92
96.15
96.23
96.54
95.96
95.77
96.07
95.51
96.13
96.10
96.10
96.43
96.15
96.46
95.70
95.84
96.63
96.12
95.60
96.05
95.41
96.23
96.53
95.82
96.29
95.56
96.55
95.61
96.01
95.85
96.61
96.11
95.97
95.91
95.80
95.87
96.42
96.31
95.97
95.89
96.44
96.60
96.16
95.65
95.51
96.29
96.06
96.25
95.50
94.78
96.11
96.59
95.70
96.00
95.46
94.77
95.93
95.67
96.70
95.61
96.55
95.72
95.91
96.73
95.60
96.11
96.35
95.47
95.84
96.26
95.11
96.31
96.45
96.23
94.58
96.24
96.22
96.17
95.98
96.05
94.06
96.07
96.35
94.84
96.33
96.10
95.32
96.07
96.28
96.67
96.14
96.10
96.49
96.45
96.36
95.32
96.47
96.69
95.68
96.80
94.96
96.39
96.36
96.04
95.78
95.37
96.07
95.88
96.57
95.50
96.09
96.47
95.83
96.09
96.12
96.66
95.25
96.48
96.16
95.57
95.96
95.45
95.69
95.53
96.15
96.02
95.70
95.35
96.48
96.14
96.38
96.66
96.65
95.75
95.77
95.08
95.99
95.79
96.24
95.89
96.05
96.16
93.73
96.79
96.22
95.73
96.36
96.44
95.06
95.95
95.76
96.53
94.33
95.19
95.71
96.78
95.85
94.78
96.12
95.28
95.90
95.91
96.21
95.29
96.21
96.25
95.93
96.02
96.25
95.81
96.39
95.93
96.72
96.62
95.91
96.13
94.99
96.08
95.02
96.34
96.07
96.39
95.97
96.63
96.40
96.44
95.76
95.64
96.28
95.96
96.10
95.80
96.11
96.50
95.40
96.71
96.32
96.67
95.42
96.67
96.70
95.76
95.76
95.13
96.10
95.81
95.43
94.64
95.87
96.30
95.95
94.32
96.34
96.49
95.10
95.22
95.92
96.03
95.67
96.40
96.03
96.51
95.77
95.26
94.72
96.46
96.36
95.99
96.12
95.74
96.59
95.84
96.03
96.41
95.42
96.07
96.28
95.85
96.36
95.07
94.71
96.47
96.22
95.57
95.96
95.81
95.43
96.12
96.14
95.59
95.49
96.58
96.15
96.85
96.27
96.04
96.61
96.37
95.45
96.55
96.69
96.06
95.24
96.60
96.03
95.72
96.34
95.93
96.48
95.88
96.43
95.12
96.16
96.13
96.35
95.53
96.64
96.14
95.68
95.93
96.09
96.44
95.91
96.40
96.46
95.92
96.52
94.85
96.12
95.16
96.51
96.29
96.01
96.04
96.37
96.13
96.12
96.42
96.72
96.47
96.32
96.15
96.47
96.18
96.07
96.58
96.48
96.05
96.39
95.81
96.85
96.54
95.29
96.42
95.36
96.03
96.36
95.70
96.28
95.96
96.20
95.88
94.95
96.33
95.28
96.78
95.79
96.38
95.34
95.90
95.53
96.42
96.34
96.24
96.20
96.54
94.40
95.56
96.23
95.98
95.52
95.88
96.47
96.34
96.36
96.20
96.29
95.40
95.92
96.21
96.17
96.47
95.28
96.59
95.87
96.81
94.32
96.25
96.63
96.69
95.49
96.10
96.30
95.85
96.10
96.10
96.45
94.98
