93.66
93.43
92.46
93.43
93.44
93.49
92.13
94.08
92.32
94.50
92.61
92.81
89.62
91.27
94.34
92.77
92.00
93.98
94.12
93.50
92.20
91.15
93.36
93.22
94.20
93.64
91.57
91.58
93.33
92.55
91.76
93.06
92.84
94.14
94.00
92.80
91.70
90.89
91.41
94.45
93.58
94.55
92.85
90.81
91.78
94.55
93.69
90.02
93.42
93.09
94.04
93.32
92.25
92.92
93.07
93.87
91.78
92.23
93.39
93.80
89.63
92.24
93.48
94.05
93.52
91.97
93.21
94.43
91.87
93.19
91.87
94.74
93.00
93.83
93.57
94.53
93.40
94.33
92.87
94.17
93.50
89.60
92.04
94.13
91.41
94.20
92.84
90.37
93.97
94.49
93.02
92.88
93.88
92.78
92.63
94.06
90.76
91.04
92.81
94.01
94.06
92.88
93.88
92.71
92.27
91.50
92.86
93.37
93.67
93.06
93.27
90.96
93.19
93.04
93.50
93.58
92.39
92.93
93.19
93.20
93.11
93.89
93.17
92.74
93.00
93.60
94.17
94.39
93.37
94.42
93.32
92.33
92.19
93.61
94.04
93.62
93.12
92.24
93.28
92.43
92.57
93.28
93.45
93.94
94.13
93.77
91.93
91.47
93.01
93.35
94.09
94.40
93.67
94.15
92.21
93.52
93.79
93.18
93.98
95.03
91.71
92.46
93.35
91.60
93.62
93.33
92.69
93.31
93.47
93.02
93.86
92.10
94.23
93.36
94.02
92.99
93.49
92.06
91.75
92.31
94.00
91.71
92.16
91.99
93.80
93.89
93.39
91.83
91.87
91.91
92.61
92.35
94.27
94.49
93.36
91.46
94.63
88.62
93.04
93.62
92.55
90.31
91.89
92.72
93.88
94.35
93.87
92.84
92.27
92.48
92.81
93.53
91.41
93.24
94.35
93.84
94.33
92.86
94.15
92.73
94.72
93.94
93.55
93.81
94.09
92.93
91.33
93.66
92.84
92.42
93.73
93.43
89.41
93.17
93.69
92.35
93.03
93.85
92.12
93.94
93.31
92.67
94.64
93.62
92.64
91.97
93.62
92.01
92.26
90.72
90.70
92.78
92.26
94.05
94.03
93.73
93.87
92.52
93.67
91.66
92.93
92.61
94.23
91.94
92.54
92.37
92.87
93.17
93.15
93.25
93.96
92.74
93.85
92.63
94.33
94.03
92.59
93.46
94.15
92.78
90.07
92.71
92.50
94.14
93.08
93.32
92.18
91.71
92.54
93.23
90.74
94.42
93.54
93.39
93.82
93.43
93.52
92.35
92.30
93.48
92.28
91.79
93.28
94.52
93.18
92.27
93.04
91.87
92.18
93.59
92.77
92.39
93.09
93.12
91.80
91.51
91.79
92.04
92.96
94.17
93.40
93.26
94.45
91.81
94.43
92.30
93.20
92.50
93.55
93.47
92.13
93.97
94.82
92.25
93.82
92.79
92.26
94.10
93.26
93.39
93.07
93.13
94.03
92.04
93.84
93.84
94.38
93.02
93.55
92.47
92.44
93.45
91.70
93.74
92.16
94.47
92.47
92.38
93.58
91.14
93.06
93.70
93.07
92.78
92.62
92.31
93.27
92.55
91.78
93.10
93.43
93.63
93.94
93.83
91.78
92.96
93.89
90.94
91.46
91.70
93.10
92.23
92.00
92.98
93.42
94.35
94.22
93.30
92.20
94.36
91.42
93.54
93.12
92.96
92.20
93.33
94.28
93.39
94.14
93.03
94.66
93.80
91.83
92.58
93.88
93.37
90.85
93.64
93.51
94.00
91.89
92.82
93.72
94.17
93.23
92.03
94.13
92.11
92.98
92.44
93.80
91.32
93.82
93.80
93.08
93.59
94.08
92.07
94.56
91.77
90.86
92.75
92.86
92.00
92.86
93.23
93.09
91.15
94.49
92.60
91.68
90.51
93.56
93.73
92.42
92.30
93.35
92.13
93.02
92.87
93.27
91.95
92.60
93.69
93.38
94.47
92.63
89.67
91.55
92.35
91.71
93.24
93.33
93.17
92.95
92.96
92.92
94.06
93.57
94.30
92.34
93.29
93.68
94.00
92.03
93.40
93.80
94.23
93.74
94.23
89.65
93.70
92.14
90.73
92.23
94.13
93.41
93.56
92.12
93.28
94.16
93.51
92.90
94.25
93.44
93.62
93.65
92.38
93.58
90.90
93.95
92.47
94.37
90.04
93.55
92.60
91.65
93.69
92.57
90.66
94.43
94.45
93.77
92.68
93.79
92.74
93.41
93.50
93.60
93.87
93.03
92.12
91.52
94.42
93.98
91.36
93.21
93.06
92.37
94.04
94.15
92.88
90.65
92.85
93.01
92.55
94.03
94.59
94.51
93.90
92.92
92.70
91.32
93.94
93.87
93.18
93.59
93.69
93.96
94.04
94.43
94.28
92.55
93.08
93.30
92.71
89.86
94.38
90.67
91.83
93.54
93.55
92.75
93.33
93.62
93.71
91.13
91.91
93.67
93.29
91.85
92.26
93.51
93.55
93.99
89.87
92.28
93.38
92.33
92.57
92.58
93.74
94.13
92.66
93.89
93.50
88.99
92.13
92.54
88.59
91.24
93.30
92.91
93.08
92.40
92.55
92.89
94.03
92.86
94.19
93.47
94.44
93.25
94.01
94.38
91.83
93.67
93.61
93.69
93.27
93.48
91.93
92.41
91.54
93.24
92.23
92.45
92.76
93.68
91.81
93.84
94.51
92.67
92.52
92.22
93.65
92.43
92.51
92.04
93.55
92.64
94.36
93.45
93.29
92.51
93.94
92.66
92.69
94.40
92.79
92.43
93.30
92.17
92.43
92.37
94.28
92.93
93.91
92.59
91.96
93.08
92.61
92.23
92.25
92.94
92.94
92.28
93.64
93.17
93.82
92.61
93.19
93.59
93.48
93.71
94.10
92.80
93.16
92.66
91.79
92.80
93.21
88.40
93.88
91.68
93.69
92.63
92.75
93.00
91.18
94.27
92.81
88.80
93.05
93.98
91.90
94.12
94.45
92.87
92.42
90.80
93.34
93.12
94.32
90.36
93.31
93.52
92.34
93.62
92.98
93.14
93.63
92.91
92.06
93.99
91.96
89.61
93.42
93.32
94.04
94.39
92.79
91.90
94.21
92.18
93.87
94.13
93.99
94.65
92.88
93.97
91.33
92.27
93.73
93.30
91.97
92.72
92.78
93.49
93.86
93.62
93.66
94.40
93.53
92.52
93.58
93.47
93.25
92.48
91.79
94.70
91.90
92.50
93.19
89.15
93.70
93.60
92.71
94.08
92.57
92.68
91.73
94.05
94.50
93.17
92.33
93.34
91.25
93.71
94.04
92.68
94.22
92.34
92.70
94.00
92.80
92.71
93.14
92.14
91.61
93.31
92.55
93.88
93.54
94.08
93.57
92.77
94.35
93.54
93.89
93.64
92.81
92.24
91.94
91.68
93.88
92.35
94.12
92.55
93.17
93.42
93.97
92.02
93.02
92.28
93.64
93.26
93.23
92.87
92.43
90.11
92.88
92.30
91.00
93.73
92.58
93.87
93.54
94.55
93.05
91.42
93.65
91.74
93.72
94.24
94.21
93.19
91.54
91.51
92.93
93.58
91.81
93.18
93.44
91.73
94.43
92.48
93.42
92.46
91.62
93.53
94.12
93.59
93.24
92.78
93.10
92.73
93.37
92.55
93.51
94.66
93.68
91.61
93.88
93.55
91.72
94.15
93.01
93.32
92.08
92.35
92.80
93.18
94.09
94.19
95.01
92.91
93.39
93.97
93.48
91.73
93.10
91.99
93.18
93.25
92.81
92.51
93.92
94.07
94.65
92.69
93.64
92.17
93.31
94.36
92.41
92.30
92.00
92.26
92.05
94.40
90.11
88.51
94.46
94.42
93.75
93.47
95.15
91.69
93.14
92.02
92.10
93.06
93.86
92.08
93.61
92.92
93.41
93.09
93.97
92.21
92.84
92.88
93.00
93.44
92.14
92.71
93.28
93.67
88.42
93.70
92.84
92.66
94.01
93.90
91.54
91.96
92.78
93.57
92.46
93.32
94.37
93.93
94.49
94.48
93.70
93.15
93.22
93.28
93.49
92.68
94.06
93.55
93.42
93.23
92.84
94.25
93.92
92.80
91.66
93.21
94.39
93.72
93.08
92.42
92.23
91.43
93.17
93.33
93.53
93.73
92.71
92.32
91.43
94.41
93.45
92.62
90.74
93.35
93.12
93.75
90.07
93.80
93.63
92.80
93.29
92.07
92.61
94.36
91.86
91.29
92.55
93.59
91.56
92.70
94.33
91.25
93.76
94.22
93.27
93.86
92.59
92.69
92.80
95.15
94.10
93.45
93.72
92.72
94.36
92.76
92.73
91.89
91.80
93.93
93.18
92.72
92.02
91.86
94.06
