92.63
90.83
89.66
92.49
90.68
89.48
92.92
94.44
93.72
93.40
91.44
92.33
92.11
93.25
93.73
92.87
93.31
92.55
92.28
94.86
91.97
94.69
91.31
92.14
92.38
92.57
93.23
90.01
94.21
93.90
91.55
93.73
92.97
92.87
91.94
93.60
92.12
94.60
93.01
93.29
94.32
94.37
93.36
93.39
90.87
92.41
93.32
93.77
93.53
91.63
93.80
93.61
94.45
93.17
92.38
93.70
94.52
90.53
91.64
93.01
90.20
91.48
92.26
93.83
92.55
90.68
91.26
93.15
94.02
92.66
92.56
93.37
93.32
92.91
92.53
92.39
93.83
94.04
90.09
92.96
93.19
94.17
92.60
93.48
93.86
93.48
91.67
90.52
94.79
92.18
92.71
91.00
92.81
95.01
92.25
94.23
92.11
93.43
92.84
92.85
93.36
93.37
90.41
92.47
92.71
93.42
91.01
94.16
91.69
92.78
92.29
94.38
93.12
92.01
91.32
92.86
93.72
93.24
89.97
90.72
93.72
91.70
92.61
93.13
93.45
91.58
90.41
92.66
93.86
93.13
93.23
90.74
93.58
93.37
93.03
94.06
93.40
90.66
91.88
93.48
94.09
92.22
93.78
92.96
91.99
94.13
93.27
92.14
93.83
93.80
90.52
92.39
92.78
93.92
94.10
92.72
93.74
91.14
93.65
90.61
93.01
93.68
94.20
92.60
91.87
94.16
93.27
92.78
94.66
92.70
92.95
93.54
92.96
92.52
93.20
91.78
90.25
91.01
92.37
93.08
92.79
93.24
88.90
94.07
93.20
90.23
92.16
94.81
92.57
93.45
92.08
86.96
94.39
92.94
92.24
93.48
92.38
93.63
91.17
93.46
94.86
92.08
92.32
93.78
93.33
91.77
93.09
92.96
92.71
93.53
92.47
93.09
90.30
94.77
93.24
92.94
93.71
94.41
93.60
93.55
94.05
93.28
93.24
93.43
92.94
92.88
92.40
93.68
94.10
92.87
92.74
95.00
92.68
91.91
93.13
93.11
93.17
93.36
92.49
94.13
92.45
92.61
93.64
92.24
93.15
93.06
94.36
91.32
92.60
93.41
95.20
94.01
93.52
93.31
93.40
94.35
93.77
89.60
93.67
90.27
93.73
91.55
93.80
93.63
92.95
94.13
93.21
94.43
93.67
89.09
92.98
92.96
91.33
92.11
93.12
91.75
90.70
93.71
91.42
92.80
93.94
92.52
91.95
92.42
92.40
93.43
93.13
93.82
93.38
92.72
92.96
92.97
90.91
92.14
92.50
93.07
93.80
92.65
90.44
93.18
92.97
93.68
92.93
91.73
92.50
91.85
93.26
93.87
93.62
93.15
93.94
89.49
94.04
93.39
92.92
92.72
93.65
92.89
92.99
93.86
92.69
92.27
91.02
92.88
91.89
93.12
92.71
93.55
93.47
91.51
90.92
92.22
93.72
92.41
94.26
92.46
92.62
89.51
92.05
93.46
93.33
94.01
92.60
93.11
91.17
94.28
94.12
93.77
91.80
87.21
92.44
93.20
91.71
92.13
93.54
92.30
92.81
90.33
92.54
91.20
92.30
92.91
91.77
94.23
93.62
93.67
92.15
92.37
94.48
93.87
94.20
92.39
92.95
92.82
90.06
93.50
90.79
94.00
91.21
93.94
94.09
93.49
92.00
93.43
93.22
94.19
91.01
94.30
94.50
90.24
93.98
94.79
92.22
93.78
93.66
94.54
94.67
93.89
92.39
93.91
92.52
92.94
91.74
91.57
93.67
91.36
89.30
92.16
93.86
93.42
92.77
92.34
93.98
93.78
94.25
94.66
94.31
91.20
93.52
92.76
90.77
91.60
94.63
93.25
92.19
93.08
91.11
92.09
95.25
92.59
91.85
90.85
90.38
93.47
92.93
92.20
93.01
93.87
91.30
93.02
93.78
93.62
93.37
93.16
92.33
94.12
94.09
93.78
92.42
92.33
92.61
92.46
90.30
88.80
94.46
91.87
93.10
94.35
94.18
93.70
93.80
93.95
92.61
94.33
93.91
93.53
90.07
93.33
93.57
93.82
94.36
92.87
89.31
90.21
93.88
93.65
94.46
93.84
93.23
94.78
89.62
94.34
93.11
90.78
92.97
93.99
92.76
92.90
93.34
92.15
93.90
93.49
93.44
93.89
94.28
92.88
90.24
92.93
92.21
92.16
91.76
93.25
89.55
93.86
94.57
93.10
91.06
94.23
90.60
93.25
93.54
87.46
92.81
93.28
92.59
91.28
92.21
93.86
94.27
90.25
93.76
91.06
92.34
92.40
93.76
91.18
94.09
94.46
93.20
93.10
94.04
93.49
90.51
92.62
91.69
94.45
92.51
93.26
91.95
93.33
93.90
93.37
94.19
94.07
88.19
91.80
93.17
94.15
92.66
93.08
92.69
94.33
92.03
92.98
93.35
94.03
91.49
90.53
93.21
93.14
94.05
94.33
93.83
93.57
93.86
93.51
94.39
93.47
93.48
93.73
92.73
92.51
91.88
93.17
90.24
92.40
92.17
94.44
93.26
92.41
92.22
92.56
92.93
91.67
90.25
91.66
93.73
90.91
93.96
93.05
92.90
93.79
91.95
92.48
92.95
92.60
93.04
93.09
93.16
92.52
92.87
88.67
93.13
93.33
94.02
91.17
93.47
93.30
91.81
92.34
94.00
92.87
92.71
93.54
92.21
90.94
88.92
92.67
94.16
93.27
93.39
92.30
93.42
93.16
92.69
93.72
92.72
93.15
91.69
93.48
93.54
89.32
93.20
92.53
94.03
93.49
93.53
93.82
93.65
92.81
91.32
92.53
93.33
93.09
92.69
93.82
91.96
91.74
94.16
93.99
93.00
92.34
92.02
92.61
94.10
92.74
94.04
91.58
91.37
94.39
92.58
91.06
92.26
94.23
93.47
94.10
92.88
92.12
94.30
93.93
92.33
92.37
92.42
92.16
91.85
91.12
93.84
93.60
94.52
94.18
92.91
93.08
93.18
93.28
93.36
93.49
92.25
94.42
92.17
94.48
93.75
94.72
92.34
93.89
90.77
93.41
92.14
92.39
94.26
94.29
92.96
92.12
93.19
94.34
93.04
94.12
94.48
93.72
93.66
93.38
91.79
91.42
91.18
94.06
94.17
91.75
93.96
90.85
93.12
91.53
92.14
90.30
90.82
90.17
91.87
93.00
93.52
94.39
94.48
92.44
92.84
93.78
93.31
93.36
94.49
93.05
94.17
93.25
92.28
90.83
92.32
92.65
92.67
93.47
94.66
93.03
93.09
93.75
93.80
92.17
91.33
91.10
93.60
92.99
93.96
94.13
93.31
93.17
93.82
93.62
93.09
92.91
91.09
92.90
94.22
92.74
92.77
92.26
93.44
93.87
92.95
93.08
93.96
91.19
93.75
93.66
93.00
92.08
94.44
89.78
93.11
94.01
93.54
93.76
90.68
93.75
92.12
94.31
92.88
92.36
92.77
93.59
94.01
91.62
94.54
92.09
93.79
92.56
93.75
94.01
92.90
94.01
91.43
93.13
94.04
92.03
92.36
90.44
94.47
93.58
93.74
94.07
93.35
92.52
89.91
94.04
92.70
93.26
93.39
92.41
93.02
92.70
93.80
93.28
92.39
93.30
93.12
92.36
93.35
93.63
93.01
89.93
92.33
93.18
93.43
94.09
92.26
93.65
94.31
93.21
92.47
89.51
91.85
92.45
91.47
93.92
91.71
91.43
90.71
91.38
93.10
91.94
94.00
94.00
93.08
93.44
91.32
93.36
94.65
92.65
91.72
91.21
90.50
92.11
92.75
93.41
92.53
92.48
93.54
91.22
93.58
92.94
93.47
92.29
93.84
94.87
91.27
90.65
93.84
93.71
93.53
92.01
92.44
93.39
92.88
94.58
91.75
92.77
89.34
93.46
94.26
92.97
92.36
93.84
93.38
92.93
92.97
94.13
90.75
94.11
93.47
94.34
93.26
94.36
93.97
92.68
92.76
92.68
93.73
93.20
93.48
92.51
91.26
92.86
93.57
93.71
93.24
93.07
92.79
93.65
94.34
92.22
94.22
93.22
93.24
92.90
92.38
93.83
92.79
92.91
94.29
92.69
93.23
94.54
93.95
93.97
94.14
93.41
93.33
91.30
93.44
94.00
93.64
93.70
92.85
92.66
91.01
94.11
93.94
92.80
87.65
93.24
93.32
94.01
93.18
92.32
91.33
93.17
92.75
93.63
90.72
94.85
93.28
90.51
89.70
94.53
92.22
91.74
93.34
92.80
93.71
92.05
92.76
92.59
94.49
93.29
93.91
94.66
92.61
93.11
91.27
90.09
93.17
94.17
93.89
93.70
93.38
94.11
93.58
91.74
91.07
93.17
93.90
91.48
92.13
93.11
93.11
90.28
93.07
95.18
