0.8572
0.8973
0.9074
0.9133
0.9196
0.9230
0.9238
0.9291
0.9288
0.9320
0.9319
0.9342
0.9347
0.9361
0.9351
0.9370
0.9420
0.9391
0.9416
0.9454
0.9411
0.9417
0.9465
0.9428
0.9459
0.9465
0.9479
0.9479
0.9459
0.9490
0.9461
0.9605
0.9767
0.9807
0.9833
0.9848
0.9869
0.9870
0.9882
0.9895
0.9889
0.9901
0.9908
0.9917
0.9914
0.9915
0.9917
0.9922
0.9916
0.9922
0.9924
0.9931
0.9922
0.9927
0.9931
0.9929
0.9932
0.9934
0.9939
0.9940
0.9937
0.9937
0.9944
0.9937
0.9941
0.9941
0.9942
0.9943
0.9944
0.9949
0.9944
0.9945
0.9945
0.9944
0.9948
0.9942
0.9945
0.9942
0.9941
0.9941
0.9944
0.9948
0.9947
0.9947
0.9946
0.9946
0.9946
0.9946
0.9941
0.9951
0.9949
0.9951
0.9945
0.9948
0.9945
0.9951
0.9948
0.9944
0.9954
0.9952
0.9944
0.9944
0.9951
0.9946
0.9950
0.9941
0.9945
0.9947
0.9946
0.9950
0.9948
0.9948
0.9948
0.9947
0.9952
0.9949
0.9952
0.9951
0.9949
0.9951
