0.6920
0.7932
0.8165
0.8302
0.8382
0.8445
0.8505
0.8523
0.8563
0.8592
0.8612
0.8629
0.8628
0.8681
0.8650
0.8673
0.8667
0.8688
0.8681
0.8698
0.8703
0.8685
0.8683
0.8717
0.8705
0.8714
0.8724
0.8717
0.8723
0.8710
0.8697
0.8794
0.8901
0.8896
0.8917
0.8944
0.8975
0.8967
0.8971
0.8993
0.8992
0.9005
0.8976
0.9001
0.9011
0.9032
0.9029
0.9027
0.9008
0.9014
0.9016
0.9024
0.9012
0.9022
0.9028
0.9031
0.9050
0.9063
0.9057
0.9046
0.9075
0.9089
0.9060
0.9069
0.9071
0.9072
0.9075
0.9070
0.9065
0.9048
0.9074
0.9078
0.9073
0.9066
0.9102
0.9089
0.9070
0.9080
0.9096
0.9091
0.9068
0.9083
0.9084
0.9093
0.9089
0.9103
0.9097
0.9088
0.9105
0.9072
0.9097
0.9119
0.9082
0.9089
0.9088
0.9102
0.9081
0.9079
0.9085
0.9099
0.9095
0.9072
0.9099
0.9093
0.9099
0.9116
0.9095
0.9091
0.9100
0.9093
0.9090
0.9080
0.9094
0.9110
0.9088
0.9095
0.9082
0.9091
0.9092
0.9115
