0.7690
0.8424
0.8550
0.8661
0.8728
0.8777
0.8792
0.8843
0.8847
0.8869
0.8885
0.8901
0.8912
0.8966
0.8958
0.8953
0.8973
0.8973
0.8994
0.9013
0.9015
0.9021
0.9042
0.9015
0.9021
0.9055
0.9026
0.9056
0.9058
0.9076
0.9065
0.9222
0.9351
0.9402
0.9424
0.9433
0.9455
0.9467
0.9471
0.9495
0.9513
0.9508
0.9511
0.9528
0.9521
0.9507
0.9533
0.9551
0.9543
0.9574
0.9554
0.9539
0.9569
0.9570
0.9581
0.9577
0.9579
0.9589
0.9583
0.9592
0.9593
0.9594
0.9614
0.9623
0.9631
0.9623
0.9620
0.9626
0.9620
0.9620
0.9644
0.9630
0.9631
0.9631
0.9637
0.9635
0.9627
0.9628
0.9640
0.9626
0.9632
0.9631
0.9634
0.9625
0.9640
0.9628
0.9623
0.9625
0.9628
0.9633
0.9648
0.9630
0.9626
0.9637
0.9635
0.9638
0.9642
0.9632
0.9643
0.9639
0.9651
0.9629
0.9632
0.9632
0.9648
0.9632
0.9632
0.9633
0.9645
0.9639
0.9640
0.9629
0.9638
0.9622
0.9637
0.9631
0.9647
0.9630
0.9624
0.9636
