0.8371
0.8780
0.8879
0.8945
0.8973
0.8990
0.9027
0.9032
0.9064
0.9046
0.9055
0.9068
0.9076
0.9079
0.9095
0.9111
0.9093
0.9102
0.9093
0.9089
0.9113
0.9103
0.9118
0.9113
0.9104
0.9107
0.9128
0.9107
0.9117
0.9112
0.9095
0.9197
0.9280
0.9300
0.9358
0.9352
0.9354
0.9384
0.9374
0.9406
0.9410
0.9388
0.9430
0.9412
0.9410
0.9419
0.9422
0.9405
0.9435
0.9435
0.9431
0.9446
0.9442
0.9450
0.9447
0.9428
0.9452
0.9449
0.9468
0.9475
0.9465
0.9464
0.9464
0.9489
0.9488
0.9494
0.9489
0.9493
0.9500
0.9484
0.9497
0.9500
0.9477
0.9481
0.9486
0.9477
0.9486
0.9480
0.9486
0.9501
0.9505
0.9495
0.9501
0.9502
0.9496
0.9501
0.9494
0.9513
0.9500
0.9482
0.9488
0.9495
0.9496
0.9500
0.9490
0.9503
0.9508
0.9491
0.9499
0.9499
0.9519
0.9507
0.9495
0.9501
0.9498
0.9502
0.9519
0.9509
0.9498
0.9499
0.9491
0.9508
0.9504
0.9503
0.9495
0.9494
0.9481
0.9494
0.9498
0.9507
