0.3705
0.5660
0.6544
0.7016
0.7285
0.7474
0.7645
0.7747
0.7829
0.7915
0.7978
0.7989
0.8005
0.8045
0.8110
0.8103
0.8168
0.8178
0.8168
0.8232
0.8219
0.8234
0.8251
0.8255
0.8287
0.8315
0.8278
0.8322
0.8298
0.8342
0.8319
0.8433
0.8541
0.8582
0.8614
0.8608
0.8629
0.8657
0.8653
0.8661
0.8704
0.8725
0.8694
0.8715
0.8730
0.8754
0.8717
0.8736
0.8752
0.8728
0.8751
0.8784
0.8779
0.8772
0.8780
0.8797
0.8825
0.8804
0.8795
0.8789
0.8827
0.8814
0.8867
0.8839
0.8837
0.8846
0.8857
0.8865
0.8836
0.8854
0.8845
0.8871
0.8868
0.8876
0.8859
0.8886
0.8863
0.8882
0.8855
0.8891
0.8879
0.8852
0.8868
0.8844
0.8873
0.8878
0.8876
0.8874
0.8853
0.8869
0.8860
0.8877
0.8874
0.8875
0.8860
0.8862
0.8857
0.8890
0.8869
0.8883
0.8881
0.8880
0.8878
0.8884
0.8883
0.8868
0.8888
0.8881
0.8877
0.8874
0.8887
0.8882
0.8867
0.8887
0.8889
0.8891
0.8877
0.8889
0.8878
0.8881
