0.6554
0.7712
0.7989
0.8138
0.8230
0.8317
0.8352
0.8385
0.8419
0.8427
0.8445
0.8449
0.8470
0.8464
0.8475
0.8454
0.8493
0.8502
0.8516
0.8494
0.8484
0.8510
0.8494
0.8501
0.8469
0.8496
0.8516
0.8480
0.8475
0.8466
0.8462
0.8511
0.8591
0.8638
0.8648
0.8676
0.8696
0.8670
0.8737
0.8709
0.8717
0.8737
0.8717
0.8728
0.8743
0.8742
0.8737
0.8747
0.8778
0.8760
0.8742
0.8776
0.8785
0.8754
0.8769
0.8760
0.8784
0.8793
0.8778
0.8769
0.8789
0.8785
0.8815
0.8796
0.8802
0.8793
0.8792
0.8826
0.8775
0.8804
0.8810
0.8833
0.8825
0.8824
0.8814
0.8803
0.8794
0.8834
0.8812
0.8819
0.8789
0.8827
0.8810
0.8802
0.8810
0.8806
0.8811
0.8805
0.8821
0.8822
0.8823
0.8819
0.8806
0.8830
0.8814
0.8801
0.8824
0.8834
0.8838
0.8844
0.8815
0.8832
0.8806
0.8818
0.8824
0.8819
0.8804
0.8834
0.8811
0.8811
0.8824
0.8841
0.8826
0.8834
0.8826
0.8786
0.8821
0.8832
0.8815
0.8827
