0.1253
0.1725
0.2359
0.2940
0.3378
0.3747
0.4088
0.4395
0.4778
0.5102
0.5442
0.5784
0.5981
0.6272
0.6501
0.6649
0.6819
0.6948
0.7060
0.7161
0.7244
0.7329
0.7393
0.7457
0.7498
0.7560
0.7583
0.7642
0.7669
0.7726
0.7766
0.7832
0.7967
0.8012
0.8022
0.8056
0.8056
0.8088
0.8071
0.8099
0.8102
0.8143
0.8142
0.8153
0.8166
0.8149
0.8155
0.8200
0.8206
0.8201
0.8236
0.8255
0.8238
0.8233
0.8251
0.8277
0.8261
0.8261
0.8261
0.8274
0.8295
0.8290
0.8332
0.8334
0.8293
0.8309
0.8336
0.8325
0.8357
0.8343
0.8320
0.8331
0.8347
0.8354
0.8329
0.8319
0.8348
0.8323
0.8353
0.8338
0.8329
0.8329
0.8324
0.8328
0.8331
0.8339
0.8377
0.8338
0.8349
0.8333
0.8355
0.8368
0.8346
0.8366
0.8361
0.8363
0.8356
0.8346
0.8340
0.8356
0.8354
0.8366
0.8352
0.8361
0.8357
0.8350
0.8348
0.8363
0.8370
0.8373
0.8386
0.8372
0.8382
0.8359
0.8360
0.8380
0.8355
0.8373
0.8367
0.8393
