0.2947
0.4776
0.5757
0.6346
0.6734
0.7001
0.7229
0.7365
0.7506
0.7585
0.7660
0.7721
0.7792
0.7816
0.7864
0.7900
0.7953
0.7975
0.8004
0.8017
0.8039
0.8064
0.8078
0.8057
0.8086
0.8128
0.8115
0.8155
0.8120
0.8155
0.8186
0.8306
0.8388
0.8438
0.8440
0.8455
0.8488
0.8496
0.8504
0.8535
0.8512
0.8526
0.8542
0.8562
0.8552
0.8569
0.8573
0.8590
0.8599
0.8604
0.8592
0.8595
0.8613
0.8624
0.8617
0.8635
0.8663
0.8662
0.8666
0.8667
0.8645
0.8677
0.8680
0.8682
0.8689
0.8680
0.8708
0.8689
0.8700
0.8698
0.8704
0.8682
0.8698
0.8706
0.8729
0.8709
0.8705
0.8692
0.8714
0.8696
0.8700
0.8704
0.8694
0.8686
0.8706
0.8723
0.8712
0.8691
0.8727
0.8704
0.8718
0.8714
0.8704
0.8708
0.8729
0.8720
0.8744
0.8726
0.8719
0.8738
0.8731
0.8724
0.8757
0.8750
0.8713
0.8726
0.8744
0.8733
0.8738
0.8704
0.8712
0.8722
0.8709
0.8726
0.8716
0.8720
0.8715
0.8725
0.8702
0.8736
