0.8161
0.8680
0.8787
0.8874
0.8909
0.8944
0.8993
0.9007
0.9036
0.9044
0.9065
0.9092
0.9116
0.9109
0.9143
0.9147
0.9171
0.9176
0.9177
0.9189
0.9208
0.9193
0.9224
0.9221
0.9222
0.9206
0.9232
0.9257
0.9247
0.9265
0.9250
0.9425
0.9565
0.9614
0.9654
0.9659
0.9686
0.9687
0.9707
0.9711
0.9724
0.9736
0.9734
0.9744
0.9756
0.9750
0.9756
0.9772
0.9778
0.9783
0.9788
0.9794
0.9773
0.9794
0.9799
0.9794
0.9803
0.9799
0.9798
0.9809
0.9809
0.9827
0.9820
0.9824
0.9822
0.9826
0.9830
0.9833
0.9831
0.9846
0.9838
0.9831
0.9833
0.9829
0.9846
0.9831
0.9845
0.9840
0.9842
0.9840
0.9835
0.9846
0.9840
0.9843
0.9844
0.9847
0.9852
0.9851
0.9845
0.9845
0.9835
0.9843
0.9846
0.9844
0.9842
0.9852
0.9849
0.9847
0.9851
0.9853
0.9838
0.9849
0.9851
0.9850
0.9853
0.9852
0.9851
0.9840
0.9854
0.9858
0.9847
0.9848
0.9855
0.9856
0.9853
0.9856
0.9851
0.9858
0.9849
0.9849
