0.0988
0.1021
0.0994
0.0995
0.1011
0.1002
0.1003
0.0999
0.1009
0.0975
0.0997
0.0992
0.1004
0.0977
0.1017
0.0993
0.0984
0.0992
0.0975
0.1004
0.0997
0.1000
0.1004
0.0989
0.0976
0.1006
0.0975
0.0993
0.0987
0.1011
0.0978
0.1015
0.0980
0.0969
0.1014
0.0989
0.0992
0.0998
0.0985
0.0972
0.0984
0.0983
0.0992
0.0966
0.0979
0.0966
0.1028
0.0988
0.0992
0.1007
0.1010
0.0982
0.0998
0.0994
0.1023
0.1002
0.1011
0.0986
0.1006
0.1018
0.1009
0.1011
0.0988
0.1040
0.1023
0.0997
0.1021
0.1005
0.1013
0.1008
0.1010
0.1015
0.1016
0.1032
0.0996
0.1022
0.0998
0.1004
0.1028
0.1014
0.1041
0.1045
0.1011
0.1012
0.0993
0.1011
0.1023
0.1022
0.1004
0.1030
0.1024
0.1007
0.1033
0.1029
0.1035
0.1034
0.1035
0.1019
0.1026
0.0999
0.1017
0.1023
0.1025
0.1024
0.1041
0.1012
0.1043
0.1002
0.1017
0.1037
0.1035
0.1009
0.1032
0.1016
0.1045
0.1035
0.1029
0.1035
0.1039
0.1048
