0.9085
0.9336
0.9407
0.9497
0.9529
0.9522
0.9579
0.9574
0.9641
0.9602
0.9626
0.9642
0.9628
0.9691
0.9683
0.9623
0.9678
0.9667
0.9694
0.9704
0.9690
0.9688
0.9697
0.9739
0.9707
0.9679
0.9749
0.9740
0.9713
0.9709
0.9727
0.9822
0.9958
0.9971
0.9983
0.9987
0.9992
0.9989
0.9994
0.9995
0.9996
0.9996
0.9995
0.9995
0.9997
0.9996
0.9998
0.9998
0.9998
0.9999
0.9997
0.9997
0.9998
0.9999
0.9998
0.9999
0.9999
0.9999
0.9999
0.9999
0.9999
0.9998
0.9999
0.9999
0.9999
0.9999
0.9998
0.9999
1.0000
0.9999
1.0000
0.9999
0.9999
0.9999
0.9998
0.9999
0.9999
0.9999
1.0000
1.0000
0.9999
0.9999
0.9999
0.9999
0.9999
0.9999
0.9999
0.9999
0.9999
0.9999
1.0000
0.9999
0.9999
0.9999
1.0000
0.9999
0.9999
0.9999
0.9998
0.9999
0.9999
1.0000
0.9999
0.9999
1.0000
0.9999
0.9999
0.9999
0.9999
0.9999
0.9999
1.0000
1.0000
0.9999
0.9999
0.9999
0.9999
0.9999
0.9999
0.9999
