0.6304
0.7595
0.7920
0.8075
0.8134
0.8241
0.8276
0.8334
0.8378
0.8400
0.8448
0.8440
0.8482
0.8517
0.8525
0.8532
0.8544
0.8551
0.8580
0.8566
0.8589
0.8581
0.8588
0.8625
0.8608
0.8611
0.8629
0.8654
0.8642
0.8658
0.8665
0.8771
0.8907
0.8944
0.8995
0.8990
0.9013
0.9015
0.9021
0.9059
0.9061
0.9066
0.9070
0.9108
0.9111
0.9105
0.9115
0.9118
0.9116
0.9131
0.9117
0.9136
0.9147
0.9153
0.9161
0.9142
0.9178
0.9169
0.9185
0.9160
0.9191
0.9180
0.9211
0.9213
0.9222
0.9206
0.9236
0.9226
0.9197
0.9251
0.9233
0.9242
0.9226
0.9223
0.9229
0.9216
0.9219
0.9233
0.9225
0.9235
0.9250
0.9249
0.9221
0.9235
0.9228
0.9230
0.9242
0.9235
0.9238
0.9266
0.9243
0.9238
0.9234
0.9256
0.9241
0.9254
0.9249
0.9263
0.9240
0.9251
0.9242
0.9244
0.9267
0.9242
0.9261
0.9256
0.9257
0.9243
0.9246
0.9258
0.9260
0.9230
0.9261
0.9252
0.9234
0.9271
0.9244
0.9256
0.9254
0.9261
