0.8100
0.8629
0.8739
0.8806
0.8842
0.8849
0.8938
0.8919
0.8920
0.8968
0.8962
0.8964
0.8956
0.8987
0.8990
0.8963
0.9016
0.9001
0.9000
0.8997
0.8986
0.9013
0.9010
0.8996
0.8990
0.8998
0.8997
0.8992
0.8985
0.8999
0.8994
0.9078
0.9184
0.9220
0.9229
0.9255
0.9263
0.9254
0.9259
0.9267
0.9259
0.9282
0.9295
0.9286
0.9291
0.9278
0.9318
0.9314
0.9314
0.9324
0.9316
0.9324
0.9321
0.9338
0.9350
0.9336
0.9333
0.9344
0.9338
0.9342
0.9335
0.9354
0.9353
0.9362
0.9366
0.9365
0.9373
0.9363
0.9377
0.9381
0.9364
0.9377
0.9379
0.9377
0.9397
0.9369
0.9368
0.9382
0.9378
0.9372
0.9369
0.9371
0.9382
0.9376
0.9373
0.9385
0.9386
0.9401
0.9376
0.9388
0.9376
0.9383
0.9391
0.9377
0.9367
0.9377
0.9386
0.9376
0.9402
0.9389
0.9406
0.9373
0.9376
0.9386
0.9398
0.9385
0.9388
0.9382
0.9403
0.9381
0.9398
0.9381
0.9386
0.9401
0.9364
0.9396
0.9384
0.9391
0.9405
0.9386
