0.1646
0.2787
0.4289
0.5439
0.6213
0.6651
0.6904
0.7167
0.7343
0.7480
0.7539
0.7603
0.7699
0.7718
0.7745
0.7774
0.7802
0.7833
0.7872
0.7858
0.7879
0.7889
0.7905
0.7882
0.7919
0.7905
0.7912
0.7893
0.7918
0.7931
0.7914
0.7964
0.8038
0.8065
0.8092
0.8107
0.8090
0.8116
0.8150
0.8148
0.8132
0.8164
0.8141
0.8166
0.8174
0.8162
0.8152
0.8179
0.8181
0.8222
0.8181
0.8207
0.8201
0.8215
0.8212
0.8195
0.8218
0.8220
0.8208
0.8223
0.8233
0.8243
0.8224
0.8215
0.8265
0.8255
0.8271
0.8238
0.8233
0.8239
0.8256
0.8235
0.8254
0.8266
0.8239
0.8254
0.8225
0.8247
0.8257
0.8244
0.8255
0.8250
0.8245
0.8233
0.8262
0.8246
0.8240
0.8245
0.8262
0.8235
0.8274
0.8251
0.8247
0.8269
0.8262
0.8244
0.8257
0.8267
0.8263
0.8251
0.8280
0.8266
0.8243
0.8257
0.8248
0.8265
0.8280
0.8246
0.8227
0.8255
0.8245
0.8261
0.8291
0.8255
0.8283
0.8264
0.8253
0.8277
0.8252
0.8246
