0.3153
0.4922
0.5857
0.6418
0.6811
0.7169
0.7405
0.7571
0.7701
0.7800
0.7928
0.8027
0.8090
0.8144
0.8207
0.8258
0.8309
0.8383
0.8416
0.8461
0.8469
0.8512
0.8534
0.8556
0.8585
0.8606
0.8649
0.8643
0.8665
0.8663
0.8704
0.8709
0.8723
0.8765
0.8759
0.8774
0.8800
0.8762
0.8796
0.8833
0.8839
0.8839
0.8815
0.8851
0.8849
0.8872
0.8867
0.8889
0.8903
0.8893
0.8891
0.8897
0.8927
0.8914
0.8929
0.8934
0.8963
0.8927
0.8958
0.8960
0.8970
0.8965
0.8987
0.8949
0.8985
0.8991
0.8976
0.8992
0.8983
0.8967
0.9012
0.9010
0.9003
0.9000
0.9013
0.8997
0.9164
0.9361
0.9396
0.9421
0.9456
0.9478
0.9481
0.9510
0.9511
0.9514
0.9540
0.9534
0.9549
0.9563
0.9557
0.9587
0.9576
0.9564
0.9572
0.9589
0.9589
0.9593
0.9596
0.9596
0.9590
0.9630
0.9635
0.9642
0.9639
0.9655
0.9662
0.9659
0.9646
0.9662
0.9665
0.9674
0.9665
0.9653
0.9676
0.9664
0.9666
0.9667
0.9674
0.9668
0.9678
0.9682
0.9667
0.9684
0.9687
0.9681
0.9672
0.9679
0.9670
0.9685
0.9696
0.9677
0.9688
0.9689
0.9679
0.9675
0.9679
0.9700
0.9695
0.9691
0.9682
0.9681
0.9682
0.9680
0.9685
0.9686
0.9689
0.9687
0.9697
0.9678
0.9680
0.9686
0.9675
0.9687
0.9688
0.9691
0.9678
0.9686
0.9685
0.9684
0.9675
0.9676
0.9686
0.9693
0.9691
0.9673
0.9686
0.9684
0.9684
0.9688
0.9692
0.9701
0.9690
0.9682
0.9678
0.9685
0.9691
0.9688
0.9702
0.9689
0.9681
0.9690
0.9676
0.9688
0.9694
0.9682
0.9689
0.9690
0.9672
0.9693
0.9685
0.9698
0.9700
0.9689
0.9685
0.9694
0.9691
0.9695
0.9685
0.9682
