0.4592
0.6201
0.6874
0.7278
0.7536
0.7750
0.7888
0.8002
0.8119
0.8197
0.8254
0.8332
0.8380
0.8405
0.8493
0.8518
0.8569
0.8619
0.8635
0.8632
0.8695
0.8718
0.8734
0.8782
0.8769
0.8817
0.8823
0.8838
0.8829
0.8877
0.8868
0.8915
0.8904
0.8940
0.8976
0.8943
0.8969
0.8980
0.8978
0.8989
0.9008
0.9025
0.9007
0.9029
0.9040
0.9039
0.9063
0.9070
0.9057
0.9090
0.9064
0.9077
0.9111
0.9097
0.9083
0.9094
0.9134
0.9121
0.9121
0.9110
0.9109
0.9122
0.9156
0.9184
0.9130
0.9167
0.9140
0.9190
0.9164
0.9169
0.9165
0.9201
0.9171
0.9181
0.9187
0.9185
0.9192
0.9214
0.9195
0.9207
0.9204
0.9369
0.9563
0.9618
0.9652
0.9658
0.9688
0.9698
0.9709
0.9720
0.9703
0.9729
0.9741
0.9757
0.9762
0.9765
0.9753
0.9779
0.9781
0.9778
0.9790
0.9800
0.9807
0.9798
0.9796
0.9809
0.9810
0.9812
0.9815
0.9818
0.9814
0.9838
0.9826
0.9832
0.9828
0.9834
0.9835
0.9838
0.9845
0.9843
0.9842
0.9853
0.9865
0.9865
0.9872
0.9877
0.9878
0.9886
0.9880
0.9892
0.9891
0.9886
0.9890
0.9882
0.9893
0.9885
0.9886
0.9892
0.9894
0.9896
0.9893
0.9893
0.9894
0.9894
0.9896
0.9892
0.9893
0.9899
0.9891
0.9895
0.9897
0.9903
0.9900
0.9905
0.9902
0.9894
0.9901
0.9902
0.9900
0.9899
0.9898
0.9902
0.9903
0.9905
0.9898
0.9900
0.9903
0.9912
0.9904
0.9896
0.9908
0.9906
0.9903
0.9901
0.9900
0.9892
0.9900
0.9902
0.9905
0.9904
0.9899
0.9904
0.9907
0.9906
0.9903
0.9913
0.9906
0.9906
0.9912
0.9906
0.9906
0.9901
0.9906
0.9903
0.9901
0.9906
0.9903
0.9908
0.9904
0.9908
