91.0600
91.2800
91.1700
91.1400
91.2400
91.0700
91.0300
91.2200
91.1200
91.2800
91.1400
91.1000
91.0700
91.1000
91.0400
91.1000
91.1400
91.1400
91.1200
91.1200
91.1200
91.1800
91.1000
91.1800
91.2600
91.1000
91.1500
91.1300
91.2000
91.1900
91.1300
91.0800
91.2400
91.1700
91.1000
91.2200
91.1100
91.2800
91.1100
91.1200
91.1000
91.1900
90.9900
91.2600
91.1700
91.1000
91.1300
91.1400
91.3600
91.0700
91.1900
91.0400
91.0800
91.0900
91.1900
91.1200
91.1400
91.1600
91.2100
91.0600
91.0400
91.1700
91.1400
91.0000
91.0500
91.1600
91.1400
91.2300
91.1100
91.2000
90.9900
91.1000
91.0900
91.1100
91.0700
91.2000
91.1800
91.0600
91.2100
91.2200
91.1500
91.2300
91.1800
91.0900
91.0700
91.0600
91.1600
91.2000
91.1700
91.1100
91.1400
91.0900
91.0100
91.0800
91.1300
91.1300
91.2000
91.0000
91.2000
91.0300
