88.20
86.97
87.41
87.39
88.85
87.53
85.71
86.53
87.87
87.43
88.94
87.73
88.03
87.52
88.18
85.35
88.94
83.53
87.90
87.74
86.44
87.79
87.48
87.54
87.55
85.94
87.03
85.88
88.09
85.18
87.84
88.13
88.28
87.89
86.02
88.44
86.65
86.36
84.28
83.62
85.12
87.46
85.44
80.89
87.59
86.80
88.93
83.73
88.12
88.25
86.55
85.10
84.24
88.23
87.49
85.30
85.84
86.53
88.41
85.47
84.57
88.04
88.02
87.87
85.85
87.63
87.90
86.64
88.32
87.78
87.17
88.81
86.31
85.62
85.24
84.93
85.63
86.25
85.25
85.92
87.50
84.42
87.44
86.60
84.79
86.13
86.33
87.59
83.25
88.33
85.00
88.25
86.96
86.79
86.26
87.58
87.08
86.34
87.88
85.10
87.82
86.97
86.84
83.73
88.39
85.81
82.59
87.81
86.00
86.42
87.27
86.72
86.16
88.00
86.52
87.59
87.98
88.87
87.00
85.65
86.13
87.14
88.13
87.67
86.62
85.11
85.11
85.46
86.38
87.22
85.26
86.32
84.64
86.79
87.75
83.80
88.15
84.11
87.50
87.11
88.59
89.47
88.90
86.25
86.86
87.83
86.64
84.39
87.21
87.39
87.88
88.84
87.83
85.26
86.80
86.56
85.70
87.04
87.46
88.02
84.93
86.34
88.06
87.75
88.15
87.51
88.79
86.90
87.14
86.10
85.32
87.48
87.02
85.45
88.63
86.24
86.98
87.51
86.54
87.91
87.71
86.29
87.63
87.97
85.61
84.69
87.30
86.49
87.56
85.30
86.59
86.42
88.56
86.27
84.34
87.13
86.99
87.59
85.93
89.04
88.23
87.10
88.71
86.08
86.63
88.72
87.27
87.94
85.16
85.81
89.10
87.22
87.61
85.46
89.03
87.39
85.99
86.47
88.46
88.20
87.30
86.92
87.96
83.79
87.62
84.38
88.22
87.30
88.11
86.66
87.19
84.35
87.21
86.49
87.95
87.83
87.45
86.77
85.19
86.25
87.96
83.29
87.79
89.12
87.39
86.73
88.28
85.61
88.78
87.27
85.10
86.58
87.43
88.42
88.07
87.05
85.84
87.83
87.34
88.90
87.04
86.38
86.57
87.61
86.76
87.63
86.60
85.08
86.85
87.16
85.87
87.56
87.57
88.51
87.55
86.28
88.26
86.35
87.09
87.60
83.48
87.30
85.70
88.15
87.00
85.28
84.64
87.38
85.71
87.77
85.46
87.82
83.52
88.00
84.15
86.03
86.66
86.79
85.22
87.20
87.38
86.71
85.09
88.52
87.60
88.00
88.67
86.85
87.94
86.23
87.43
87.28
84.89
86.17
87.86
88.24
86.49
86.07
87.38
84.34
84.95
88.37
85.02
87.48
88.48
86.11
85.72
86.33
88.64
85.45
84.99
87.55
86.75
86.99
85.67
88.56
86.81
86.00
87.52
87.27
85.89
83.51
85.22
87.01
86.38
86.00
86.83
84.11
87.20
88.58
85.51
87.16
88.37
87.99
87.08
86.30
87.35
85.96
87.64
84.72
87.00
86.39
86.12
87.95
83.97
88.15
85.61
86.88
89.11
88.34
87.31
87.98
87.09
88.31
85.49
87.46
87.37
86.20
87.30
85.33
87.90
86.81
87.29
87.60
85.73
87.47
86.92
85.90
87.96
87.05
85.64
87.70
87.66
87.06
84.98
86.20
87.46
87.94
87.97
83.93
85.36
86.18
86.05
87.08
86.81
85.09
89.04
88.61
88.80
88.00
87.54
85.79
87.80
87.34
88.23
87.29
85.17
88.28
84.29
88.83
88.59
86.55
85.81
85.32
86.62
88.01
87.41
87.20
86.73
86.53
83.96
88.94
88.20
85.99
86.98
84.61
88.88
88.84
86.21
87.61
84.67
86.62
87.61
87.63
83.93
86.10
86.86
86.26
86.44
87.99
87.35
86.67
83.76
86.84
86.63
88.17
88.83
87.16
87.53
87.33
87.71
87.83
81.79
88.80
87.58
84.76
83.08
86.55
87.96
89.15
87.82
87.41
88.24
85.72
87.94
88.08
85.96
84.35
87.74
86.07
87.43
86.94
85.32
87.23
84.82
82.93
86.13
88.92
86.47
87.69
87.83
87.95
84.95
87.12
87.00
87.73
86.34
85.28
87.08
87.31
83.06
85.59
87.42
86.63
84.32
86.81
86.67
86.67
86.34
88.03
87.84
87.76
85.63
87.51
86.34
86.38
84.21
87.87
87.05
88.73
87.49
87.15
86.93
86.76
85.23
86.18
87.34
85.93
86.03
87.91
87.04
86.92
84.25
87.68
84.20
88.06
86.01
87.64
84.61
85.68
85.68
82.00
88.35
82.73
88.31
87.73
86.42
87.29
86.66
86.81
85.43
87.24
88.47
86.97
88.23
84.16
84.26
86.22
87.77
85.90
87.15
87.30
88.81
87.24
87.51
86.49
88.83
85.57
86.44
86.63
87.15
85.40
85.91
87.67
86.19
88.04
86.75
87.99
85.19
86.40
86.97
86.72
87.42
85.26
88.09
87.57
87.90
86.00
87.02
83.28
86.44
87.43
86.47
88.10
86.69
86.70
89.30
84.30
87.82
87.80
87.95
85.92
85.26
87.69
87.31
86.22
86.15
88.73
88.62
86.73
87.63
86.52
87.45
88.00
87.94
87.33
85.70
85.37
87.72
87.46
86.02
85.80
84.27
86.51
87.91
86.73
87.84
87.02
86.19
86.84
88.66
87.91
87.78
86.33
86.84
86.84
86.53
86.46
88.16
86.41
87.98
87.39
87.37
87.17
85.51
84.98
86.52
86.05
88.22
87.19
86.21
88.29
85.03
86.91
86.61
84.35
87.85
85.17
85.30
86.34
87.04
87.68
88.52
86.55
85.89
86.63
87.60
84.88
86.53
85.83
84.04
89.03
85.87
87.28
86.19
87.39
88.66
87.16
87.02
87.30
83.39
89.76
89.23
82.91
87.58
85.59
88.61
86.75
87.71
85.88
87.07
86.81
85.55
84.89
87.65
87.87
86.11
88.60
85.87
84.16
88.18
88.29
88.44
87.61
87.23
82.58
87.38
85.46
86.60
87.73
86.95
86.69
87.61
89.24
87.78
87.37
87.97
87.84
89.73
85.99
86.86
88.15
87.15
87.25
87.00
87.58
87.49
89.09
85.39
85.74
86.32
88.81
88.02
88.04
88.00
84.81
88.94
87.17
87.16
87.26
87.75
88.07
86.70
86.54
86.90
87.38
87.44
87.05
83.67
88.87
87.51
86.47
82.77
86.40
86.95
88.35
88.40
85.86
88.99
87.76
85.06
89.22
86.48
87.73
85.55
86.94
87.41
86.70
83.79
88.01
85.86
87.33
88.07
88.02
85.38
87.69
88.43
83.51
87.54
85.28
85.64
88.52
86.29
87.40
88.58
88.08
86.44
85.51
86.97
88.75
85.88
88.03
85.29
85.68
87.41
87.02
87.19
89.08
87.81
88.70
82.63
88.06
88.35
87.65
86.26
89.13
87.63
88.21
88.72
89.26
88.47
88.16
86.54
86.62
83.79
83.37
87.02
87.92
86.56
88.28
87.38
86.43
85.54
87.87
86.14
87.78
86.49
86.57
88.03
84.84
85.71
86.81
84.23
86.19
86.50
88.05
88.24
87.59
87.88
87.03
86.40
85.79
86.50
89.16
88.40
87.94
87.47
87.41
87.64
83.40
84.31
87.39
87.69
83.30
88.69
83.71
86.89
87.42
86.57
87.04
87.09
86.84
83.58
86.49
85.24
86.02
89.18
87.62
87.32
86.79
88.14
87.15
88.02
87.61
86.87
88.22
88.89
88.04
87.18
85.81
87.89
86.19
83.94
87.75
86.64
87.77
87.14
87.28
88.52
87.78
86.94
85.51
85.54
84.08
87.15
86.83
89.05
86.13
88.66
86.94
87.71
88.01
87.81
87.85
90.04
88.40
87.01
85.16
81.47
87.61
86.34
85.92
87.17
88.22
86.17
86.69
83.77
87.51
85.32
87.40
86.97
86.01
88.89
85.53
88.21
87.14
88.08
84.26
85.95
87.25
85.06
87.21
87.30
87.23
86.38
83.61
84.76
85.81
86.06
86.47
89.39
87.59
88.37
86.20
87.55
88.91
86.71
87.65
87.16
86.72
84.67
87.45
88.33
84.07
87.03
85.21
85.86
85.26
86.94
87.93
84.15
88.20
84.59
86.31
84.33
85.91
85.43
87.92
87.64
85.69
88.07
87.93
83.36
87.36
82.06
88.73
85.98
87.43
88.85
87.22
84.27
88.06
87.08
87.25
86.47
85.26
88.38
88.40
86.70
88.69
88.25
86.46
85.76
85.88
84.10
87.05
85.13
88.48
86.35
86.63
