86.15
86.08
86.17
86.56
89.02
88.26
88.45
82.09
86.72
87.80
86.62
87.41
87.40
82.32
88.02
86.02
87.04
86.46
89.48
86.27
87.64
84.88
87.24
87.03
86.58
86.14
87.92
88.16
89.64
87.67
88.28
87.98
88.35
86.46
85.78
85.51
85.48
86.94
83.94
86.64
87.02
87.74
89.01
85.79
89.10
85.71
85.69
88.60
87.07
87.78
88.25
84.89
87.43
88.12
87.10
88.05
85.72
88.68
86.60
84.96
86.19
87.93
87.39
85.51
86.38
87.68
86.96
85.47
86.83
86.95
88.69
86.45
88.53
87.27
85.40
87.64
87.37
88.23
86.62
87.54
87.31
87.00
87.97
87.59
85.30
84.29
88.22
86.63
86.96
89.14
88.50
84.96
87.28
86.89
87.82
87.44
86.54
88.66
85.53
85.87
87.46
89.21
85.98
88.21
85.02
88.02
85.04
87.43
85.97
85.25
86.06
85.46
86.68
87.20
88.24
87.04
87.08
89.25
84.47
87.64
88.02
87.82
86.41
81.29
88.18
87.41
86.38
87.80
88.52
87.30
86.58
87.39
86.34
83.97
87.22
86.89
86.44
87.01
84.66
87.09
86.49
85.51
88.42
86.37
86.55
88.51
82.27
87.55
88.24
87.34
86.95
85.39
87.63
87.07
86.36
87.43
87.58
86.80
86.84
86.67
90.11
89.53
87.55
87.43
87.54
87.16
85.82
86.72
87.17
85.94
88.60
88.16
84.74
84.87
86.23
84.25
87.72
88.51
86.39
87.56
86.47
88.36
85.65
88.11
88.41
87.96
87.61
87.51
86.18
85.87
88.29
84.89
89.12
85.98
86.80
87.99
88.12
86.99
86.09
88.20
86.37
88.35
82.72
87.97
86.90
86.58
88.00
86.85
85.40
85.29
87.99
87.59
87.55
87.03
86.95
86.81
86.29
88.27
84.49
87.70
86.79
87.88
86.50
82.39
87.43
85.36
86.08
83.03
88.68
89.35
84.87
88.17
86.69
84.94
87.22
88.83
88.48
85.88
84.90
88.35
85.84
84.80
89.21
86.79
85.91
86.69
87.41
89.23
83.63
85.48
86.23
86.27
84.14
87.90
87.49
85.67
88.77
84.80
87.56
86.28
86.69
85.42
86.57
87.22
85.81
86.77
87.26
87.50
88.44
87.03
89.53
85.80
87.94
86.87
85.91
87.73
86.12
86.19
87.10
86.83
83.82
87.64
88.32
86.89
87.32
88.56
85.99
88.94
87.91
88.19
87.96
87.48
87.43
88.42
87.71
83.59
87.47
86.60
85.15
88.30
87.90
86.49
87.93
86.68
86.95
87.80
85.00
85.84
86.61
87.49
87.19
89.01
87.47
88.32
85.87
87.05
87.83
88.84
86.79
84.76
85.05
88.23
87.55
85.44
87.10
87.54
88.60
83.48
85.30
88.68
88.30
87.70
87.60
83.90
86.31
84.06
84.58
86.86
82.90
87.62
86.73
86.19
86.48
85.80
87.06
87.56
86.53
82.59
85.74
87.57
87.48
86.85
87.66
85.14
84.27
85.58
86.16
84.85
87.84
87.68
86.37
83.41
88.51
87.60
88.51
88.75
86.12
87.07
87.37
87.70
85.84
86.54
88.81
86.92
85.35
88.03
88.75
85.99
85.50
87.05
86.48
85.42
88.11
87.26
85.27
87.57
88.21
87.33
86.96
89.10
87.19
84.68
88.27
87.77
87.81
87.85
87.07
85.50
86.18
86.47
85.10
83.27
88.48
87.05
87.94
86.90
88.78
87.22
84.99
86.28
83.88
88.25
88.49
86.58
82.80
88.02
86.65
87.59
87.22
84.86
87.77
86.08
84.51
87.30
87.32
86.59
87.62
87.10
87.70
88.04
87.28
88.23
85.17
84.42
87.41
84.35
87.25
87.04
86.04
85.30
87.13
86.12
85.09
88.11
87.04
85.47
82.81
87.82
85.27
87.56
86.85
86.64
87.30
84.80
83.24
86.98
89.64
88.53
87.00
87.53
80.61
87.21
86.75
87.46
88.55
86.44
86.61
87.30
87.12
88.18
85.46
88.90
86.55
88.45
88.34
85.17
87.88
86.73
84.50
86.29
86.73
85.64
83.78
87.51
87.18
84.69
86.15
86.10
86.88
86.81
88.66
85.54
86.67
88.36
87.96
87.18
86.66
88.42
87.86
84.10
84.34
87.27
84.67
87.06
87.03
87.43
87.79
87.48
87.86
87.92
87.12
89.73
87.66
86.33
87.43
86.10
85.50
87.61
87.79
85.25
87.01
86.80
86.71
88.31
86.00
87.28
86.19
86.05
86.50
85.91
87.78
87.97
83.03
86.73
85.47
86.24
87.54
86.28
86.17
84.99
88.21
87.44
82.31
89.21
88.00
88.77
83.77
87.90
88.13
87.26
89.04
87.89
87.21
89.59
88.69
86.99
87.42
86.26
88.17
86.19
86.33
86.18
87.21
88.41
88.06
87.16
88.07
86.04
87.50
89.19
88.42
88.96
88.34
86.00
85.94
87.73
85.68
88.34
87.57
87.44
82.16
88.87
88.02
87.75
88.30
88.27
88.48
84.97
85.64
86.90
86.37
86.78
84.77
86.72
87.36
85.72
87.06
86.87
88.28
85.90
88.04
85.47
88.69
87.19
86.99
88.72
87.76
86.37
88.24
86.98
87.05
86.53
87.53
84.08
88.18
86.19
88.13
83.91
88.05
88.45
88.06
88.97
86.11
87.65
85.51
86.43
88.22
86.28
88.68
88.27
86.69
85.15
85.68
89.48
85.11
83.56
87.26
83.80
87.43
87.63
88.78
86.28
84.90
88.03
88.04
88.45
87.12
86.14
86.99
82.61
85.69
88.12
88.02
85.81
87.27
87.61
87.35
87.60
88.01
87.06
88.38
85.62
87.09
88.35
86.01
86.71
88.18
88.38
84.61
85.78
86.67
88.94
86.08
87.34
86.53
87.81
87.03
85.98
83.49
88.73
86.40
84.85
87.20
88.63
84.91
85.76
85.84
88.87
87.63
86.16
86.47
88.42
87.65
86.71
86.72
86.35
83.27
86.32
88.34
88.07
88.13
87.74
88.70
84.60
86.80
87.99
87.60
87.78
84.96
87.36
86.64
88.23
88.15
83.25
86.56
88.55
86.91
90.08
85.81
84.71
88.03
84.41
88.40
88.08
85.67
87.63
88.06
87.19
85.23
90.11
88.99
83.15
87.62
85.35
87.14
85.45
88.89
85.75
87.46
86.69
83.61
87.97
86.38
87.19
88.56
83.86
86.82
87.28
88.47
88.31
86.75
88.93
84.43
85.98
88.56
84.96
85.29
87.63
85.09
84.28
87.59
89.01
85.61
88.94
89.87
83.16
86.68
87.71
87.36
87.65
87.36
86.92
86.61
84.64
86.56
85.63
86.45
87.46
84.38
87.36
87.75
87.26
86.63
87.73
88.95
86.94
82.76
86.80
87.10
87.50
89.33
89.28
88.51
86.41
86.59
81.33
83.80
83.32
86.34
87.72
86.11
86.14
87.31
88.03
87.80
86.54
86.27
87.20
88.69
87.55
87.90
86.51
87.66
83.85
88.24
88.43
86.06
89.67
88.35
85.84
86.97
88.21
87.71
89.63
88.23
87.37
84.83
86.50
86.66
86.98
87.10
85.31
87.42
87.61
86.23
87.82
85.33
86.19
88.06
84.42
82.98
88.36
84.18
86.62
89.48
86.81
86.89
88.84
85.30
85.99
88.07
85.85
84.79
86.92
85.43
89.15
87.48
84.82
87.20
86.19
89.69
83.67
86.70
87.23
88.34
86.73
87.28
86.60
86.93
88.07
87.94
89.28
85.97
88.26
87.32
89.12
81.14
87.90
85.90
88.09
87.06
87.78
87.24
87.10
87.72
87.78
82.55
87.01
88.29
88.17
83.50
87.75
87.44
85.55
83.22
88.26
85.36
86.46
88.45
86.60
86.56
88.01
84.53
86.27
88.06
88.39
83.54
88.26
86.82
88.56
88.90
86.84
88.02
87.31
85.96
83.54
87.09
88.22
89.00
87.07
86.46
87.97
88.63
88.55
87.24
87.21
83.30
88.58
87.88
84.16
85.85
85.78
85.97
85.71
84.32
88.09
85.93
87.40
87.14
87.51
85.89
86.28
88.24
88.47
88.52
86.67
86.57
85.50
87.38
86.76
88.32
86.47
86.36
85.32
85.32
86.65
88.61
86.14
87.93
87.76
87.37
83.48
87.49
83.87
87.53
88.15
88.95
86.68
86.97
87.26
84.73
84.96
86.63
87.49
87.60
88.06
88.69
87.26
85.87
86.19
87.42
86.65
86.93
87.30
85.48
87.47
86.18
86.56
85.68
84.10
86.90
84.88
87.33
86.74
86.67
85.58
87.20
89.36
87.21
86.79
