93.05
93.39
93.58
93.56
93.94
93.98
94.38
93.65
93.24
93.94
93.90
94.57
93.45
92.93
93.33
93.42
93.07
94.19
94.35
93.65
93.99
93.97
93.00
93.17
93.79
93.53
92.88
94.41
94.26
94.36
94.49
94.25
93.80
93.98
93.32
93.18
93.54
94.28
93.24
93.92
93.80
94.42
92.90
94.04
93.30
94.39
94.55
91.08
93.81
94.13
93.92
93.07
94.29
92.16
93.18
92.60
93.81
94.07
93.58
92.61
92.99
94.48
92.28
94.01
93.65
93.30
92.47
94.05
93.95
93.52
93.05
92.79
91.82
94.26
93.32
93.29
93.04
94.40
93.61
93.10
93.93
93.51
94.15
93.38
93.58
94.09
93.76
93.81
93.70
94.00
93.82
94.00
92.87
94.45
93.06
93.55
94.10
92.08
93.13
94.01
94.13
93.27
93.41
93.87
93.29
93.86
93.19
93.09
94.43
92.98
93.89
93.17
93.92
94.41
93.53
93.27
94.43
93.67
94.19
92.80
94.13
93.04
94.29
93.74
93.98
93.99
93.76
92.84
93.15
94.49
93.61
93.70
91.36
93.01
93.77
94.54
93.33
93.47
94.10
93.69
93.88
92.03
93.43
94.39
93.81
93.19
92.85
94.01
91.81
93.18
92.90
94.77
93.43
93.64
94.38
93.57
94.25
93.78
94.27
94.18
93.45
92.55
93.84
93.81
94.42
93.99
92.95
93.90
92.99
93.38
93.70
93.72
94.06
94.42
94.22
92.35
93.22
93.74
93.43
93.52
93.07
94.31
93.89
92.95
93.78
94.28
93.20
93.73
93.37
93.17
93.77
94.02
94.06
94.12
92.91
93.57
93.25
93.49
94.08
94.22
94.31
93.33
94.00
94.00
92.99
92.73
93.71
93.60
93.88
93.48
92.91
91.72
93.88
94.03
92.35
93.57
92.95
94.27
94.01
93.75
94.60
93.59
94.10
92.06
94.34
93.96
93.63
94.29
94.33
93.59
94.23
94.04
94.09
94.32
93.58
93.81
94.32
92.09
93.02
94.44
92.86
93.44
93.63
94.67
92.90
94.39
93.16
93.00
93.72
94.23
92.84
92.99
94.59
93.77
94.14
93.48
93.83
94.27
93.91
93.00
94.53
93.06
94.25
94.37
92.24
92.29
92.66
94.21
93.48
94.26
92.95
94.74
93.89
94.05
93.97
94.00
94.35
93.93
93.36
92.47
92.73
94.45
91.82
92.85
93.80
93.54
94.11
93.30
93.65
93.15
93.52
94.18
94.12
92.97
93.94
94.06
94.58
93.99
94.64
94.34
94.05
91.60
94.31
93.61
94.19
93.20
94.32
93.77
93.12
93.86
94.44
93.55
93.72
94.13
93.05
93.19
93.34
93.22
93.62
92.84
92.70
93.12
93.35
91.66
93.94
93.55
94.63
93.34
93.45
94.07
92.50
94.00
94.57
92.99
94.02
93.56
93.40
94.33
92.71
92.50
93.62
93.34
94.11
93.63
92.58
93.83
93.99
93.99
94.17
92.32
93.69
93.19
93.68
94.08
93.98
93.57
93.78
93.68
93.75
91.81
94.50
92.63
93.07
93.82
93.65
93.59
93.16
93.82
93.55
94.87
94.34
94.45
92.68
93.55
93.88
93.26
94.23
94.12
94.27
93.64
93.61
92.62
92.84
93.11
94.29
94.06
93.27
92.42
92.54
94.14
94.31
94.56
92.64
94.63
93.47
92.79
94.08
93.59
93.08
94.36
93.70
93.99
94.07
93.87
93.80
93.62
94.21
93.31
94.69
93.45
93.98
94.49
94.10
93.58
93.52
93.85
93.12
93.96
93.04
93.79
92.93
93.23
93.86
94.37
93.55
93.64
92.88
92.95
93.48
93.02
94.17
94.16
93.51
93.99
93.42
93.46
93.75
92.97
93.96
93.29
94.64
94.41
94.56
93.43
93.39
93.29
93.79
93.60
92.90
92.21
93.06
92.21
93.63
92.13
94.15
91.88
92.69
93.58
93.18
93.20
93.93
94.02
93.61
94.27
92.71
94.14
93.69
93.99
93.96
94.64
94.28
94.50
93.65
93.83
93.42
93.16
93.89
93.94
93.69
93.49
90.70
93.69
93.82
93.22
93.91
94.11
94.65
92.51
92.76
92.69
93.88
94.00
94.51
93.61
93.30
93.47
94.36
93.82
93.41
94.27
93.54
94.64
94.17
93.97
93.43
94.43
93.15
91.69
93.58
94.32
93.50
94.06
94.03
93.19
93.32
93.18
93.15
93.05
94.13
94.05
93.89
92.31
94.23
92.82
93.22
94.16
92.78
93.99
94.25
92.98
94.02
93.58
92.64
94.32
93.39
93.02
93.71
93.87
93.72
94.60
93.63
93.83
94.57
93.92
93.24
93.61
93.61
94.46
93.59
94.22
94.02
93.21
93.69
93.63
92.85
93.58
94.22
92.80
94.19
94.17
93.70
93.22
92.57
93.81
93.10
93.95
94.58
92.98
93.22
93.98
92.43
93.43
94.02
94.07
93.26
93.22
94.12
94.74
92.58
93.73
93.90
93.30
92.22
94.24
93.29
94.16
93.59
94.55
93.98
93.85
94.38
92.84
93.47
94.27
93.19
92.19
93.48
93.09
93.19
92.88
93.49
94.48
93.48
94.18
92.23
93.47
93.53
94.28
93.85
93.96
93.61
94.31
93.96
94.30
91.89
94.31
94.20
93.82
94.53
94.03
93.21
93.88
93.85
94.76
93.79
93.53
94.03
92.83
92.30
93.99
93.99
90.87
94.16
93.65
93.40
93.96
92.90
93.94
94.11
94.16
92.74
92.94
93.62
92.86
94.46
94.21
93.05
93.61
93.41
93.76
94.14
93.95
94.08
93.04
94.08
93.77
93.66
93.00
94.21
92.47
92.61
93.40
94.24
92.25
93.74
93.84
92.29
93.73
93.75
94.10
93.21
94.82
93.87
93.90
94.57
93.16
94.69
94.16
93.82
93.96
92.73
94.49
92.85
94.39
93.57
93.25
94.18
94.21
94.26
93.64
94.62
93.07
94.53
93.58
92.94
94.07
93.96
91.82
93.83
93.76
92.21
93.66
93.98
93.99
92.64
93.35
94.12
93.45
93.22
94.28
94.10
92.87
93.48
93.37
93.36
93.44
93.67
92.69
94.21
93.18
94.17
93.50
93.57
94.23
94.68
93.28
93.50
93.59
94.22
94.54
92.88
93.35
93.96
93.53
94.36
93.50
93.39
93.23
92.85
93.42
94.24
93.59
92.58
94.36
94.04
93.17
93.38
92.96
94.13
93.94
94.18
94.01
94.83
93.48
93.07
94.08
94.45
92.89
93.48
93.52
94.51
94.36
94.38
93.90
93.28
93.99
94.35
93.62
93.85
94.05
94.29
93.77
93.21
93.71
93.82
94.11
93.80
94.07
93.41
93.51
94.39
93.31
93.99
94.13
94.08
93.88
94.03
94.03
93.85
93.27
93.81
94.17
92.85
94.38
93.07
93.05
93.76
93.28
93.91
93.33
92.98
93.87
92.92
93.85
93.13
93.87
93.90
93.97
94.57
94.46
93.46
92.89
94.18
93.63
93.95
93.95
93.28
93.39
93.17
94.24
94.43
92.32
93.75
92.89
93.94
92.18
93.34
93.63
93.51
93.90
92.00
94.22
93.56
93.23
93.97
94.34
93.00
92.98
94.98
93.06
92.55
93.10
93.58
93.23
92.29
93.51
93.95
93.40
93.27
93.36
93.93
94.17
92.31
92.95
94.58
94.11
94.04
93.69
93.26
93.20
93.27
94.23
94.19
94.44
93.49
94.78
94.42
92.74
94.31
92.68
92.30
94.55
92.68
93.33
93.92
91.80
93.81
93.78
93.51
94.13
93.30
93.48
93.99
93.51
93.82
93.71
92.98
93.23
93.32
93.78
93.55
94.29
93.83
94.18
93.99
93.46
93.84
93.74
94.09
93.97
94.14
93.39
94.61
94.47
92.59
94.65
92.56
93.48
92.84
94.16
94.37
93.10
93.63
94.12
93.97
94.05
94.59
93.52
93.53
93.49
94.61
93.25
92.95
94.10
94.05
93.71
94.47
93.42
93.88
94.09
94.21
93.80
93.82
93.69
92.71
92.43
92.99
93.93
93.57
94.07
92.99
93.69
93.53
93.76
93.22
93.20
93.59
94.53
94.32
94.70
94.72
93.28
93.66
94.38
93.51
94.31
92.78
94.01
92.09
94.03
93.46
93.68
94.26
93.91
94.33
94.43
92.15
93.37
93.63
93.28
93.64
93.50
92.86
94.30
93.40
93.74
93.62
93.56
92.63
94.42
94.11
93.33
92.37
92.39
93.74
94.38
93.67
94.25
93.99
93.80
93.23
93.48
94.29
93.91
93.23
93.16
93.24
94.10
92.01
93.94
